genome_id	ref_index	arm_index	error_type	error_rate	error_rate_pct	error_model	dominant_accession	dominant_phylum	dominant_domain	quality_tier	true_completeness	true_contamination	true_completeness_indel_adjusted	true_contamination_dup_counted	dominant_reference_bp	base_n_contigs	base_total_length	n_contigs	total_length	realised_error_rate	expected_kmer_corruption	dup_bp	n_substitutions	n_indel_events	n_chimera_events	in_training_domain	pred_completeness	pred_contamination	tool	err_completeness	err_contamination	abs_err_completeness	abs_err_contamination	mimag	mimag_true
G_r000_none_control	0	0	none	0.0	0.0	control	RS_GCF_029718665.1	Pseudomonadota	Bacteria	medium	59.8421580699521	19.999987171755283	59.8421580699521	19.999987171755283	6236239	19	4979147	19	4979147	0.0		0	0	0	0	True	63.111137	21.623302	magicc_v5	3.2689789300479006	1.623314828244716	3.2689789300479006	1.623314828244716	low	low
G_r000_substitution_0p1pct	0	1	substitution	0.001	0.1	uniform	RS_GCF_029718665.1	Pseudomonadota	Bacteria	medium	59.8421580699521	19.999987171755283	59.8421580699521	19.999987171755283	6236239	19	4979147	19	4979147	0.0010174433492323	0.0089640838741259	0	5066	0	0	True	63.111084	21.429274	magicc_v5	3.2689259300478994	1.4292868282447166	3.2689259300478994	1.4292868282447166	low	low
G_r000_substitution_0p5pct	0	2	substitution	0.005	0.5	uniform	RS_GCF_029718665.1	Pseudomonadota	Bacteria	medium	59.8421580699521	19.999987171755283	59.8421580699521	19.999987171755283	6236239	19	4979147	19	4979147	0.005006680863208	0.0441104216424403	0	24929	0	0	True	61.20878	22.819773	magicc_v5	1.3666219300478986	2.8197858282447186	1.3666219300478986	2.8197858282447186	low	low
G_r000_substitution_1pct	0	3	substitution	0.01	1.0	uniform	RS_GCF_029718665.1	Pseudomonadota	Bacteria	medium	59.8421580699521	19.999987171755283	59.8421580699521	19.999987171755283	6236239	19	4979147	19	4979147	0.0100288262226441	0.0864827525163591	0	49935	0	0	True	59.363815	22.944767	magicc_v5	-0.4783430699520963	2.944779828244716	0.4783430699520963	2.944779828244716	low	low
G_r000_substitution_2pct	0	4	substitution	0.02	2.0	uniform	RS_GCF_029718665.1	Pseudomonadota	Bacteria	medium	59.8421580699521	19.999987171755283	59.8421580699521	19.999987171755283	6236239	19	4979147	19	4979147	0.0199825391778953	0.1662522378698502	0	99496	0	0	True	58.12674	23.443111	magicc_v5	-1.7154180699521007	3.4431238282447154	1.7154180699521007	3.4431238282447154	low	low
G_r000_substitution_5pct	0	5	substitution	0.05	5.0	uniform	RS_GCF_029718665.1	Pseudomonadota	Bacteria	medium	59.8421580699521	19.999987171755283	59.8421580699521	19.999987171755283	6236239	19	4979147	19	4979147	0.0500808672650154	0.3697505902753909	0	249360	0	0	True	53.988716	27.041828	magicc_v5	-5.853442069952102	7.041840828244716	5.853442069952102	7.041840828244716	low	low
G_r000_substitution_titv_0p1pct	0	6	substitution_titv	0.001	0.1	titv_2	RS_GCF_029718665.1	Pseudomonadota	Bacteria	medium	59.8421580699521	19.999987171755283	59.8421580699521	19.999987171755283	6236239	19	4979147	19	4979147	0.0010319036573935	0.0089640838741259	0	5138	0	0	True	62.79078	22.001392	magicc_v5	2.9486219300478993	2.0014048282447163	2.9486219300478993	2.0014048282447163	low	low
G_r000_substitution_titv_0p5pct	0	7	substitution_titv	0.005	0.5	titv_2	RS_GCF_029718665.1	Pseudomonadota	Bacteria	medium	59.8421580699521	19.999987171755283	59.8421580699521	19.999987171755283	6236239	19	4979147	19	4979147	0.0049763543835922	0.0441104216424403	0	24778	0	0	True	61.881584	22.442684	magicc_v5	2.039425930047898	2.442696828244717	2.039425930047898	2.442696828244717	low	low
G_r000_substitution_titv_1pct	0	8	substitution_titv	0.01	1.0	titv_2	RS_GCF_029718665.1	Pseudomonadota	Bacteria	medium	59.8421580699521	19.999987171755283	59.8421580699521	19.999987171755283	6236239	19	4979147	19	4979147	0.0100834540534754	0.0864827525163591	0	50207	0	0	True	60.45182	23.562288	magicc_v5	0.6096619300478991	3.562300828244716	0.6096619300478991	3.562300828244716	low	low
G_r000_substitution_titv_2pct	0	9	substitution_titv	0.02	2.0	titv_2	RS_GCF_029718665.1	Pseudomonadota	Bacteria	medium	59.8421580699521	19.999987171755283	59.8421580699521	19.999987171755283	6236239	19	4979147	19	4979147	0.0200196941363651	0.1662522378698502	0	99681	0	0	True	57.95902	24.696974	magicc_v5	-1.8831380699520963	4.696986828244718	1.8831380699520963	4.696986828244718	low	low
G_r000_substitution_titv_5pct	0	10	substitution_titv	0.05	5.0	titv_2	RS_GCF_029718665.1	Pseudomonadota	Bacteria	medium	59.8421580699521	19.999987171755283	59.8421580699521	19.999987171755283	6236239	19	4979147	19	4979147	0.0499320465935229	0.3697505902753909	0	248619	0	0	True	55.008858	27.281166	magicc_v5	-4.833300069952102	7.281178828244716	4.833300069952102	7.281178828244716	low	low
G_r000_indel_0p1pct	0	11	indel	0.001	0.1	ins0.5_geom0.75	RS_GCF_029718665.1	Pseudomonadota	Bacteria	medium	59.8421580699521	19.999987171755283	59.8442853544003	19.999987171755283	6236239	19	4979147	19	4979324	0.0010059956052713		0	0	5009	0	True	63.16449	21.31002	magicc_v5	3.322331930047902	1.3100328282447187	3.322331930047902	1.3100328282447187	low	low
G_r000_indel_0p5pct	0	12	indel	0.005	0.5	ins0.5_geom0.75	RS_GCF_029718665.1	Pseudomonadota	Bacteria	medium	59.8421580699521	19.999987171755283	59.84474205953607	19.999987171755283	6236239	19	4979147	19	4979362	0.0050004548971942		0	0	24898	0	True	61.42331	22.38992	magicc_v5	1.581151930047902	2.389932828244717	1.581151930047902	2.389932828244717	low	low
G_r000_indel_1pct	0	13	indel	0.01	1.0	ins0.5_geom0.75	RS_GCF_029718665.1	Pseudomonadota	Bacteria	medium	59.8421580699521	19.999987171755283	59.839862525717045	19.999987171755283	6236239	19	4979147	19	4978956	0.0099976963925748		0	0	49780	0	True	60.393227	23.037127	magicc_v5	0.5510689300479044	3.037139828244719	0.5510689300479044	3.037139828244719	low	low
G_r000_indel_2pct	0	14	indel	0.02	2.0	ins0.5_geom0.75	RS_GCF_029718665.1	Pseudomonadota	Bacteria	medium	59.8421580699521	19.999987171755283	59.84547519146453	19.999987171755283	6236239	19	4979147	19	4979423	0.0201018367202253		0	0	100090	0	True	58.081745	23.102877	magicc_v5	-1.7604130699521008	3.1028898282447166	1.7604130699521008	3.1028898282447166	low	low
G_r000_indel_5pct	0	15	indel	0.05	5.0	ins0.5_geom0.75	RS_GCF_029718665.1	Pseudomonadota	Bacteria	medium	59.8421580699521	19.999987171755283	59.83076447867023	19.999987171755283	6236239	19	4979147	19	4978199	0.0501796793707837		0	0	249852	0	True	53.000748	26.432865	magicc_v5	-6.841410069952097	6.432877828244717	6.841410069952097	6.432877828244717	low	low
G_r000_chimera_5pct	0	16	chimera	0.05	5.0	rc0.5	RS_GCF_029718665.1	Pseudomonadota	Bacteria	medium	59.8421580699521	19.999987171755283	59.8421580699521	19.999987171755283	6236239	19	4979147	19	4979147	0.0		0	0	0	0	True	63.111137	21.623302	magicc_v5	3.2689789300479006	1.623314828244716	3.2689789300479006	1.623314828244716	low	low
G_r000_chimera_10pct	0	17	chimera	0.1	10.0	rc0.5	RS_GCF_029718665.1	Pseudomonadota	Bacteria	medium	59.8421580699521	19.999987171755283	59.8421580699521	19.999987171755283	6236239	19	4979147	18	4979147	0.1052631578947368		0	0	0	1	True	63.104942	21.631817	magicc_v5	3.2627839300479025	1.6318298282447188	3.2627839300479025	1.6318298282447188	low	low
G_r000_chimera_20pct	0	18	chimera	0.2	20.0	rc0.5	RS_GCF_029718665.1	Pseudomonadota	Bacteria	medium	59.8421580699521	19.999987171755283	59.8421580699521	19.999987171755283	6236239	19	4979147	17	4979147	0.2105263157894736		0	0	0	2	True	63.111137	21.623302	magicc_v5	3.2689789300479006	1.623314828244716	3.2689789300479006	1.623314828244716	low	low
G_r000_chimera_40pct	0	19	chimera	0.4	40.0	rc0.5	RS_GCF_029718665.1	Pseudomonadota	Bacteria	medium	59.8421580699521	19.999987171755283	59.8421580699521	19.999987171755283	6236239	19	4979147	15	4979147	0.4210526315789473		0	0	0	4	True	63.11167	21.623013	magicc_v5	3.269511930047898	1.6230258282447174	3.269511930047898	1.6230258282447174	low	low
G_r000_uneven_coverage_5pct	0	20	uneven_coverage	0.05	5.0	lognormal_sigma1.0	RS_GCF_029718665.1	Pseudomonadota	Bacteria	medium	59.8421580699521	19.999987171755283	59.8421580699521	23.99208882148359	6236239	19	4979147	21	5228104	0.0499999297068353		248957	0	0	0	True	66.94887	21.97318	magicc_v5	7.106711930047901	1.9731928282447164	7.106711930047901	1.9731928282447164	low	low
G_r000_uneven_coverage_10pct	0	21	uneven_coverage	0.1	10.0	lognormal_sigma1.0	RS_GCF_029718665.1	Pseudomonadota	Bacteria	medium	59.8421580699521	19.999987171755283	59.8421580699521	27.98420650651779	6236239	19	4979147	23	5477062	0.100000060251284		497915	0	0	0	True	68.29521	24.811796	magicc_v5	8.453051930047899	4.811808828244718	8.453051930047899	4.811808828244718	low	low
G_r000_uneven_coverage_20pct	0	22	uneven_coverage	0.2	20.0	lognormal_sigma1.0	RS_GCF_029718665.1	Pseudomonadota	Bacteria	medium	59.8421580699521	19.999987171755283	59.8421580699521	35.9684098059744	6236239	19	4979147	25	5974976	0.1999999196649546		995829	0	0	0	True	78.23322	22.717863	magicc_v5	18.391061930047904	2.7178758282447184	18.391061930047904	2.7178758282447184	low	low
G_r000_uneven_coverage_40pct	0	23	uneven_coverage	0.4	40.0	lognormal_sigma1.0	RS_GCF_029718665.1	Pseudomonadota	Bacteria	medium	59.8421580699521	19.999987171755283	59.8421580699521	51.93684847549942	6236239	19	4979147	26	6970806	0.4000000401675226		1991659	0	0	0	True	88.48999	23.50674	magicc_v5	28.647831930047907	3.506752828244718	28.647831930047907	3.506752828244718	low	low
G_r001_none_control	1	0	none	0.0	0.0	control	RS_GCF_029925445.1	Bacillota	Bacteria	low	69.09442327577179	4.999967803584241	69.09442327577179	4.999967803584241	2950639	40	2186258	40	2186258	0.0		0	0	0	0	True	71.908104	2.0808697	magicc_v5	2.813680724228206	-2.9190981035842407	2.813680724228206	2.9190981035842407	medium	medium
G_r001_substitution_0p1pct	1	1	substitution	0.001	0.1	uniform	RS_GCF_029925445.1	Bacillota	Bacteria	low	69.09442327577179	4.999967803584241	69.09442327577179	4.999967803584241	2950639	40	2186258	40	2186258	0.0009889043287663	0.0089640838741259	0	2162	0	0	True	71.60827	2.2806525	magicc_v5	2.513846724228216	-2.719315303584241	2.513846724228216	2.719315303584241	medium	medium
G_r001_substitution_0p5pct	1	2	substitution	0.005	0.5	uniform	RS_GCF_029925445.1	Bacillota	Bacteria	low	69.09442327577179	4.999967803584241	69.09442327577179	4.999967803584241	2950639	40	2186258	40	2186258	0.0050602444908148	0.0441104216424403	0	11063	0	0	True	70.71107	2.4718106	magicc_v5	1.616646724228218	-2.528157203584241	1.616646724228218	2.528157203584241	medium	medium
G_r001_substitution_1pct	1	3	substitution	0.01	1.0	uniform	RS_GCF_029925445.1	Bacillota	Bacteria	low	69.09442327577179	4.999967803584241	69.09442327577179	4.999967803584241	2950639	40	2186258	40	2186258	0.0099421019843037	0.0864827525163591	0	21736	0	0	True	68.873505	4.237518	magicc_v5	-0.22091827577179401	-0.7624498035842411	0.22091827577179401	0.7624498035842411	medium	medium
G_r001_substitution_2pct	1	4	substitution	0.02	2.0	uniform	RS_GCF_029925445.1	Bacillota	Bacteria	low	69.09442327577179	4.999967803584241	69.09442327577179	4.999967803584241	2950639	40	2186258	40	2186258	0.0201032997935284	0.1662522378698502	0	43951	0	0	True	68.12999	3.9631395	magicc_v5	-0.964433275771782	-1.0368283035842407	0.964433275771782	1.0368283035842407	medium	medium
G_r001_substitution_5pct	1	5	substitution	0.05	5.0	uniform	RS_GCF_029925445.1	Bacillota	Bacteria	low	69.09442327577179	4.999967803584241	69.09442327577179	4.999967803584241	2950639	40	2186258	40	2186258	0.0500535618394535	0.3697505902753909	0	109430	0	0	True	59.162506	9.975925	magicc_v5	-9.931917275771788	4.975957196415759	9.931917275771788	4.975957196415759	medium	medium
G_r001_substitution_titv_0p1pct	1	6	substitution_titv	0.001	0.1	titv_2	RS_GCF_029925445.1	Bacillota	Bacteria	low	69.09442327577179	4.999967803584241	69.09442327577179	4.999967803584241	2950639	40	2186258	40	2186258	0.0010090300412851	0.0089640838741259	0	2206	0	0	True	71.58185	2.26759	magicc_v5	2.4874267242282144	-2.7323778035842405	2.4874267242282144	2.7323778035842405	medium	medium
G_r001_substitution_titv_0p5pct	1	7	substitution_titv	0.005	0.5	titv_2	RS_GCF_029925445.1	Bacillota	Bacteria	low	69.09442327577179	4.999967803584241	69.09442327577179	4.999967803584241	2950639	40	2186258	40	2186258	0.0049577863179917	0.0441104216424403	0	10839	0	0	True	71.41341	1.973176	magicc_v5	2.3189867242282105	-3.0267918035842407	2.3189867242282105	3.0267918035842407	medium	medium
G_r001_substitution_titv_1pct	1	8	substitution_titv	0.01	1.0	titv_2	RS_GCF_029925445.1	Bacillota	Bacteria	low	69.09442327577179	4.999967803584241	69.09442327577179	4.999967803584241	2950639	40	2186258	40	2186258	0.0099411871791892	0.0864827525163591	0	21734	0	0	True	68.70799	4.1490498	magicc_v5	-0.3864332757717932	-0.8509180035842405	0.3864332757717932	0.8509180035842405	medium	medium
G_r001_substitution_titv_2pct	1	9	substitution_titv	0.02	2.0	titv_2	RS_GCF_029925445.1	Bacillota	Bacteria	low	69.09442327577179	4.999967803584241	69.09442327577179	4.999967803584241	2950639	40	2186258	40	2186258	0.0198489839716995	0.1662522378698502	0	43395	0	0	True	65.678986	5.7299943	magicc_v5	-3.4154372757717937	0.7300264964157597	3.4154372757717937	0.7300264964157597	medium	medium
G_r001_substitution_titv_5pct	1	10	substitution_titv	0.05	5.0	titv_2	RS_GCF_029925445.1	Bacillota	Bacteria	low	69.09442327577179	4.999967803584241	69.09442327577179	4.999967803584241	2950639	40	2186258	40	2186258	0.0500069067786144	0.3697505902753909	0	109328	0	0	True	58.62262	9.617435	magicc_v5	-10.47180327577179	4.61746719641576	10.47180327577179	4.61746719641576	medium	medium
G_r001_indel_0p1pct	1	11	indel	0.001	0.1	ins0.5_geom0.75	RS_GCF_029925445.1	Bacillota	Bacteria	low	69.09442327577179	4.999967803584241	69.090030324512	4.999967803584241	2950639	40	2186258	40	2186119	0.0010328149742619		0	0	2258	0	True	71.86456	1.9211918	magicc_v5	2.770136724228209	-3.078776003584241	2.770136724228209	3.078776003584241	medium	medium
G_r001_indel_0p5pct	1	12	indel	0.005	0.5	ins0.5_geom0.75	RS_GCF_029925445.1	Bacillota	Bacteria	low	69.09442327577179	4.999967803584241	69.0987846230657	4.999967803584241	2950639	40	2186258	40	2186396	0.004986145276541		0	0	10901	0	True	70.95354	2.681425	magicc_v5	1.8591167242282154	-2.318542803584241	1.8591167242282154	2.318542803584241	medium	medium
G_r001_indel_1pct	1	13	indel	0.01	1.0	ins0.5_geom0.75	RS_GCF_029925445.1	Bacillota	Bacteria	low	69.09442327577179	4.999967803584241	69.10017519756519	4.999967803584241	2950639	40	2186258	40	2186440	0.0099960754860588		0	0	21854	0	True	69.640434	3.204164	magicc_v5	0.5460107242282106	-1.7958038035842407	0.5460107242282106	1.7958038035842407	medium	medium
G_r001_indel_2pct	1	14	indel	0.02	2.0	ins0.5_geom0.75	RS_GCF_029925445.1	Bacillota	Bacteria	low	69.09442327577179	4.999967803584241	69.0856373732522	4.999967803584241	2950639	40	2186258	40	2185980	0.0199569309752096		0	0	43631	0	True	65.17221	5.306211	magicc_v5	-3.9222132757717816	0.3062431964157595	3.9222132757717816	0.3062431964157595	medium	medium
G_r001_indel_5pct	1	15	indel	0.05	5.0	ins0.5_geom0.75	RS_GCF_029925445.1	Bacillota	Bacteria	low	69.09442327577179	4.999967803584241	69.09328553299946	4.999967803584241	2950639	40	2186258	40	2186222	0.0502186841626194		0	0	109791	0	True	60.124542	6.3587666	magicc_v5	-8.96988127577179	1.3587987964157593	8.96988127577179	1.3587987964157593	medium	medium
G_r001_chimera_5pct	1	16	chimera	0.05	5.0	rc0.5	RS_GCF_029925445.1	Bacillota	Bacteria	low	69.09442327577179	4.999967803584241	69.09442327577179	4.999967803584241	2950639	40	2186258	39	2186258	0.05		0	0	0	1	True	71.91547	2.0779312	magicc_v5	2.8210467242282107	-2.9220366035842407	2.8210467242282107	2.9220366035842407	medium	medium
G_r001_chimera_10pct	1	17	chimera	0.1	10.0	rc0.5	RS_GCF_029925445.1	Bacillota	Bacteria	low	69.09442327577179	4.999967803584241	69.09442327577179	4.999967803584241	2950639	40	2186258	38	2186258	0.1		0	0	0	2	True	71.909164	2.0811944	magicc_v5	2.8147407242282156	-2.9187734035842405	2.8147407242282156	2.9187734035842405	medium	medium
G_r001_chimera_20pct	1	18	chimera	0.2	20.0	rc0.5	RS_GCF_029925445.1	Bacillota	Bacteria	low	69.09442327577179	4.999967803584241	69.09442327577179	4.999967803584241	2950639	40	2186258	36	2186258	0.2		0	0	0	4	True	71.91493	2.076614	magicc_v5	2.82050672422821	-2.9233538035842406	2.82050672422821	2.9233538035842406	medium	medium
G_r001_chimera_40pct	1	19	chimera	0.4	40.0	rc0.5	RS_GCF_029925445.1	Bacillota	Bacteria	low	69.09442327577179	4.999967803584241	69.09442327577179	4.999967803584241	2950639	40	2186258	32	2186258	0.4		0	0	0	8	True	71.90944	2.0789802	magicc_v5	2.815016724228215	-2.9209876035842406	2.815016724228215	2.9209876035842406	medium	medium
G_r001_uneven_coverage_5pct	1	20	uneven_coverage	0.05	5.0	lognormal_sigma1.0	RS_GCF_029925445.1	Bacillota	Bacteria	low	69.09442327577179	4.999967803584241	69.09442327577179	8.704690746648438	2950639	40	2186258	44	2295571	0.0500000457402557		109313	0	0	0	True	75.45494	2.1691144	magicc_v5	6.360516724228205	-2.8308534035842405	6.360516724228205	2.8308534035842405	medium	medium
G_r001_uneven_coverage_10pct	1	21	uneven_coverage	0.1	10.0	lognormal_sigma1.0	RS_GCF_029925445.1	Bacillota	Bacteria	low	69.09442327577179	4.999967803584241	69.09442327577179	12.409413689712634	2950639	40	2186258	44	2404884	0.1000000914805114		218626	0	0	0	True	80.612946	1.2254179	magicc_v5	11.518522724228205	-3.7745499035842407	11.518522724228205	3.7745499035842407	medium	medium
G_r001_uneven_coverage_20pct	1	22	uneven_coverage	0.2	20.0	lognormal_sigma1.0	RS_GCF_029925445.1	Bacillota	Bacteria	low	69.09442327577179	4.999967803584241	69.09442327577179	19.818859575841028	2950639	40	2186258	47	2623510	0.2000001829610229		437252	0	0	0	True	85.12906	1.3590991	magicc_v5	16.034636724228207	-3.640868703584241	16.034636724228207	3.640868703584241	medium	medium
G_r001_uneven_coverage_40pct	1	23	uneven_coverage	0.4	40.0	lognormal_sigma1.0	RS_GCF_029925445.1	Bacillota	Bacteria	low	69.09442327577179	4.999967803584241	69.09442327577179	34.63771745713386	2950639	40	2186258	52	3060761	0.3999999085194886		874503	0	0	0	True	99.91731	0.7476568	magicc_v5	30.822886724228212	-4.252311003584241	30.822886724228212	4.252311003584241	high	medium
G_r002_none_control	2	0	none	0.0	0.0	control	RS_GCF_020096995.1	Actinomycetota	Bacteria	low	81.496887067733	1.9999827521314977	81.496887067733	1.9999827521314977	3246778	153	2710958	153	2710958	0.0		0	0	0	0	True	80.27513	0.789538	magicc_v5	-1.2217570677329945	-1.2104447521314978	1.2217570677329945	1.2104447521314978	medium	medium
G_r002_substitution_0p1pct	2	1	substitution	0.001	0.1	uniform	RS_GCF_020096995.1	Actinomycetota	Bacteria	low	81.496887067733	1.9999827521314977	81.496887067733	1.9999827521314977	3246778	153	2710958	153	2710958	0.0009937446467263	0.0089640838741259	0	2694	0	0	True	80.68083	0.93613267	magicc_v5	-0.8160570677329986	-1.0638500821314976	0.8160570677329986	1.0638500821314976	medium	medium
G_r002_substitution_0p5pct	2	2	substitution	0.005	0.5	uniform	RS_GCF_020096995.1	Actinomycetota	Bacteria	low	81.496887067733	1.9999827521314977	81.496887067733	1.9999827521314977	3246778	153	2710958	153	2710958	0.0049949132373131	0.0441104216424403	0	13541	0	0	True	79.40205	1.4019907	magicc_v5	-2.094837067732996	-0.5979920521314976	2.094837067732996	0.5979920521314976	medium	medium
G_r002_substitution_1pct	2	3	substitution	0.01	1.0	uniform	RS_GCF_020096995.1	Actinomycetota	Bacteria	low	81.496887067733	1.9999827521314977	81.496887067733	1.9999827521314977	3246778	153	2710958	153	2710958	0.0098773201207838	0.0864827525163591	0	26777	0	0	True	78.458206	1.6476274	magicc_v5	-3.0386810677329947	-0.3523553521314977	3.0386810677329947	0.3523553521314977	medium	medium
G_r002_substitution_2pct	2	4	substitution	0.02	2.0	uniform	RS_GCF_020096995.1	Actinomycetota	Bacteria	low	81.496887067733	1.9999827521314977	81.496887067733	1.9999827521314977	3246778	153	2710958	153	2710958	0.0199143623766948	0.1662522378698502	0	53987	0	0	True	77.07716	0.91029406	magicc_v5	-4.4197270677329925	-1.0896886921314977	4.4197270677329925	1.0896886921314977	medium	medium
G_r002_substitution_5pct	2	5	substitution	0.05	5.0	uniform	RS_GCF_020096995.1	Actinomycetota	Bacteria	low	81.496887067733	1.9999827521314977	81.496887067733	1.9999827521314977	3246778	153	2710958	153	2710958	0.0499380661743929	0.3697505902753909	0	135380	0	0	True	69.57948	1.6817868	magicc_v5	-11.917407067732995	-0.31819595213149765	11.917407067732995	0.31819595213149765	medium	medium
G_r002_substitution_titv_0p1pct	2	6	substitution_titv	0.001	0.1	titv_2	RS_GCF_020096995.1	Actinomycetota	Bacteria	low	81.496887067733	1.9999827521314977	81.496887067733	1.9999827521314977	3246778	153	2710958	153	2710958	0.0009815718281138	0.0089640838741259	0	2661	0	0	True	80.60891	0.8428782	magicc_v5	-0.8879770677330043	-1.1571045521314978	0.8879770677330043	1.1571045521314978	medium	medium
G_r002_substitution_titv_0p5pct	2	7	substitution_titv	0.005	0.5	titv_2	RS_GCF_020096995.1	Actinomycetota	Bacteria	low	81.496887067733	1.9999827521314977	81.496887067733	1.9999827521314977	3246778	153	2710958	153	2710958	0.0049185564660168	0.0441104216424403	0	13334	0	0	True	80.32175	1.1204541	magicc_v5	-1.1751370677330044	-0.8795286521314978	1.1751370677330044	0.8795286521314978	medium	medium
G_r002_substitution_titv_1pct	2	8	substitution_titv	0.01	1.0	titv_2	RS_GCF_020096995.1	Actinomycetota	Bacteria	low	81.496887067733	1.9999827521314977	81.496887067733	1.9999827521314977	3246778	153	2710958	153	2710958	0.0099356021008071	0.0864827525163591	0	26935	0	0	True	78.59449	0.6566644	magicc_v5	-2.9023970677330055	-1.3433183521314978	2.9023970677330055	1.3433183521314978	medium	medium
G_r002_substitution_titv_2pct	2	9	substitution_titv	0.02	2.0	titv_2	RS_GCF_020096995.1	Actinomycetota	Bacteria	low	81.496887067733	1.9999827521314977	81.496887067733	1.9999827521314977	3246778	153	2710958	153	2710958	0.0201128162074071	0.1662522378698502	0	54525	0	0	True	77.740456	1.407817	magicc_v5	-3.756431067733004	-0.5921657521314976	3.756431067733004	0.5921657521314976	medium	medium
G_r002_substitution_titv_5pct	2	10	substitution_titv	0.05	5.0	titv_2	RS_GCF_020096995.1	Actinomycetota	Bacteria	low	81.496887067733	1.9999827521314977	81.496887067733	1.9999827521314977	3246778	153	2710958	153	2710958	0.0500826645045773	0.3697505902753909	0	135772	0	0	True	70.20136	6.1469584	magicc_v5	-11.295527067733005	4.146975647868502	11.295527067733005	4.146975647868502	medium	medium
G_r002_indel_0p1pct	2	11	indel	0.001	0.1	ins0.5_geom0.75	RS_GCF_020096995.1	Actinomycetota	Bacteria	low	81.496887067733	1.9999827521314977	81.49309925258774	1.9999827521314977	3246778	153	2710958	153	2710832	0.0009978022529305		0	0	2705	0	True	79.836105	0.7928252	magicc_v5	-1.6607820677329954	-1.2071575521314977	1.6607820677329954	1.2071575521314977	medium	medium
G_r002_indel_0p5pct	2	12	indel	0.005	0.5	ins0.5_geom0.75	RS_GCF_020096995.1	Actinomycetota	Bacteria	low	81.496887067733	1.9999827521314977	81.496887067733	1.9999827521314977	3246778	153	2710958	153	2710958	0.0049414266100765		0	0	13396	0	True	79.724846	0.9902239	magicc_v5	-1.7720410677329994	-1.0097588521314975	1.7720410677329994	1.0097588521314975	medium	medium
G_r002_indel_1pct	2	13	indel	0.01	1.0	ins0.5_geom0.75	RS_GCF_020096995.1	Actinomycetota	Bacteria	low	81.496887067733	1.9999827521314977	81.48988261591678	1.9999827521314977	3246778	153	2710958	153	2710725	0.0100016304199474		0	0	27114	0	True	76.76541	0.85808337	magicc_v5	-4.731477067732996	-1.1418993821314976	4.731477067732996	1.1418993821314976	medium	medium
G_r002_indel_2pct	2	14	indel	0.02	2.0	ins0.5_geom0.75	RS_GCF_020096995.1	Actinomycetota	Bacteria	low	81.496887067733	1.9999827521314977	81.49412136143646	1.9999827521314977	3246778	153	2710958	153	2710866	0.0200910526832212		0	0	54466	0	True	75.360794	0.85531473	magicc_v5	-6.136093067733	-1.1446680221314978	6.136093067733	1.1446680221314978	medium	medium
G_r002_indel_5pct	2	15	indel	0.05	5.0	ins0.5_geom0.75	RS_GCF_020096995.1	Actinomycetota	Bacteria	low	81.496887067733	1.9999827521314977	81.49709750190775	1.9999827521314977	3246778	153	2710958	153	2710965	0.0498668736291746		0	0	135187	0	True	71.9828	1.1165798	magicc_v5	-9.514087067733001	-0.8834029521314977	9.514087067733001	0.8834029521314977	medium	medium
G_r002_chimera_5pct	2	16	chimera	0.05	5.0	rc0.5	RS_GCF_020096995.1	Actinomycetota	Bacteria	low	81.496887067733	1.9999827521314977	81.496887067733	1.9999827521314977	3246778	153	2710958	149	2710958	0.0522875816993464		0	0	0	4	True	80.27601	0.78980327	magicc_v5	-1.2208770677329994	-1.2101794821314977	1.2208770677329994	1.2101794821314977	medium	medium
G_r002_chimera_10pct	2	17	chimera	0.1	10.0	rc0.5	RS_GCF_020096995.1	Actinomycetota	Bacteria	low	81.496887067733	1.9999827521314977	81.496887067733	1.9999827521314977	3246778	153	2710958	146	2710958	0.0915032679738562		0	0	0	7	True	80.276764	0.78960955	magicc_v5	-1.2201230677329988	-1.2103732021314977	1.2201230677329988	1.2103732021314977	medium	medium
G_r002_chimera_20pct	2	18	chimera	0.2	20.0	rc0.5	RS_GCF_020096995.1	Actinomycetota	Bacteria	low	81.496887067733	1.9999827521314977	81.496887067733	1.9999827521314977	3246778	153	2710958	138	2710958	0.196078431372549		0	0	0	15	True	80.27539	0.7886797	magicc_v5	-1.2214970677329973	-1.2113030521314978	1.2214970677329973	1.2113030521314978	medium	medium
G_r002_chimera_40pct	2	19	chimera	0.4	40.0	rc0.5	RS_GCF_020096995.1	Actinomycetota	Bacteria	low	81.496887067733	1.9999827521314977	81.496887067733	1.9999827521314977	3246778	153	2710958	123	2710958	0.392156862745098		0	0	0	30	True	80.25687	0.7955283	magicc_v5	-1.2400170677329925	-1.2044544521314977	1.2400170677329925	1.2044544521314977	medium	medium
G_r002_uneven_coverage_5pct	2	20	uneven_coverage	0.05	5.0	lognormal_sigma1.0	RS_GCF_020096995.1	Actinomycetota	Bacteria	low	81.496887067733	1.9999827521314977	81.496887067733	6.174829323101241	3246778	153	2710958	163	2846506	0.0500000368873291		135548	0	0	0	True	83.17174	1.0384232	magicc_v5	1.674852932267001	-0.9615595521314977	1.674852932267001	0.9615595521314977	medium	medium
G_r002_uneven_coverage_10pct	2	21	uneven_coverage	0.1	10.0	lognormal_sigma1.0	RS_GCF_020096995.1	Actinomycetota	Bacteria	low	81.496887067733	1.9999827521314977	81.496887067733	10.349675894070984	3246778	153	2710958	164	2982054	0.1000000737746582		271096	0	0	0	True	87.278984	0.7433355	magicc_v5	5.782096932266995	-1.2566472521314975	5.782096932266995	1.2566472521314975	medium	medium
G_r002_uneven_coverage_20pct	2	22	uneven_coverage	0.2	20.0	lognormal_sigma1.0	RS_GCF_020096995.1	Actinomycetota	Bacteria	low	81.496887067733	1.9999827521314977	81.496887067733	18.69936903601047	3246778	153	2710958	181	3253150	0.2000001475493165		542192	0	0	0	True	99.41638	0.24293363	magicc_v5	17.919492932267005	-1.7570491221314977	17.919492932267005	1.7570491221314977	high	medium
G_r002_uneven_coverage_40pct	2	23	uneven_coverage	0.4	40.0	lognormal_sigma1.0	RS_GCF_020096995.1	Actinomycetota	Bacteria	low	81.496887067733	1.9999827521314977	81.496887067733	35.39872452012426	3246778	153	2710958	210	3795341	0.3999999262253417		1084383	0	0	0	True	91.183205	16.860056	magicc_v5	9.686317932267002	14.860073247868502	9.686317932267002	14.860073247868502	low	medium
G_r003_none_control	3	0	none	0.0	0.0	control	RS_GCF_963675585.1	Bacteroidota	Bacteria	low	69.81887252003206	4.999988404978969	69.81887252003206	4.999988404978969	6037074	164	4516870	164	4516870	0.0		0	0	0	0	True	69.00176	2.5973737	magicc_v5	-0.8171125200320546	-2.402614704978969	0.8171125200320546	2.402614704978969	medium	medium
G_r003_substitution_0p1pct	3	1	substitution	0.001	0.1	uniform	RS_GCF_963675585.1	Bacteroidota	Bacteria	low	69.81887252003206	4.999988404978969	69.81887252003206	4.999988404978969	6037074	164	4516870	164	4516870	0.0010124267468401	0.0089640838741259	0	4573	0	0	True	68.813835	2.5800734	magicc_v5	-1.0050375200320616	-2.419915004978969	1.0050375200320616	2.419915004978969	medium	medium
G_r003_substitution_0p5pct	3	2	substitution	0.005	0.5	uniform	RS_GCF_963675585.1	Bacteroidota	Bacteria	low	69.81887252003206	4.999988404978969	69.81887252003206	4.999988404978969	6037074	164	4516870	164	4516870	0.0050382233714939	0.0441104216424403	0	22757	0	0	True	67.390526	2.9684334	magicc_v5	-2.428346520032065	-2.031555004978969	2.428346520032065	2.031555004978969	medium	medium
G_r003_substitution_1pct	3	3	substitution	0.01	1.0	uniform	RS_GCF_963675585.1	Bacteroidota	Bacteria	low	69.81887252003206	4.999988404978969	69.81887252003206	4.999988404978969	6037074	164	4516870	164	4516870	0.0100020589478997	0.0864827525163591	0	45178	0	0	True	66.84054	4.3936014	magicc_v5	-2.9783325200320547	-0.606387004978969	2.9783325200320547	0.606387004978969	medium	medium
G_r003_substitution_2pct	3	4	substitution	0.02	2.0	uniform	RS_GCF_963675585.1	Bacteroidota	Bacteria	low	69.81887252003206	4.999988404978969	69.81887252003206	4.999988404978969	6037074	164	4516870	164	4516870	0.0199334937689152	0.1662522378698502	0	90037	0	0	True	67.81057	4.9964876	magicc_v5	-2.0083025200320606	-0.0035008049789686524	2.0083025200320606	0.0035008049789686524	medium	medium
G_r003_substitution_5pct	3	5	substitution	0.05	5.0	uniform	RS_GCF_963675585.1	Bacteroidota	Bacteria	low	69.81887252003206	4.999988404978969	69.81887252003206	4.999988404978969	6037074	164	4516870	164	4516870	0.0498736957229231	0.3697505902753909	0	225273	0	0	True	63.608932	7.4526253	magicc_v5	-6.209940520032056	2.4526368950210315	6.209940520032056	2.4526368950210315	medium	medium
G_r003_substitution_titv_0p1pct	3	6	substitution_titv	0.001	0.1	titv_2	RS_GCF_963675585.1	Bacteroidota	Bacteria	low	69.81887252003206	4.999988404978969	69.81887252003206	4.999988404978969	6037074	164	4516870	164	4516870	0.0009630562756953	0.0089640838741259	0	4350	0	0	True	68.7841	2.6871414	magicc_v5	-1.0347725200320639	-2.312847004978969	1.0347725200320639	2.312847004978969	medium	medium
G_r003_substitution_titv_0p5pct	3	7	substitution_titv	0.005	0.5	titv_2	RS_GCF_963675585.1	Bacteroidota	Bacteria	low	69.81887252003206	4.999988404978969	69.81887252003206	4.999988404978969	6037074	164	4516870	164	4516870	0.004971805697308	0.0441104216424403	0	22457	0	0	True	67.682724	3.506744	magicc_v5	-2.136148520032066	-1.4932444049789688	2.136148520032066	1.4932444049789688	medium	medium
G_r003_substitution_titv_1pct	3	8	substitution_titv	0.01	1.0	titv_2	RS_GCF_963675585.1	Bacteroidota	Bacteria	low	69.81887252003206	4.999988404978969	69.81887252003206	4.999988404978969	6037074	164	4516870	164	4516870	0.0100589567554523	0.0864827525163591	0	45435	0	0	True	67.65676	2.5556207	magicc_v5	-2.1621125200320535	-2.4443677049789687	2.1621125200320535	2.4443677049789687	medium	medium
G_r003_substitution_titv_2pct	3	9	substitution_titv	0.02	2.0	titv_2	RS_GCF_963675585.1	Bacteroidota	Bacteria	low	69.81887252003206	4.999988404978969	69.81887252003206	4.999988404978969	6037074	164	4516870	164	4516870	0.0198648621722564	0.1662522378698502	0	89727	0	0	True	67.65732	2.8829157	magicc_v5	-2.1615525200320604	-2.117072704978969	2.1615525200320604	2.117072704978969	medium	medium
G_r003_substitution_titv_5pct	3	10	substitution_titv	0.05	5.0	titv_2	RS_GCF_963675585.1	Bacteroidota	Bacteria	low	69.81887252003206	4.999988404978969	69.81887252003206	4.999988404978969	6037074	164	4516870	164	4516870	0.0500840183578451	0.3697505902753909	0	226223	0	0	True	66.03712	3.845766	magicc_v5	-3.7817525200320574	-1.1542224049789689	3.7817525200320574	1.1542224049789689	medium	medium
G_r003_indel_0p1pct	3	11	indel	0.001	0.1	ins0.5_geom0.75	RS_GCF_963675585.1	Bacteroidota	Bacteria	low	69.81887252003206	4.999988404978969	69.81962993052949	4.999988404978969	6037074	164	4516870	164	4516919	0.0009774467717689		0	0	4415	0	True	68.75965	2.815652	magicc_v5	-1.0592225200320655	-2.1843364049789686	1.0592225200320655	2.1843364049789686	medium	medium
G_r003_indel_0p5pct	3	12	indel	0.005	0.5	ins0.5_geom0.75	RS_GCF_963675585.1	Bacteroidota	Bacteria	low	69.81887252003206	4.999988404978969	69.82287597551841	4.999988404978969	6037074	164	4516870	164	4517129	0.0049704773438243		0	0	22451	0	True	68.00638	2.871418	magicc_v5	-1.812492520032066	-2.128570404978969	1.812492520032066	2.128570404978969	medium	medium
G_r003_indel_1pct	3	13	indel	0.01	1.0	ins0.5_geom0.75	RS_GCF_963675585.1	Bacteroidota	Bacteria	low	69.81887252003206	4.999988404978969	69.82480814515469	4.999988404978969	6037074	164	4516870	164	4517254	0.0099369696271975		0	0	44884	0	True	67.67974	3.368339	magicc_v5	-2.1391325200320637	-1.6316494049789685	2.1391325200320637	1.6316494049789685	medium	medium
G_r003_indel_2pct	3	14	indel	0.02	2.0	ins0.5_geom0.75	RS_GCF_963675585.1	Bacteroidota	Bacteria	low	69.81887252003206	4.999988404978969	69.82170121637957	4.999988404978969	6037074	164	4516870	164	4517053	0.0199058197380044		0	0	89912	0	True	66.65066	4.399234	magicc_v5	-3.168212520032057	-0.6007544049789688	3.168212520032057	0.6007544049789688	medium	medium
G_r003_indel_5pct	3	15	indel	0.05	5.0	ins0.5_geom0.75	RS_GCF_963675585.1	Bacteroidota	Bacteria	low	69.81887252003206	4.999988404978969	69.80347699237021	4.999988404978969	6037074	164	4516870	164	4515874	0.0500731701377281		0	0	226174	0	True	63.104004	5.9884605	magicc_v5	-6.714868520032056	0.9884720950210317	6.714868520032056	0.9884720950210317	medium	medium
G_r003_chimera_5pct	3	16	chimera	0.05	5.0	rc0.5	RS_GCF_963675585.1	Bacteroidota	Bacteria	low	69.81887252003206	4.999988404978969	69.81887252003206	4.999988404978969	6037074	164	4516870	160	4516870	0.048780487804878		0	0	0	4	True	69.00176	2.5973737	magicc_v5	-0.8171125200320546	-2.402614704978969	0.8171125200320546	2.402614704978969	medium	medium
G_r003_chimera_10pct	3	17	chimera	0.1	10.0	rc0.5	RS_GCF_963675585.1	Bacteroidota	Bacteria	low	69.81887252003206	4.999988404978969	69.81887252003206	4.999988404978969	6037074	164	4516870	156	4516870	0.0975609756097561		0	0	0	8	True	68.99805	2.6005626	magicc_v5	-0.8208225200320527	-2.3994258049789687	0.8208225200320527	2.3994258049789687	medium	medium
G_r003_chimera_20pct	3	18	chimera	0.2	20.0	rc0.5	RS_GCF_963675585.1	Bacteroidota	Bacteria	low	69.81887252003206	4.999988404978969	69.81887252003206	4.999988404978969	6037074	164	4516870	147	4516870	0.2073170731707317		0	0	0	17	True	68.992676	2.6052208	magicc_v5	-0.826196520032056	-2.3947676049789686	0.826196520032056	2.3947676049789686	medium	medium
G_r003_chimera_40pct	3	19	chimera	0.4	40.0	rc0.5	RS_GCF_963675585.1	Bacteroidota	Bacteria	low	69.81887252003206	4.999988404978969	69.81887252003206	4.999988404978969	6037074	164	4516870	131	4516870	0.4024390243902439		0	0	0	33	True	69.00441	2.601838	magicc_v5	-0.8144625200320661	-2.398150404978969	0.8144625200320661	2.398150404978969	medium	medium
G_r003_uneven_coverage_5pct	3	20	uneven_coverage	0.05	5.0	lognormal_sigma1.0	RS_GCF_963675585.1	Bacteroidota	Bacteria	low	69.81887252003206	4.999988404978969	69.81887252003206	8.7409397333874	6037074	164	4516870	174	4742714	0.0500001106961236		225844	0	0	0	True	72.61839	2.5535405	magicc_v5	2.799517479967946	-2.4464479049789687	2.799517479967946	2.4464479049789687	medium	medium
G_r003_uneven_coverage_10pct	3	21	uneven_coverage	0.1	10.0	lognormal_sigma1.0	RS_GCF_963675585.1	Bacteroidota	Bacteria	low	69.81887252003206	4.999988404978969	69.81887252003206	12.48187449748007	6037074	164	4516870	185	4968557	0.1		451687	0	0	0	True	76.6159	2.165666	magicc_v5	6.797027479967937	-2.834322404978969	6.797027479967937	2.834322404978969	medium	medium
G_r003_uneven_coverage_20pct	3	22	uneven_coverage	0.2	20.0	lognormal_sigma1.0	RS_GCF_963675585.1	Bacteroidota	Bacteria	low	69.81887252003206	4.999988404978969	69.81887252003206	19.96376058998117	6037074	164	4516870	196	5420244	0.2		903374	0	0	0	True	83.173065	1.6038656	magicc_v5	13.354192479967935	-3.396122804978969	13.354192479967935	3.396122804978969	medium	medium
G_r003_uneven_coverage_40pct	3	23	uneven_coverage	0.4	40.0	lognormal_sigma1.0	RS_GCF_963675585.1	Bacteroidota	Bacteria	low	69.81887252003206	4.999988404978969	69.81887252003206	34.927532774983376	6037074	164	4516870	230	6323618	0.4		1806748	0	0	0	True	99.82498	2.593875	magicc_v5	30.006107479967937	-2.4061134049789685	30.006107479967937	2.4061134049789685	high	medium
G_r004_none_control	4	0	none	0.0	0.0	control	RS_GCF_030323385.1	Campylobacterota	Bacteria	highly_fragmented	82.53028281605829	0.0	82.53028281605829	0.0	1662494	127	1372061	127	1372061	0.0		0	0	0	0	True	81.05728	1.285708	magicc_v5	-1.4730028160582833	1.285708	1.4730028160582833	1.285708	medium	medium
G_r004_substitution_0p1pct	4	1	substitution	0.001	0.1	uniform	RS_GCF_030323385.1	Campylobacterota	Bacteria	highly_fragmented	82.53028281605829	0.0	82.53028281605829	0.0	1662494	127	1372061	127	1372061	0.0010189051361419	0.0089640838741259	0	1398	0	0	True	80.99108	1.1642307	magicc_v5	-1.5392028160582925	1.1642307	1.5392028160582925	1.1642307	medium	medium
G_r004_substitution_0p5pct	4	2	substitution	0.005	0.5	uniform	RS_GCF_030323385.1	Campylobacterota	Bacteria	highly_fragmented	82.53028281605829	0.0	82.53028281605829	0.0	1662494	127	1372061	127	1372061	0.005066830119069	0.0441104216424403	0	6952	0	0	True	79.39928	2.0195782	magicc_v5	-3.1310028160582846	2.0195782	3.1310028160582846	2.0195782	medium	medium
G_r004_substitution_1pct	4	3	substitution	0.01	1.0	uniform	RS_GCF_030323385.1	Campylobacterota	Bacteria	highly_fragmented	82.53028281605829	0.0	82.53028281605829	0.0	1662494	127	1372061	127	1372061	0.0098654505885671	0.0864827525163591	0	13536	0	0	True	78.34561	2.8189807	magicc_v5	-4.1846728160582956	2.8189807	4.1846728160582956	2.8189807	medium	medium
G_r004_substitution_2pct	4	4	substitution	0.02	2.0	uniform	RS_GCF_030323385.1	Campylobacterota	Bacteria	highly_fragmented	82.53028281605829	0.0	82.53028281605829	0.0	1662494	127	1372061	127	1372061	0.019929871922604	0.1662522378698502	0	27345	0	0	True	74.11235	5.4566383	magicc_v5	-8.417932816058283	5.4566383	8.417932816058283	5.4566383	medium	medium
G_r004_substitution_5pct	4	5	substitution	0.05	5.0	uniform	RS_GCF_030323385.1	Campylobacterota	Bacteria	highly_fragmented	82.53028281605829	0.0	82.53028281605829	0.0	1662494	127	1372061	127	1372061	0.0501712387423008	0.3697505902753909	0	68838	0	0	True	65.251755	13.906034	magicc_v5	-17.278527816058286	13.906034	17.278527816058286	13.906034	low	medium
G_r004_substitution_titv_0p1pct	4	6	substitution_titv	0.001	0.1	titv_2	RS_GCF_030323385.1	Campylobacterota	Bacteria	highly_fragmented	82.53028281605829	0.0	82.53028281605829	0.0	1662494	127	1372061	127	1372061	0.0009693446574168	0.0089640838741259	0	1330	0	0	True	80.42484	1.4674544	magicc_v5	-2.105442816058286	1.4674544	2.105442816058286	1.4674544	medium	medium
G_r004_substitution_titv_0p5pct	4	7	substitution_titv	0.005	0.5	titv_2	RS_GCF_030323385.1	Campylobacterota	Bacteria	highly_fragmented	82.53028281605829	0.0	82.53028281605829	0.0	1662494	127	1372061	127	1372061	0.0050362192351506	0.0441104216424403	0	6910	0	0	True	78.93898	2.2761793	magicc_v5	-3.5913028160582883	2.2761793	3.5913028160582883	2.2761793	medium	medium
G_r004_substitution_titv_1pct	4	8	substitution_titv	0.01	1.0	titv_2	RS_GCF_030323385.1	Campylobacterota	Bacteria	highly_fragmented	82.53028281605829	0.0	82.53028281605829	0.0	1662494	127	1372061	127	1372061	0.0100746249620097	0.0864827525163591	0	13823	0	0	True	77.452644	3.4298062	magicc_v5	-5.077638816058283	3.4298062	5.077638816058283	3.4298062	medium	medium
G_r004_substitution_titv_2pct	4	9	substitution_titv	0.02	2.0	titv_2	RS_GCF_030323385.1	Campylobacterota	Bacteria	highly_fragmented	82.53028281605829	0.0	82.53028281605829	0.0	1662494	127	1372061	127	1372061	0.0201733013328124	0.1662522378698502	0	27679	0	0	True	72.669495	7.3002157	magicc_v5	-9.860787816058291	7.3002157	9.860787816058291	7.3002157	medium	medium
G_r004_substitution_titv_5pct	4	10	substitution_titv	0.05	5.0	titv_2	RS_GCF_030323385.1	Campylobacterota	Bacteria	highly_fragmented	82.53028281605829	0.0	82.53028281605829	0.0	1662494	127	1372061	127	1372061	0.0502725461914594	0.3697505902753909	0	68977	0	0	True	65.22262	13.104969	magicc_v5	-17.307662816058283	13.104969	17.307662816058283	13.104969	low	medium
G_r004_indel_0p1pct	4	11	indel	0.001	0.1	ins0.5_geom0.75	RS_GCF_030323385.1	Campylobacterota	Bacteria	highly_fragmented	82.53028281605829	0.0	82.53022266546526	0.0	1662494	127	1372061	127	1372060	0.0010108879998775		0	0	1387	0	True	80.65904	1.374796	magicc_v5	-1.8712428160582846	1.374796	1.8712428160582846	1.374796	medium	medium
G_r004_indel_0p5pct	4	12	indel	0.005	0.5	ins0.5_geom0.75	RS_GCF_030323385.1	Campylobacterota	Bacteria	highly_fragmented	82.53028281605829	0.0	82.52420760616279	0.0	1662494	127	1372061	127	1371960	0.004934911785992		0	0	6771	0	True	80.07579	1.439178	magicc_v5	-2.4544928160582913	1.439178	2.4544928160582913	1.439178	medium	medium
G_r004_indel_1pct	4	13	indel	0.01	1.0	ins0.5_geom0.75	RS_GCF_030323385.1	Campylobacterota	Bacteria	highly_fragmented	82.53028281605829	0.0	82.53076402080248	0.0	1662494	127	1372061	127	1372069	0.0101926955142664		0	0	13985	0	True	77.795074	2.792406	magicc_v5	-4.7352088160582895	2.792406	4.7352088160582895	2.792406	medium	medium
G_r004_indel_2pct	4	14	indel	0.02	2.0	ins0.5_geom0.75	RS_GCF_030323385.1	Campylobacterota	Bacteria	highly_fragmented	82.53028281605829	0.0	82.53280914096533	0.0	1662494	127	1372061	127	1372103	0.0201856914524937		0	0	27696	0	True	73.72714	5.0985155	magicc_v5	-8.803142816058283	5.0985155	8.803142816058283	5.0985155	medium	medium
G_r004_indel_5pct	4	15	indel	0.05	5.0	ins0.5_geom0.75	RS_GCF_030323385.1	Campylobacterota	Bacteria	highly_fragmented	82.53028281605829	0.0	82.54441820541909	0.0	1662494	127	1372061	127	1372296	0.0499358264683567		0	0	68515	0	True	66.12474	9.260809	magicc_v5	-16.405542816058286	9.260809	16.405542816058286	9.260809	medium	medium
G_r004_chimera_5pct	4	16	chimera	0.05	5.0	rc0.5	RS_GCF_030323385.1	Campylobacterota	Bacteria	highly_fragmented	82.53028281605829	0.0	82.53028281605829	0.0	1662494	127	1372061	124	1372061	0.0472440944881889		0	0	0	3	True	81.06336	1.2841284	magicc_v5	-1.4669228160582861	1.2841284	1.4669228160582861	1.2841284	medium	medium
G_r004_chimera_10pct	4	17	chimera	0.1	10.0	rc0.5	RS_GCF_030323385.1	Campylobacterota	Bacteria	highly_fragmented	82.53028281605829	0.0	82.53028281605829	0.0	1662494	127	1372061	120	1372061	0.1102362204724409		0	0	0	7	True	81.05558	1.2897938	magicc_v5	-1.474702816058283	1.2897938	1.474702816058283	1.2897938	medium	medium
G_r004_chimera_20pct	4	18	chimera	0.2	20.0	rc0.5	RS_GCF_030323385.1	Campylobacterota	Bacteria	highly_fragmented	82.53028281605829	0.0	82.53028281605829	0.0	1662494	127	1372061	114	1372061	0.2047244094488189		0	0	0	13	True	81.05951	1.2963086	magicc_v5	-1.470772816058286	1.2963086	1.470772816058286	1.2963086	medium	medium
G_r004_chimera_40pct	4	19	chimera	0.4	40.0	rc0.5	RS_GCF_030323385.1	Campylobacterota	Bacteria	highly_fragmented	82.53028281605829	0.0	82.53028281605829	0.0	1662494	127	1372061	101	1372061	0.4094488188976378		0	0	0	26	True	81.05545	1.2836277	magicc_v5	-1.4748328160582957	1.2836277	1.4748328160582957	1.2836277	medium	medium
G_r004_uneven_coverage_5pct	4	20	uneven_coverage	0.05	5.0	lognormal_sigma1.0	RS_GCF_030323385.1	Campylobacterota	Bacteria	highly_fragmented	82.53028281605829	0.0	82.53028281605829	4.126511133273263	1662494	127	1372061	131	1440664	0.0499999635584715		68603	0	0	0	True	83.85761	2.0291924	magicc_v5	1.327327183941705	2.0291924	1.327327183941705	2.0291924	medium	medium
G_r004_uneven_coverage_10pct	4	21	uneven_coverage	0.1	10.0	lognormal_sigma1.0	RS_GCF_030323385.1	Campylobacterota	Bacteria	highly_fragmented	82.53028281605829	0.0	82.53028281605829	8.253022266546527	1662494	127	1372061	142	1509267	0.099999927116943		137206	0	0	0	True	84.25292	4.014334	magicc_v5	1.722637183941714	4.014334	1.722637183941714	4.014334	medium	medium
G_r004_uneven_coverage_20pct	4	22	uneven_coverage	0.2	20.0	lognormal_sigma1.0	RS_GCF_030323385.1	Campylobacterota	Bacteria	highly_fragmented	82.53028281605829	0.0	82.53028281605829	16.506044533093053	1662494	127	1372061	155	1646473	0.1999998542338861		274412	0	0	0	True	91.2202	6.454298	magicc_v5	8.689917183941716	6.454298	8.689917183941716	6.454298	medium	medium
G_r004_uneven_coverage_40pct	4	23	uneven_coverage	0.4	40.0	lognormal_sigma1.0	RS_GCF_030323385.1	Campylobacterota	Bacteria	highly_fragmented	82.53028281605829	0.0	82.53028281605829	33.01208906618611	1662494	127	1372061	175	1920885	0.3999997084677722		548824	0	0	0	True	66.01227	42.014305	magicc_v5	-16.518012816058288	42.014305	16.518012816058288	42.014305	low	medium
G_r005_none_control	5	0	none	0.0	0.0	control	RS_GCF_036630095.1	Cyanobacteriota	Bacteria	highly_fragmented	59.26823325524292	0.0	59.26823325524292	0.0	2803161	39	1661384	39	1661384	0.0		0	0	0	0	True	59.983803	0.16149282	magicc_v5	0.715569744757083	0.16149282	0.715569744757083	0.16149282	medium	medium
G_r005_substitution_0p1pct	5	1	substitution	0.001	0.1	uniform	RS_GCF_036630095.1	Cyanobacteriota	Bacteria	highly_fragmented	59.26823325524292	0.0	59.26823325524292	0.0	2803161	39	1661384	39	1661384	0.0010244470874885	0.0089640838741259	0	1702	0	0	True	60.086807	0.17451346	magicc_v5	0.8185737447570816	0.17451346	0.8185737447570816	0.17451346	medium	medium
G_r005_substitution_0p5pct	5	2	substitution	0.005	0.5	uniform	RS_GCF_036630095.1	Cyanobacteriota	Bacteria	highly_fragmented	59.26823325524292	0.0	59.26823325524292	0.0	2803161	39	1661384	39	1661384	0.0049964367057826	0.0441104216424403	0	8301	0	0	True	58.26685	0.42378306	magicc_v5	-1.0013832552429207	0.42378306	1.0013832552429207	0.42378306	medium	medium
G_r005_substitution_1pct	5	3	substitution	0.01	1.0	uniform	RS_GCF_036630095.1	Cyanobacteriota	Bacteria	highly_fragmented	59.26823325524292	0.0	59.26823325524292	0.0	2803161	39	1661384	39	1661384	0.0100404241283171	0.0864827525163591	0	16681	0	0	True	57.535694	0.79333484	magicc_v5	-1.7325392552429193	0.79333484	1.7325392552429193	0.79333484	medium	medium
G_r005_substitution_2pct	5	4	substitution	0.02	2.0	uniform	RS_GCF_036630095.1	Cyanobacteriota	Bacteria	highly_fragmented	59.26823325524292	0.0	59.26823325524292	0.0	2803161	39	1661384	39	1661384	0.0200856635190901	0.1662522378698502	0	33370	0	0	True	58.686905	0.7944852	magicc_v5	-0.5813282552429158	0.7944852	0.5813282552429158	0.7944852	medium	medium
G_r005_substitution_5pct	5	5	substitution	0.05	5.0	uniform	RS_GCF_036630095.1	Cyanobacteriota	Bacteria	highly_fragmented	59.26823325524292	0.0	59.26823325524292	0.0	2803161	39	1661384	39	1661384	0.0501304936125543	0.3697505902753909	0	83286	0	0	True	54.835014	2.4177372	magicc_v5	-4.433219255242918	2.4177372	4.433219255242918	2.4177372	medium	medium
G_r005_substitution_titv_0p1pct	5	6	substitution_titv	0.001	0.1	titv_2	RS_GCF_036630095.1	Cyanobacteriota	Bacteria	highly_fragmented	59.26823325524292	0.0	59.26823325524292	0.0	2803161	39	1661384	39	1661384	0.0009498105194223	0.0089640838741259	0	1578	0	0	True	59.20127	0.17868876	magicc_v5	-0.0669632552429178	0.17868876	0.0669632552429178	0.17868876	medium	medium
G_r005_substitution_titv_0p5pct	5	7	substitution_titv	0.005	0.5	titv_2	RS_GCF_036630095.1	Cyanobacteriota	Bacteria	highly_fragmented	59.26823325524292	0.0	59.26823325524292	0.0	2803161	39	1661384	39	1661384	0.0049735642091172	0.0441104216424403	0	8263	0	0	True	59.452805	0.22280812	magicc_v5	0.18457174475707916	0.22280812	0.18457174475707916	0.22280812	medium	medium
G_r005_substitution_titv_1pct	5	8	substitution_titv	0.01	1.0	titv_2	RS_GCF_036630095.1	Cyanobacteriota	Bacteria	highly_fragmented	59.26823325524292	0.0	59.26823325524292	0.0	2803161	39	1661384	39	1661384	0.0100566756391057	0.0864827525163591	0	16708	0	0	True	57.45793	0.38187802	magicc_v5	-1.8103032552429212	0.38187802	1.8103032552429212	0.38187802	medium	medium
G_r005_substitution_titv_2pct	5	9	substitution_titv	0.02	2.0	titv_2	RS_GCF_036630095.1	Cyanobacteriota	Bacteria	highly_fragmented	59.26823325524292	0.0	59.26823325524292	0.0	2803161	39	1661384	39	1661384	0.0200447337882151	0.1662522378698502	0	33302	0	0	True	56.81778	0.87216496	magicc_v5	-2.4504532552429197	0.87216496	2.4504532552429197	0.87216496	medium	medium
G_r005_substitution_titv_5pct	5	10	substitution_titv	0.05	5.0	titv_2	RS_GCF_036630095.1	Cyanobacteriota	Bacteria	highly_fragmented	59.26823325524292	0.0	59.26823325524292	0.0	2803161	39	1661384	39	1661384	0.0498722751633577	0.3697505902753909	0	82857	0	0	True	56.758778	1.0244846	magicc_v5	-2.5094552552429192	1.0244846	2.5094552552429192	1.0244846	medium	medium
G_r005_indel_0p1pct	5	11	indel	0.001	0.1	ins0.5_geom0.75	RS_GCF_036630095.1	Cyanobacteriota	Bacteria	highly_fragmented	59.26823325524292	0.0	59.269267801599696	0.0	2803161	39	1661384	39	1661413	0.0009811097253855		0	0	1630	0	True	59.99396	0.15870929	magicc_v5	0.7257267447570825	0.15870929	0.7257267447570825	0.15870929	medium	medium
G_r005_indel_0p5pct	5	12	indel	0.005	0.5	ins0.5_geom0.75	RS_GCF_036630095.1	Cyanobacteriota	Bacteria	highly_fragmented	59.26823325524292	0.0	59.27511833961731	0.0	2803161	39	1661384	39	1661577	0.0050277359117458		0	0	8353	0	True	59.12685	0.24523139	magicc_v5	-0.14138325524292128	0.24523139	0.14138325524292128	0.24523139	medium	medium
G_r005_indel_1pct	5	13	indel	0.01	1.0	ins0.5_geom0.75	RS_GCF_036630095.1	Cyanobacteriota	Bacteria	highly_fragmented	59.26823325524292	0.0	59.27090880616561	0.0	2803161	39	1661384	39	1661459	0.010041627943931		0	0	16683	0	True	59.149975	0.2652645	magicc_v5	-0.118258255242921	0.2652645	0.118258255242921	0.2652645	medium	medium
G_r005_indel_2pct	5	14	indel	0.02	2.0	ins0.5_geom0.75	RS_GCF_036630095.1	Cyanobacteriota	Bacteria	highly_fragmented	59.26823325524292	0.0	59.27251413671922	0.0	2803161	39	1661384	39	1661504	0.0200688101004945		0	0	33342	0	True	55.97161	1.1423081	magicc_v5	-3.2966232552429204	1.1423081	3.2966232552429204	1.1423081	medium	medium
G_r005_indel_5pct	5	15	indel	0.05	5.0	ins0.5_geom0.75	RS_GCF_036630095.1	Cyanobacteriota	Bacteria	highly_fragmented	59.26823325524292	0.0	59.25742402951525	0.0	2803161	39	1661384	39	1661081	0.0497362439989791		0	0	82631	0	True	53.95337	2.6006997	magicc_v5	-5.314863255242919	2.6006997	5.314863255242919	2.6006997	medium	medium
G_r005_chimera_5pct	5	16	chimera	0.05	5.0	rc0.5	RS_GCF_036630095.1	Cyanobacteriota	Bacteria	highly_fragmented	59.26823325524292	0.0	59.26823325524292	0.0	2803161	39	1661384	38	1661384	0.0512820512820512		0	0	0	1	True	59.986122	0.16139746	magicc_v5	0.717888744757083	0.16139746	0.717888744757083	0.16139746	medium	medium
G_r005_chimera_10pct	5	17	chimera	0.1	10.0	rc0.5	RS_GCF_036630095.1	Cyanobacteriota	Bacteria	highly_fragmented	59.26823325524292	0.0	59.26823325524292	0.0	2803161	39	1661384	37	1661384	0.1025641025641025		0	0	0	2	True	59.98377	0.16148686	magicc_v5	0.7155367447570811	0.16148686	0.7155367447570811	0.16148686	medium	medium
G_r005_chimera_20pct	5	18	chimera	0.2	20.0	rc0.5	RS_GCF_036630095.1	Cyanobacteriota	Bacteria	highly_fragmented	59.26823325524292	0.0	59.26823325524292	0.0	2803161	39	1661384	35	1661384	0.2051282051282051		0	0	0	4	True	59.983803	0.16149282	magicc_v5	0.715569744757083	0.16149282	0.715569744757083	0.16149282	medium	medium
G_r005_chimera_40pct	5	19	chimera	0.4	40.0	rc0.5	RS_GCF_036630095.1	Cyanobacteriota	Bacteria	highly_fragmented	59.26823325524292	0.0	59.26823325524292	0.0	2803161	39	1661384	31	1661384	0.4102564102564102		0	0	0	8	True	59.97889	0.16150773	magicc_v5	0.7106567447570811	0.16150773	0.7106567447570811	0.16150773	medium	medium
G_r005_uneven_coverage_5pct	5	20	uneven_coverage	0.05	5.0	lognormal_sigma1.0	RS_GCF_036630095.1	Cyanobacteriota	Bacteria	highly_fragmented	59.26823325524292	0.0	59.26823325524292	2.963404527959685	2803161	39	1661384	41	1744453	0.0499998796184386		83069	0	0	0	True	63.413048	0.17440915	magicc_v5	4.144814744757085	0.17440915	4.144814744757085	0.17440915	medium	medium
G_r005_uneven_coverage_10pct	5	21	uneven_coverage	0.1	10.0	lognormal_sigma1.0	RS_GCF_036630095.1	Cyanobacteriota	Bacteria	highly_fragmented	59.26823325524292	0.0	59.26823325524292	5.926809055919371	2803161	39	1661384	45	1827522	0.0999997592368772		166138	0	0	0	True	66.28864	0.26991665	magicc_v5	7.020406744757082	0.26991665	7.020406744757082	0.26991665	medium	medium
G_r005_uneven_coverage_20pct	5	22	uneven_coverage	0.2	20.0	lognormal_sigma1.0	RS_GCF_036630095.1	Cyanobacteriota	Bacteria	highly_fragmented	59.26823325524292	0.0	59.26823325524292	11.853653785851044	2803161	39	1661384	47	1993661	0.2000001203815614		332277	0	0	0	True	72.508804	0.3007233	magicc_v5	13.240570744757079	0.3007233	13.240570744757079	0.3007233	medium	medium
G_r005_uneven_coverage_40pct	5	23	uneven_coverage	0.4	40.0	lognormal_sigma1.0	RS_GCF_036630095.1	Cyanobacteriota	Bacteria	highly_fragmented	59.26823325524292	0.0	59.26823325524292	23.70730757170209	2803161	39	1661384	49	2325938	0.4000002407631228		664554	0	0	0	True	84.07001	0.15109181	magicc_v5	24.801776744757078	0.15109181	24.801776744757078	0.15109181	medium	medium
G_r006_none_control	6	0	none	0.0	0.0	control	RS_GCF_000298475.2	Chlamydiota	Bacteria	high	100.0	0.0	100.0	0.0	1148342	1	1148342	1	1148342	0.0		0	0	0	0	True	99.43419	1.2937963	magicc_v5	-0.565809999999999	1.2937963	0.565809999999999	1.2937963	high	high
G_r006_substitution_0p1pct	6	1	substitution	0.001	0.1	uniform	RS_GCF_000298475.2	Chlamydiota	Bacteria	high	100.0	0.0	100.0	0.0	1148342	1	1148342	1	1148342	0.0010362766492908	0.0089640838741259	0	1190	0	0	True	99.38468	1.3094813	magicc_v5	-0.615319999999997	1.3094813	0.615319999999997	1.3094813	high	high
G_r006_substitution_0p5pct	6	2	substitution	0.005	0.5	uniform	RS_GCF_000298475.2	Chlamydiota	Bacteria	high	100.0	0.0	100.0	0.0	1148342	1	1148342	1	1148342	0.0050838513265211	0.0441104216424403	0	5838	0	0	True	99.28128	1.2121379	magicc_v5	-0.7187200000000047	1.2121379	0.7187200000000047	1.2121379	high	high
G_r006_substitution_1pct	6	3	substitution	0.01	1.0	uniform	RS_GCF_000298475.2	Chlamydiota	Bacteria	high	100.0	0.0	100.0	0.0	1148342	1	1148342	1	1148342	0.0100118257452919	0.0864827525163591	0	11497	0	0	True	98.06984	2.1228285	magicc_v5	-1.9301600000000008	2.1228285	1.9301600000000008	2.1228285	high	high
G_r006_substitution_2pct	6	4	substitution	0.02	2.0	uniform	RS_GCF_000298475.2	Chlamydiota	Bacteria	high	100.0	0.0	100.0	0.0	1148342	1	1148342	1	1148342	0.0200375846220028	0.1662522378698502	0	23010	0	0	True	91.890366	5.626196	magicc_v5	-8.109634	5.626196	8.109634	5.626196	medium	high
G_r006_substitution_5pct	6	5	substitution	0.05	5.0	uniform	RS_GCF_000298475.2	Chlamydiota	Bacteria	high	100.0	0.0	100.0	0.0	1148342	1	1148342	1	1148342	0.0498649357073067	0.3697505902753909	0	57262	0	0	True	81.75348	12.356925	magicc_v5	-18.246520000000004	12.356925	18.246520000000004	12.356925	low	high
G_r006_substitution_titv_0p1pct	6	6	substitution_titv	0.001	0.1	titv_2	RS_GCF_000298475.2	Chlamydiota	Bacteria	high	100.0	0.0	100.0	0.0	1148342	1	1148342	1	1148342	0.0010092812071665	0.0089640838741259	0	1159	0	0	True	99.50153	1.2424022	magicc_v5	-0.4984699999999975	1.2424022	0.4984699999999975	1.2424022	high	high
G_r006_substitution_titv_0p5pct	6	7	substitution_titv	0.005	0.5	titv_2	RS_GCF_000298475.2	Chlamydiota	Bacteria	high	100.0	0.0	100.0	0.0	1148342	1	1148342	1	1148342	0.0050882054300896	0.0441104216424403	0	5843	0	0	True	99.43818	1.2500226	magicc_v5	-0.5618199999999973	1.2500226	0.5618199999999973	1.2500226	high	high
G_r006_substitution_titv_1pct	6	8	substitution_titv	0.01	1.0	titv_2	RS_GCF_000298475.2	Chlamydiota	Bacteria	high	100.0	0.0	100.0	0.0	1148342	1	1148342	1	1148342	0.0099099397217901	0.0864827525163591	0	11380	0	0	True	98.469025	1.5504181	magicc_v5	-1.530974999999998	1.5504181	1.530974999999998	1.5504181	high	high
G_r006_substitution_titv_2pct	6	9	substitution_titv	0.02	2.0	titv_2	RS_GCF_000298475.2	Chlamydiota	Bacteria	high	100.0	0.0	100.0	0.0	1148342	1	1148342	1	1148342	0.0198033338500202	0.1662522378698502	0	22741	0	0	True	92.96773	2.9663444	magicc_v5	-7.032269999999997	2.9663444	7.032269999999997	2.9663444	high	high
G_r006_substitution_titv_5pct	6	10	substitution_titv	0.05	5.0	titv_2	RS_GCF_000298475.2	Chlamydiota	Bacteria	high	100.0	0.0	100.0	0.0	1148342	1	1148342	1	1148342	0.0503848156733795	0.3697505902753909	0	57859	0	0	True	78.913445	13.260928	magicc_v5	-21.086555000000004	13.260928	21.086555000000004	13.260928	low	high
G_r006_indel_0p1pct	6	11	indel	0.001	0.1	ins0.5_geom0.75	RS_GCF_000298475.2	Chlamydiota	Bacteria	high	100.0	0.0	100.00383161114024	0.0	1148342	1	1148342	1	1148386	0.0009666109921957		0	0	1110	0	True	99.28017	1.4434904	magicc_v5	-0.7198300000000017	1.4434904	0.7198300000000017	1.4434904	high	high
G_r006_indel_0p5pct	6	12	indel	0.005	0.5	ins0.5_geom0.75	RS_GCF_000298475.2	Chlamydiota	Bacteria	high	100.0	0.0	100.01550060870368	0.0	1148342	1	1148342	1	1148520	0.0050289896215587		0	0	5775	0	True	99.18684	1.6195953	magicc_v5	-0.8131599999999963	1.6195953	0.8131599999999963	1.6195953	high	high
G_r006_indel_1pct	6	13	indel	0.01	1.0	ins0.5_geom0.75	RS_GCF_000298475.2	Chlamydiota	Bacteria	high	100.0	0.0	100.01271398241988	0.0	1148342	1	1148342	1	1148488	0.0099935385103044		0	0	11476	0	True	97.267075	2.5539608	magicc_v5	-2.7329249999999945	2.5539608	2.7329249999999945	2.5539608	high	high
G_r006_indel_2pct	6	14	indel	0.02	2.0	ins0.5_geom0.75	RS_GCF_000298475.2	Chlamydiota	Bacteria	high	100.0	0.0	100.01654559356012	0.0	1148342	1	1148342	1	1148532	0.0201978156333217		0	0	23194	0	True	81.69998	11.550188	magicc_v5	-18.300020000000004	11.550188	18.300020000000004	11.550188	low	high
G_r006_indel_5pct	6	15	indel	0.05	5.0	ins0.5_geom0.75	RS_GCF_000298475.2	Chlamydiota	Bacteria	high	100.0	0.0	99.96891170052128	0.0	1148342	1	1148342	1	1147985	0.0498501317551739		0	0	57245	0	True	80.17312	10.415027	magicc_v5	-19.826880000000003	10.415027	19.826880000000003	10.415027	low	high
G_r006_chimera_5pct	6	16	chimera	0.05	5.0	rc0.5	RS_GCF_000298475.2	Chlamydiota	Bacteria	high	100.0	0.0	100.0	0.0	1148342	1	1148342	1	1148342	0.0		0	0	0	0	True	99.43419	1.2937963	magicc_v5	-0.565809999999999	1.2937963	0.565809999999999	1.2937963	high	high
G_r006_chimera_10pct	6	17	chimera	0.1	10.0	rc0.5	RS_GCF_000298475.2	Chlamydiota	Bacteria	high	100.0	0.0	100.0	0.0	1148342	1	1148342	1	1148342	0.0		0	0	0	0	True	99.43419	1.2937963	magicc_v5	-0.565809999999999	1.2937963	0.565809999999999	1.2937963	high	high
G_r006_chimera_20pct	6	18	chimera	0.2	20.0	rc0.5	RS_GCF_000298475.2	Chlamydiota	Bacteria	high	100.0	0.0	100.0	0.0	1148342	1	1148342	1	1148342	0.0		0	0	0	0	True	99.43419	1.2937963	magicc_v5	-0.565809999999999	1.2937963	0.565809999999999	1.2937963	high	high
G_r006_chimera_40pct	6	19	chimera	0.4	40.0	rc0.5	RS_GCF_000298475.2	Chlamydiota	Bacteria	high	100.0	0.0	100.0	0.0	1148342	1	1148342	1	1148342	0.0		0	0	0	0	True	99.43419	1.2937963	magicc_v5	-0.565809999999999	1.2937963	0.565809999999999	1.2937963	high	high
G_r006_uneven_coverage_5pct	6	20	uneven_coverage	0.05	5.0	lognormal_sigma1.0	RS_GCF_000298475.2	Chlamydiota	Bacteria	high	100.0	0.0	100.0	4.999991291792863	1148342	1	1148342	2	1205759	0.0499999129179286		57417	0	0	0	True	99.38727	1.9967824	magicc_v5	-0.6127299999999991	1.9967824	0.6127299999999991	1.9967824	high	high
G_r006_uneven_coverage_10pct	6	21	uneven_coverage	0.1	10.0	lognormal_sigma1.0	RS_GCF_000298475.2	Chlamydiota	Bacteria	high	100.0	0.0	100.0	9.999982583585728	1148342	1	1148342	2	1263176	0.0999998258358572		114834	0	0	0	True	97.964485	4.691067	magicc_v5	-2.0355150000000037	4.691067	2.0355150000000037	4.691067	high	high
G_r006_uneven_coverage_20pct	6	22	uneven_coverage	0.2	20.0	lognormal_sigma1.0	RS_GCF_000298475.2	Chlamydiota	Bacteria	high	100.0	0.0	100.0	19.999965167171453	1148342	1	1148342	2	1378010	0.1999996516717145		229668	0	0	0	True	87.00379	30.069351	magicc_v5	-12.996210000000005	30.069351	12.996210000000005	30.069351	low	high
G_r006_uneven_coverage_40pct	6	23	uneven_coverage	0.4	40.0	lognormal_sigma1.0	RS_GCF_000298475.2	Chlamydiota	Bacteria	high	100.0	0.0	100.0	40.00001741641427	1148342	1	1148342	2	1607679	0.4000001741641427		459337	0	0	0	True	83.5273	53.932293	magicc_v5	-16.472700000000003	53.932293	16.472700000000003	53.932293	low	high
G_r007_none_control	7	0	none	0.0	0.0	control	RS_GCF_004353465.2	Spirochaetota	Bacteria	low	87.2465151903287	4.999961186452519	87.2465151903287	4.999961186452519	1545852	12	1425994	12	1425994	0.0		0	0	0	0	True	89.06409	4.1680517	magicc_v5	1.8175748096712994	-0.8319094864525187	1.8175748096712994	0.8319094864525187	medium	medium
G_r007_substitution_0p1pct	7	1	substitution	0.001	0.1	uniform	RS_GCF_004353465.2	Spirochaetota	Bacteria	low	87.2465151903287	4.999961186452519	87.2465151903287	4.999961186452519	1545852	12	1425994	12	1425994	0.0010504953036268	0.0089640838741259	0	1498	0	0	True	87.78177	4.5430183	magicc_v5	0.5352548096713008	-0.4569428864525191	0.5352548096713008	0.4569428864525191	medium	medium
G_r007_substitution_0p5pct	7	2	substitution	0.005	0.5	uniform	RS_GCF_004353465.2	Spirochaetota	Bacteria	low	87.2465151903287	4.999961186452519	87.2465151903287	4.999961186452519	1545852	12	1425994	12	1425994	0.0050413956860968	0.0441104216424403	0	7189	0	0	True	85.96001	4.889405	magicc_v5	-1.2865051903286968	-0.11055618645251908	1.2865051903286968	0.11055618645251908	medium	medium
G_r007_substitution_1pct	7	3	substitution	0.01	1.0	uniform	RS_GCF_004353465.2	Spirochaetota	Bacteria	low	87.2465151903287	4.999961186452519	87.2465151903287	4.999961186452519	1545852	12	1425994	12	1425994	0.0101122445115477	0.0864827525163591	0	14420	0	0	True	87.79781	4.564321	magicc_v5	0.5512948096713046	-0.43564018645251945	0.5512948096713046	0.43564018645251945	medium	medium
G_r007_substitution_2pct	7	4	substitution	0.02	2.0	uniform	RS_GCF_004353465.2	Spirochaetota	Bacteria	low	87.2465151903287	4.999961186452519	87.2465151903287	4.999961186452519	1545852	12	1425994	12	1425994	0.0199481905253458	0.1662522378698502	0	28446	0	0	True	83.30689	7.1511984	magicc_v5	-3.939625190328698	2.151237213547481	3.939625190328698	2.151237213547481	medium	medium
G_r007_substitution_5pct	7	5	substitution	0.05	5.0	uniform	RS_GCF_004353465.2	Spirochaetota	Bacteria	low	87.2465151903287	4.999961186452519	87.2465151903287	4.999961186452519	1545852	12	1425994	12	1425994	0.0500584153930521	0.3697505902753909	0	71383	0	0	True	81.92181	7.333085	magicc_v5	-5.3247051903287	2.3331238135474806	5.3247051903287	2.3331238135474806	medium	medium
G_r007_substitution_titv_0p1pct	7	6	substitution_titv	0.001	0.1	titv_2	RS_GCF_004353465.2	Spirochaetota	Bacteria	low	87.2465151903287	4.999961186452519	87.2465151903287	4.999961186452519	1545852	12	1425994	12	1425994	0.0009691485377918	0.0089640838741259	0	1382	0	0	True	88.86618	4.1791706	magicc_v5	1.6196648096713062	-0.8207905864525191	1.6196648096713062	0.8207905864525191	medium	medium
G_r007_substitution_titv_0p5pct	7	7	substitution_titv	0.005	0.5	titv_2	RS_GCF_004353465.2	Spirochaetota	Bacteria	low	87.2465151903287	4.999961186452519	87.2465151903287	4.999961186452519	1545852	12	1425994	12	1425994	0.0050070336901838	0.0441104216424403	0	7140	0	0	True	88.18439	3.6799998	magicc_v5	0.9378748096712997	-1.319961386452519	0.9378748096712997	1.319961386452519	medium	medium
G_r007_substitution_titv_1pct	7	8	substitution_titv	0.01	1.0	titv_2	RS_GCF_004353465.2	Spirochaetota	Bacteria	low	87.2465151903287	4.999961186452519	87.2465151903287	4.999961186452519	1545852	12	1425994	12	1425994	0.0100280926848219	0.0864827525163591	0	14300	0	0	True	91.25754	3.7442594	magicc_v5	4.011024809671312	-1.2557017864525193	4.011024809671312	1.2557017864525193	high	medium
G_r007_substitution_titv_2pct	7	9	substitution_titv	0.02	2.0	titv_2	RS_GCF_004353465.2	Spirochaetota	Bacteria	low	87.2465151903287	4.999961186452519	87.2465151903287	4.999961186452519	1545852	12	1425994	12	1425994	0.0200638992870937	0.1662522378698502	0	28611	0	0	True	82.324135	5.5800586	magicc_v5	-4.9223801903286954	0.580097413547481	4.9223801903286954	0.580097413547481	medium	medium
G_r007_substitution_titv_5pct	7	10	substitution_titv	0.05	5.0	titv_2	RS_GCF_004353465.2	Spirochaetota	Bacteria	low	87.2465151903287	4.999961186452519	87.2465151903287	4.999961186452519	1545852	12	1425994	12	1425994	0.049960238261872	0.3697505902753909	0	71243	0	0	True	79.66407	9.510195	magicc_v5	-7.5824451903286985	4.51023381354748	7.5824451903286985	4.51023381354748	medium	medium
G_r007_indel_0p1pct	7	11	indel	0.001	0.1	ins0.5_geom0.75	RS_GCF_004353465.2	Spirochaetota	Bacteria	low	87.2465151903287	4.999961186452519	87.24847304462969	4.999961186452519	1545852	12	1425994	12	1426026	0.0009523181724467		0	0	1358	0	True	88.30769	4.1694283	magicc_v5	1.0611748096713	-0.8305328864525192	1.0611748096713	0.8305328864525192	medium	medium
G_r007_indel_0p5pct	7	12	indel	0.005	0.5	ins0.5_geom0.75	RS_GCF_004353465.2	Spirochaetota	Bacteria	low	87.2465151903287	4.999961186452519	87.25073681366523	4.999961186452519	1545852	12	1425994	12	1426063	0.0050175526685245		0	0	7155	0	True	90.13967	4.5046864	magicc_v5	2.8931548096713016	-0.4952747864525193	2.8931548096713016	0.4952747864525193	high	medium
G_r007_indel_1pct	7	13	indel	0.01	1.0	ins0.5_geom0.75	RS_GCF_004353465.2	Spirochaetota	Bacteria	low	87.2465151903287	4.999961186452519	87.24988025240852	4.999961186452519	1545852	12	1425994	12	1426049	0.0100035484020269		0	0	14265	0	True	87.012024	4.583633	magicc_v5	-0.23449119032869703	-0.41632818645251923	0.23449119032869703	0.41632818645251923	medium	medium
G_r007_indel_2pct	7	14	indel	0.02	2.0	ins0.5_geom0.75	RS_GCF_004353465.2	Spirochaetota	Bacteria	low	87.2465151903287	4.999961186452519	87.2140882284685	4.999961186452519	1545852	12	1425994	12	1425464	0.0201284156875835		0	0	28703	0	True	85.07182	5.6466966	magicc_v5	-2.1746951903286913	0.6467354135474812	2.1746951903286913	0.6467354135474812	medium	medium
G_r007_indel_5pct	7	15	indel	0.05	5.0	ins0.5_geom0.75	RS_GCF_004353465.2	Spirochaetota	Bacteria	low	87.2465151903287	4.999961186452519	87.2373989312397	4.999961186452519	1545852	12	1425994	12	1425845	0.0501902532549225		0	0	71571	0	True	81.73654	6.796649	magicc_v5	-5.509975190328689	1.7966878135474813	5.509975190328689	1.7966878135474813	medium	medium
G_r007_chimera_5pct	7	16	chimera	0.05	5.0	rc0.5	RS_GCF_004353465.2	Spirochaetota	Bacteria	low	87.2465151903287	4.999961186452519	87.2465151903287	4.999961186452519	1545852	12	1425994	12	1425994	0.0		0	0	0	0	True	89.06409	4.1680517	magicc_v5	1.8175748096712994	-0.8319094864525187	1.8175748096712994	0.8319094864525187	medium	medium
G_r007_chimera_10pct	7	17	chimera	0.1	10.0	rc0.5	RS_GCF_004353465.2	Spirochaetota	Bacteria	low	87.2465151903287	4.999961186452519	87.2465151903287	4.999961186452519	1545852	12	1425994	11	1425994	0.1666666666666666		0	0	0	1	True	89.06409	4.1680517	magicc_v5	1.8175748096712994	-0.8319094864525187	1.8175748096712994	0.8319094864525187	medium	medium
G_r007_chimera_20pct	7	18	chimera	0.2	20.0	rc0.5	RS_GCF_004353465.2	Spirochaetota	Bacteria	low	87.2465151903287	4.999961186452519	87.2465151903287	4.999961186452519	1545852	12	1425994	11	1425994	0.1666666666666666		0	0	0	1	True	89.068565	4.175645	magicc_v5	1.822049809671313	-0.8243161864525188	1.822049809671313	0.8243161864525188	medium	medium
G_r007_chimera_40pct	7	19	chimera	0.4	40.0	rc0.5	RS_GCF_004353465.2	Spirochaetota	Bacteria	low	87.2465151903287	4.999961186452519	87.2465151903287	4.999961186452519	1545852	12	1425994	10	1425994	0.3333333333333333		0	0	0	2	True	89.06409	4.1680517	magicc_v5	1.8175748096712994	-0.8319094864525187	1.8175748096712994	0.8319094864525187	medium	medium
G_r007_uneven_coverage_5pct	7	20	uneven_coverage	0.05	5.0	lognormal_sigma1.0	RS_GCF_004353465.2	Spirochaetota	Bacteria	low	87.2465151903287	4.999961186452519	87.2465151903287	9.61230441206532	1545852	12	1425994	13	1497294	0.0500002103795668		71300	0	0	0	True	98.74689	3.6588163	magicc_v5	11.5003748096713	-1.3411448864525193	11.5003748096713	1.3411448864525193	high	medium
G_r007_uneven_coverage_10pct	7	21	uneven_coverage	0.1	10.0	lognormal_sigma1.0	RS_GCF_004353465.2	Spirochaetota	Bacteria	low	87.2465151903287	4.999961186452519	87.2465151903287	14.22458294843232	1545852	12	1425994	13	1568593	0.0999997194939109		142599	0	0	0	True	99.84323	3.4827857	magicc_v5	12.596714809671312	-1.517175486452519	12.596714809671312	1.517175486452519	high	medium
G_r007_uneven_coverage_20pct	7	22	uneven_coverage	0.2	20.0	lognormal_sigma1.0	RS_GCF_004353465.2	Spirochaetota	Bacteria	low	87.2465151903287	4.999961186452519	87.2465151903287	23.44926939965792	1545852	12	1425994	16	1711193	0.2000001402530445		285199	0	0	0	True	99.91403	3.3836932	magicc_v5	12.667514809671303	-1.616267986452519	12.667514809671303	1.616267986452519	high	medium
G_r007_uneven_coverage_40pct	7	23	uneven_coverage	0.4	40.0	lognormal_sigma1.0	RS_GCF_004353465.2	Spirochaetota	Bacteria	low	87.2465151903287	4.999961186452519	87.2465151903287	41.89857761286333	1545852	12	1425994	20	1996392	0.4000002805060891		570398	0	0	0	True	99.454056	16.898584	magicc_v5	12.2075408096713	11.89862281354748	12.2075408096713	11.89862281354748	low	medium
G_r008_none_control	8	0	none	0.0	0.0	control	RS_GCF_037911965.1	Fusobacteriota	Bacteria	low	77.41032781884593	19.99997013074148	77.41032781884593	19.99997013074148	2678339	51	2608978	51	2608978	0.0		0	0	0	0	True	76.46805	21.262302	magicc_v5	-0.9422778188459233	1.2623318692585173	0.9422778188459233	1.2623318692585173	low	low
G_r008_substitution_0p1pct	8	1	substitution	0.001	0.1	uniform	RS_GCF_037911965.1	Fusobacteriota	Bacteria	low	77.41032781884593	19.99997013074148	77.41032781884593	19.99997013074148	2678339	51	2608978	51	2608978	0.0009750963310084	0.0089640838741259	0	2544	0	0	True	76.22106	21.41144	magicc_v5	-1.1892678188459342	1.411469869258518	1.1892678188459342	1.411469869258518	low	low
G_r008_substitution_0p5pct	8	2	substitution	0.005	0.5	uniform	RS_GCF_037911965.1	Fusobacteriota	Bacteria	low	77.41032781884593	19.99997013074148	77.41032781884593	19.99997013074148	2678339	51	2608978	51	2608978	0.0050632950206843	0.0441104216424403	0	13210	0	0	True	74.18109	22.859474	magicc_v5	-3.229237818845931	2.8595038692585177	3.229237818845931	2.8595038692585177	low	low
G_r008_substitution_1pct	8	3	substitution	0.01	1.0	uniform	RS_GCF_037911965.1	Fusobacteriota	Bacteria	low	77.41032781884593	19.99997013074148	77.41032781884593	19.99997013074148	2678339	51	2608978	51	2608978	0.0098843491289484	0.0864827525163591	0	25788	0	0	True	73.36444	23.79798	magicc_v5	-4.045887818845927	3.798009869258518	4.045887818845927	3.798009869258518	low	low
G_r008_substitution_2pct	8	4	substitution	0.02	2.0	uniform	RS_GCF_037911965.1	Fusobacteriota	Bacteria	low	77.41032781884593	19.99997013074148	77.41032781884593	19.99997013074148	2678339	51	2608978	51	2608978	0.0199860251524258	0.1662522378698502	0	52143	0	0	True	68.71025	29.427933	magicc_v5	-8.700077818845926	9.427962869258518	8.700077818845926	9.427962869258518	low	low
G_r008_substitution_5pct	8	5	substitution	0.05	5.0	uniform	RS_GCF_037911965.1	Fusobacteriota	Bacteria	low	77.41032781884593	19.99997013074148	77.41032781884593	19.99997013074148	2678339	51	2608978	51	2608978	0.0498667483335396	0.3697505902753909	0	130101	0	0	True	59.889427	34.320385	magicc_v5	-17.52090081884593	14.32041486925852	17.52090081884593	14.32041486925852	low	low
G_r008_substitution_titv_0p1pct	8	6	substitution_titv	0.001	0.1	titv_2	RS_GCF_037911965.1	Fusobacteriota	Bacteria	low	77.41032781884593	19.99997013074148	77.41032781884593	19.99997013074148	2678339	51	2608978	51	2608978	0.000998093885985	0.0089640838741259	0	2604	0	0	True	76.0939	21.634111	magicc_v5	-1.3164278188459235	1.6341408692585198	1.3164278188459235	1.6341408692585198	low	low
G_r008_substitution_titv_0p5pct	8	7	substitution_titv	0.005	0.5	titv_2	RS_GCF_037911965.1	Fusobacteriota	Bacteria	low	77.41032781884593	19.99997013074148	77.41032781884593	19.99997013074148	2678339	51	2608978	51	2608978	0.0049440910273889	0.0441104216424403	0	12899	0	0	True	74.518036	22.2478	magicc_v5	-2.8922918188459334	2.2478298692585206	2.8922918188459334	2.2478298692585206	low	low
G_r008_substitution_titv_1pct	8	8	substitution_titv	0.01	1.0	titv_2	RS_GCF_037911965.1	Fusobacteriota	Bacteria	low	77.41032781884593	19.99997013074148	77.41032781884593	19.99997013074148	2678339	51	2608978	51	2608978	0.009818806097265	0.0864827525163591	0	25617	0	0	True	74.73941	23.282246	magicc_v5	-2.670917818845922	3.2822758692585197	2.670917818845922	3.2822758692585197	low	low
G_r008_substitution_titv_2pct	8	9	substitution_titv	0.02	2.0	titv_2	RS_GCF_037911965.1	Fusobacteriota	Bacteria	low	77.41032781884593	19.99997013074148	77.41032781884593	19.99997013074148	2678339	51	2608978	51	2608978	0.0200101725851513	0.1662522378698502	0	52206	0	0	True	67.19579	29.928774	magicc_v5	-10.214537818845926	9.92880386925852	10.214537818845926	9.92880386925852	low	low
G_r008_substitution_titv_5pct	8	10	substitution_titv	0.05	5.0	titv_2	RS_GCF_037911965.1	Fusobacteriota	Bacteria	low	77.41032781884593	19.99997013074148	77.41032781884593	19.99997013074148	2678339	51	2608978	51	2608978	0.0499284584393935	0.3697505902753909	0	130262	0	0	True	57.67729	35.24602	magicc_v5	-19.73303781884593	15.24604986925852	19.73303781884593	15.24604986925852	low	low
G_r008_indel_0p1pct	8	11	indel	0.001	0.1	ins0.5_geom0.75	RS_GCF_037911965.1	Fusobacteriota	Bacteria	low	77.41032781884593	19.99997013074148	77.41240477118026	19.99997013074148	2678339	51	2608978	51	2609048	0.0009950256383917		0	0	2596	0	True	75.99922	21.225134	magicc_v5	-1.4111078188459345	1.2251638692585196	1.4111078188459345	1.2251638692585196	low	low
G_r008_indel_0p5pct	8	12	indel	0.005	0.5	ins0.5_geom0.75	RS_GCF_037911965.1	Fusobacteriota	Bacteria	low	77.41032781884593	19.99997013074148	77.41086189230333	19.99997013074148	2678339	51	2608978	51	2608996	0.0049689955223846		0	0	12964	0	True	74.66361	21.36282	magicc_v5	-2.746717818845923	1.3628498692585183	2.746717818845923	1.3628498692585183	low	low
G_r008_indel_1pct	8	13	indel	0.01	1.0	ins0.5_geom0.75	RS_GCF_037911965.1	Fusobacteriota	Bacteria	low	77.41032781884593	19.99997013074148	77.42424339948595	19.99997013074148	2678339	51	2608978	51	2609447	0.0100154159981418		0	0	26130	0	True	71.70584	21.689352	magicc_v5	-5.704487818845934	1.6893818692585185	5.704487818845934	1.6893818692585185	low	low
G_r008_indel_2pct	8	14	indel	0.02	2.0	ins0.5_geom0.75	RS_GCF_037911965.1	Fusobacteriota	Bacteria	low	77.41032781884593	19.99997013074148	77.41115859977967	19.99997013074148	2678339	51	2608978	51	2609006	0.0200791267691793		0	0	52386	0	True	70.40558	23.232483	magicc_v5	-7.004747818845928	3.2325128692585174	7.004747818845928	3.2325128692585174	low	low
G_r008_indel_5pct	8	15	indel	0.05	5.0	ins0.5_geom0.75	RS_GCF_037911965.1	Fusobacteriota	Bacteria	low	77.41032781884593	19.99997013074148	77.39780676334468	19.99997013074148	2678339	51	2608978	51	2608556	0.0500069375824556		0	0	130467	0	True	58.953873	26.061821	magicc_v5	-18.456454818845927	6.061850869258517	18.456454818845927	6.061850869258517	low	low
G_r008_chimera_5pct	8	16	chimera	0.05	5.0	rc0.5	RS_GCF_037911965.1	Fusobacteriota	Bacteria	low	77.41032781884593	19.99997013074148	77.41032781884593	19.99997013074148	2678339	51	2608978	50	2608978	0.0392156862745098		0	0	0	1	True	76.46805	21.262302	magicc_v5	-0.9422778188459233	1.2623318692585173	0.9422778188459233	1.2623318692585173	low	low
G_r008_chimera_10pct	8	17	chimera	0.1	10.0	rc0.5	RS_GCF_037911965.1	Fusobacteriota	Bacteria	low	77.41032781884593	19.99997013074148	77.41032781884593	19.99997013074148	2678339	51	2608978	48	2608978	0.1176470588235294		0	0	0	3	True	76.464905	21.264883	magicc_v5	-0.9454228188459268	1.26491286925852	0.9454228188459268	1.26491286925852	low	low
G_r008_chimera_20pct	8	18	chimera	0.2	20.0	rc0.5	RS_GCF_037911965.1	Fusobacteriota	Bacteria	low	77.41032781884593	19.99997013074148	77.41032781884593	19.99997013074148	2678339	51	2608978	46	2608978	0.196078431372549		0	0	0	5	True	76.46481	21.264225	magicc_v5	-0.9455178188459286	1.2642548692585187	0.9455178188459286	1.2642548692585187	low	low
G_r008_chimera_40pct	8	19	chimera	0.4	40.0	rc0.5	RS_GCF_037911965.1	Fusobacteriota	Bacteria	low	77.41032781884593	19.99997013074148	77.41032781884593	19.99997013074148	2678339	51	2608978	41	2608978	0.392156862745098		0	0	0	10	True	76.4283	21.26397	magicc_v5	-0.9820278188459355	1.2639998692585195	0.9820278188459355	1.2639998692585195	low	low
G_r008_uneven_coverage_5pct	8	20	uneven_coverage	0.05	5.0	lognormal_sigma1.0	RS_GCF_037911965.1	Fusobacteriota	Bacteria	low	77.41032781884593	19.99997013074148	77.41032781884593	24.870488761878164	2678339	51	2608978	57	2739427	0.0500000383291848		130449	0	0	0	True	79.18291	22.422346	magicc_v5	1.7725821811540783	2.42237586925852	1.7725821811540783	2.42237586925852	low	low
G_r008_uneven_coverage_10pct	8	21	uneven_coverage	0.1	10.0	lognormal_sigma1.0	RS_GCF_037911965.1	Fusobacteriota	Bacteria	low	77.41032781884593	19.99997013074148	77.41032781884593	29.74100739301485	2678339	51	2608978	60	2869876	0.1000000766583696		260898	0	0	0	True	85.21062	20.472408	magicc_v5	7.800292181154077	0.4724378692585205	7.800292181154077	0.4724378692585205	low	low
G_r008_uneven_coverage_20pct	8	22	uneven_coverage	0.2	20.0	lognormal_sigma1.0	RS_GCF_037911965.1	Fusobacteriota	Bacteria	low	77.41032781884593	19.99997013074148	77.41032781884593	39.48204465528822	2678339	51	2608978	69	3130774	0.2000001533167393		521796	0	0	0	True	91.10307	24.618658	magicc_v5	13.692742181154074	4.618687869258519	13.692742181154074	4.618687869258519	low	low
G_r008_uneven_coverage_40pct	8	23	uneven_coverage	0.4	40.0	lognormal_sigma1.0	RS_GCF_037911965.1	Fusobacteriota	Bacteria	low	77.41032781884593	19.99997013074148	77.41032781884593	58.964081843261816	2678339	51	2608978	83	3652569	0.3999999233416303		1043591	0	0	0	True	99.67567	28.802002	magicc_v5	22.265342181154068	8.80203186925852	22.265342181154068	8.80203186925852	low	low
G_r009_none_control	9	0	none	0.0	0.0	control	RS_GCF_000328665.1	Halobacteriota	Archaea	high	72.32968301920441	1.9999904200901024	72.32968301920441	1.9999904200901024	2714013	5	2017317	5	2017317	0.0		0	0	0	0	True	66.48419	3.7941396	magicc_v5	-5.845493019204412	1.7941491799098974	5.845493019204412	1.7941491799098974	medium	medium
G_r009_substitution_0p1pct	9	1	substitution	0.001	0.1	uniform	RS_GCF_000328665.1	Halobacteriota	Archaea	high	72.32968301920441	1.9999904200901024	72.32968301920441	1.9999904200901024	2714013	5	2017317	5	2017317	0.0010127312663304	0.0089640838741259	0	2043	0	0	True	66.26188	4.15605	magicc_v5	-6.067803019204405	2.156059579909897	6.067803019204405	2.156059579909897	medium	medium
G_r009_substitution_0p5pct	9	2	substitution	0.005	0.5	uniform	RS_GCF_000328665.1	Halobacteriota	Archaea	high	72.32968301920441	1.9999904200901024	72.32968301920441	1.9999904200901024	2714013	5	2017317	5	2017317	0.0050269739460877	0.0441104216424403	0	10141	0	0	True	66.30079	2.9701562	magicc_v5	-6.0288930192044035	0.9701657799098975	6.0288930192044035	0.9701657799098975	medium	medium
G_r009_substitution_1pct	9	3	substitution	0.01	1.0	uniform	RS_GCF_000328665.1	Halobacteriota	Archaea	high	72.32968301920441	1.9999904200901024	72.32968301920441	1.9999904200901024	2714013	5	2017317	5	2017317	0.010004377100872	0.0864827525163591	0	20182	0	0	True	62.815758	6.2995195	magicc_v5	-9.513925019204407	4.299529079909897	9.513925019204407	4.299529079909897	medium	medium
G_r009_substitution_2pct	9	4	substitution	0.02	2.0	uniform	RS_GCF_000328665.1	Halobacteriota	Archaea	high	72.32968301920441	1.9999904200901024	72.32968301920441	1.9999904200901024	2714013	5	2017317	5	2017317	0.0198808615601811	0.1662522378698502	0	40106	0	0	True	67.34493	5.70879	magicc_v5	-4.984753019204405	3.708799579909897	4.984753019204405	3.708799579909897	medium	medium
G_r009_substitution_5pct	9	5	substitution	0.05	5.0	uniform	RS_GCF_000328665.1	Halobacteriota	Archaea	high	72.32968301920441	1.9999904200901024	72.32968301920441	1.9999904200901024	2714013	5	2017317	5	2017317	0.049930675248362	0.3697505902753909	0	100726	0	0	True	63.952183	5.7798386	magicc_v5	-8.377500019204412	3.779848179909897	8.377500019204412	3.779848179909897	medium	medium
G_r009_substitution_titv_0p1pct	9	6	substitution_titv	0.001	0.1	titv_2	RS_GCF_000328665.1	Halobacteriota	Archaea	high	72.32968301920441	1.9999904200901024	72.32968301920441	1.9999904200901024	2714013	5	2017317	5	2017317	0.0009626647671139	0.0089640838741259	0	1942	0	0	True	66.10217	4.1732907	magicc_v5	-6.227513019204409	2.1733002799098973	6.227513019204409	2.1733002799098973	medium	medium
G_r009_substitution_titv_0p5pct	9	7	substitution_titv	0.005	0.5	titv_2	RS_GCF_000328665.1	Halobacteriota	Archaea	high	72.32968301920441	1.9999904200901024	72.32968301920441	1.9999904200901024	2714013	5	2017317	5	2017317	0.0048926371016553	0.0441104216424403	0	9870	0	0	True	66.12667	4.315549	magicc_v5	-6.2030130192044055	2.315558579909897	6.2030130192044055	2.315558579909897	medium	medium
G_r009_substitution_titv_1pct	9	8	substitution_titv	0.01	1.0	titv_2	RS_GCF_000328665.1	Halobacteriota	Archaea	high	72.32968301920441	1.9999904200901024	72.32968301920441	1.9999904200901024	2714013	5	2017317	5	2017317	0.010130782618696	0.0864827525163591	0	20437	0	0	True	64.82225	5.3304524	magicc_v5	-7.507433019204413	3.330461979909898	7.507433019204413	3.330461979909898	medium	medium
G_r009_substitution_titv_2pct	9	9	substitution_titv	0.02	2.0	titv_2	RS_GCF_000328665.1	Halobacteriota	Archaea	high	72.32968301920441	1.9999904200901024	72.32968301920441	1.9999904200901024	2714013	5	2017317	5	2017317	0.0199091169112241	0.1662522378698502	0	40163	0	0	True	63.575836	8.947444	magicc_v5	-8.753847019204407	6.947453579909898	8.753847019204407	6.947453579909898	medium	medium
G_r009_substitution_titv_5pct	9	10	substitution_titv	0.05	5.0	titv_2	RS_GCF_000328665.1	Halobacteriota	Archaea	high	72.32968301920441	1.9999904200901024	72.32968301920441	1.9999904200901024	2714013	5	2017317	5	2017317	0.0498528491060155	0.3697505902753909	0	100569	0	0	True	60.900272	8.430245	magicc_v5	-11.429411019204409	6.430254579909897	11.429411019204409	6.430254579909897	medium	medium
G_r009_indel_0p1pct	9	11	indel	0.001	0.1	ins0.5_geom0.75	RS_GCF_000328665.1	Halobacteriota	Archaea	high	72.32968301920441	1.9999904200901024	72.32903764007244	1.9999904200901024	2714013	5	2017317	5	2017299	0.0010320638749388		0	0	2082	0	True	66.1696	3.929338	magicc_v5	-6.160083019204407	1.9293475799098976	6.160083019204407	1.9293475799098976	medium	medium
G_r009_indel_0p5pct	9	12	indel	0.005	0.5	ins0.5_geom0.75	RS_GCF_000328665.1	Halobacteriota	Archaea	high	72.32968301920441	1.9999904200901024	72.33029254394015	1.9999904200901024	2714013	5	2017317	5	2017334	0.0049927701000883		0	0	10072	0	True	63.827766	5.0747213	magicc_v5	-8.501917019204413	3.0747308799098976	8.501917019204413	3.0747308799098976	medium	medium
G_r009_indel_1pct	9	13	indel	0.01	1.0	ins0.5_geom0.75	RS_GCF_000328665.1	Halobacteriota	Archaea	high	72.32968301920441	1.9999904200901024	72.3438813601075	1.9999904200901024	2714013	5	2017317	5	2017713	0.0098982956074826		0	0	19968	0	True	64.838165	3.9495885	magicc_v5	-7.491518019204406	1.9495980799098975	7.491518019204406	1.9495980799098975	medium	medium
G_r009_indel_2pct	9	14	indel	0.02	2.0	ins0.5_geom0.75	RS_GCF_000328665.1	Halobacteriota	Archaea	high	72.32968301920441	1.9999904200901024	72.32416144218654	1.9999904200901024	2714013	5	2017317	5	2017163	0.0200642734880041		0	0	40476	0	True	63.36201	5.1346064	magicc_v5	-8.967673019204412	3.1346159799098974	8.967673019204412	3.1346159799098974	medium	medium
G_r009_indel_5pct	9	15	indel	0.05	5.0	ins0.5_geom0.75	RS_GCF_000328665.1	Halobacteriota	Archaea	high	72.32968301920441	1.9999904200901024	72.31774350526317	1.9999904200901024	2714013	5	2017317	5	2016984	0.0499703318814048		0	0	100806	0	True	59.228962	6.2370896	magicc_v5	-13.100721019204407	4.237099179909897	13.100721019204407	4.237099179909897	medium	medium
G_r009_chimera_5pct	9	16	chimera	0.05	5.0	rc0.5	RS_GCF_000328665.1	Halobacteriota	Archaea	high	72.32968301920441	1.9999904200901024	72.32968301920441	1.9999904200901024	2714013	5	2017317	5	2017317	0.0		0	0	0	0	True	66.48419	3.7941396	magicc_v5	-5.845493019204412	1.7941491799098974	5.845493019204412	1.7941491799098974	medium	medium
G_r009_chimera_10pct	9	17	chimera	0.1	10.0	rc0.5	RS_GCF_000328665.1	Halobacteriota	Archaea	high	72.32968301920441	1.9999904200901024	72.32968301920441	1.9999904200901024	2714013	5	2017317	5	2017317	0.0		0	0	0	0	True	66.48419	3.7941396	magicc_v5	-5.845493019204412	1.7941491799098974	5.845493019204412	1.7941491799098974	medium	medium
G_r009_chimera_20pct	9	18	chimera	0.2	20.0	rc0.5	RS_GCF_000328665.1	Halobacteriota	Archaea	high	72.32968301920441	1.9999904200901024	72.32968301920441	1.9999904200901024	2714013	5	2017317	5	2017317	0.0		0	0	0	0	True	66.48419	3.7941396	magicc_v5	-5.845493019204412	1.7941491799098974	5.845493019204412	1.7941491799098974	medium	medium
G_r009_chimera_40pct	9	19	chimera	0.4	40.0	rc0.5	RS_GCF_000328665.1	Halobacteriota	Archaea	high	72.32968301920441	1.9999904200901024	72.32968301920441	1.9999904200901024	2714013	5	2017317	4	2017317	0.4		0	0	0	1	True	66.500084	3.7943335	magicc_v5	-5.829599019204409	1.7943430799098976	5.829599019204409	1.7943430799098976	medium	medium
G_r009_uneven_coverage_5pct	9	20	uneven_coverage	0.05	5.0	lognormal_sigma1.0	RS_GCF_000328665.1	Halobacteriota	Archaea	high	72.32968301920441	1.9999904200901024	72.32968301920441	5.716479618925923	2714013	5	2017317	6	2118183	0.0500000743561869		100866	0	0	0	True	69.37456	3.6569505	magicc_v5	-2.9551230192044073	1.6569600799098978	2.9551230192044073	1.6569600799098978	medium	medium
G_r009_uneven_coverage_10pct	9	21	uneven_coverage	0.1	10.0	lognormal_sigma1.0	RS_GCF_000328665.1	Halobacteriota	Archaea	high	72.32968301920441	1.9999904200901024	72.32968301920441	9.432968817761742	2714013	5	2017317	7	2219049	0.1000001487123739		201732	0	0	0	True	71.13614	5.6616964	magicc_v5	-1.1935430192044123	3.6617059799098977	1.1935430192044123	3.6617059799098977	medium	medium
G_r009_uneven_coverage_20pct	9	22	uneven_coverage	0.2	20.0	lognormal_sigma1.0	RS_GCF_000328665.1	Halobacteriota	Archaea	high	72.32968301920441	1.9999904200901024	72.32968301920441	16.865910369626086	2714013	5	2017317	8	2420780	0.1999998017168348		403463	0	0	0	True	81.188034	3.1206846	magicc_v5	8.858350980795592	1.1206941799098977	8.858350980795592	1.1206941799098977	medium	medium
G_r009_uneven_coverage_40pct	9	23	uneven_coverage	0.4	40.0	lognormal_sigma1.0	RS_GCF_000328665.1	Halobacteriota	Archaea	high	72.32968301920441	1.9999904200901024	72.32968301920441	31.73186716496937	2714013	5	2017317	9	2824244	0.4000000991415826		806927	0	0	0	True	95.903946	3.000167	magicc_v5	23.574262980795595	1.0001765799098974	23.574262980795595	1.0001765799098974	high	medium
G_r010_none_control	10	0	none	0.0	0.0	control	RS_GCF_010230725.1	Verrucomicrobiota	Bacteria	medium	90.15522021430704	1.9999669572204977	90.15522021430704	1.9999669572204977	2844797	5	2621628	5	2621628	0.0		0	0	0	0	True	81.09073	10.946017	magicc_v5	-9.064490214307042	8.946050042779502	9.064490214307042	8.946050042779502	low	high
G_r010_substitution_0p1pct	10	1	substitution	0.001	0.1	uniform	RS_GCF_010230725.1	Verrucomicrobiota	Bacteria	medium	90.15522021430704	1.9999669572204977	90.15522021430704	1.9999669572204977	2844797	5	2621628	5	2621628	0.001004719205013	0.0089640838741259	0	2634	0	0	True	80.75389	11.120746	magicc_v5	-9.401330214307038	9.120779042779503	9.401330214307038	9.120779042779503	low	high
G_r010_substitution_0p5pct	10	2	substitution	0.005	0.5	uniform	RS_GCF_010230725.1	Verrucomicrobiota	Bacteria	medium	90.15522021430704	1.9999669572204977	90.15522021430704	1.9999669572204977	2844797	5	2621628	5	2621628	0.0050258846792908	0.0441104216424403	0	13176	0	0	True	82.866486	9.504962	magicc_v5	-7.288734214307041	7.504995042779504	7.288734214307041	7.504995042779504	medium	high
G_r010_substitution_1pct	10	3	substitution	0.01	1.0	uniform	RS_GCF_010230725.1	Verrucomicrobiota	Bacteria	medium	90.15522021430704	1.9999669572204977	90.15522021430704	1.9999669572204977	2844797	5	2621628	5	2621628	0.0099789138657353	0.0864827525163591	0	26161	0	0	True	81.20075	10.744813	magicc_v5	-8.954470214307037	8.744846042779503	8.954470214307037	8.744846042779503	low	high
G_r010_substitution_2pct	10	4	substitution	0.02	2.0	uniform	RS_GCF_010230725.1	Verrucomicrobiota	Bacteria	medium	90.15522021430704	1.9999669572204977	90.15522021430704	1.9999669572204977	2844797	5	2621628	5	2621628	0.0199845286974353	0.1662522378698502	0	52392	0	0	True	75.46027	15.653494	magicc_v5	-14.694950214307042	13.653527042779503	14.694950214307042	13.653527042779503	low	high
G_r010_substitution_5pct	10	5	substitution	0.05	5.0	uniform	RS_GCF_010230725.1	Verrucomicrobiota	Bacteria	medium	90.15522021430704	1.9999669572204977	90.15522021430704	1.9999669572204977	2844797	5	2621628	5	2621628	0.0501287749444238	0.3697505902753909	0	131419	0	0	True	69.57643	20.693684	magicc_v5	-20.578790214307034	18.693717042779504	20.578790214307034	18.693717042779504	low	high
G_r010_substitution_titv_0p1pct	10	6	substitution_titv	0.001	0.1	titv_2	RS_GCF_010230725.1	Verrucomicrobiota	Bacteria	medium	90.15522021430704	1.9999669572204977	90.15522021430704	1.9999669572204977	2844797	5	2621628	5	2621628	0.0009692450645171	0.0089640838741259	0	2541	0	0	True	81.07768	11.089608	magicc_v5	-9.077540214307035	9.089641042779503	9.077540214307035	9.089641042779503	low	high
G_r010_substitution_titv_0p5pct	10	7	substitution_titv	0.005	0.5	titv_2	RS_GCF_010230725.1	Verrucomicrobiota	Bacteria	medium	90.15522021430704	1.9999669572204977	90.15522021430704	1.9999669572204977	2844797	5	2621628	5	2621628	0.005010245542083	0.0441104216424403	0	13135	0	0	True	81.31105	10.68725	magicc_v5	-8.844170214307042	8.687283042779503	8.844170214307042	8.687283042779503	low	high
G_r010_substitution_titv_1pct	10	8	substitution_titv	0.01	1.0	titv_2	RS_GCF_010230725.1	Verrucomicrobiota	Bacteria	medium	90.15522021430704	1.9999669572204977	90.15522021430704	1.9999669572204977	2844797	5	2621628	5	2621628	0.0100559652246619	0.0864827525163591	0	26363	0	0	True	80.34462	11.283243	magicc_v5	-9.81060021430703	9.283276042779503	9.81060021430703	9.283276042779503	low	high
G_r010_substitution_titv_2pct	10	9	substitution_titv	0.02	2.0	titv_2	RS_GCF_010230725.1	Verrucomicrobiota	Bacteria	medium	90.15522021430704	1.9999669572204977	90.15522021430704	1.9999669572204977	2844797	5	2621628	5	2621628	0.019975755522904	0.1662522378698502	0	52369	0	0	True	79.23297	11.689648	magicc_v5	-10.922250214307041	9.689681042779503	10.922250214307041	9.689681042779503	low	high
G_r010_substitution_titv_5pct	10	10	substitution_titv	0.05	5.0	titv_2	RS_GCF_010230725.1	Verrucomicrobiota	Bacteria	medium	90.15522021430704	1.9999669572204977	90.15522021430704	1.9999669572204977	2844797	5	2621628	5	2621628	0.0499586516469918	0.3697505902753909	0	130973	0	0	True	69.11139	20.327133	magicc_v5	-21.043830214307036	18.327166042779503	21.043830214307036	18.327166042779503	low	high
G_r010_indel_0p1pct	10	11	indel	0.001	0.1	ins0.5_geom0.75	RS_GCF_010230725.1	Verrucomicrobiota	Bacteria	medium	90.15522021430704	1.9999669572204977	90.15714599948022	1.9999669572204977	2844797	5	2621628	5	2621684	0.001029894401494		0	0	2700	0	True	81.77861	10.256746	magicc_v5	-8.376610214307036	8.256779042779502	8.376610214307036	8.256779042779502	low	high
G_r010_indel_0p5pct	10	12	indel	0.005	0.5	ins0.5_geom0.75	RS_GCF_010230725.1	Verrucomicrobiota	Bacteria	medium	90.15522021430704	1.9999669572204977	90.1540165985738	1.9999669572204977	2844797	5	2621628	5	2621593	0.0050327506419675		0	0	13194	0	True	81.27361	11.155409	magicc_v5	-8.881610214307031	9.155442042779503	8.881610214307031	9.155442042779503	low	high
G_r010_indel_1pct	10	13	indel	0.01	1.0	ins0.5_geom0.75	RS_GCF_010230725.1	Verrucomicrobiota	Bacteria	medium	90.15522021430704	1.9999669572204977	90.15037136235313	1.9999669572204977	2844797	5	2621628	5	2621487	0.0099869241555247		0	0	26182	0	True	81.17485	10.286438	magicc_v5	-8.98037021430703	8.286471042779503	8.98037021430703	8.286471042779503	low	high
G_r010_indel_2pct	10	14	indel	0.02	2.0	ins0.5_geom0.75	RS_GCF_010230725.1	Verrucomicrobiota	Bacteria	medium	90.15522021430704	1.9999669572204977	90.14215238634614	1.9999669572204977	2844797	5	2621628	5	2621248	0.0200226729345277		0	0	52492	0	True	79.46774	11.834237	magicc_v5	-10.68748021430703	9.834270042779503	10.68748021430703	9.834270042779503	low	high
G_r010_indel_5pct	10	15	indel	0.05	5.0	ins0.5_geom0.75	RS_GCF_010230725.1	Verrucomicrobiota	Bacteria	medium	90.15522021430704	1.9999669572204977	90.14541934333636	1.9999669572204977	2844797	5	2621628	5	2621343	0.0499613217435883		0	0	130980	0	True	69.44984	18.17972	magicc_v5	-20.70538021430704	16.179753042779502	20.70538021430704	16.179753042779502	low	high
G_r010_chimera_5pct	10	16	chimera	0.05	5.0	rc0.5	RS_GCF_010230725.1	Verrucomicrobiota	Bacteria	medium	90.15522021430704	1.9999669572204977	90.15522021430704	1.9999669572204977	2844797	5	2621628	5	2621628	0.0		0	0	0	0	True	81.09073	10.946017	magicc_v5	-9.064490214307042	8.946050042779502	9.064490214307042	8.946050042779502	low	high
G_r010_chimera_10pct	10	17	chimera	0.1	10.0	rc0.5	RS_GCF_010230725.1	Verrucomicrobiota	Bacteria	medium	90.15522021430704	1.9999669572204977	90.15522021430704	1.9999669572204977	2844797	5	2621628	4	2621628	0.4		0	0	0	1	True	81.08966	10.94665	magicc_v5	-9.065560214307041	8.946683042779503	9.065560214307041	8.946683042779503	low	high
G_r010_chimera_20pct	10	18	chimera	0.2	20.0	rc0.5	RS_GCF_010230725.1	Verrucomicrobiota	Bacteria	medium	90.15522021430704	1.9999669572204977	90.15522021430704	1.9999669572204977	2844797	5	2621628	4	2621628	0.4		0	0	0	1	True	81.09175	10.943887	magicc_v5	-9.063470214307031	8.943920042779503	9.063470214307031	8.943920042779503	low	high
G_r010_chimera_40pct	10	19	chimera	0.4	40.0	rc0.5	RS_GCF_010230725.1	Verrucomicrobiota	Bacteria	medium	90.15522021430704	1.9999669572204977	90.15522021430704	1.9999669572204977	2844797	5	2621628	4	2621628	0.4		0	0	0	1	True	81.09271	10.941911	magicc_v5	-9.06251021430704	8.941944042779502	9.06251021430704	8.941944042779502	low	high
G_r010_uneven_coverage_5pct	10	20	uneven_coverage	0.05	5.0	lognormal_sigma1.0	RS_GCF_010230725.1	Verrucomicrobiota	Bacteria	medium	90.15522021430704	1.9999669572204977	90.15522021430704	6.607712255039639	2844797	5	2621628	6	2752709	0.0499998474230516		131081	0	0	0	True	92.108475	5.7890472	magicc_v5	1.9532547856929625	3.789080242779502	1.9532547856929625	3.789080242779502	medium	high
G_r010_uneven_coverage_10pct	10	21	uneven_coverage	0.1	10.0	lognormal_sigma1.0	RS_GCF_010230725.1	Verrucomicrobiota	Bacteria	medium	90.15522021430704	1.9999669572204977	90.15522021430704	11.215492704751869	2844797	5	2621628	6	2883791	0.1000000762884741		262163	0	0	0	True	90.64548	11.522066	magicc_v5	0.49025978569297024	9.522099042779503	0.49025978569297024	9.522099042779503	low	high
G_r010_uneven_coverage_20pct	10	22	uneven_coverage	0.2	20.0	lognormal_sigma1.0	RS_GCF_010230725.1	Verrucomicrobiota	Bacteria	medium	90.15522021430704	1.9999669572204977	90.15522021430704	20.43101845228324	2844797	5	2621628	7	3145954	0.2000001525769483		524326	0	0	0	True	95.23385	16.389835	magicc_v5	5.078629785692968	14.389868042779504	5.078629785692968	14.389868042779504	low	high
G_r010_uneven_coverage_40pct	10	23	uneven_coverage	0.4	40.0	lognormal_sigma1.0	RS_GCF_010230725.1	Verrucomicrobiota	Bacteria	medium	90.15522021430704	1.9999669572204977	90.15522021430704	38.86203479545289	2844797	5	2621628	10	3670279	0.3999999237115258		1048651	0	0	0	True	79.59139	50.941235	magicc_v5	-10.563830214307032	48.9412680427795	10.563830214307032	48.9412680427795	low	high
G_r011_none_control	11	0	none	0.0	0.0	control	RS_GCF_041154675.1	Thermoproteota	Archaea	low	69.81002552476767	1.9999914385594053	69.81002552476767	1.9999914385594053	2569661	39	1845274	39	1845274	0.0		0	0	0	0	True	71.594536	0.14169812	magicc_v5	1.784510475232338	-1.8582933185594053	1.784510475232338	1.8582933185594053	medium	medium
G_r011_substitution_0p1pct	11	1	substitution	0.001	0.1	uniform	RS_GCF_041154675.1	Thermoproteota	Archaea	low	69.81002552476767	1.9999914385594053	69.81002552476767	1.9999914385594053	2569661	39	1845274	39	1845274	0.0009863033890901	0.0089640838741259	0	1820	0	0	True	71.45597	0.1552999	magicc_v5	1.6459444752323265	-1.8446915385594054	1.6459444752323265	1.8446915385594054	medium	medium
G_r011_substitution_0p5pct	11	2	substitution	0.005	0.5	uniform	RS_GCF_041154675.1	Thermoproteota	Archaea	low	69.81002552476767	1.9999914385594053	69.81002552476767	1.9999914385594053	2569661	39	1845274	39	1845274	0.0049217622965478	0.0441104216424403	0	9082	0	0	True	70.68029	0.23664236	magicc_v5	0.8702644752323323	-1.7633490785594053	0.8702644752323323	1.7633490785594053	medium	medium
G_r011_substitution_1pct	11	3	substitution	0.01	1.0	uniform	RS_GCF_041154675.1	Thermoproteota	Archaea	low	69.81002552476767	1.9999914385594053	69.81002552476767	1.9999914385594053	2569661	39	1845274	39	1845274	0.0101182805371993	0.0864827525163591	0	18671	0	0	True	68.83995	0.38944185	magicc_v5	-0.9700755247676653	-1.6105495885594054	0.9700755247676653	1.6105495885594054	medium	medium
G_r011_substitution_2pct	11	4	substitution	0.02	2.0	uniform	RS_GCF_041154675.1	Thermoproteota	Archaea	low	69.81002552476767	1.9999914385594053	69.81002552476767	1.9999914385594053	2569661	39	1845274	39	1845274	0.0198599232417516	0.1662522378698502	0	36647	0	0	True	68.04689	0.79950094	magicc_v5	-1.7631355247676623	-1.2004904985594052	1.7631355247676623	1.2004904985594052	medium	medium
G_r011_substitution_5pct	11	5	substitution	0.05	5.0	uniform	RS_GCF_041154675.1	Thermoproteota	Archaea	low	69.81002552476767	1.9999914385594053	69.81002552476767	1.9999914385594053	2569661	39	1845274	39	1845274	0.049913996512171	0.3697505902753909	0	92105	0	0	True	61.243256	5.948469	magicc_v5	-8.566769524767665	3.948477561440595	8.566769524767665	3.948477561440595	medium	medium
G_r011_substitution_titv_0p1pct	11	6	substitution_titv	0.001	0.1	titv_2	RS_GCF_041154675.1	Thermoproteota	Archaea	low	69.81002552476767	1.9999914385594053	69.81002552476767	1.9999914385594053	2569661	39	1845274	39	1845274	0.0009727552656136	0.0089640838741259	0	1795	0	0	True	71.55441	0.16809702	magicc_v5	1.7443844752323372	-1.8318944185594053	1.7443844752323372	1.8318944185594053	medium	medium
G_r011_substitution_titv_0p5pct	11	7	substitution_titv	0.005	0.5	titv_2	RS_GCF_041154675.1	Thermoproteota	Archaea	low	69.81002552476767	1.9999914385594053	69.81002552476767	1.9999914385594053	2569661	39	1845274	39	1845274	0.0049320588703899	0.0441104216424403	0	9101	0	0	True	71.05474	0.2831161	magicc_v5	1.2447144752323283	-1.7168753385594053	1.2447144752323283	1.7168753385594053	medium	medium
G_r011_substitution_titv_1pct	11	8	substitution_titv	0.01	1.0	titv_2	RS_GCF_041154675.1	Thermoproteota	Archaea	low	69.81002552476767	1.9999914385594053	69.81002552476767	1.9999914385594053	2569661	39	1845274	39	1845274	0.0099952635760326	0.0864827525163591	0	18444	0	0	True	70.67473	0.23624301	magicc_v5	0.8647044752323296	-1.7637484285594054	0.8647044752323296	1.7637484285594054	medium	medium
G_r011_substitution_titv_2pct	11	9	substitution_titv	0.02	2.0	titv_2	RS_GCF_041154675.1	Thermoproteota	Archaea	low	69.81002552476767	1.9999914385594053	69.81002552476767	1.9999914385594053	2569661	39	1845274	39	1845274	0.0200084106750542	0.1662522378698502	0	36921	0	0	True	69.84591	0.87530315	magicc_v5	0.0358844752323364	-1.1246882885594052	0.0358844752323364	1.1246882885594052	medium	medium
G_r011_substitution_titv_5pct	11	10	substitution_titv	0.05	5.0	titv_2	RS_GCF_041154675.1	Thermoproteota	Archaea	low	69.81002552476767	1.9999914385594053	69.81002552476767	1.9999914385594053	2569661	39	1845274	39	1845274	0.0499703567058333	0.3697505902753909	0	92209	0	0	True	60.68082	5.759221	magicc_v5	-9.12920552476767	3.759229561440595	9.12920552476767	3.759229561440595	medium	medium
G_r011_indel_0p1pct	11	11	indel	0.001	0.1	ins0.5_geom0.75	RS_GCF_041154675.1	Thermoproteota	Archaea	low	69.81002552476767	1.9999914385594053	69.81399786311964	1.9999914385594053	2569661	39	1845274	39	1845379	0.001003103062201		0	0	1851	0	True	71.43391	0.14377832	magicc_v5	1.6238844752323303	-1.8562131185594053	1.6238844752323303	1.8562131185594053	medium	medium
G_r011_indel_0p5pct	11	12	indel	0.005	0.5	ins0.5_geom0.75	RS_GCF_041154675.1	Thermoproteota	Archaea	low	69.81002552476767	1.9999914385594053	69.81293857289243	1.9999914385594053	2569661	39	1845274	39	1845351	0.0049244719212431		0	0	9087	0	True	71.173	0.14500618	magicc_v5	1.3629744752323347	-1.8549852585594053	1.3629744752323347	1.8549852585594053	medium	medium
G_r011_indel_1pct	11	13	indel	0.01	1.0	ins0.5_geom0.75	RS_GCF_041154675.1	Thermoproteota	Archaea	low	69.81002552476767	1.9999914385594053	69.81187928266525	1.9999914385594053	2569661	39	1845274	39	1845323	0.0099047621112095		0	0	18277	0	True	68.91715	0.21655262	magicc_v5	-0.8928755247676605	-1.7834388185594052	0.8928755247676605	1.7834388185594052	medium	medium
G_r011_indel_2pct	11	14	indel	0.02	2.0	ins0.5_geom0.75	RS_GCF_041154675.1	Thermoproteota	Archaea	low	69.81002552476767	1.9999914385594053	69.80476690542552	1.9999914385594053	2569661	39	1845274	39	1845135	0.019944463532245		0	0	36803	0	True	68.69129	0.20709038	magicc_v5	-1.118735524767672	-1.7929010585594054	1.118735524767672	1.7929010585594054	medium	medium
G_r011_indel_5pct	11	15	indel	0.05	5.0	ins0.5_geom0.75	RS_GCF_041154675.1	Thermoproteota	Archaea	low	69.81002552476767	1.9999914385594053	69.80601535462185	1.9999914385594053	2569661	39	1845274	39	1845168	0.0499616859068084		0	0	92193	0	True	60.694862	1.6384482	magicc_v5	-9.115163524767667	-0.3615432385594053	9.115163524767667	0.3615432385594053	medium	medium
G_r011_chimera_5pct	11	16	chimera	0.05	5.0	rc0.5	RS_GCF_041154675.1	Thermoproteota	Archaea	low	69.81002552476767	1.9999914385594053	69.81002552476767	1.9999914385594053	2569661	39	1845274	38	1845274	0.0512820512820512		0	0	0	1	True	71.59324	0.14184713	magicc_v5	1.7832144752323273	-1.8581443085594054	1.7832144752323273	1.8581443085594054	medium	medium
G_r011_chimera_10pct	11	17	chimera	0.1	10.0	rc0.5	RS_GCF_041154675.1	Thermoproteota	Archaea	low	69.81002552476767	1.9999914385594053	69.81002552476767	1.9999914385594053	2569661	39	1845274	37	1845274	0.1025641025641025		0	0	0	2	True	71.594536	0.14169812	magicc_v5	1.784510475232338	-1.8582933185594053	1.784510475232338	1.8582933185594053	medium	medium
G_r011_chimera_20pct	11	18	chimera	0.2	20.0	rc0.5	RS_GCF_041154675.1	Thermoproteota	Archaea	low	69.81002552476767	1.9999914385594053	69.81002552476767	1.9999914385594053	2569661	39	1845274	35	1845274	0.2051282051282051		0	0	0	4	True	71.594536	0.14169812	magicc_v5	1.784510475232338	-1.8582933185594053	1.784510475232338	1.8582933185594053	medium	medium
G_r011_chimera_40pct	11	19	chimera	0.4	40.0	rc0.5	RS_GCF_041154675.1	Thermoproteota	Archaea	low	69.81002552476767	1.9999914385594053	69.81002552476767	1.9999914385594053	2569661	39	1845274	31	1845274	0.4102564102564102		0	0	0	8	True	71.60297	0.14138222	magicc_v5	1.792944475232332	-1.8586092185594052	1.792944475232332	1.8586092185594052	medium	medium
G_r011_uneven_coverage_5pct	11	20	uneven_coverage	0.05	5.0	lognormal_sigma1.0	RS_GCF_041154675.1	Thermoproteota	Archaea	low	69.81002552476767	1.9999914385594053	69.81002552476767	5.590503961417479	2569661	39	1845274	43	1937538	0.0500001625774817		92264	0	0	0	True	74.905594	0.13391078	magicc_v5	5.0955684752323265	-1.8660806585594054	5.0955684752323265	1.8660806585594054	medium	medium
G_r011_uneven_coverage_10pct	11	21	uneven_coverage	0.1	10.0	lognormal_sigma1.0	RS_GCF_041154675.1	Thermoproteota	Archaea	low	69.81002552476767	1.9999914385594053	69.81002552476767	9.180977568636486	2569661	39	1845274	45	2029801	0.0999997832300243		184527	0	0	0	True	78.09485	0.14980137	magicc_v5	8.284824475232327	-1.8501900685594053	8.284824475232327	1.8501900685594053	medium	medium
G_r011_uneven_coverage_20pct	11	22	uneven_coverage	0.2	20.0	lognormal_sigma1.0	RS_GCF_041154675.1	Thermoproteota	Archaea	low	69.81002552476767	1.9999914385594053	69.81002552476767	16.362002614352633	2569661	39	1845274	47	2214329	0.2000001083849878		369055	0	0	0	True	83.479454	0.11411309	magicc_v5	13.669428475232337	-1.8858783485594053	13.669428475232337	1.8858783485594053	medium	medium
G_r011_uneven_coverage_40pct	11	23	uneven_coverage	0.4	40.0	lognormal_sigma1.0	RS_GCF_041154675.1	Thermoproteota	Archaea	low	69.81002552476767	1.9999914385594053	69.81002552476767	30.72401379014586	2569661	39	1845274	67	2583384	0.4000002167699756		738110	0	0	0	True	99.948685	0.11950731	magicc_v5	30.13865947523233	-1.8804841285594054	30.13865947523233	1.8804841285594054	high	medium
G_r012_none_control	12	0	none	0.0	0.0	control	RS_GCF_000224745.1	Bacteroidota_A	Bacteria	highly_fragmented	59.51764812445376	4.999997000709632	59.51764812445376	4.999997000709632	3334122	67	2151097	67	2151097	0.0		0	0	0	0	True	60.324158	2.8496175	magicc_v5	0.8065098755462401	-2.150379500709632	0.8065098755462401	2.150379500709632	medium	medium
G_r012_substitution_0p1pct	12	1	substitution	0.001	0.1	uniform	RS_GCF_000224745.1	Bacteroidota_A	Bacteria	highly_fragmented	59.51764812445376	4.999997000709632	59.51764812445376	4.999997000709632	3334122	67	2151097	67	2151097	0.0009990251485637	0.0089640838741259	0	2149	0	0	True	60.36238	3.0355306	magicc_v5	0.8447318755462447	-1.964466400709632	0.8447318755462447	1.964466400709632	medium	medium
G_r012_substitution_0p5pct	12	2	substitution	0.005	0.5	uniform	RS_GCF_000224745.1	Bacteroidota_A	Bacteria	highly_fragmented	59.51764812445376	4.999997000709632	59.51764812445376	4.999997000709632	3334122	67	2151097	67	2151097	0.0050495165954859	0.0441104216424403	0	10862	0	0	True	59.811333	2.7754812	magicc_v5	0.2936848755462407	-2.2245158007096317	0.2936848755462407	2.2245158007096317	medium	medium
G_r012_substitution_1pct	12	3	substitution	0.01	1.0	uniform	RS_GCF_000224745.1	Bacteroidota_A	Bacteria	highly_fragmented	59.51764812445376	4.999997000709632	59.51764812445376	4.999997000709632	3334122	67	2151097	67	2151097	0.0100729999623447	0.0864827525163591	0	21668	0	0	True	59.157078	3.9602935	magicc_v5	-0.36057012445375847	-1.0397035007096318	0.36057012445375847	1.0397035007096318	medium	medium
G_r012_substitution_2pct	12	4	substitution	0.02	2.0	uniform	RS_GCF_000224745.1	Bacteroidota_A	Bacteria	highly_fragmented	59.51764812445376	4.999997000709632	59.51764812445376	4.999997000709632	3334122	67	2151097	67	2151097	0.0201023012909227	0.1662522378698502	0	43242	0	0	True	57.218884	4.825175	magicc_v5	-2.298764124453754	-0.17482200070963216	2.298764124453754	0.17482200070963216	medium	medium
G_r012_substitution_5pct	12	5	substitution	0.05	5.0	uniform	RS_GCF_000224745.1	Bacteroidota_A	Bacteria	highly_fragmented	59.51764812445376	4.999997000709632	59.51764812445376	4.999997000709632	3334122	67	2151097	67	2151097	0.0501176841397668	0.3697505902753909	0	107808	0	0	True	54.831467	10.765791	magicc_v5	-4.6861811244537535	5.765793999290368	4.6861811244537535	5.765793999290368	low	medium
G_r012_substitution_titv_0p1pct	12	6	substitution_titv	0.001	0.1	titv_2	RS_GCF_000224745.1	Bacteroidota_A	Bacteria	highly_fragmented	59.51764812445376	4.999997000709632	59.51764812445376	4.999997000709632	3334122	67	2151097	67	2151097	0.0009846138970023	0.0089640838741259	0	2118	0	0	True	60.5384	2.8901248	magicc_v5	1.020751875546246	-2.1098722007096318	1.020751875546246	2.1098722007096318	medium	medium
G_r012_substitution_titv_0p5pct	12	7	substitution_titv	0.005	0.5	titv_2	RS_GCF_000224745.1	Bacteroidota_A	Bacteria	highly_fragmented	59.51764812445376	4.999997000709632	59.51764812445376	4.999997000709632	3334122	67	2151097	67	2151097	0.005129010918615	0.0441104216424403	0	11033	0	0	True	60.180153	3.4190357	magicc_v5	0.6625048755462402	-1.5809613007096321	0.6625048755462402	1.5809613007096321	medium	medium
G_r012_substitution_titv_1pct	12	8	substitution_titv	0.01	1.0	titv_2	RS_GCF_000224745.1	Bacteroidota_A	Bacteria	highly_fragmented	59.51764812445376	4.999997000709632	59.51764812445376	4.999997000709632	3334122	67	2151097	67	2151097	0.0098921619992031	0.0864827525163591	0	21279	0	0	True	59.58357	3.8876414	magicc_v5	0.06592187554624473	-1.1123556007096318	0.06592187554624473	1.1123556007096318	medium	medium
G_r012_substitution_titv_2pct	12	9	substitution_titv	0.02	2.0	titv_2	RS_GCF_000224745.1	Bacteroidota_A	Bacteria	highly_fragmented	59.51764812445376	4.999997000709632	59.51764812445376	4.999997000709632	3334122	67	2151097	67	2151097	0.0200390777356855	0.1662522378698502	0	43106	0	0	True	56.697968	4.992959	magicc_v5	-2.819680124453754	-0.0070380007096320085	2.819680124453754	0.0070380007096320085	medium	medium
G_r012_substitution_titv_5pct	12	10	substitution_titv	0.05	5.0	titv_2	RS_GCF_000224745.1	Bacteroidota_A	Bacteria	highly_fragmented	59.51764812445376	4.999997000709632	59.51764812445376	4.999997000709632	3334122	67	2151097	67	2151097	0.0497397374455917	0.3697505902753909	0	106995	0	0	True	55.339546	7.780552	magicc_v5	-4.178102124453758	2.780554999290368	4.178102124453758	2.780554999290368	medium	medium
G_r012_indel_0p1pct	12	11	indel	0.001	0.1	ins0.5_geom0.75	RS_GCF_000224745.1	Bacteroidota_A	Bacteria	highly_fragmented	59.51764812445376	4.999997000709632	59.516901074692925	4.999997000709632	3334122	67	2151097	67	2151070	0.0009953061159027		0	0	2141	0	True	59.888515	2.971527	magicc_v5	0.3708668755462412	-2.028470000709632	0.3708668755462412	2.028470000709632	medium	medium
G_r012_indel_0p5pct	12	12	indel	0.005	0.5	ins0.5_geom0.75	RS_GCF_000224745.1	Bacteroidota_A	Bacteria	highly_fragmented	59.51764812445376	4.999997000709632	59.5089325439108	4.999997000709632	3334122	67	2151097	67	2150782	0.0050755498241129		0	0	10918	0	True	59.870377	2.8338284	magicc_v5	0.35272887554624077	-2.166168600709632	0.35272887554624077	2.166168600709632	medium	medium
G_r012_indel_1pct	12	13	indel	0.01	1.0	ins0.5_geom0.75	RS_GCF_000224745.1	Bacteroidota_A	Bacteria	highly_fragmented	59.51764812445376	4.999997000709632	59.52251778215395	4.999997000709632	3334122	67	2151097	67	2151273	0.0099498070054488		0	0	21403	0	True	59.525017	2.8669834	magicc_v5	0.007368875546241327	-2.133013600709632	0.007368875546241327	2.133013600709632	medium	medium
G_r012_indel_2pct	12	14	indel	0.02	2.0	ins0.5_geom0.75	RS_GCF_000224745.1	Bacteroidota_A	Bacteria	highly_fragmented	59.51764812445376	4.999997000709632	59.50337117346911	4.999997000709632	3334122	67	2151097	67	2150581	0.0199061223180544		0	0	42820	0	True	58.065605	3.9796293	magicc_v5	-1.452043124453759	-1.020367700709632	1.452043124453759	1.020367700709632	medium	medium
G_r012_indel_5pct	12	15	indel	0.05	5.0	ins0.5_geom0.75	RS_GCF_000224745.1	Bacteroidota_A	Bacteria	highly_fragmented	59.51764812445376	4.999997000709632	59.50835150520794	4.999997000709632	3334122	67	2151097	67	2150761	0.0501200085351799		0	0	107813	0	True	53.00834	6.12469	magicc_v5	-6.50930812445376	1.1246929992903683	6.50930812445376	1.1246929992903683	medium	medium
G_r012_chimera_5pct	12	16	chimera	0.05	5.0	rc0.5	RS_GCF_000224745.1	Bacteroidota_A	Bacteria	highly_fragmented	59.51764812445376	4.999997000709632	59.51764812445376	4.999997000709632	3334122	67	2151097	65	2151097	0.0597014925373134		0	0	0	2	True	60.324158	2.8496175	magicc_v5	0.8065098755462401	-2.150379500709632	0.8065098755462401	2.150379500709632	medium	medium
G_r012_chimera_10pct	12	17	chimera	0.1	10.0	rc0.5	RS_GCF_000224745.1	Bacteroidota_A	Bacteria	highly_fragmented	59.51764812445376	4.999997000709632	59.51764812445376	4.999997000709632	3334122	67	2151097	63	2151097	0.1194029850746268		0	0	0	4	True	60.33387	2.8483987	magicc_v5	0.8162218755462405	-2.1515983007096318	0.8162218755462405	2.1515983007096318	medium	medium
G_r012_chimera_20pct	12	18	chimera	0.2	20.0	rc0.5	RS_GCF_000224745.1	Bacteroidota_A	Bacteria	highly_fragmented	59.51764812445376	4.999997000709632	59.51764812445376	4.999997000709632	3334122	67	2151097	60	2151097	0.208955223880597		0	0	0	7	True	60.3221	2.8434424	magicc_v5	0.804451875546242	-2.156554600709632	0.804451875546242	2.156554600709632	medium	medium
G_r012_chimera_40pct	12	19	chimera	0.4	40.0	rc0.5	RS_GCF_000224745.1	Bacteroidota_A	Bacteria	highly_fragmented	59.51764812445376	4.999997000709632	59.51764812445376	4.999997000709632	3334122	67	2151097	53	2151097	0.417910447761194		0	0	0	14	True	60.33145	2.8780909	magicc_v5	0.8138018755462397	-2.121906100709632	0.8138018755462397	2.121906100709632	medium	medium
G_r012_uneven_coverage_5pct	12	20	uneven_coverage	0.05	5.0	lognormal_sigma1.0	RS_GCF_000224745.1	Bacteroidota_A	Bacteria	highly_fragmented	59.51764812445376	4.999997000709632	59.51764812445376	8.225883755903354	3334122	67	2151097	70	2258652	0.0500000697318623		107555	0	0	0	True	63.53829	2.9836445	magicc_v5	4.0206418755462465	-2.016352500709632	4.0206418755462465	2.016352500709632	medium	medium
G_r012_uneven_coverage_10pct	12	21	uneven_coverage	0.1	10.0	lognormal_sigma1.0	RS_GCF_000224745.1	Bacteroidota_A	Bacteria	highly_fragmented	59.51764812445376	4.999997000709632	59.51764812445376	11.451770511097074	3334122	67	2151097	76	2366207	0.1000001394637247		215110	0	0	0	True	67.198685	2.9959946	magicc_v5	7.681036875546241	-2.004002400709632	7.681036875546241	2.004002400709632	medium	medium
G_r012_uneven_coverage_20pct	12	22	uneven_coverage	0.2	20.0	lognormal_sigma1.0	RS_GCF_000224745.1	Bacteroidota_A	Bacteria	highly_fragmented	59.51764812445376	4.999997000709632	59.51764812445376	17.903514028580837	3334122	67	2151097	77	2581316	0.1999998140483669		430219	0	0	0	True	73.38974	3.6522717	magicc_v5	13.872091875546246	-1.347725300709632	13.872091875546246	1.347725300709632	medium	medium
G_r012_uneven_coverage_40pct	12	23	uneven_coverage	0.4	40.0	lognormal_sigma1.0	RS_GCF_000224745.1	Bacteroidota_A	Bacteria	highly_fragmented	59.51764812445376	4.999997000709632	59.51764812445376	30.807061049355724	3334122	67	2151097	99	3011536	0.4000000929758165		860439	0	0	0	True	84.64694	2.591455	magicc_v5	25.129291875546244	-2.408542000709632	25.129291875546244	2.408542000709632	medium	medium
G_r013_none_control	13	0	none	0.0	0.0	control	GB_GCA_001430905.1	Patescibacteriota	Bacteria	low	76.96942748642023	0.0	76.96942748642023	0.0	1248180	4	960717	4	960717	0.0		0	0	0	0	True	78.262146	0.40799677	magicc_v5	1.2927185135797714	0.40799677	1.2927185135797714	0.40799677	medium	medium
G_r013_substitution_0p1pct	13	1	substitution	0.001	0.1	uniform	GB_GCA_001430905.1	Patescibacteriota	Bacteria	low	76.96942748642023	0.0	76.96942748642023	0.0	1248180	4	960717	4	960717	0.0010377665847486	0.0089640838741259	0	997	0	0	True	78.338486	0.45080185	magicc_v5	1.3690585135797733	0.45080185	1.3690585135797733	0.45080185	medium	medium
G_r013_substitution_0p5pct	13	2	substitution	0.005	0.5	uniform	GB_GCA_001430905.1	Patescibacteriota	Bacteria	low	76.96942748642023	0.0	76.96942748642023	0.0	1248180	4	960717	4	960717	0.0050295768681099	0.0441104216424403	0	4832	0	0	True	77.394356	0.6312132	magicc_v5	0.424928513579772	0.6312132	0.424928513579772	0.6312132	medium	medium
G_r013_substitution_1pct	13	3	substitution	0.01	1.0	uniform	GB_GCA_001430905.1	Patescibacteriota	Bacteria	low	76.96942748642023	0.0	76.96942748642023	0.0	1248180	4	960717	4	960717	0.0097937269768308	0.0864827525163591	0	9409	0	0	True	74.82448	0.55965185	magicc_v5	-2.144947486420236	0.55965185	2.144947486420236	0.55965185	medium	medium
G_r013_substitution_2pct	13	4	substitution	0.02	2.0	uniform	GB_GCA_001430905.1	Patescibacteriota	Bacteria	low	76.96942748642023	0.0	76.96942748642023	0.0	1248180	4	960717	4	960717	0.0199819509803615	0.1662522378698502	0	19197	0	0	True	70.21479	1.4743	magicc_v5	-6.754637486420236	1.4743	6.754637486420236	1.4743	medium	medium
G_r013_substitution_5pct	13	5	substitution	0.05	5.0	uniform	GB_GCA_001430905.1	Patescibacteriota	Bacteria	low	76.96942748642023	0.0	76.96942748642023	0.0	1248180	4	960717	4	960717	0.0504019393848552	0.3697505902753909	0	48422	0	0	True	66.768524	2.7904928	magicc_v5	-10.20090348642023	2.7904928	10.20090348642023	2.7904928	medium	medium
G_r013_substitution_titv_0p1pct	13	6	substitution_titv	0.001	0.1	titv_2	GB_GCA_001430905.1	Patescibacteriota	Bacteria	low	76.96942748642023	0.0	76.96942748642023	0.0	1248180	4	960717	4	960717	0.0009097372066904	0.0089640838741259	0	874	0	0	True	77.8225	0.49000084	magicc_v5	0.8530725135797752	0.49000084	0.8530725135797752	0.49000084	medium	medium
G_r013_substitution_titv_0p5pct	13	7	substitution_titv	0.005	0.5	titv_2	GB_GCA_001430905.1	Patescibacteriota	Bacteria	low	76.96942748642023	0.0	76.96942748642023	0.0	1248180	4	960717	4	960717	0.0049400603923944	0.0441104216424403	0	4746	0	0	True	76.93029	0.8752018	magicc_v5	-0.039137486420230516	0.8752018	0.039137486420230516	0.8752018	medium	medium
G_r013_substitution_titv_1pct	13	8	substitution_titv	0.01	1.0	titv_2	GB_GCA_001430905.1	Patescibacteriota	Bacteria	low	76.96942748642023	0.0	76.96942748642023	0.0	1248180	4	960717	4	960717	0.0098905296773139	0.0864827525163591	0	9502	0	0	True	73.86823	1.2000501	magicc_v5	-3.101197486420233	1.2000501	3.101197486420233	1.2000501	medium	medium
G_r013_substitution_titv_2pct	13	9	substitution_titv	0.02	2.0	titv_2	GB_GCA_001430905.1	Patescibacteriota	Bacteria	low	76.96942748642023	0.0	76.96942748642023	0.0	1248180	4	960717	4	960717	0.0198809847228684	0.1662522378698502	0	19100	0	0	True	73.70008	0.6681442	magicc_v5	-3.26934748642023	0.6681442	3.26934748642023	0.6681442	medium	medium
G_r013_substitution_titv_5pct	13	10	substitution_titv	0.05	5.0	titv_2	GB_GCA_001430905.1	Patescibacteriota	Bacteria	low	76.96942748642023	0.0	76.96942748642023	0.0	1248180	4	960717	4	960717	0.0498440227455119	0.3697505902753909	0	47886	0	0	True	63.568787	5.1888227	magicc_v5	-13.40064048642023	5.1888227	13.40064048642023	5.1888227	medium	medium
G_r013_indel_0p1pct	13	11	indel	0.001	0.1	ins0.5_geom0.75	GB_GCA_001430905.1	Patescibacteriota	Bacteria	low	76.96942748642023	0.0	76.97391401881139	0.0	1248180	4	960717	4	960773	0.0009794767866083		0	0	941	0	True	77.86365	0.42094588	magicc_v5	0.894222513579777	0.42094588	0.894222513579777	0.42094588	medium	medium
G_r013_indel_0p5pct	13	12	indel	0.005	0.5	ins0.5_geom0.75	GB_GCA_001430905.1	Patescibacteriota	Bacteria	low	76.96942748642023	0.0	76.95997372173885	0.0	1248180	4	960717	4	960599	0.0049650417344545		0	0	4770	0	True	76.89346	0.48663616	magicc_v5	-0.07596748642022533	0.48663616	0.07596748642022533	0.48663616	medium	medium
G_r013_indel_1pct	13	13	indel	0.01	1.0	ins0.5_geom0.75	GB_GCA_001430905.1	Patescibacteriota	Bacteria	low	76.96942748642023	0.0	76.95516672274832	0.0	1248180	4	960717	4	960539	0.0100279270586447		0	0	9634	0	True	74.94795	0.88837147	magicc_v5	-2.021477486420224	0.88837147	2.021477486420224	0.88837147	medium	medium
G_r013_indel_2pct	13	14	indel	0.02	2.0	ins0.5_geom0.75	GB_GCA_001430905.1	Patescibacteriota	Bacteria	low	76.96942748642023	0.0	76.98208591709529	0.0	1248180	4	960717	4	960875	0.020058976785047		0	0	19271	0	True	73.41631	0.6512791	magicc_v5	-3.553117486420234	0.6512791	3.553117486420234	0.6512791	medium	medium
G_r013_indel_5pct	13	15	indel	0.05	5.0	ins0.5_geom0.75	GB_GCA_001430905.1	Patescibacteriota	Bacteria	low	76.96942748642023	0.0	76.93762117643288	0.0	1248180	4	960717	4	960320	0.0504342069516829		0	0	48453	0	True	63.167294	2.5250463	magicc_v5	-13.802133486420232	2.5250463	13.802133486420232	2.5250463	medium	medium
G_r013_chimera_5pct	13	16	chimera	0.05	5.0	rc0.5	GB_GCA_001430905.1	Patescibacteriota	Bacteria	low	76.96942748642023	0.0	76.96942748642023	0.0	1248180	4	960717	4	960717	0.0		0	0	0	0	True	78.262146	0.40799677	magicc_v5	1.2927185135797714	0.40799677	1.2927185135797714	0.40799677	medium	medium
G_r013_chimera_10pct	13	17	chimera	0.1	10.0	rc0.5	GB_GCA_001430905.1	Patescibacteriota	Bacteria	low	76.96942748642023	0.0	76.96942748642023	0.0	1248180	4	960717	3	960717	0.5		0	0	0	1	True	78.262146	0.40799677	magicc_v5	1.2927185135797714	0.40799677	1.2927185135797714	0.40799677	medium	medium
G_r013_chimera_20pct	13	18	chimera	0.2	20.0	rc0.5	GB_GCA_001430905.1	Patescibacteriota	Bacteria	low	76.96942748642023	0.0	76.96942748642023	0.0	1248180	4	960717	4	960717	0.0		0	0	0	0	True	78.262146	0.40799677	magicc_v5	1.2927185135797714	0.40799677	1.2927185135797714	0.40799677	medium	medium
G_r013_chimera_40pct	13	19	chimera	0.4	40.0	rc0.5	GB_GCA_001430905.1	Patescibacteriota	Bacteria	low	76.96942748642023	0.0	76.96942748642023	0.0	1248180	4	960717	3	960717	0.5		0	0	0	1	True	78.262146	0.40799677	magicc_v5	1.2927185135797714	0.40799677	1.2927185135797714	0.40799677	medium	medium
G_r013_uneven_coverage_5pct	13	20	uneven_coverage	0.05	5.0	lognormal_sigma1.0	GB_GCA_001430905.1	Patescibacteriota	Bacteria	low	76.96942748642023	0.0	76.96942748642023	3.848483391818488	1248180	4	960717	5	1008753	0.0500001561333878		48036	0	0	0	True	81.908844	0.42620897	magicc_v5	4.939416513579772	0.42620897	4.939416513579772	0.42620897	medium	medium
G_r013_uneven_coverage_10pct	13	21	uneven_coverage	0.1	10.0	lognormal_sigma1.0	GB_GCA_001430905.1	Patescibacteriota	Bacteria	low	76.96942748642023	0.0	76.96942748642023	7.696966783636975	1248180	4	960717	5	1056789	0.1000003122667757		96072	0	0	0	True	85.42991	0.4380107	magicc_v5	8.460482513579777	0.4380107	8.460482513579777	0.4380107	medium	medium
G_r013_uneven_coverage_20pct	13	22	uneven_coverage	0.2	20.0	lognormal_sigma1.0	GB_GCA_001430905.1	Patescibacteriota	Bacteria	low	76.96942748642023	0.0	76.96942748642023	15.393853450624109	1248180	4	960717	5	1152860	0.1999995836442989		192143	0	0	0	True	97.56611	0.29557347	magicc_v5	20.596682513579765	0.29557347	20.596682513579765	0.29557347	high	medium
G_r013_uneven_coverage_40pct	13	23	uneven_coverage	0.4	40.0	lognormal_sigma1.0	GB_GCA_001430905.1	Patescibacteriota	Bacteria	low	76.96942748642023	0.0	76.96942748642023	30.787787017898054	1248180	4	960717	6	1345004	0.4000002081778505		384287	0	0	0	True	96.51468	4.582119	magicc_v5	19.54525251357977	4.582119	19.54525251357977	4.582119	high	medium
G_r014_none_control	14	0	none	0.0	0.0	control	RS_GCF_040370075.1	Deinococcota	Bacteria	highly_fragmented	59.81995348606355	1.4848032020874546	59.81995348606355	1.4848032020874546	2256528	80	1383359	80	1383359	0.0		0	0	0	0	True	60.41697	1.1818111	magicc_v5	0.5970165139364525	-0.30299210208745464	0.5970165139364525	0.30299210208745464	medium	medium
G_r014_substitution_0p1pct	14	1	substitution	0.001	0.1	uniform	RS_GCF_040370075.1	Deinococcota	Bacteria	highly_fragmented	59.81995348606355	1.4848032020874546	59.81995348606355	1.4848032020874546	2256528	80	1383359	80	1383359	0.0009946803396659	0.0089640838741259	0	1376	0	0	True	60.04857	1.2470961	magicc_v5	0.22861651393645133	-0.2377071020874546	0.22861651393645133	0.2377071020874546	medium	medium
G_r014_substitution_0p5pct	14	2	substitution	0.005	0.5	uniform	RS_GCF_040370075.1	Deinococcota	Bacteria	highly_fragmented	59.81995348606355	1.4848032020874546	59.81995348606355	1.4848032020874546	2256528	80	1383359	80	1383359	0.0050883393247884	0.0441104216424403	0	7039	0	0	True	59.71344	1.5473962	magicc_v5	-0.10651348606354816	0.06259299791254547	0.10651348606354816	0.06259299791254547	medium	medium
G_r014_substitution_1pct	14	3	substitution	0.01	1.0	uniform	RS_GCF_040370075.1	Deinococcota	Bacteria	highly_fragmented	59.81995348606355	1.4848032020874546	59.81995348606355	1.4848032020874546	2256528	80	1383359	80	1383359	0.0100400546785035	0.0864827525163591	0	13889	0	0	True	59.705345	1.5186995	magicc_v5	-0.11460848606354546	0.03389629791254545	0.11460848606354546	0.03389629791254545	medium	medium
G_r014_substitution_2pct	14	4	substitution	0.02	2.0	uniform	RS_GCF_040370075.1	Deinococcota	Bacteria	highly_fragmented	59.81995348606355	1.4848032020874546	59.81995348606355	1.4848032020874546	2256528	80	1383359	80	1383359	0.0200374595459313	0.1662522378698502	0	27719	0	0	True	56.798965	2.5393546	magicc_v5	-3.020988486063544	1.0545513979125452	3.020988486063544	1.0545513979125452	medium	medium
G_r014_substitution_5pct	14	5	substitution	0.05	5.0	uniform	RS_GCF_040370075.1	Deinococcota	Bacteria	highly_fragmented	59.81995348606355	1.4848032020874546	59.81995348606355	1.4848032020874546	2256528	80	1383359	80	1383359	0.0501048534762126	0.3697505902753909	0	69313	0	0	True	58.133095	3.5961123	magicc_v5	-1.6868584860635494	2.1113090979125455	1.6868584860635494	2.1113090979125455	medium	medium
G_r014_substitution_titv_0p1pct	14	6	substitution_titv	0.001	0.1	titv_2	RS_GCF_040370075.1	Deinococcota	Bacteria	highly_fragmented	59.81995348606355	1.4848032020874546	59.81995348606355	1.4848032020874546	2256528	80	1383359	80	1383359	0.0010301013692035	0.0089640838741259	0	1425	0	0	True	60.30973	1.1625499	magicc_v5	0.48977651393645516	-0.32225330208745473	0.48977651393645516	0.32225330208745473	medium	medium
G_r014_substitution_titv_0p5pct	14	7	substitution_titv	0.005	0.5	titv_2	RS_GCF_040370075.1	Deinococcota	Bacteria	highly_fragmented	59.81995348606355	1.4848032020874546	59.81995348606355	1.4848032020874546	2256528	80	1383359	80	1383359	0.0050109913623289	0.0441104216424403	0	6932	0	0	True	60.31551	1.2103915	magicc_v5	0.4955565139364566	-0.2744117020874546	0.4955565139364566	0.2744117020874546	medium	medium
G_r014_substitution_titv_1pct	14	8	substitution_titv	0.01	1.0	titv_2	RS_GCF_040370075.1	Deinococcota	Bacteria	highly_fragmented	59.81995348606355	1.4848032020874546	59.81995348606355	1.4848032020874546	2256528	80	1383359	80	1383359	0.0099858388169665	0.0864827525163591	0	13814	0	0	True	59.69099	1.7104596	magicc_v5	-0.12896348606354735	0.22565639791254544	0.12896348606354735	0.22565639791254544	medium	medium
G_r014_substitution_titv_2pct	14	9	substitution_titv	0.02	2.0	titv_2	RS_GCF_040370075.1	Deinococcota	Bacteria	highly_fragmented	59.81995348606355	1.4848032020874546	59.81995348606355	1.4848032020874546	2256528	80	1383359	80	1383359	0.0199861351970095	0.1662522378698502	0	27648	0	0	True	59.33022	2.0709038	magicc_v5	-0.4897334860635496	0.5861005979125453	0.4897334860635496	0.5861005979125453	medium	medium
G_r014_substitution_titv_5pct	14	10	substitution_titv	0.05	5.0	titv_2	RS_GCF_040370075.1	Deinococcota	Bacteria	highly_fragmented	59.81995348606355	1.4848032020874546	59.81995348606355	1.4848032020874546	2256528	80	1383359	80	1383359	0.0497781125506828	0.3697505902753909	0	68861	0	0	True	56.148674	3.6994874	magicc_v5	-3.671279486063547	2.2146841979125456	3.671279486063547	2.2146841979125456	medium	medium
G_r014_indel_0p1pct	14	11	indel	0.001	0.1	ins0.5_geom0.75	RS_GCF_040370075.1	Deinococcota	Bacteria	highly_fragmented	59.81995348606355	1.4848032020874546	59.82311019130382	1.4848032020874546	2256528	80	1383359	80	1383432	0.001006969268281		0	0	1393	0	True	60.36926	1.286161	magicc_v5	0.5493065139364504	-0.19864220208745453	0.5493065139364504	0.19864220208745453	medium	medium
G_r014_indel_0p5pct	14	12	indel	0.005	0.5	ins0.5_geom0.75	RS_GCF_040370075.1	Deinococcota	Bacteria	highly_fragmented	59.81995348606355	1.4848032020874546	59.82207237040291	1.4848032020874546	2256528	80	1383359	80	1383408	0.004964727160484		0	0	6868	0	True	58.695023	1.348409	magicc_v5	-1.1249304860635476	-0.13639420208745467	1.1249304860635476	0.13639420208745467	medium	medium
G_r014_indel_1pct	14	13	indel	0.01	1.0	ins0.5_geom0.75	RS_GCF_040370075.1	Deinococcota	Bacteria	highly_fragmented	59.81995348606355	1.4848032020874546	59.82159670248999	1.4848032020874546	2256528	80	1383359	80	1383397	0.0099554779345057		0	0	13772	0	True	58.970734	1.1452645	magicc_v5	-0.8492194860635465	-0.33953870208745474	0.8492194860635465	0.33953870208745474	medium	medium
G_r014_indel_2pct	14	14	indel	0.02	2.0	ins0.5_geom0.75	RS_GCF_040370075.1	Deinococcota	Bacteria	highly_fragmented	59.81995348606355	1.4848032020874546	59.83634240779045	1.4848032020874546	2256528	80	1383359	80	1383738	0.0202073359120806		0	0	27954	0	True	56.78339	1.8747807	magicc_v5	-3.0365634860635495	0.38997749791254543	3.0365634860635495	0.38997749791254543	medium	medium
G_r014_indel_5pct	14	15	indel	0.05	5.0	ins0.5_geom0.75	RS_GCF_040370075.1	Deinococcota	Bacteria	highly_fragmented	59.81995348606355	1.4848032020874546	59.81567247484728	1.4848032020874546	2256528	80	1383359	80	1383260	0.04994003725714		0	0	69085	0	True	53.86486	2.8004498	magicc_v5	-5.9550934860635465	1.3156465979125453	5.9550934860635465	1.3156465979125453	medium	medium
G_r014_chimera_5pct	14	16	chimera	0.05	5.0	rc0.5	RS_GCF_040370075.1	Deinococcota	Bacteria	highly_fragmented	59.81995348606355	1.4848032020874546	59.81995348606355	1.4848032020874546	2256528	80	1383359	78	1383359	0.05		0	0	0	2	True	60.417442	1.1853337	magicc_v5	0.5974885139364545	-0.2994695020874547	0.5974885139364545	0.2994695020874547	medium	medium
G_r014_chimera_10pct	14	17	chimera	0.1	10.0	rc0.5	RS_GCF_040370075.1	Deinococcota	Bacteria	highly_fragmented	59.81995348606355	1.4848032020874546	59.81995348606355	1.4848032020874546	2256528	80	1383359	76	1383359	0.1		0	0	0	4	True	60.424088	1.1809349	magicc_v5	0.6041345139364509	-0.30386830208745463	0.6041345139364509	0.30386830208745463	medium	medium
G_r014_chimera_20pct	14	18	chimera	0.2	20.0	rc0.5	RS_GCF_040370075.1	Deinococcota	Bacteria	highly_fragmented	59.81995348606355	1.4848032020874546	59.81995348606355	1.4848032020874546	2256528	80	1383359	72	1383359	0.2		0	0	0	8	True	60.419773	1.1845678	magicc_v5	0.5998195139364526	-0.3002354020874547	0.5998195139364526	0.3002354020874547	medium	medium
G_r014_chimera_40pct	14	19	chimera	0.4	40.0	rc0.5	RS_GCF_040370075.1	Deinococcota	Bacteria	highly_fragmented	59.81995348606355	1.4848032020874546	59.81995348606355	1.4848032020874546	2256528	80	1383359	64	1383359	0.4		0	0	0	16	True	60.382713	1.2066066	magicc_v5	0.5627595139364558	-0.27819660208745467	0.5627595139364558	0.27819660208745467	medium	medium
G_r014_uneven_coverage_5pct	14	20	uneven_coverage	0.05	5.0	lognormal_sigma1.0	RS_GCF_040370075.1	Deinococcota	Bacteria	highly_fragmented	59.81995348606355	1.4848032020874546	59.81995348606355	4.550043252288472	2256528	80	1383359	84	1452527	0.0500000361439076		69168	0	0	0	True	63.87357	1.2538135	magicc_v5	4.053616513936454	-0.23098970208745473	4.053616513936454	0.23098970208745473	medium	medium
G_r014_uneven_coverage_10pct	14	21	uneven_coverage	0.1	10.0	lognormal_sigma1.0	RS_GCF_040370075.1	Deinococcota	Bacteria	highly_fragmented	59.81995348606355	1.4848032020874546	59.81995348606355	7.615283302489488	2256528	80	1383359	86	1521695	0.1000000722878153		138336	0	0	0	True	67.11747	1.2023658	magicc_v5	7.297516513936451	-0.2824374020874547	7.297516513936451	0.2824374020874547	medium	medium
G_r014_uneven_coverage_20pct	14	22	uneven_coverage	0.2	20.0	lognormal_sigma1.0	RS_GCF_040370075.1	Deinococcota	Bacteria	highly_fragmented	59.81995348606355	1.4848032020874546	59.81995348606355	13.74576340289152	2256528	80	1383359	100	1660031	0.2000001445756307		276672	0	0	0	True	72.20234	1.1946619	magicc_v5	12.38238651393646	-0.2901413020874546	12.38238651393646	0.2901413020874546	medium	medium
G_r014_uneven_coverage_40pct	14	23	uneven_coverage	0.4	40.0	lognormal_sigma1.0	RS_GCF_040370075.1	Deinococcota	Bacteria	highly_fragmented	59.81995348606355	1.4848032020874546	59.81995348606355	26.00672360369559	2256528	80	1383359	118	1936703	0.4000002891512615		553344	0	0	0	True	83.1798	1.689297	magicc_v5	23.359846513936454	0.2044937979125454	23.359846513936454	0.2044937979125454	medium	medium
G_r015_none_control	15	0	none	0.0	0.0	control	RS_GCF_007752345.1	Planctomycetota	Bacteria	high	71.30081523787312	1.9999957806400808	71.30081523787312	1.9999957806400808	5214061	7	3821949	7	3821949	0.0		0	0	0	0	True	67.37732	0.24705231	magicc_v5	-3.9234952378731265	-1.7529434706400808	3.9234952378731265	1.7529434706400808	medium	medium
G_r015_substitution_0p1pct	15	1	substitution	0.001	0.1	uniform	RS_GCF_007752345.1	Planctomycetota	Bacteria	high	71.30081523787312	1.9999957806400808	71.30081523787312	1.9999957806400808	5214061	7	3821949	7	3821949	0.0009756802092335	0.0089640838741259	0	3729	0	0	True	66.85402	0.2459675	magicc_v5	-4.446795237873118	-1.7540282806400809	4.446795237873118	1.7540282806400809	medium	medium
G_r015_substitution_0p5pct	15	2	substitution	0.005	0.5	uniform	RS_GCF_007752345.1	Planctomycetota	Bacteria	high	71.30081523787312	1.9999957806400808	71.30081523787312	1.9999957806400808	5214061	7	3821949	7	3821949	0.0050366972453059	0.0441104216424403	0	19250	0	0	True	66.62773	0.2513796	magicc_v5	-4.673085237873124	-1.7486161806400808	4.673085237873124	1.7486161806400808	medium	medium
G_r015_substitution_1pct	15	3	substitution	0.01	1.0	uniform	RS_GCF_007752345.1	Planctomycetota	Bacteria	high	71.30081523787312	1.9999957806400808	71.30081523787312	1.9999957806400808	5214061	7	3821949	7	3821949	0.009915621584694	0.0864827525163591	0	37897	0	0	True	68.466835	0.3738612	magicc_v5	-2.8339802378731207	-1.6261345806400809	2.8339802378731207	1.6261345806400809	medium	medium
G_r015_substitution_2pct	15	4	substitution	0.02	2.0	uniform	RS_GCF_007752345.1	Planctomycetota	Bacteria	high	71.30081523787312	1.9999957806400808	71.30081523787312	1.9999957806400808	5214061	7	3821949	7	3821949	0.0199298839414131	0.1662522378698502	0	76171	0	0	True	65.35751	0.56541264	magicc_v5	-5.943305237873119	-1.4345831406400809	5.943305237873119	1.4345831406400809	medium	medium
G_r015_substitution_5pct	15	5	substitution	0.05	5.0	uniform	RS_GCF_007752345.1	Planctomycetota	Bacteria	high	71.30081523787312	1.9999957806400808	71.30081523787312	1.9999957806400808	5214061	7	3821949	7	3821949	0.0500370360776661	0.3697505902753909	0	191239	0	0	True	60.24902	1.320377	magicc_v5	-11.051795237873122	-0.6796187806400809	11.051795237873122	0.6796187806400809	medium	medium
G_r015_substitution_titv_0p1pct	15	6	substitution_titv	0.001	0.1	titv_2	RS_GCF_007752345.1	Planctomycetota	Bacteria	high	71.30081523787312	1.9999957806400808	71.30081523787312	1.9999957806400808	5214061	7	3821949	7	3821949	0.0010047229829597	0.0089640838741259	0	3840	0	0	True	66.52135	0.25538504	magicc_v5	-4.779465237873126	-1.7446107406400808	4.779465237873126	1.7446107406400808	medium	medium
G_r015_substitution_titv_0p5pct	15	7	substitution_titv	0.005	0.5	titv_2	RS_GCF_007752345.1	Planctomycetota	Bacteria	high	71.30081523787312	1.9999957806400808	71.30081523787312	1.9999957806400808	5214061	7	3821949	7	3821949	0.0050039914190377	0.0441104216424403	0	19125	0	0	True	66.99863	0.29892623	magicc_v5	-4.302185237873118	-1.7010695506400808	4.302185237873118	1.7010695506400808	medium	medium
G_r015_substitution_titv_1pct	15	8	substitution_titv	0.01	1.0	titv_2	RS_GCF_007752345.1	Planctomycetota	Bacteria	high	71.30081523787312	1.9999957806400808	71.30081523787312	1.9999957806400808	5214061	7	3821949	7	3821949	0.0098483784058866	0.0864827525163591	0	37640	0	0	True	66.65817	0.5767673	magicc_v5	-4.6426452378731256	-1.4232284806400808	4.6426452378731256	1.4232284806400808	medium	medium
G_r015_substitution_titv_2pct	15	9	substitution_titv	0.02	2.0	titv_2	RS_GCF_007752345.1	Planctomycetota	Bacteria	high	71.30081523787312	1.9999957806400808	71.30081523787312	1.9999957806400808	5214061	7	3821949	7	3821949	0.0200345425854714	0.1662522378698502	0	76571	0	0	True	65.12485	0.3881067	magicc_v5	-6.175965237873129	-1.6118890806400807	6.175965237873129	1.6118890806400807	medium	medium
G_r015_substitution_titv_5pct	15	10	substitution_titv	0.05	5.0	titv_2	RS_GCF_007752345.1	Planctomycetota	Bacteria	high	71.30081523787312	1.9999957806400808	71.30081523787312	1.9999957806400808	5214061	7	3821949	7	3821949	0.0500932900988474	0.3697505902753909	0	191454	0	0	True	66.23686	0.82646906	magicc_v5	-5.063955237873131	-1.1735267206400808	5.063955237873131	1.1735267206400808	medium	medium
G_r015_indel_0p1pct	15	11	indel	0.001	0.1	ins0.5_geom0.75	RS_GCF_007752345.1	Planctomycetota	Bacteria	high	71.30081523787312	1.9999957806400808	71.30061002609044	1.9999957806400808	5214061	7	3821949	7	3821938	0.0010041996897394		0	0	3838	0	True	67.18712	0.25877953	magicc_v5	-4.113695237873131	-1.7412162506400808	4.113695237873131	1.7412162506400808	medium	medium
G_r015_indel_0p5pct	15	12	indel	0.005	0.5	ins0.5_geom0.75	RS_GCF_007752345.1	Planctomycetota	Bacteria	high	71.30081523787312	1.9999957806400808	71.29641251235374	1.9999957806400808	5214061	7	3821949	7	3821713	0.0049995434266652		0	0	19108	0	True	66.61495	0.2555877	magicc_v5	-4.685865237873131	-1.7444080806400808	4.685865237873131	1.7444080806400808	medium	medium
G_r015_indel_1pct	15	13	indel	0.01	1.0	ins0.5_geom0.75	RS_GCF_007752345.1	Planctomycetota	Bacteria	high	71.30081523787312	1.9999957806400808	71.30579628750736	1.9999957806400808	5214061	7	3821949	7	3822216	0.0099849579363827		0	0	38162	0	True	66.15742	0.32704473	magicc_v5	-5.143395237873122	-1.6729510506400809	5.143395237873122	1.6729510506400809	medium	medium
G_r015_indel_2pct	15	14	indel	0.02	2.0	ins0.5_geom0.75	RS_GCF_007752345.1	Planctomycetota	Bacteria	high	71.30081523787312	1.9999957806400808	71.29844597456396	1.9999957806400808	5214061	7	3821949	7	3821822	0.0199809050303915		0	0	76366	0	True	67.080505	0.69824755	magicc_v5	-4.220310237873122	-1.3017482306400807	4.220310237873122	1.3017482306400807	medium	medium
G_r015_indel_5pct	15	15	indel	0.05	5.0	ins0.5_geom0.75	RS_GCF_007752345.1	Planctomycetota	Bacteria	high	71.30081523787312	1.9999957806400808	71.30447173872822	1.9999957806400808	5214061	7	3821949	7	3822145	0.0500325880852936		0	0	191222	0	True	62.476826	0.5360931	magicc_v5	-8.823989237873121	-1.4639026806400808	8.823989237873121	1.4639026806400808	medium	medium
G_r015_chimera_5pct	15	16	chimera	0.05	5.0	rc0.5	RS_GCF_007752345.1	Planctomycetota	Bacteria	high	71.30081523787312	1.9999957806400808	71.30081523787312	1.9999957806400808	5214061	7	3821949	6	3821949	0.2857142857142857		0	0	0	1	True	67.37732	0.24705231	magicc_v5	-3.9234952378731265	-1.7529434706400808	3.9234952378731265	1.7529434706400808	medium	medium
G_r015_chimera_10pct	15	17	chimera	0.1	10.0	rc0.5	RS_GCF_007752345.1	Planctomycetota	Bacteria	high	71.30081523787312	1.9999957806400808	71.30081523787312	1.9999957806400808	5214061	7	3821949	6	3821949	0.2857142857142857		0	0	0	1	True	67.37677	0.24705827	magicc_v5	-3.9240452378731305	-1.7529375106400809	3.9240452378731305	1.7529375106400809	medium	medium
G_r015_chimera_20pct	15	18	chimera	0.2	20.0	rc0.5	RS_GCF_007752345.1	Planctomycetota	Bacteria	high	71.30081523787312	1.9999957806400808	71.30081523787312	1.9999957806400808	5214061	7	3821949	6	3821949	0.2857142857142857		0	0	0	1	True	67.37732	0.24705231	magicc_v5	-3.9234952378731265	-1.7529434706400808	3.9234952378731265	1.7529434706400808	medium	medium
G_r015_chimera_40pct	15	19	chimera	0.4	40.0	rc0.5	RS_GCF_007752345.1	Planctomycetota	Bacteria	high	71.30081523787312	1.9999957806400808	71.30081523787312	1.9999957806400808	5214061	7	3821949	6	3821949	0.2857142857142857		0	0	0	1	True	67.37677	0.24705827	magicc_v5	-3.9240452378731305	-1.7529375106400809	3.9240452378731305	1.7529375106400809	medium	medium
G_r015_uneven_coverage_5pct	15	20	uneven_coverage	0.05	5.0	lognormal_sigma1.0	RS_GCF_007752345.1	Planctomycetota	Bacteria	high	71.30081523787312	1.9999957806400808	71.30081523787312	5.665027701056816	5214061	7	3821949	8	4013046	0.0499998822590254		191097	0	0	0	True	69.71444	0.33977628	magicc_v5	-1.5863752378731277	-1.6602195006400808	1.5863752378731277	1.6602195006400808	medium	medium
G_r015_uneven_coverage_10pct	15	21	uneven_coverage	0.1	10.0	lognormal_sigma1.0	RS_GCF_007752345.1	Planctomycetota	Bacteria	high	71.30081523787312	1.9999957806400808	71.30081523787312	9.330078800382276	5214061	7	3821949	9	4204144	0.100000026164661		382195	0	0	0	True	74.9949	0.3132254	magicc_v5	3.6940847621268773	-1.686770380640081	3.6940847621268773	1.686770380640081	medium	medium
G_r015_uneven_coverage_20pct	15	22	uneven_coverage	0.2	20.0	lognormal_sigma1.0	RS_GCF_007752345.1	Planctomycetota	Bacteria	high	71.30081523787312	1.9999957806400808	71.30081523787312	16.66016182012447	5214061	7	3821949	10	4586339	0.200000052329322		764390	0	0	0	True	76.350464	0.41211247	magicc_v5	5.049648762126878	-1.5878833106400807	5.049648762126878	1.5878833106400807	medium	medium
G_r015_uneven_coverage_40pct	15	23	uneven_coverage	0.4	40.0	lognormal_sigma1.0	RS_GCF_007752345.1	Planctomycetota	Bacteria	high	71.30081523787312	1.9999957806400808	71.30081523787312	31.32032785960885	5214061	7	3821949	11	5350729	0.400000104658644		1528780	0	0	0	True	98.033844	0.42175353	magicc_v5	26.733028762126878	-1.5782422506400808	26.733028762126878	1.5782422506400808	high	medium
G_r016_none_control	16	0	none	0.0	0.0	control	RS_GCF_004684285.1	Chloroflexota	Bacteria	highly_fragmented	79.8641410952798	19.999957816527203	79.8641410952798	19.999957816527203	1422358	187	1420425	187	1420425	0.0		0	0	0	0	True	82.2552	15.0744705	magicc_v5	2.3910589047201967	-4.925487316527203	2.3910589047201967	4.925487316527203	low	low
G_r016_substitution_0p1pct	16	1	substitution	0.001	0.1	uniform	RS_GCF_004684285.1	Chloroflexota	Bacteria	highly_fragmented	79.8641410952798	19.999957816527203	79.8641410952798	19.999957816527203	1422358	187	1420425	187	1420425	0.0009828044423324	0.0089640838741259	0	1396	0	0	True	81.83857	16.040432	magicc_v5	1.9744289047201988	-3.9595258165272043	1.9744289047201988	3.9595258165272043	low	low
G_r016_substitution_0p5pct	16	2	substitution	0.005	0.5	uniform	RS_GCF_004684285.1	Chloroflexota	Bacteria	highly_fragmented	79.8641410952798	19.999957816527203	79.8641410952798	19.999957816527203	1422358	187	1420425	187	1420425	0.004916838270236	0.0441104216424403	0	6984	0	0	True	81.578674	16.918608	magicc_v5	1.7145329047202011	-3.0813498165272044	1.7145329047202011	3.0813498165272044	low	low
G_r016_substitution_1pct	16	3	substitution	0.01	1.0	uniform	RS_GCF_004684285.1	Chloroflexota	Bacteria	highly_fragmented	79.8641410952798	19.999957816527203	79.8641410952798	19.999957816527203	1422358	187	1420425	187	1420425	0.0099878557473995	0.0864827525163591	0	14187	0	0	True	79.633	17.488708	magicc_v5	-0.23114109527980986	-2.5112498165272044	0.23114109527980986	2.5112498165272044	low	low
G_r016_substitution_2pct	16	4	substitution	0.02	2.0	uniform	RS_GCF_004684285.1	Chloroflexota	Bacteria	highly_fragmented	79.8641410952798	19.999957816527203	79.8641410952798	19.999957816527203	1422358	187	1420425	187	1420425	0.0200334406955664	0.1662522378698502	0	28456	0	0	True	74.64969	24.129068	magicc_v5	-5.214451095279799	4.129110183472797	5.214451095279799	4.129110183472797	low	low
G_r016_substitution_5pct	16	5	substitution	0.05	5.0	uniform	RS_GCF_004684285.1	Chloroflexota	Bacteria	highly_fragmented	79.8641410952798	19.999957816527203	79.8641410952798	19.999957816527203	1422358	187	1420425	187	1420425	0.0498315644965415	0.3697505902753909	0	70782	0	0	True	69.8549	26.629293	magicc_v5	-10.009241095279805	6.629335183472797	10.009241095279805	6.629335183472797	low	low
G_r016_substitution_titv_0p1pct	16	6	substitution_titv	0.001	0.1	titv_2	RS_GCF_004684285.1	Chloroflexota	Bacteria	highly_fragmented	79.8641410952798	19.999957816527203	79.8641410952798	19.999957816527203	1422358	187	1420425	187	1420425	0.0010165971452206	0.0089640838741259	0	1444	0	0	True	81.78486	15.635112	magicc_v5	1.9207189047201894	-4.364845816527204	1.9207189047201894	4.364845816527204	low	low
G_r016_substitution_titv_0p5pct	16	7	substitution_titv	0.005	0.5	titv_2	RS_GCF_004684285.1	Chloroflexota	Bacteria	highly_fragmented	79.8641410952798	19.999957816527203	79.8641410952798	19.999957816527203	1422358	187	1420425	187	1420425	0.0049696393684988	0.0441104216424403	0	7059	0	0	True	81.11888	16.067833	magicc_v5	1.2547389047201989	-3.932124816527203	1.2547389047201989	3.932124816527203	low	low
G_r016_substitution_titv_1pct	16	8	substitution_titv	0.01	1.0	titv_2	RS_GCF_004684285.1	Chloroflexota	Bacteria	highly_fragmented	79.8641410952798	19.999957816527203	79.8641410952798	19.999957816527203	1422358	187	1420425	187	1420425	0.0099625112202333	0.0864827525163591	0	14151	0	0	True	78.575455	18.855286	magicc_v5	-1.2886860952798003	-1.1446718165272038	1.2886860952798003	1.1446718165272038	low	low
G_r016_substitution_titv_2pct	16	9	substitution_titv	0.02	2.0	titv_2	RS_GCF_004684285.1	Chloroflexota	Bacteria	highly_fragmented	79.8641410952798	19.999957816527203	79.8641410952798	19.999957816527203	1422358	187	1420425	187	1420425	0.0197546508967386	0.1662522378698502	0	28060	0	0	True	78.58206	17.734459	magicc_v5	-1.282081095279807	-2.2654988165272023	1.282081095279807	2.2654988165272023	low	low
G_r016_substitution_titv_5pct	16	10	substitution_titv	0.05	5.0	titv_2	RS_GCF_004684285.1	Chloroflexota	Bacteria	highly_fragmented	79.8641410952798	19.999957816527203	79.8641410952798	19.999957816527203	1422358	187	1420425	187	1420425	0.0497815794568527	0.3697505902753909	0	70711	0	0	True	74.20146	20.930761	magicc_v5	-5.662681095279808	0.930803183472797	5.662681095279808	0.930803183472797	low	low
G_r016_indel_0p1pct	16	11	indel	0.001	0.1	ins0.5_geom0.75	RS_GCF_004684285.1	Chloroflexota	Bacteria	highly_fragmented	79.8641410952798	19.999957816527203	79.86161094666282	19.999957816527203	1422358	187	1420425	187	1420380	0.00100040480842		0	0	1421	0	True	82.35634	15.0524025	magicc_v5	2.4921989047201976	-4.947555316527204	2.4921989047201976	4.947555316527204	low	low
G_r016_indel_0p5pct	16	12	indel	0.005	0.5	ins0.5_geom0.75	RS_GCF_004684285.1	Chloroflexota	Bacteria	highly_fragmented	79.8641410952798	19.999957816527203	79.87218134532935	19.999957816527203	1422358	187	1420425	187	1420568	0.0049872397345864		0	0	7084	0	True	80.49234	16.572746	magicc_v5	0.6281989047201932	-3.4272118165272047	0.6281989047201932	3.4272118165272047	low	low
G_r016_indel_1pct	16	13	indel	0.01	1.0	ins0.5_geom0.75	RS_GCF_004684285.1	Chloroflexota	Bacteria	highly_fragmented	79.8641410952798	19.999957816527203	79.87555487681868	19.999957816527203	1422358	187	1420425	187	1420628	0.0100188323917137		0	0	14231	0	True	79.32485	17.686039	magicc_v5	-0.5392910952798076	-2.3139188165272024	0.5392910952798076	2.3139188165272024	low	low
G_r016_indel_2pct	16	14	indel	0.02	2.0	ins0.5_geom0.75	RS_GCF_004684285.1	Chloroflexota	Bacteria	highly_fragmented	79.8641410952798	19.999957816527203	79.87122551140737	19.999957816527203	1422358	187	1420425	187	1420551	0.0202615414400619		0	0	28780	0	True	78.56215	17.424715	magicc_v5	-1.3019910952798028	-2.5752428165272043	1.3019910952798028	2.5752428165272043	low	low
G_r016_indel_5pct	16	15	indel	0.05	5.0	ins0.5_geom0.75	RS_GCF_004684285.1	Chloroflexota	Bacteria	highly_fragmented	79.8641410952798	19.999957816527203	79.84794814413107	19.999957816527203	1422358	187	1420425	187	1420137	0.049982927644895		0	0	70997	0	True	70.32168	24.966928	magicc_v5	-9.542461095279805	4.966970183472796	9.542461095279805	4.966970183472796	low	low
G_r016_chimera_5pct	16	16	chimera	0.05	5.0	rc0.5	RS_GCF_004684285.1	Chloroflexota	Bacteria	highly_fragmented	79.8641410952798	19.999957816527203	79.8641410952798	19.999957816527203	1422358	187	1420425	182	1420425	0.053475935828877		0	0	0	5	True	82.259964	15.070597	magicc_v5	2.395822904720191	-4.929360816527204	2.395822904720191	4.929360816527204	low	low
G_r016_chimera_10pct	16	17	chimera	0.1	10.0	rc0.5	RS_GCF_004684285.1	Chloroflexota	Bacteria	highly_fragmented	79.8641410952798	19.999957816527203	79.8641410952798	19.999957816527203	1422358	187	1420425	178	1420425	0.0962566844919786		0	0	0	9	True	82.26186	15.0838585	magicc_v5	2.3977189047201932	-4.9160993165272036	2.3977189047201932	4.9160993165272036	low	low
G_r016_chimera_20pct	16	18	chimera	0.2	20.0	rc0.5	RS_GCF_004684285.1	Chloroflexota	Bacteria	highly_fragmented	79.8641410952798	19.999957816527203	79.8641410952798	19.999957816527203	1422358	187	1420425	169	1420425	0.1925133689839572		0	0	0	18	True	82.23266	15.097544	magicc_v5	2.36851890472019	-4.902413816527204	2.36851890472019	4.902413816527204	low	low
G_r016_chimera_40pct	16	19	chimera	0.4	40.0	rc0.5	RS_GCF_004684285.1	Chloroflexota	Bacteria	highly_fragmented	79.8641410952798	19.999957816527203	79.8641410952798	19.999957816527203	1422358	187	1420425	150	1420425	0.3957219251336898		0	0	0	37	True	82.21973	15.151819	magicc_v5	2.355588904720193	-4.848138816527204	2.355588904720193	4.848138816527204	low	low
G_r016_uneven_coverage_5pct	16	20	uneven_coverage	0.05	5.0	lognormal_sigma1.0	RS_GCF_004684285.1	Chloroflexota	Bacteria	highly_fragmented	79.8641410952798	19.999957816527203	79.8641410952798	24.99314518567056	1422358	187	1420425	201	1491446	0.0499998239963391		71021	0	0	0	True	85.25262	15.587303	magicc_v5	5.388478904720188	-4.412654816527203	5.388478904720188	4.412654816527203	low	low
G_r016_uneven_coverage_10pct	16	21	uneven_coverage	0.1	10.0	lognormal_sigma1.0	RS_GCF_004684285.1	Chloroflexota	Bacteria	highly_fragmented	79.8641410952798	19.999957816527203	79.8641410952798	29.986332554813902	1422358	187	1420425	215	1562467	0.0999996479926782		142042	0	0	0	True	92.16347	13.316384	magicc_v5	12.299328904720198	-6.683573816527204	12.299328904720198	6.683573816527204	low	low
G_r016_uneven_coverage_20pct	16	22	uneven_coverage	0.2	20.0	lognormal_sigma1.0	RS_GCF_004684285.1	Chloroflexota	Bacteria	highly_fragmented	79.8641410952798	19.999957816527203	79.8641410952798	39.972777598888605	1422358	187	1420425	222	1704510	0.2		284085	0	0	0	True	98.56764	15.96219	magicc_v5	18.703498904720192	-4.037767816527204	18.703498904720192	4.037767816527204	low	low
G_r016_uneven_coverage_40pct	16	23	uneven_coverage	0.4	40.0	lognormal_sigma1.0	RS_GCF_004684285.1	Chloroflexota	Bacteria	highly_fragmented	79.8641410952798	19.999957816527203	79.8641410952798	59.94559738125001	1422358	187	1420425	283	1988595	0.4		568170	0	0	0	True	89.63443	42.321156	magicc_v5	9.77028890472019	22.3211981834728	9.77028890472019	22.3211981834728	low	low
G_r017_none_control	17	0	none	0.0	0.0	control	RS_GCF_019904315.1	Desulfobacterota	Bacteria	low	59.58685545582793	19.99997910430062	59.58685545582793	19.99997910430062	3828539	35	3047013	35	3047013	0.0		0	0	0	0	True	59.88401	22.147459	magicc_v5	0.29715454417207354	2.14747989569938	0.29715454417207354	2.14747989569938	low	low
G_r017_substitution_0p1pct	17	1	substitution	0.001	0.1	uniform	RS_GCF_019904315.1	Desulfobacterota	Bacteria	low	59.58685545582793	19.99997910430062	59.58685545582793	19.99997910430062	3828539	35	3047013	35	3047013	0.0010141079148661	0.0089640838741259	0	3090	0	0	True	59.688	22.277275	magicc_v5	0.10114454417207241	2.2772958956993783	0.10114454417207241	2.2772958956993783	low	low
G_r017_substitution_0p5pct	17	2	substitution	0.005	0.5	uniform	RS_GCF_019904315.1	Desulfobacterota	Bacteria	low	59.58685545582793	19.99997910430062	59.58685545582793	19.99997910430062	3828539	35	3047013	35	3047013	0.0050400178798055	0.0441104216424403	0	15357	0	0	True	58.384964	21.87794	magicc_v5	-1.2018914558279334	1.8779608956993776	1.2018914558279334	1.8779608956993776	low	low
G_r017_substitution_1pct	17	3	substitution	0.01	1.0	uniform	RS_GCF_019904315.1	Desulfobacterota	Bacteria	low	59.58685545582793	19.99997910430062	59.58685545582793	19.99997910430062	3828539	35	3047013	35	3047013	0.0100587033924699	0.0864827525163591	0	30649	0	0	True	57.568996	23.291388	magicc_v5	-2.0178594558279315	3.29140889569938	2.0178594558279315	3.29140889569938	low	low
G_r017_substitution_2pct	17	4	substitution	0.02	2.0	uniform	RS_GCF_019904315.1	Desulfobacterota	Bacteria	low	59.58685545582793	19.99997910430062	59.58685545582793	19.99997910430062	3828539	35	3047013	35	3047013	0.0199155697727577	0.1662522378698502	0	60683	0	0	True	55.91179	22.765415	magicc_v5	-3.6750654558279265	2.7654358956993796	3.6750654558279265	2.7654358956993796	low	low
G_r017_substitution_5pct	17	5	substitution	0.05	5.0	uniform	RS_GCF_019904315.1	Desulfobacterota	Bacteria	low	59.58685545582793	19.99997910430062	59.58685545582793	19.99997910430062	3828539	35	3047013	35	3047013	0.0499649985083752	0.3697505902753909	0	152244	0	0	True	53.621803	23.262304	magicc_v5	-5.96505245582793	3.262324895699379	5.96505245582793	3.262324895699379	low	low
G_r017_substitution_titv_0p1pct	17	6	substitution_titv	0.001	0.1	titv_2	RS_GCF_019904315.1	Desulfobacterota	Bacteria	low	59.58685545582793	19.99997910430062	59.58685545582793	19.99997910430062	3828539	35	3047013	35	3047013	0.0010147642953935	0.0089640838741259	0	3092	0	0	True	59.636494	22.510254	magicc_v5	0.04963854417206903	2.5102748956993786	0.04963854417206903	2.5102748956993786	low	low
G_r017_substitution_titv_0p5pct	17	7	substitution_titv	0.005	0.5	titv_2	RS_GCF_019904315.1	Desulfobacterota	Bacteria	low	59.58685545582793	19.99997910430062	59.58685545582793	19.99997910430062	3828539	35	3047013	35	3047013	0.0049208848140785	0.0441104216424403	0	14994	0	0	True	58.132763	23.299965	magicc_v5	-1.454092455827933	3.299985895699379	1.454092455827933	3.299985895699379	low	low
G_r017_substitution_titv_1pct	17	8	substitution_titv	0.01	1.0	titv_2	RS_GCF_019904315.1	Desulfobacterota	Bacteria	low	59.58685545582793	19.99997910430062	59.58685545582793	19.99997910430062	3828539	35	3047013	35	3047013	0.0100078339015947	0.0864827525163591	0	30494	0	0	True	57.150356	24.678078	magicc_v5	-2.436499455827928	4.678098895699378	2.436499455827928	4.678098895699378	low	low
G_r017_substitution_titv_2pct	17	9	substitution_titv	0.02	2.0	titv_2	RS_GCF_019904315.1	Desulfobacterota	Bacteria	low	59.58685545582793	19.99997910430062	59.58685545582793	19.99997910430062	3828539	35	3047013	35	3047013	0.0199260718611965	0.1662522378698502	0	60715	0	0	True	56.820004	25.054417	magicc_v5	-2.7668514558279327	5.05443789569938	2.7668514558279327	5.05443789569938	low	low
G_r017_substitution_titv_5pct	17	10	substitution_titv	0.05	5.0	titv_2	RS_GCF_019904315.1	Desulfobacterota	Bacteria	low	59.58685545582793	19.99997910430062	59.58685545582793	19.99997910430062	3828539	35	3047013	35	3047013	0.0499134726369726	0.3697505902753909	0	152087	0	0	True	55.28776	27.022207	magicc_v5	-4.299095455827931	7.02222789569938	4.299095455827931	7.02222789569938	low	low
G_r017_indel_0p1pct	17	11	indel	0.001	0.1	ins0.5_geom0.75	RS_GCF_019904315.1	Desulfobacterota	Bacteria	low	59.58685545582793	19.99997910430062	59.5871096815634	19.99997910430062	3828539	35	3047013	35	3047026	0.0009826016495499		0	0	2994	0	True	59.65709	22.537613	magicc_v5	0.07023454417206665	2.537633895699379	0.07023454417206665	2.537633895699379	low	low
G_r017_indel_0p5pct	17	12	indel	0.005	0.5	ins0.5_geom0.75	RS_GCF_019904315.1	Desulfobacterota	Bacteria	low	59.58685545582793	19.99997910430062	59.58883059423431	19.99997910430062	3828539	35	3047013	35	3047114	0.0050081834242256		0	0	15260	0	True	58.64033	22.864733	magicc_v5	-0.9465254558279312	2.86475389569938	0.9465254558279312	2.86475389569938	low	low
G_r017_indel_1pct	17	13	indel	0.01	1.0	ins0.5_geom0.75	RS_GCF_019904315.1	Desulfobacterota	Bacteria	low	59.58685545582793	19.99997910430062	59.586053666969896	19.99997910430062	3828539	35	3047013	35	3046972	0.0100242434147803		0	0	30544	0	True	56.76892	23.962807	magicc_v5	-2.8179354558279286	3.9628278956993803	2.8179354558279286	3.9628278956993803	low	low
G_r017_indel_2pct	17	14	indel	0.02	2.0	ins0.5_geom0.75	RS_GCF_019904315.1	Desulfobacterota	Bacteria	low	59.58685545582793	19.99997910430062	59.58294429066678	19.99997910430062	3828539	35	3047013	35	3046813	0.0200950898470075		0	0	61230	0	True	56.43736	23.524212	magicc_v5	-3.149495455827932	3.5242328956993774	3.149495455827932	3.5242328956993774	low	low
G_r017_indel_5pct	17	15	indel	0.05	5.0	ins0.5_geom0.75	RS_GCF_019904315.1	Desulfobacterota	Bacteria	low	59.58685545582793	19.99997910430062	59.58971060639556	19.99997910430062	3828539	35	3047013	35	3047159	0.0498478345842305		0	0	151887	0	True	53.237526	23.149189	magicc_v5	-6.349329455827927	3.1492098956993786	6.349329455827927	3.1492098956993786	low	low
G_r017_chimera_5pct	17	16	chimera	0.05	5.0	rc0.5	RS_GCF_019904315.1	Desulfobacterota	Bacteria	low	59.58685545582793	19.99997910430062	59.58685545582793	19.99997910430062	3828539	35	3047013	34	3047013	0.0571428571428571		0	0	0	1	True	59.88401	22.147459	magicc_v5	0.29715454417207354	2.14747989569938	0.29715454417207354	2.14747989569938	low	low
G_r017_chimera_10pct	17	17	chimera	0.1	10.0	rc0.5	RS_GCF_019904315.1	Desulfobacterota	Bacteria	low	59.58685545582793	19.99997910430062	59.58685545582793	19.99997910430062	3828539	35	3047013	34	3047013	0.0571428571428571		0	0	0	1	True	59.884098	22.156351	magicc_v5	0.29724254417207163	2.1563718956993796	0.29724254417207163	2.1563718956993796	low	low
G_r017_chimera_20pct	17	18	chimera	0.2	20.0	rc0.5	RS_GCF_019904315.1	Desulfobacterota	Bacteria	low	59.58685545582793	19.99997910430062	59.58685545582793	19.99997910430062	3828539	35	3047013	31	3047013	0.2285714285714285		0	0	0	4	True	59.880207	22.136793	magicc_v5	0.29335154417206866	2.1368138956993796	0.29335154417206866	2.1368138956993796	low	low
G_r017_chimera_40pct	17	19	chimera	0.4	40.0	rc0.5	RS_GCF_019904315.1	Desulfobacterota	Bacteria	low	59.58685545582793	19.99997910430062	59.58685545582793	19.99997910430062	3828539	35	3047013	28	3047013	0.4		0	0	0	7	True	59.88918	22.148949	magicc_v5	0.3023245441720732	2.1489698956993806	0.3023245441720732	2.1489698956993806	low	low
G_r017_uneven_coverage_5pct	17	20	uneven_coverage	0.05	5.0	lognormal_sigma1.0	RS_GCF_019904315.1	Desulfobacterota	Bacteria	low	59.58685545582793	19.99997910430062	59.58685545582793	23.979329974175528	3828539	35	3047013	38	3199364	0.0500001148665922		152351	0	0	0	True	63.361103	22.753176	magicc_v5	3.77424754417207	2.7531968956993786	3.77424754417207	2.7531968956993786	low	low
G_r017_uneven_coverage_10pct	17	21	uneven_coverage	0.1	10.0	lognormal_sigma1.0	RS_GCF_019904315.1	Desulfobacterota	Bacteria	low	59.58685545582793	19.99997910430062	59.58685545582793	27.95865472442621	3828539	35	3047013	40	3351714	0.0999999015429208		304701	0	0	0	True	67.05357	22.500017	magicc_v5	7.4667145441720635	2.5000378956993785	7.4667145441720635	2.5000378956993785	low	low
G_r017_uneven_coverage_20pct	17	22	uneven_coverage	0.2	20.0	lognormal_sigma1.0	RS_GCF_019904315.1	Desulfobacterota	Bacteria	low	59.58685545582793	19.99997910430062	59.58685545582793	35.917356464176024	3828539	35	3047013	45	3656416	0.2000001312761055		609403	0	0	0	True	75.551506	23.229044	magicc_v5	15.964650544172073	3.229064895699377	15.964650544172073	3.229064895699377	low	low
G_r017_uneven_coverage_40pct	17	23	uneven_coverage	0.4	40.0	lognormal_sigma1.0	RS_GCF_019904315.1	Desulfobacterota	Bacteria	low	59.58685545582793	19.99997910430062	59.58685545582793	51.8347077044272	3828539	35	3047013	55	4265818	0.3999999343619472		1218805	0	0	0	True	86.10297	26.382837	magicc_v5	26.51611454417207	6.382857895699377	26.51611454417207	6.382857895699377	low	low
G_r018_none_control	18	0	none	0.0	0.0	control	RS_GCF_000265525.1	Methanobacteriota_B	Archaea	high	90.43681706474808	19.99996923570729	90.43681706474808	19.99996923570729	1950313	11	2153863	11	2153863	0.0		0	0	0	0	True	98.326065	14.122427	magicc_v5	7.889247935251916	-5.87754223570729	7.889247935251916	5.87754223570729	low	low
G_r018_substitution_0p1pct	18	1	substitution	0.001	0.1	uniform	RS_GCF_000265525.1	Methanobacteriota_B	Archaea	high	90.43681706474808	19.99996923570729	90.43681706474808	19.99996923570729	1950313	11	2153863	11	2153863	0.0009935636574842	0.0089640838741259	0	2140	0	0	True	98.18182	14.472797	magicc_v5	7.745002935251918	-5.52717223570729	7.745002935251918	5.52717223570729	low	low
G_r018_substitution_0p5pct	18	2	substitution	0.005	0.5	uniform	RS_GCF_000265525.1	Methanobacteriota_B	Archaea	high	90.43681706474808	19.99996923570729	90.43681706474808	19.99996923570729	1950313	11	2153863	11	2153863	0.0049933538019827	0.0441104216424403	0	10755	0	0	True	96.64964	15.151217	magicc_v5	6.212822935251921	-4.848752235707289	6.212822935251921	4.848752235707289	low	low
G_r018_substitution_1pct	18	3	substitution	0.01	1.0	uniform	RS_GCF_000265525.1	Methanobacteriota_B	Archaea	high	90.43681706474808	19.99996923570729	90.43681706474808	19.99996923570729	1950313	11	2153863	11	2153863	0.0101171708692707	0.0864827525163591	0	21791	0	0	True	94.45112	17.147615	magicc_v5	4.014302935251919	-2.852354235707292	4.014302935251919	2.852354235707292	low	low
G_r018_substitution_2pct	18	4	substitution	0.02	2.0	uniform	RS_GCF_000265525.1	Methanobacteriota_B	Archaea	high	90.43681706474808	19.99996923570729	90.43681706474808	19.99996923570729	1950313	11	2153863	11	2153863	0.0197431312947945	0.1662522378698502	0	42524	0	0	True	90.07782	19.671028	magicc_v5	-0.35899706474808113	-0.3289412357072905	0.35899706474808113	0.3289412357072905	low	low
G_r018_substitution_5pct	18	5	substitution	0.05	5.0	uniform	RS_GCF_000265525.1	Methanobacteriota_B	Archaea	high	90.43681706474808	19.99996923570729	90.43681706474808	19.99996923570729	1950313	11	2153863	11	2153863	0.0499739305610431	0.3697505902753909	0	107637	0	0	True	79.80085	26.646164	magicc_v5	-10.635967064748087	6.646194764292709	10.635967064748087	6.646194764292709	low	low
G_r018_substitution_titv_0p1pct	18	6	substitution_titv	0.001	0.1	titv_2	RS_GCF_000265525.1	Methanobacteriota_B	Archaea	high	90.43681706474808	19.99996923570729	90.43681706474808	19.99996923570729	1950313	11	2153863	11	2153863	0.0009527068341858	0.0089640838741259	0	2052	0	0	True	98.23243	14.393637	magicc_v5	7.79561293525191	-5.60633223570729	7.79561293525191	5.60633223570729	low	low
G_r018_substitution_titv_0p5pct	18	7	substitution_titv	0.005	0.5	titv_2	RS_GCF_000265525.1	Methanobacteriota_B	Archaea	high	90.43681706474808	19.99996923570729	90.43681706474808	19.99996923570729	1950313	11	2153863	11	2153863	0.0050263178298712	0.0441104216424403	0	10826	0	0	True	97.407166	15.648571	magicc_v5	6.97034893525192	-4.35139823570729	6.97034893525192	4.35139823570729	low	low
G_r018_substitution_titv_1pct	18	8	substitution_titv	0.01	1.0	titv_2	RS_GCF_000265525.1	Methanobacteriota_B	Archaea	high	90.43681706474808	19.99996923570729	90.43681706474808	19.99996923570729	1950313	11	2153863	11	2153863	0.0099797433727214	0.0864827525163591	0	21495	0	0	True	93.81201	17.36323	magicc_v5	3.375192935251917	-2.6367392357072887	3.375192935251917	2.6367392357072887	low	low
G_r018_substitution_titv_2pct	18	9	substitution_titv	0.02	2.0	titv_2	RS_GCF_000265525.1	Methanobacteriota_B	Archaea	high	90.43681706474808	19.99996923570729	90.43681706474808	19.99996923570729	1950313	11	2153863	11	2153863	0.019922344178808	0.1662522378698502	0	42910	0	0	True	86.653885	20.599255	magicc_v5	-3.7829320647480813	0.5992857642927092	3.7829320647480813	0.5992857642927092	low	low
G_r018_substitution_titv_5pct	18	10	substitution_titv	0.05	5.0	titv_2	RS_GCF_000265525.1	Methanobacteriota_B	Archaea	high	90.43681706474808	19.99996923570729	90.43681706474808	19.99996923570729	1950313	11	2153863	11	2153863	0.0497269324929208	0.3697505902753909	0	107105	0	0	True	80.577896	26.228943	magicc_v5	-9.858921064748088	6.228973764292711	9.858921064748088	6.228973764292711	low	low
G_r018_indel_0p1pct	18	11	indel	0.001	0.1	ins0.5_geom0.75	RS_GCF_000265525.1	Methanobacteriota_B	Archaea	high	90.43681706474808	19.99996923570729	90.43820267514351	19.99996923570729	1950313	11	2153863	11	2153896	0.0009824208874937		0	0	2116	0	True	98.292404	14.09525	magicc_v5	7.855586935251921	-5.90471923570729	7.855586935251921	5.90471923570729	low	low
G_r018_indel_0p5pct	18	12	indel	0.005	0.5	ins0.5_geom0.75	RS_GCF_000265525.1	Methanobacteriota_B	Archaea	high	90.43681706474808	19.99996923570729	90.43190444607336	19.99996923570729	1950313	11	2153863	11	2153746	0.0049278900282887		0	0	10614	0	True	96.95426	14.789253	magicc_v5	6.517442935251921	-5.21071623570729	6.517442935251921	5.21071623570729	low	low
G_r018_indel_1pct	18	13	indel	0.01	1.0	ins0.5_geom0.75	RS_GCF_000265525.1	Methanobacteriota_B	Archaea	high	90.43681706474808	19.99996923570729	90.43627121822868	19.99996923570729	1950313	11	2153863	11	2153850	0.0101287779213441		0	0	21816	0	True	89.41243	17.327755	magicc_v5	-1.0243870647480833	-2.6722142357072904	1.0243870647480833	2.6722142357072904	low	low
G_r018_indel_2pct	18	14	indel	0.02	2.0	ins0.5_geom0.75	RS_GCF_000265525.1	Methanobacteriota_B	Archaea	high	90.43681706474808	19.99996923570729	90.43828665153109	19.99996923570729	1950313	11	2153863	11	2153898	0.0200295933399663		0	0	43141	0	True	85.478195	19.63564	magicc_v5	-4.958622064748084	-0.3643292357072916	4.958622064748084	0.3643292357072916	low	low
G_r018_indel_5pct	18	15	indel	0.05	5.0	ins0.5_geom0.75	RS_GCF_000265525.1	Methanobacteriota_B	Archaea	high	90.43681706474808	19.99996923570729	90.3999514305908	19.99996923570729	1950313	11	2153863	11	2152985	0.049952109303145		0	0	107590	0	True	76.39062	25.707722	magicc_v5	-14.046197064748085	5.70775276429271	14.046197064748085	5.70775276429271	low	low
G_r018_chimera_5pct	18	16	chimera	0.05	5.0	rc0.5	RS_GCF_000265525.1	Methanobacteriota_B	Archaea	high	90.43681706474808	19.99996923570729	90.43681706474808	19.99996923570729	1950313	11	2153863	10	2153863	0.1818181818181818		0	0	0	1	True	98.326065	14.122427	magicc_v5	7.889247935251916	-5.87754223570729	7.889247935251916	5.87754223570729	low	low
G_r018_chimera_10pct	18	17	chimera	0.1	10.0	rc0.5	RS_GCF_000265525.1	Methanobacteriota_B	Archaea	high	90.43681706474808	19.99996923570729	90.43681706474808	19.99996923570729	1950313	11	2153863	10	2153863	0.1818181818181818		0	0	0	1	True	98.326065	14.122427	magicc_v5	7.889247935251916	-5.87754223570729	7.889247935251916	5.87754223570729	low	low
G_r018_chimera_20pct	18	18	chimera	0.2	20.0	rc0.5	RS_GCF_000265525.1	Methanobacteriota_B	Archaea	high	90.43681706474808	19.99996923570729	90.43681706474808	19.99996923570729	1950313	11	2153863	10	2153863	0.1818181818181818		0	0	0	1	True	98.326065	14.122427	magicc_v5	7.889247935251916	-5.87754223570729	7.889247935251916	5.87754223570729	low	low
G_r018_chimera_40pct	18	19	chimera	0.4	40.0	rc0.5	RS_GCF_000265525.1	Methanobacteriota_B	Archaea	high	90.43681706474808	19.99996923570729	90.43681706474808	19.99996923570729	1950313	11	2153863	9	2153863	0.3636363636363636		0	0	0	2	True	98.326065	14.122427	magicc_v5	7.889247935251916	-5.87754223570729	7.889247935251916	5.87754223570729	low	low
G_r018_uneven_coverage_5pct	18	20	uneven_coverage	0.05	5.0	lognormal_sigma1.0	RS_GCF_000265525.1	Methanobacteriota_B	Archaea	high	90.43681706474808	19.99996923570729	90.43681706474808	25.521800859656885	1950313	11	2153863	12	2261556	0.0499999303576875		107693	0	0	0	True	98.63576	19.146336	magicc_v5	8.198942935251921	-0.8536332357072887	8.198942935251921	0.8536332357072887	low	low
G_r018_uneven_coverage_10pct	18	21	uneven_coverage	0.1	10.0	lognormal_sigma1.0	RS_GCF_000265525.1	Methanobacteriota_B	Archaea	high	90.43681706474808	19.99996923570729	90.43681706474808	31.04363248360648	1950313	11	2153863	12	2369249	0.0999998607153751		215386	0	0	0	True	99.76875	17.761505	magicc_v5	9.331932935251913	-2.2384642357072906	9.331932935251913	2.2384642357072906	low	low
G_r018_uneven_coverage_20pct	18	22	uneven_coverage	0.2	20.0	lognormal_sigma1.0	RS_GCF_000265525.1	Methanobacteriota_B	Archaea	high	90.43681706474808	19.99996923570729	90.43681706474808	42.08734700532684	1950313	11	2153863	14	2584636	0.2000001857128331		430773	0	0	0	True	99.393616	28.653389	magicc_v5	8.95679893525191	8.65341976429271	8.95679893525191	8.65341976429271	low	low
G_r018_uneven_coverage_40pct	18	23	uneven_coverage	0.4	40.0	lognormal_sigma1.0	RS_GCF_000265525.1	Methanobacteriota_B	Archaea	high	90.43681706474808	19.99996923570729	90.43681706474808	64.1746735011252	1950313	11	2153863	21	3015408	0.3999999071435834		861545	0	0	0	True	93.37828	56.805992	magicc_v5	2.94146293525192	36.80602276429271	2.94146293525192	36.80602276429271	low	low
G_r019_none_control	19	0	none	0.0	0.0	control	GB_GCA_963693065.1	Acidobacteriota	Bacteria	medium	60.42513826454015	3.725765070955819	60.42513826454015	3.725765070955819	3720766	7	2386905	7	2386905	0.0		0	0	0	0	True	57.608803	0.64843595	magicc_v5	-2.8163352645401503	-3.077329120955819	2.8163352645401503	3.077329120955819	medium	medium
G_r019_substitution_0p1pct	19	1	substitution	0.001	0.1	uniform	GB_GCA_963693065.1	Acidobacteriota	Bacteria	medium	60.42513826454015	3.725765070955819	60.42513826454015	3.725765070955819	3720766	7	2386905	7	2386905	0.0009979450376114	0.0089640838741259	0	2382	0	0	True	57.206444	0.6027758	magicc_v5	-3.2186942645401544	-3.122989270955819	3.2186942645401544	3.122989270955819	medium	medium
G_r019_substitution_0p5pct	19	2	substitution	0.005	0.5	uniform	GB_GCA_963693065.1	Acidobacteriota	Bacteria	medium	60.42513826454015	3.725765070955819	60.42513826454015	3.725765070955819	3720766	7	2386905	7	2386905	0.0049562089819242	0.0441104216424403	0	11830	0	0	True	59.0482	0.993371	magicc_v5	-1.3769382645401507	-2.732394070955819	1.3769382645401507	2.732394070955819	medium	medium
G_r019_substitution_1pct	19	3	substitution	0.01	1.0	uniform	GB_GCA_963693065.1	Acidobacteriota	Bacteria	medium	60.42513826454015	3.725765070955819	60.42513826454015	3.725765070955819	3720766	7	2386905	7	2386905	0.0099610164627415	0.0864827525163591	0	23776	0	0	True	55.959217	0.94780326	magicc_v5	-4.46592126454015	-2.777961810955819	4.46592126454015	2.777961810955819	medium	medium
G_r019_substitution_2pct	19	4	substitution	0.02	2.0	uniform	GB_GCA_963693065.1	Acidobacteriota	Bacteria	medium	60.42513826454015	3.725765070955819	60.42513826454015	3.725765070955819	3720766	7	2386905	7	2386905	0.0200049855356622	0.1662522378698502	0	47750	0	0	True	57.212944	1.2785494	magicc_v5	-3.212194264540152	-2.447215670955819	3.212194264540152	2.447215670955819	medium	medium
G_r019_substitution_5pct	19	5	substitution	0.05	5.0	uniform	GB_GCA_963693065.1	Acidobacteriota	Bacteria	medium	60.42513826454015	3.725765070955819	60.42513826454015	3.725765070955819	3720766	7	2386905	7	2386905	0.0499173616042532	0.3697505902753909	0	119148	0	0	True	58.320366	4.738241	magicc_v5	-2.104772264540152	1.0124759290441814	2.104772264540152	1.0124759290441814	medium	medium
G_r019_substitution_titv_0p1pct	19	6	substitution_titv	0.001	0.1	titv_2	GB_GCA_963693065.1	Acidobacteriota	Bacteria	medium	60.42513826454015	3.725765070955819	60.42513826454015	3.725765070955819	3720766	7	2386905	7	2386905	0.000972388930435	0.0089640838741259	0	2321	0	0	True	57.615868	0.62695146	magicc_v5	-2.809270264540153	-3.098813610955819	2.809270264540153	3.098813610955819	medium	medium
G_r019_substitution_titv_0p5pct	19	7	substitution_titv	0.005	0.5	titv_2	GB_GCA_963693065.1	Acidobacteriota	Bacteria	medium	60.42513826454015	3.725765070955819	60.42513826454015	3.725765070955819	3720766	7	2386905	7	2386905	0.0049507625984276	0.0441104216424403	0	11817	0	0	True	56.93186	0.8260757	magicc_v5	-3.4932782645401517	-2.899689370955819	3.4932782645401517	2.899689370955819	medium	medium
G_r019_substitution_titv_1pct	19	8	substitution_titv	0.01	1.0	titv_2	GB_GCA_963693065.1	Acidobacteriota	Bacteria	medium	60.42513826454015	3.725765070955819	60.42513826454015	3.725765070955819	3720766	7	2386905	7	2386905	0.0099605975101648	0.0864827525163591	0	23775	0	0	True	57.860703	0.93434155	magicc_v5	-2.564435264540151	-2.791423520955819	2.564435264540151	2.791423520955819	medium	medium
G_r019_substitution_titv_2pct	19	9	substitution_titv	0.02	2.0	titv_2	GB_GCA_963693065.1	Acidobacteriota	Bacteria	medium	60.42513826454015	3.725765070955819	60.42513826454015	3.725765070955819	3720766	7	2386905	7	2386905	0.0199764967604492	0.1662522378698502	0	47682	0	0	True	60.91803	1.656419	magicc_v5	0.49289173545984966	-2.069346070955819	0.49289173545984966	2.069346070955819	medium	medium
G_r019_substitution_titv_5pct	19	10	substitution_titv	0.05	5.0	titv_2	GB_GCA_963693065.1	Acidobacteriota	Bacteria	medium	60.42513826454015	3.725765070955819	60.42513826454015	3.725765070955819	3720766	7	2386905	7	2386905	0.0499571620990362	0.3697505902753909	0	119243	0	0	True	59.48756	2.0043433	magicc_v5	-0.93757826454015	-1.721421770955819	0.93757826454015	1.721421770955819	medium	medium
G_r019_indel_0p1pct	19	11	indel	0.001	0.1	ins0.5_geom0.75	GB_GCA_963693065.1	Acidobacteriota	Bacteria	medium	60.42513826454015	3.725765070955819	60.42306241261572	3.725765070955819	3720766	7	2386905	7	2386823	0.0009837006500049		0	0	2348	0	True	58.29223	0.7172197	magicc_v5	-2.1329082645401485	-3.0085453709558188	2.1329082645401485	3.0085453709558188	medium	medium
G_r019_indel_0p5pct	19	12	indel	0.005	0.5	ins0.5_geom0.75	GB_GCA_963693065.1	Acidobacteriota	Bacteria	medium	60.42513826454015	3.725765070955819	60.425695200422325	3.725765070955819	3720766	7	2386905	7	2386927	0.0049758997530274		0	0	11877	0	True	56.636475	0.6923586	magicc_v5	-3.788663264540155	-3.033406470955819	3.788663264540155	3.033406470955819	medium	medium
G_r019_indel_1pct	19	13	indel	0.01	1.0	ins0.5_geom0.75	GB_GCA_963693065.1	Acidobacteriota	Bacteria	medium	60.42513826454015	3.725765070955819	60.431188613441854	3.725765070955819	3720766	7	2386905	7	2387144	0.0098474803144658		0	0	23505	0	True	54.724934	0.5745232	magicc_v5	-5.7002042645401545	-3.151241870955819	5.7002042645401545	3.151241870955819	medium	medium
G_r019_indel_2pct	19	14	indel	0.02	2.0	ins0.5_geom0.75	GB_GCA_963693065.1	Acidobacteriota	Bacteria	medium	60.42513826454015	3.725765070955819	60.42620150576974	3.725765070955819	3720766	7	2386905	7	2386947	0.0199547112264627		0	0	47630	0	True	56.91668	1.369527	magicc_v5	-3.5084582645401525	-2.3562380709558193	3.5084582645401525	2.3562380709558193	medium	medium
G_r019_indel_5pct	19	15	indel	0.05	5.0	ins0.5_geom0.75	GB_GCA_963693065.1	Acidobacteriota	Bacteria	medium	60.42513826454015	3.725765070955819	60.44539047843708	3.725765070955819	3720766	7	2386905	7	2387705	0.0498314763260372		0	0	118943	0	True	56.390945	11.481136	magicc_v5	-4.03419326454015	7.75537092904418	4.03419326454015	7.75537092904418	low	medium
G_r019_chimera_5pct	19	16	chimera	0.05	5.0	rc0.5	GB_GCA_963693065.1	Acidobacteriota	Bacteria	medium	60.42513826454015	3.725765070955819	60.42513826454015	3.725765070955819	3720766	7	2386905	6	2386905	0.2857142857142857		0	0	0	1	True	57.608803	0.64843595	magicc_v5	-2.8163352645401503	-3.077329120955819	2.8163352645401503	3.077329120955819	medium	medium
G_r019_chimera_10pct	19	17	chimera	0.1	10.0	rc0.5	GB_GCA_963693065.1	Acidobacteriota	Bacteria	medium	60.42513826454015	3.725765070955819	60.42513826454015	3.725765070955819	3720766	7	2386905	6	2386905	0.2857142857142857		0	0	0	1	True	57.608803	0.64843595	magicc_v5	-2.8163352645401503	-3.077329120955819	2.8163352645401503	3.077329120955819	medium	medium
G_r019_chimera_20pct	19	18	chimera	0.2	20.0	rc0.5	GB_GCA_963693065.1	Acidobacteriota	Bacteria	medium	60.42513826454015	3.725765070955819	60.42513826454015	3.725765070955819	3720766	7	2386905	7	2386905	0.0		0	0	0	0	True	57.608803	0.64843595	magicc_v5	-2.8163352645401503	-3.077329120955819	2.8163352645401503	3.077329120955819	medium	medium
G_r019_chimera_40pct	19	19	chimera	0.4	40.0	rc0.5	GB_GCA_963693065.1	Acidobacteriota	Bacteria	medium	60.42513826454015	3.725765070955819	60.42513826454015	3.725765070955819	3720766	7	2386905	6	2386905	0.2857142857142857		0	0	0	1	True	57.608803	0.64843595	magicc_v5	-2.8163352645401503	-3.077329120955819	2.8163352645401503	3.077329120955819	medium	medium
G_r019_uneven_coverage_5pct	19	20	uneven_coverage	0.05	5.0	lognormal_sigma1.0	GB_GCA_963693065.1	Acidobacteriota	Bacteria	medium	60.42513826454015	3.725765070955819	60.42513826454015	6.933303518684056	3720766	7	2386905	8	2506250	0.0499998952618558		119345	0	0	0	True	58.774357	0.63471794	magicc_v5	-1.65078126454015	-3.091047130955819	1.65078126454015	3.091047130955819	medium	medium
G_r019_uneven_coverage_10pct	19	21	uneven_coverage	0.1	10.0	lognormal_sigma1.0	GB_GCA_963693065.1	Acidobacteriota	Bacteria	medium	60.42513826454015	3.725765070955819	60.42513826454015	10.140841966412292	3720766	7	2386905	8	2625595	0.0999997905237116		238690	0	0	0	True	61.229736	0.38236678	magicc_v5	0.8045977354598506	-3.343398290955819	0.8045977354598506	3.343398290955819	medium	medium
G_r019_uneven_coverage_20pct	19	22	uneven_coverage	0.2	20.0	lognormal_sigma1.0	GB_GCA_963693065.1	Acidobacteriota	Bacteria	medium	60.42513826454015	3.725765070955819	60.42513826454015	16.555945738055012	3720766	7	2386905	9	2864286	0.2		477381	0	0	0	True	65.119	0.5620152	magicc_v5	4.693861735459848	-3.1637498709558187	4.693861735459848	3.1637498709558187	medium	medium
G_r019_uneven_coverage_40pct	19	23	uneven_coverage	0.4	40.0	lognormal_sigma1.0	GB_GCA_963693065.1	Acidobacteriota	Bacteria	medium	60.42513826454015	3.725765070955819	60.42513826454015	29.386126405154208	3720766	7	2386905	10	3341667	0.4		954762	0	0	0	True	78.8522	0.5330205	magicc_v5	18.427061735459844	-3.192744570955819	18.427061735459844	3.192744570955819	medium	medium
G_r020_none_control	20	0	none	0.0	0.0	control	GB_GCA_963674955.1	Desulfobacterota_I	Bacteria	highly_fragmented	59.99479796444285	4.99999051876873	59.99479796444285	4.99999051876873	3164146	104	2056530	104	2056530	0.0		0	0	0	0	True	53.889145	1.0814667	magicc_v5	-6.105652964442854	-3.9185238187687297	6.105652964442854	3.9185238187687297	medium	medium
G_r020_substitution_0p1pct	20	1	substitution	0.001	0.1	uniform	GB_GCA_963674955.1	Desulfobacterota_I	Bacteria	highly_fragmented	59.99479796444285	4.99999051876873	59.99479796444285	4.99999051876873	3164146	104	2056530	104	2056530	0.0010080086359061	0.0089640838741259	0	2073	0	0	True	53.7942	1.2993038	magicc_v5	-6.200597964442856	-3.70068671876873	6.200597964442856	3.70068671876873	medium	medium
G_r020_substitution_0p5pct	20	2	substitution	0.005	0.5	uniform	GB_GCA_963674955.1	Desulfobacterota_I	Bacteria	highly_fragmented	59.99479796444285	4.99999051876873	59.99479796444285	4.99999051876873	3164146	104	2056530	104	2056530	0.0049773161587723	0.0441104216424403	0	10236	0	0	True	53.34499	1.5437514	magicc_v5	-6.64980796444285	-3.4562391187687296	6.64980796444285	3.4562391187687296	medium	medium
G_r020_substitution_1pct	20	3	substitution	0.01	1.0	uniform	GB_GCA_963674955.1	Desulfobacterota_I	Bacteria	highly_fragmented	59.99479796444285	4.99999051876873	59.99479796444285	4.99999051876873	3164146	104	2056530	104	2056530	0.0099551185735194	0.0864827525163591	0	20473	0	0	True	53.25567	1.3313651	magicc_v5	-6.739127964442851	-3.6686254187687295	6.739127964442851	3.6686254187687295	medium	medium
G_r020_substitution_2pct	20	4	substitution	0.02	2.0	uniform	GB_GCA_963674955.1	Desulfobacterota_I	Bacteria	highly_fragmented	59.99479796444285	4.99999051876873	59.99479796444285	4.99999051876873	3164146	104	2056530	104	2056530	0.019977340471571	0.1662522378698502	0	41084	0	0	True	52.723736	1.9891858	magicc_v5	-7.2710619644428505	-3.0108047187687297	7.2710619644428505	3.0108047187687297	medium	medium
G_r020_substitution_5pct	20	5	substitution	0.05	5.0	uniform	GB_GCA_963674955.1	Desulfobacterota_I	Bacteria	highly_fragmented	59.99479796444285	4.99999051876873	59.99479796444285	4.99999051876873	3164146	104	2056530	104	2056530	0.0499336260594302	0.3697505902753909	0	102690	0	0	True	51.30806	6.38901	magicc_v5	-8.686737964442855	1.3890194812312702	8.686737964442855	1.3890194812312702	medium	medium
G_r020_substitution_titv_0p1pct	20	6	substitution_titv	0.001	0.1	titv_2	GB_GCA_963674955.1	Desulfobacterota_I	Bacteria	highly_fragmented	59.99479796444285	4.99999051876873	59.99479796444285	4.99999051876873	3164146	104	2056530	104	2056530	0.0009939072126348	0.0089640838741259	0	2044	0	0	True	53.86356	1.0109156	magicc_v5	-6.131237964442853	-3.98907491876873	6.131237964442853	3.98907491876873	medium	medium
G_r020_substitution_titv_0p5pct	20	7	substitution_titv	0.005	0.5	titv_2	GB_GCA_963674955.1	Desulfobacterota_I	Bacteria	highly_fragmented	59.99479796444285	4.99999051876873	59.99479796444285	4.99999051876873	3164146	104	2056530	104	2056530	0.0049476545443052	0.0441104216424403	0	10175	0	0	True	53.64404	1.6987711	magicc_v5	-6.350757964442856	-3.3012194187687296	6.350757964442856	3.3012194187687296	medium	medium
G_r020_substitution_titv_1pct	20	8	substitution_titv	0.01	1.0	titv_2	GB_GCA_963674955.1	Desulfobacterota_I	Bacteria	highly_fragmented	59.99479796444285	4.99999051876873	59.99479796444285	4.99999051876873	3164146	104	2056530	104	2056530	0.0100144418024536	0.0864827525163591	0	20595	0	0	True	52.991653	2.3154168	magicc_v5	-7.003144964442853	-2.6845737187687297	7.003144964442853	2.6845737187687297	medium	medium
G_r020_substitution_titv_2pct	20	9	substitution_titv	0.02	2.0	titv_2	GB_GCA_963674955.1	Desulfobacterota_I	Bacteria	highly_fragmented	59.99479796444285	4.99999051876873	59.99479796444285	4.99999051876873	3164146	104	2056530	104	2056530	0.0202977831590105	0.1662522378698502	0	41743	0	0	True	54.003147	1.943177	magicc_v5	-5.991650964442854	-3.0568135187687298	5.991650964442854	3.0568135187687298	medium	medium
G_r020_substitution_titv_5pct	20	10	substitution_titv	0.05	5.0	titv_2	GB_GCA_963674955.1	Desulfobacterota_I	Bacteria	highly_fragmented	59.99479796444285	4.99999051876873	59.99479796444285	4.99999051876873	3164146	104	2056530	104	2056530	0.0500795028518912	0.3697505902753909	0	102990	0	0	True	51.633514	8.292243	magicc_v5	-8.361283964442855	3.2922524812312695	8.361283964442855	3.2922524812312695	medium	medium
G_r020_indel_0p1pct	20	11	indel	0.001	0.1	ins0.5_geom0.75	GB_GCA_963674955.1	Desulfobacterota_I	Bacteria	highly_fragmented	59.99479796444285	4.99999051876873	59.996781716812905	4.99999051876873	3164146	104	2056530	104	2056598	0.0009958522365343		0	0	2048	0	True	53.662758	1.2564898	magicc_v5	-6.332039964442856	-3.74350071876873	6.332039964442856	3.74350071876873	medium	medium
G_r020_indel_0p5pct	20	12	indel	0.005	0.5	ins0.5_geom0.75	GB_GCA_963674955.1	Desulfobacterota_I	Bacteria	highly_fragmented	59.99479796444285	4.99999051876873	60.00427913385855	4.99999051876873	3164146	104	2056530	104	2056855	0.0050259417562593		0	0	10336	0	True	53.252213	1.6022623	magicc_v5	-6.742584964442855	-3.3977282187687297	6.742584964442855	3.3977282187687297	medium	medium
G_r020_indel_1pct	20	13	indel	0.01	1.0	ins0.5_geom0.75	GB_GCA_963674955.1	Desulfobacterota_I	Bacteria	highly_fragmented	59.99479796444285	4.99999051876873	59.99625660589142	4.99999051876873	3164146	104	2056530	104	2056580	0.0100397271131469		0	0	20647	0	True	53.157722	1.6094416	magicc_v5	-6.837075964442853	-3.3905489187687294	6.837075964442853	3.3905489187687294	medium	medium
G_r020_indel_2pct	20	14	indel	0.02	2.0	ins0.5_geom0.75	GB_GCA_963674955.1	Desulfobacterota_I	Bacteria	highly_fragmented	59.99479796444285	4.99999051876873	60.00182861622494	4.99999051876873	3164146	104	2056530	104	2056771	0.019951082648928		0	0	41030	0	True	52.938198	3.8793385	magicc_v5	-7.056599964442853	-1.1206520187687299	7.056599964442853	1.1206520187687299	medium	medium
G_r020_indel_5pct	20	15	indel	0.05	5.0	ins0.5_geom0.75	GB_GCA_963674955.1	Desulfobacterota_I	Bacteria	highly_fragmented	59.99479796444285	4.99999051876873	59.99628577872039	4.99999051876873	3164146	104	2056530	104	2056581	0.049960370138048		0	0	102745	0	True	51.262585	3.622222	magicc_v5	-8.732212964442851	-1.3777685187687299	8.732212964442851	1.3777685187687299	medium	medium
G_r020_chimera_5pct	20	16	chimera	0.05	5.0	rc0.5	GB_GCA_963674955.1	Desulfobacterota_I	Bacteria	highly_fragmented	59.99479796444285	4.99999051876873	59.99479796444285	4.99999051876873	3164146	104	2056530	101	2056530	0.0576923076923076		0	0	0	3	True	53.88732	1.0850489	magicc_v5	-6.10747796444285	-3.9149416187687294	6.10747796444285	3.9149416187687294	medium	medium
G_r020_chimera_10pct	20	17	chimera	0.1	10.0	rc0.5	GB_GCA_963674955.1	Desulfobacterota_I	Bacteria	highly_fragmented	59.99479796444285	4.99999051876873	59.99479796444285	4.99999051876873	3164146	104	2056530	98	2056530	0.1153846153846153		0	0	0	6	True	53.889137	1.0803163	magicc_v5	-6.105660964442855	-3.91967421876873	6.105660964442855	3.91967421876873	medium	medium
G_r020_chimera_20pct	20	18	chimera	0.2	20.0	rc0.5	GB_GCA_963674955.1	Desulfobacterota_I	Bacteria	highly_fragmented	59.99479796444285	4.99999051876873	59.99479796444285	4.99999051876873	3164146	104	2056530	94	2056530	0.1923076923076923		0	0	0	10	True	53.892963	1.0818332	magicc_v5	-6.101834964442851	-3.9181573187687295	6.101834964442851	3.9181573187687295	medium	medium
G_r020_chimera_40pct	20	19	chimera	0.4	40.0	rc0.5	GB_GCA_963674955.1	Desulfobacterota_I	Bacteria	highly_fragmented	59.99479796444285	4.99999051876873	59.99479796444285	4.99999051876873	3164146	104	2056530	83	2056530	0.4038461538461538		0	0	0	21	True	53.881863	1.0917693	magicc_v5	-6.11293496444285	-3.9082212187687295	6.11293496444285	3.9082212187687295	medium	medium
G_r020_uneven_coverage_5pct	20	20	uneven_coverage	0.05	5.0	lognormal_sigma1.0	GB_GCA_963674955.1	Desulfobacterota_I	Bacteria	highly_fragmented	59.99479796444285	4.99999051876873	59.99479796444285	8.249714140877192	3164146	104	2056530	113	2159356	0.0499997568720125		102826	0	0	0	True	55.07581	1.5506625	magicc_v5	-4.918987964442856	-3.4493280187687296	4.918987964442856	3.4493280187687296	medium	medium
G_r020_uneven_coverage_10pct	20	21	uneven_coverage	0.1	10.0	lognormal_sigma1.0	GB_GCA_963674955.1	Desulfobacterota_I	Bacteria	highly_fragmented	59.99479796444285	4.99999051876873	59.99479796444285	11.499469367089889	3164146	104	2056530	114	2262183	0.1		205653	0	0	0	True	58.450134	1.1043102	magicc_v5	-1.5446639644428544	-3.8956803187687297	1.5446639644428544	3.8956803187687297	medium	medium
G_r020_uneven_coverage_20pct	20	22	uneven_coverage	0.2	20.0	lognormal_sigma1.0	GB_GCA_963674955.1	Desulfobacterota_I	Bacteria	highly_fragmented	59.99479796444285	4.99999051876873	59.99479796444285	17.998948215411048	3164146	104	2056530	126	2467836	0.2		411306	0	0	0	True	62.86409	0.8518189	magicc_v5	2.8692920355571445	-4.14817161876873	2.8692920355571445	4.14817161876873	medium	medium
G_r020_uneven_coverage_40pct	20	23	uneven_coverage	0.4	40.0	lognormal_sigma1.0	GB_GCA_963674955.1	Desulfobacterota_I	Bacteria	highly_fragmented	59.99479796444285	4.99999051876873	59.99479796444285	30.99790591205336	3164146	104	2056530	153	2879142	0.4		822612	0	0	0	True	72.59925	1.0059476	magicc_v5	12.604452035557145	-3.99404291876873	12.604452035557145	3.99404291876873	medium	medium
G_r021_none_control	21	0	none	0.0	0.0	control	RS_GCF_000504105.1	Thermotogota	Bacteria	high	100.0	4.999988453535874	100.0	4.999988453535874	2165165	3	2273423	3	2273423	0.0		0	0	0	0	True	99.77171	3.691125	magicc_v5	-0.22829000000000121	-1.3088634535358739	0.22829000000000121	1.3088634535358739	high	high
G_r021_substitution_0p1pct	21	1	substitution	0.001	0.1	uniform	RS_GCF_000504105.1	Thermotogota	Bacteria	high	100.0	4.999988453535874	100.0	4.999988453535874	2165165	3	2273423	3	2273423	0.0010182882815912	0.0089640838741259	0	2315	0	0	True	99.76741	3.9312005	magicc_v5	-0.23259000000000185	-1.0687879535358737	0.23259000000000185	1.0687879535358737	high	high
G_r021_substitution_0p5pct	21	2	substitution	0.005	0.5	uniform	RS_GCF_000504105.1	Thermotogota	Bacteria	high	100.0	4.999988453535874	100.0	4.999988453535874	2165165	3	2273423	3	2273423	0.0049889527817744	0.0441104216424403	0	11342	0	0	True	99.760895	4.387373	magicc_v5	-0.23910499999999502	-0.6126154535358737	0.23910499999999502	0.6126154535358737	high	high
G_r021_substitution_1pct	21	3	substitution	0.01	1.0	uniform	RS_GCF_000504105.1	Thermotogota	Bacteria	high	100.0	4.999988453535874	100.0	4.999988453535874	2165165	3	2273423	3	2273423	0.0099422764703269	0.0864827525163591	0	22603	0	0	True	99.52809	5.1015854	magicc_v5	-0.47190999999999406	0.10159694646412643	0.47190999999999406	0.10159694646412643	medium	high
G_r021_substitution_2pct	21	4	substitution	0.02	2.0	uniform	RS_GCF_000504105.1	Thermotogota	Bacteria	high	100.0	4.999988453535874	100.0	4.999988453535874	2165165	3	2273423	3	2273423	0.0199808834519576	0.1662522378698502	0	45425	0	0	True	99.66667	5.4834423	magicc_v5	-0.3333300000000037	0.48345384646412626	0.3333300000000037	0.48345384646412626	medium	high
G_r021_substitution_5pct	21	5	substitution	0.05	5.0	uniform	RS_GCF_000504105.1	Thermotogota	Bacteria	high	100.0	4.999988453535874	100.0	4.999988453535874	2165165	3	2273423	3	2273423	0.0501318936247236	0.3697505902753909	0	113971	0	0	True	98.63963	4.5650425	magicc_v5	-1.3603700000000032	-0.4349459535358742	1.3603700000000032	0.4349459535358742	high	high
G_r021_substitution_titv_0p1pct	21	6	substitution_titv	0.001	0.1	titv_2	RS_GCF_000504105.1	Thermotogota	Bacteria	high	100.0	4.999988453535874	100.0	4.999988453535874	2165165	3	2273423	3	2273423	0.001027525453908	0.0089640838741259	0	2336	0	0	True	99.77375	3.89269	magicc_v5	-0.22624999999999318	-1.1072984535358739	0.22624999999999318	1.1072984535358739	high	high
G_r021_substitution_titv_0p5pct	21	7	substitution_titv	0.005	0.5	titv_2	RS_GCF_000504105.1	Thermotogota	Bacteria	high	100.0	4.999988453535874	100.0	4.999988453535874	2165165	3	2273423	3	2273423	0.0050025886075754	0.0441104216424403	0	11373	0	0	True	99.73627	3.8426547	magicc_v5	-0.26372999999999536	-1.1573337535358736	0.26372999999999536	1.1573337535358736	high	high
G_r021_substitution_titv_1pct	21	8	substitution_titv	0.01	1.0	titv_2	RS_GCF_000504105.1	Thermotogota	Bacteria	high	100.0	4.999988453535874	100.0	4.999988453535874	2165165	3	2273423	3	2273423	0.0099268811831322	0.0864827525163591	0	22568	0	0	True	99.67389	3.9831579	magicc_v5	-0.3261099999999999	-1.0168305535358737	0.3261099999999999	1.0168305535358737	high	high
G_r021_substitution_titv_2pct	21	9	substitution_titv	0.02	2.0	titv_2	RS_GCF_000504105.1	Thermotogota	Bacteria	high	100.0	4.999988453535874	100.0	4.999988453535874	2165165	3	2273423	3	2273423	0.0199474536854778	0.1662522378698502	0	45349	0	0	True	99.146416	4.027149	magicc_v5	-0.8535839999999979	-0.9728394535358742	0.8535839999999979	0.9728394535358742	high	high
G_r021_substitution_titv_5pct	21	10	substitution_titv	0.05	5.0	titv_2	RS_GCF_000504105.1	Thermotogota	Bacteria	high	100.0	4.999988453535874	100.0	4.999988453535874	2165165	3	2273423	3	2273423	0.0501063814345152	0.3697505902753909	0	113913	0	0	True	94.465454	6.290993	magicc_v5	-5.534546000000006	1.2910045464641264	5.534546000000006	1.2910045464641264	medium	high
G_r021_indel_0p1pct	21	11	indel	0.001	0.1	ins0.5_geom0.75	RS_GCF_000504105.1	Thermotogota	Bacteria	high	100.0	4.999988453535874	100.0047065592281	4.999988453535874	2165165	3	2273423	3	2273530	0.0010116903013649		0	0	2300	0	True	99.77347	3.4844577	magicc_v5	-0.2265299999999968	-1.5155307535358737	0.2265299999999968	1.5155307535358737	high	high
G_r021_indel_0p5pct	21	12	indel	0.005	0.5	ins0.5_geom0.75	RS_GCF_000504105.1	Thermotogota	Bacteria	high	100.0	4.999988453535874	100.00285912476473	4.999988453535874	2165165	3	2273423	3	2273488	0.0049295709597378		0	0	11207	0	True	99.77045	3.8355768	magicc_v5	-0.22955000000000325	-1.1644116535358737	0.22955000000000325	1.1644116535358737	high	high
G_r021_indel_1pct	21	13	indel	0.01	1.0	ins0.5_geom0.75	RS_GCF_000504105.1	Thermotogota	Bacteria	high	100.0	4.999988453535874	99.9859682953854	4.999988453535874	2165165	3	2273423	3	2273104	0.0100632394411422		0	0	22878	0	True	99.686966	3.4598172	magicc_v5	-0.3130340000000018	-1.540171253535874	0.3130340000000018	1.540171253535874	high	high
G_r021_indel_2pct	21	14	indel	0.02	2.0	ins0.5_geom0.75	RS_GCF_000504105.1	Thermotogota	Bacteria	high	100.0	4.999988453535874	100.02815138229886	4.999988453535874	2165165	3	2273423	3	2274063	0.0201093241336961		0	0	45717	0	True	99.31946	3.352663	magicc_v5	-0.6805399999999935	-1.6473254535358737	0.6805399999999935	1.6473254535358737	high	high
G_r021_indel_5pct	21	15	indel	0.05	5.0	ins0.5_geom0.75	RS_GCF_000504105.1	Thermotogota	Bacteria	high	100.0	4.999988453535874	100.0120523105467	4.999988453535874	2165165	3	2273423	3	2273697	0.0498103520550289		0	0	113240	0	True	98.03743	5.2832723	magicc_v5	-1.9625699999999995	0.2832838464641263	1.9625699999999995	0.2832838464641263	medium	high
G_r021_chimera_5pct	21	16	chimera	0.05	5.0	rc0.5	RS_GCF_000504105.1	Thermotogota	Bacteria	high	100.0	4.999988453535874	100.0	4.999988453535874	2165165	3	2273423	3	2273423	0.0		0	0	0	0	True	99.77171	3.691125	magicc_v5	-0.22829000000000121	-1.3088634535358739	0.22829000000000121	1.3088634535358739	high	high
G_r021_chimera_10pct	21	17	chimera	0.1	10.0	rc0.5	RS_GCF_000504105.1	Thermotogota	Bacteria	high	100.0	4.999988453535874	100.0	4.999988453535874	2165165	3	2273423	3	2273423	0.0		0	0	0	0	True	99.77171	3.691125	magicc_v5	-0.22829000000000121	-1.3088634535358739	0.22829000000000121	1.3088634535358739	high	high
G_r021_chimera_20pct	21	18	chimera	0.2	20.0	rc0.5	RS_GCF_000504105.1	Thermotogota	Bacteria	high	100.0	4.999988453535874	100.0	4.999988453535874	2165165	3	2273423	3	2273423	0.0		0	0	0	0	True	99.77171	3.691125	magicc_v5	-0.22829000000000121	-1.3088634535358739	0.22829000000000121	1.3088634535358739	high	high
G_r021_chimera_40pct	21	19	chimera	0.4	40.0	rc0.5	RS_GCF_000504105.1	Thermotogota	Bacteria	high	100.0	4.999988453535874	100.0	4.999988453535874	2165165	3	2273423	2	2273423	0.6666666666666666		0	0	0	1	True	99.77171	3.691125	magicc_v5	-0.22829000000000121	-1.3088634535358739	0.22829000000000121	1.3088634535358739	high	high
G_r021_uneven_coverage_5pct	21	20	uneven_coverage	0.05	5.0	lognormal_sigma1.0	RS_GCF_000504105.1	Thermotogota	Bacteria	high	100.0	4.999988453535874	100.0	10.249980948334192	2165165	3	2273423	4	2387094	0.0499999340201977		113671	0	0	0	True	99.70891	6.2712193	magicc_v5	-0.29108999999999696	1.2712308464641264	0.29108999999999696	1.2712308464641264	medium	high
G_r021_uneven_coverage_10pct	21	21	uneven_coverage	0.1	10.0	lognormal_sigma1.0	RS_GCF_000504105.1	Thermotogota	Bacteria	high	100.0	4.999988453535874	100.0	15.49997344313251	2165165	3	2273423	4	2500765	0.0999998680403954		227342	0	0	0	True	99.310394	11.054381	magicc_v5	-0.6896059999999977	6.0543925464641255	0.6896059999999977	6.0543925464641255	low	high
G_r021_uneven_coverage_20pct	21	22	uneven_coverage	0.2	20.0	lognormal_sigma1.0	RS_GCF_000504105.1	Thermotogota	Bacteria	high	100.0	4.999988453535874	100.0	26.00000461858565	2165165	3	2273423	4	2728108	0.2000001759461393		454685	0	0	0	True	95.0064	29.244095	magicc_v5	-4.993600000000001	24.244106546464128	4.993600000000001	24.244106546464128	low	high
G_r021_uneven_coverage_40pct	21	23	uneven_coverage	0.4	40.0	lognormal_sigma1.0	RS_GCF_000504105.1	Thermotogota	Bacteria	high	100.0	4.999988453535874	100.0	46.99997459777892	2165165	3	2273423	4	3182792	0.3999999120269303		909369	0	0	0	True	85.06397	55.67287	magicc_v5	-14.936030000000002	50.672881546464126	14.936030000000002	50.672881546464126	low	high
G_r022_none_control	22	0	none	0.0	0.0	control	RS_GCF_040746335.1	Bdellovibrionota	Bacteria	low	69.9678789110816	19.99998413903929	69.9678789110816	19.99998413903929	3782873	113	3403370	113	3403370	0.0		0	0	0	0	True	62.868034	26.777452	magicc_v5	-7.099844911081597	6.777467860960709	7.099844911081597	6.777467860960709	low	low
G_r022_substitution_0p1pct	22	1	substitution	0.001	0.1	uniform	RS_GCF_040746335.1	Bdellovibrionota	Bacteria	low	69.9678789110816	19.99998413903929	69.9678789110816	19.99998413903929	3782873	113	3403370	113	3403370	0.0010028295483594	0.0089640838741259	0	3413	0	0	True	62.48126	26.90879	magicc_v5	-7.4866189110815995	6.908805860960708	7.4866189110815995	6.908805860960708	low	low
G_r022_substitution_0p5pct	22	2	substitution	0.005	0.5	uniform	RS_GCF_040746335.1	Bdellovibrionota	Bacteria	low	69.9678789110816	19.99998413903929	69.9678789110816	19.99998413903929	3782873	113	3403370	113	3403370	0.0050247254926734	0.0441104216424403	0	17101	0	0	True	61.63652	27.373404	magicc_v5	-8.331358911081601	7.373419860960709	8.331358911081601	7.373419860960709	low	low
G_r022_substitution_1pct	22	3	substitution	0.01	1.0	uniform	RS_GCF_040746335.1	Bdellovibrionota	Bacteria	low	69.9678789110816	19.99998413903929	69.9678789110816	19.99998413903929	3782873	113	3403370	113	3403370	0.0099851030008491	0.0864827525163591	0	33983	0	0	True	61.559944	26.753742	magicc_v5	-8.407934911081597	6.753757860960707	8.407934911081597	6.753757860960707	low	low
G_r022_substitution_2pct	22	4	substitution	0.02	2.0	uniform	RS_GCF_040746335.1	Bdellovibrionota	Bacteria	low	69.9678789110816	19.99998413903929	69.9678789110816	19.99998413903929	3782873	113	3403370	113	3403370	0.0200495391332708	0.1662522378698502	0	68236	0	0	True	58.14378	30.25253	magicc_v5	-11.824098911081599	10.252545860960709	11.824098911081599	10.252545860960709	low	low
G_r022_substitution_5pct	22	5	substitution	0.05	5.0	uniform	RS_GCF_040746335.1	Bdellovibrionota	Bacteria	low	69.9678789110816	19.99998413903929	69.9678789110816	19.99998413903929	3782873	113	3403370	113	3403370	0.0500436332223648	0.3697505902753909	0	170317	0	0	True	53.09977	33.36106	magicc_v5	-16.8681089110816	13.36107586096071	16.8681089110816	13.36107586096071	low	low
G_r022_substitution_titv_0p1pct	22	6	substitution_titv	0.001	0.1	titv_2	RS_GCF_040746335.1	Bdellovibrionota	Bacteria	low	69.9678789110816	19.99998413903929	69.9678789110816	19.99998413903929	3782873	113	3403370	113	3403370	0.0009875505748713	0.0089640838741259	0	3361	0	0	True	62.669975	27.166569	magicc_v5	-7.2979039110815975	7.1665848609607075	7.2979039110815975	7.1665848609607075	low	low
G_r022_substitution_titv_0p5pct	22	7	substitution_titv	0.005	0.5	titv_2	RS_GCF_040746335.1	Bdellovibrionota	Bacteria	low	69.9678789110816	19.99998413903929	69.9678789110816	19.99998413903929	3782873	113	3403370	113	3403370	0.0049935798928708	0.0441104216424403	0	16995	0	0	True	61.232838	28.046726	magicc_v5	-8.735040911081597	8.046741860960708	8.735040911081597	8.046741860960708	low	low
G_r022_substitution_titv_1pct	22	8	substitution_titv	0.01	1.0	titv_2	RS_GCF_040746335.1	Bdellovibrionota	Bacteria	low	69.9678789110816	19.99998413903929	69.9678789110816	19.99998413903929	3782873	113	3403370	113	3403370	0.00998245856313	0.0864827525163591	0	33974	0	0	True	60.46047	26.94511	magicc_v5	-9.507408911081598	6.945125860960708	9.507408911081598	6.945125860960708	low	low
G_r022_substitution_titv_2pct	22	9	substitution_titv	0.02	2.0	titv_2	RS_GCF_040746335.1	Bdellovibrionota	Bacteria	low	69.9678789110816	19.99998413903929	69.9678789110816	19.99998413903929	3782873	113	3403370	113	3403370	0.0199860726280128	0.1662522378698502	0	68020	0	0	True	57.174366	30.270344	magicc_v5	-12.7935129110816	10.27035986096071	12.7935129110816	10.27035986096071	low	low
G_r022_substitution_titv_5pct	22	10	substitution_titv	0.05	5.0	titv_2	RS_GCF_040746335.1	Bdellovibrionota	Bacteria	low	69.9678789110816	19.99998413903929	69.9678789110816	19.99998413903929	3782873	113	3403370	113	3403370	0.0499886876830905	0.3697505902753909	0	170130	0	0	True	55.585857	31.537014	magicc_v5	-14.382021911081601	11.537029860960708	14.382021911081601	11.537029860960708	low	low
G_r022_indel_0p1pct	22	11	indel	0.001	0.1	ins0.5_geom0.75	RS_GCF_040746335.1	Bdellovibrionota	Bacteria	low	69.9678789110816	19.99998413903929	69.96736495080906	19.99998413903929	3782873	113	3403370	113	3403345	0.0010160517369548		0	0	3458	0	True	62.635307	26.818445	magicc_v5	-7.332571911081601	6.818460860960709	7.332571911081601	6.818460860960709	low	low
G_r022_indel_0p5pct	22	12	indel	0.005	0.5	ins0.5_geom0.75	RS_GCF_040746335.1	Bdellovibrionota	Bacteria	low	69.9678789110816	19.99998413903929	69.96656317278389	19.99998413903929	3782873	113	3403370	113	3403306	0.0049503874101258		0	0	16848	0	True	61.106487	27.455893	magicc_v5	-8.861391911081597	7.455908860960708	8.861391911081597	7.455908860960708	low	low
G_r022_indel_1pct	22	13	indel	0.01	1.0	ins0.5_geom0.75	RS_GCF_040746335.1	Bdellovibrionota	Bacteria	low	69.9678789110816	19.99998413903929	69.96919464937932	19.99998413903929	3782873	113	3403370	113	3403434	0.0099830462159565		0	0	33976	0	True	59.44197	28.183449	magicc_v5	-10.5259089110816	8.183464860960708	10.5259089110816	8.183464860960708	low	low
G_r022_indel_2pct	22	14	indel	0.02	2.0	ins0.5_geom0.75	RS_GCF_040746335.1	Bdellovibrionota	Bacteria	low	69.9678789110816	19.99998413903929	69.96434286440649	19.99998413903929	3782873	113	3403370	113	3403198	0.0200515959181634		0	0	68243	0	True	56.72638	29.884647	magicc_v5	-13.2414989110816	9.88466286096071	13.2414989110816	9.88466286096071	low	low
G_r022_indel_5pct	22	15	indel	0.05	5.0	ins0.5_geom0.75	RS_GCF_040746335.1	Bdellovibrionota	Bacteria	low	69.9678789110816	19.99998413903929	69.9722989694255	19.99998413903929	3782873	113	3403370	113	3403585	0.0498397176915821		0	0	169623	0	True	52.95401	31.803625	magicc_v5	-17.0138689110816	11.803640860960709	17.0138689110816	11.803640860960709	low	low
G_r022_chimera_5pct	22	16	chimera	0.05	5.0	rc0.5	RS_GCF_040746335.1	Bdellovibrionota	Bacteria	low	69.9678789110816	19.99998413903929	69.9678789110816	19.99998413903929	3782873	113	3403370	110	3403370	0.0530973451327433		0	0	0	3	True	62.86741	26.778238	magicc_v5	-7.100468911081599	6.77825386096071	7.100468911081599	6.77825386096071	low	low
G_r022_chimera_10pct	22	17	chimera	0.1	10.0	rc0.5	RS_GCF_040746335.1	Bdellovibrionota	Bacteria	low	69.9678789110816	19.99998413903929	69.9678789110816	19.99998413903929	3782873	113	3403370	107	3403370	0.1061946902654867		0	0	0	6	True	62.85887	26.777983	magicc_v5	-7.109008911081595	6.777998860960707	7.109008911081595	6.777998860960707	low	low
G_r022_chimera_20pct	22	18	chimera	0.2	20.0	rc0.5	RS_GCF_040746335.1	Bdellovibrionota	Bacteria	low	69.9678789110816	19.99998413903929	69.9678789110816	19.99998413903929	3782873	113	3403370	101	3403370	0.2123893805309734		0	0	0	12	True	62.877113	26.772493	magicc_v5	-7.090765911081597	6.772508860960709	7.090765911081597	6.772508860960709	low	low
G_r022_chimera_40pct	22	19	chimera	0.4	40.0	rc0.5	RS_GCF_040746335.1	Bdellovibrionota	Bacteria	low	69.9678789110816	19.99998413903929	69.9678789110816	19.99998413903929	3782873	113	3403370	90	3403370	0.4070796460176991		0	0	0	23	True	62.83171	26.818258	magicc_v5	-7.136168911081597	6.8182738609607085	7.136168911081597	6.8182738609607085	low	low
G_r022_uneven_coverage_5pct	22	20	uneven_coverage	0.05	5.0	lognormal_sigma1.0	RS_GCF_040746335.1	Bdellovibrionota	Bacteria	low	69.9678789110816	19.99998413903929	69.9678789110816	24.49836407407809	3782873	113	3403370	121	3573538	0.0499998530867933		170168	0	0	0	True	65.71658	28.270144	magicc_v5	-4.251298911081605	8.270159860960707	4.251298911081605	8.270159860960707	low	low
G_r022_uneven_coverage_10pct	22	21	uneven_coverage	0.1	10.0	lognormal_sigma1.0	RS_GCF_040746335.1	Bdellovibrionota	Bacteria	low	69.9678789110816	19.99998413903929	69.9678789110816	28.996770444051386	3782873	113	3403370	127	3743707	0.1		340337	0	0	0	True	71.10828	26.790604	magicc_v5	1.140401088918395	6.790619860960707	1.140401088918395	6.790619860960707	low	low
G_r022_uneven_coverage_20pct	22	22	uneven_coverage	0.2	20.0	lognormal_sigma1.0	RS_GCF_040746335.1	Bdellovibrionota	Bacteria	low	69.9678789110816	19.99998413903929	69.9678789110816	37.99355674906348	3782873	113	3403370	145	4084044	0.2		680674	0	0	0	True	75.18616	32.41507	magicc_v5	5.218281088918403	12.415085860960708	5.218281088918403	12.415085860960708	low	low
G_r022_uneven_coverage_40pct	22	23	uneven_coverage	0.4	40.0	lognormal_sigma1.0	RS_GCF_040746335.1	Bdellovibrionota	Bacteria	low	69.9678789110816	19.99998413903929	69.9678789110816	55.98712935908765	3782873	113	3403370	167	4764718	0.4		1361348	0	0	0	True	83.13562	38.521744	magicc_v5	13.167741088918405	18.521759860960707	13.167741088918405	18.521759860960707	low	low
G_r023_none_control	23	0	none	0.0	0.0	control	RS_GCF_030323845.1	Methanobacteriota	Archaea	medium	100.0	9.999979836311176	100.0	9.999979836311176	1983764	6	2182140	6	2182140	0.0		0	0	0	0	True	80.803696	23.433662	magicc_v5	-19.196303999999998	13.433682163688825	19.196303999999998	13.433682163688825	low	medium
G_r023_substitution_0p1pct	23	1	substitution	0.001	0.1	uniform	RS_GCF_030323845.1	Methanobacteriota	Archaea	medium	100.0	9.999979836311176	100.0	9.999979836311176	1983764	6	2182140	6	2182140	0.0009861887744954	0.0089640838741259	0	2152	0	0	True	81.137054	23.187246	magicc_v5	-18.862945999999994	13.187266163688822	18.862945999999994	13.187266163688822	low	medium
G_r023_substitution_0p5pct	23	2	substitution	0.005	0.5	uniform	RS_GCF_030323845.1	Methanobacteriota	Archaea	medium	100.0	9.999979836311176	100.0	9.999979836311176	1983764	6	2182140	6	2182140	0.0049657721005729	0.0441104216424403	0	10836	0	0	True	80.67487	23.57547	magicc_v5	-19.32513	13.575490163688823	19.32513	13.575490163688823	low	medium
G_r023_substitution_1pct	23	3	substitution	0.01	1.0	uniform	RS_GCF_030323845.1	Methanobacteriota	Archaea	medium	100.0	9.999979836311176	100.0	9.999979836311176	1983764	6	2182140	6	2182140	0.0099915770679947	0.0864827525163591	0	21803	0	0	True	76.60649	26.952003	magicc_v5	-23.393510000000006	16.952023163688825	23.393510000000006	16.952023163688825	low	medium
G_r023_substitution_2pct	23	4	substitution	0.02	2.0	uniform	RS_GCF_030323845.1	Methanobacteriota	Archaea	medium	100.0	9.999979836311176	100.0	9.999979836311176	1983764	6	2182140	6	2182140	0.0201843329798573	0.1662522378698502	0	44045	0	0	True	72.84376	29.252016	magicc_v5	-27.156239999999997	19.252036163688825	27.156239999999997	19.252036163688825	low	medium
G_r023_substitution_5pct	23	5	substitution	0.05	5.0	uniform	RS_GCF_030323845.1	Methanobacteriota	Archaea	medium	100.0	9.999979836311176	100.0	9.999979836311176	1983764	6	2182140	6	2182140	0.0501723539024571	0.3697505902753909	0	109483	0	0	True	69.146255	25.507105	magicc_v5	-30.853745000000004	15.507125163688823	30.853745000000004	15.507125163688823	low	medium
G_r023_substitution_titv_0p1pct	23	6	substitution_titv	0.001	0.1	titv_2	RS_GCF_030323845.1	Methanobacteriota	Archaea	medium	100.0	9.999979836311176	100.0	9.999979836311176	1983764	6	2182140	6	2182140	0.0009696911927659	0.0089640838741259	0	2116	0	0	True	80.44081	24.280315	magicc_v5	-19.55919	14.280335163688825	19.55919	14.280335163688825	low	medium
G_r023_substitution_titv_0p5pct	23	7	substitution_titv	0.005	0.5	titv_2	RS_GCF_030323845.1	Methanobacteriota	Archaea	medium	100.0	9.999979836311176	100.0	9.999979836311176	1983764	6	2182140	6	2182140	0.004993268070122	0.0441104216424403	0	10896	0	0	True	78.913315	25.448286	magicc_v5	-21.086685000000003	15.448306163688823	21.086685000000003	15.448306163688823	low	medium
G_r023_substitution_titv_1pct	23	8	substitution_titv	0.01	1.0	titv_2	RS_GCF_030323845.1	Methanobacteriota	Archaea	medium	100.0	9.999979836311176	100.0	9.999979836311176	1983764	6	2182140	6	2182140	0.0099961597295863	0.0864827525163591	0	21813	0	0	True	77.05304	27.929724	magicc_v5	-22.946960000000004	17.929744163688824	22.946960000000004	17.929744163688824	low	medium
G_r023_substitution_titv_2pct	23	9	substitution_titv	0.02	2.0	titv_2	RS_GCF_030323845.1	Methanobacteriota	Archaea	medium	100.0	9.999979836311176	100.0	9.999979836311176	1983764	6	2182140	6	2182140	0.0199020410258196	0.1662522378698502	0	43429	0	0	True	74.85342	25.696075	magicc_v5	-25.14658	15.696095163688824	25.14658	15.696095163688824	low	medium
G_r023_substitution_titv_5pct	23	10	substitution_titv	0.05	5.0	titv_2	RS_GCF_030323845.1	Methanobacteriota	Archaea	medium	100.0	9.999979836311176	100.0	9.999979836311176	1983764	6	2182140	6	2182140	0.0502186387845315	0.3697505902753909	0	109584	0	0	True	73.66968	31.826553	magicc_v5	-26.33032	21.826573163688824	26.33032	21.826573163688824	low	medium
G_r023_indel_0p1pct	23	11	indel	0.001	0.1	ins0.5_geom0.75	RS_GCF_030323845.1	Methanobacteriota	Archaea	medium	100.0	9.999979836311176	100.00476596368702	9.999979836311176	1983764	6	2182140	6	2182244	0.000994894919666		0	0	2171	0	True	80.663605	22.999939	magicc_v5	-19.336394999999996	12.999959163688825	19.336394999999996	12.999959163688825	low	medium
G_r023_indel_0p5pct	23	12	indel	0.005	0.5	ins0.5_geom0.75	RS_GCF_030323845.1	Methanobacteriota	Archaea	medium	100.0	9.999979836311176	99.99445498455644	9.999979836311176	1983764	6	2182140	6	2182019	0.0050551293684181		0	0	11031	0	True	79.95295	23.33825	magicc_v5	-20.04705	13.338270163688822	20.04705	13.338270163688822	low	medium
G_r023_indel_1pct	23	13	indel	0.01	1.0	ins0.5_geom0.75	RS_GCF_030323845.1	Methanobacteriota	Archaea	medium	100.0	9.999979836311176	99.9953256894608	9.999979836311176	1983764	6	2182140	6	2182038	0.0100282291695308		0	0	21883	0	True	77.6035	26.113087	magicc_v5	-22.396500000000003	16.113107163688824	22.396500000000003	16.113107163688824	low	medium
G_r023_indel_2pct	23	14	indel	0.02	2.0	ins0.5_geom0.75	RS_GCF_030323845.1	Methanobacteriota	Archaea	medium	100.0	9.999979836311176	100.00577414831312	9.999979836311176	1983764	6	2182140	6	2182266	0.0199308935265381		0	0	43492	0	True	75.58664	27.183252	magicc_v5	-24.413359999999997	17.183272163688823	24.413359999999997	17.183272163688823	low	medium
G_r023_indel_5pct	23	15	indel	0.05	5.0	ins0.5_geom0.75	RS_GCF_030323845.1	Methanobacteriota	Archaea	medium	100.0	9.999979836311176	100.03162033600044	9.999979836311176	1983764	6	2182140	6	2182830	0.0502552540166992		0	0	109664	0	True	66.76039	31.666105	magicc_v5	-33.23961	21.666125163688825	33.23961	21.666125163688825	low	medium
G_r023_chimera_5pct	23	16	chimera	0.05	5.0	rc0.5	RS_GCF_030323845.1	Methanobacteriota	Archaea	medium	100.0	9.999979836311176	100.0	9.999979836311176	1983764	6	2182140	6	2182140	0.0		0	0	0	0	True	80.803696	23.433662	magicc_v5	-19.196303999999998	13.433682163688825	19.196303999999998	13.433682163688825	low	medium
G_r023_chimera_10pct	23	17	chimera	0.1	10.0	rc0.5	RS_GCF_030323845.1	Methanobacteriota	Archaea	medium	100.0	9.999979836311176	100.0	9.999979836311176	1983764	6	2182140	5	2182140	0.3333333333333333		0	0	0	1	True	80.79953	23.432156	magicc_v5	-19.200469999999996	13.432176163688823	19.200469999999996	13.432176163688823	low	medium
G_r023_chimera_20pct	23	18	chimera	0.2	20.0	rc0.5	RS_GCF_030323845.1	Methanobacteriota	Archaea	medium	100.0	9.999979836311176	100.0	9.999979836311176	1983764	6	2182140	5	2182140	0.3333333333333333		0	0	0	1	True	80.808876	23.42354	magicc_v5	-19.191124000000002	13.423560163688823	19.191124000000002	13.423560163688823	low	medium
G_r023_chimera_40pct	23	19	chimera	0.4	40.0	rc0.5	RS_GCF_030323845.1	Methanobacteriota	Archaea	medium	100.0	9.999979836311176	100.0	9.999979836311176	1983764	6	2182140	5	2182140	0.3333333333333333		0	0	0	1	True	80.79415	23.433186	magicc_v5	-19.205849999999998	13.433206163688823	19.205849999999998	13.433206163688823	low	medium
G_r023_uneven_coverage_5pct	23	20	uneven_coverage	0.05	5.0	lognormal_sigma1.0	RS_GCF_030323845.1	Methanobacteriota	Archaea	medium	100.0	9.999979836311176	100.0	15.499978828126732	1983764	6	2182140	7	2291247	0.05		109107	0	0	0	True	85.08773	23.279783	magicc_v5	-14.912270000000007	13.279803163688822	14.912270000000007	13.279803163688822	low	medium
G_r023_uneven_coverage_10pct	23	21	uneven_coverage	0.1	10.0	lognormal_sigma1.0	RS_GCF_030323845.1	Methanobacteriota	Archaea	medium	100.0	9.999979836311176	100.0	20.99997781994229	1983764	6	2182140	8	2400354	0.1		218214	0	0	0	True	90.72534	22.07232	magicc_v5	-9.274659999999997	12.072340163688825	9.274659999999997	12.072340163688825	low	medium
G_r023_uneven_coverage_20pct	23	22	uneven_coverage	0.2	20.0	lognormal_sigma1.0	RS_GCF_030323845.1	Methanobacteriota	Archaea	medium	100.0	9.999979836311176	100.0	31.99997580357341	1983764	6	2182140	9	2618568	0.2		436428	0	0	0	True	98.87227	21.658686	magicc_v5	-1.1277299999999997	11.658706163688823	1.1277299999999997	11.658706163688823	low	medium
G_r023_uneven_coverage_40pct	23	23	uneven_coverage	0.4	40.0	lognormal_sigma1.0	RS_GCF_030323845.1	Methanobacteriota	Archaea	medium	100.0	9.999979836311176	100.0	53.99997177083564	1983764	6	2182140	10	3054996	0.4		872856	0	0	0	True	99.42641	34.07083	magicc_v5	-0.5735899999999958	24.070850163688824	0.5735899999999958	24.070850163688824	low	medium
G_r024_none_control	24	0	none	0.0	0.0	control	RS_GCF_026965535.1	Myxococcota	Bacteria	medium	79.94324175894351	9.999994891247429	79.94324175894351	9.999994891247429	9787125	58	8802857	58	8802857	0.0		0	0	0	0	True	81.624214	10.979867	magicc_v5	1.6809722410564802	0.9798721087525717	1.6809722410564802	0.9798721087525717	low	medium
G_r024_substitution_0p1pct	24	1	substitution	0.001	0.1	uniform	RS_GCF_026965535.1	Myxococcota	Bacteria	medium	79.94324175894351	9.999994891247429	79.94324175894351	9.999994891247429	9787125	58	8802857	58	8802857	0.000998312252488	0.0089640838741259	0	8788	0	0	True	81.058914	11.43269	magicc_v5	1.1156722410564868	1.4326951087525703	1.1156722410564868	1.4326951087525703	low	medium
G_r024_substitution_0p5pct	24	2	substitution	0.005	0.5	uniform	RS_GCF_026965535.1	Myxococcota	Bacteria	medium	79.94324175894351	9.999994891247429	79.94324175894351	9.999994891247429	9787125	58	8802857	58	8802857	0.0049922428593353	0.0441104216424403	0	43946	0	0	True	79.1859	12.552315	magicc_v5	-0.757341758943511	2.5523201087525713	0.757341758943511	2.5523201087525713	low	medium
G_r024_substitution_1pct	24	3	substitution	0.01	1.0	uniform	RS_GCF_026965535.1	Myxococcota	Bacteria	medium	79.94324175894351	9.999994891247429	79.94324175894351	9.999994891247429	9787125	58	8802857	58	8802857	0.0099835769228104	0.0864827525163591	0	87884	0	0	True	77.62921	13.205537	magicc_v5	-2.314031758943514	3.205542108752571	2.314031758943514	3.205542108752571	low	medium
G_r024_substitution_2pct	24	4	substitution	0.02	2.0	uniform	RS_GCF_026965535.1	Myxococcota	Bacteria	medium	79.94324175894351	9.999994891247429	79.94324175894351	9.999994891247429	9787125	58	8802857	58	8802857	0.0200801853307397	0.1662522378698502	0	176763	0	0	True	75.185394	15.707499	magicc_v5	-4.757847758943512	5.7075041087525715	4.757847758943512	5.7075041087525715	low	medium
G_r024_substitution_5pct	24	5	substitution	0.05	5.0	uniform	RS_GCF_026965535.1	Myxococcota	Bacteria	medium	79.94324175894351	9.999994891247429	79.94324175894351	9.999994891247429	9787125	58	8802857	58	8802857	0.0499412861074535	0.3697505902753909	0	439626	0	0	True	70.22412	21.00793	magicc_v5	-9.719121758943515	11.007935108752573	9.719121758943515	11.007935108752573	low	medium
G_r024_substitution_titv_0p1pct	24	6	substitution_titv	0.001	0.1	titv_2	RS_GCF_026965535.1	Myxococcota	Bacteria	medium	79.94324175894351	9.999994891247429	79.94324175894351	9.999994891247429	9787125	58	8802857	58	8802857	0.001007286611608	0.0089640838741259	0	8867	0	0	True	80.22133	11.466932	magicc_v5	0.27808824105648	1.466937108752571	0.27808824105648	1.466937108752571	low	medium
G_r024_substitution_titv_0p5pct	24	7	substitution_titv	0.005	0.5	titv_2	RS_GCF_026965535.1	Myxococcota	Bacteria	medium	79.94324175894351	9.999994891247429	79.94324175894351	9.999994891247429	9787125	58	8802857	58	8802857	0.005014621957394	0.0441104216424403	0	44143	0	0	True	79.76871	12.129307	magicc_v5	-0.17453175894351602	2.129312108752572	0.17453175894351602	2.129312108752572	low	medium
G_r024_substitution_titv_1pct	24	8	substitution_titv	0.01	1.0	titv_2	RS_GCF_026965535.1	Myxococcota	Bacteria	medium	79.94324175894351	9.999994891247429	79.94324175894351	9.999994891247429	9787125	58	8802857	58	8802857	0.0100264039277248	0.0864827525163591	0	88261	0	0	True	77.2131	13.024935	magicc_v5	-2.7301417589435175	3.0249401087525705	2.7301417589435175	3.0249401087525705	low	medium
G_r024_substitution_titv_2pct	24	9	substitution_titv	0.02	2.0	titv_2	RS_GCF_026965535.1	Myxococcota	Bacteria	medium	79.94324175894351	9.999994891247429	79.94324175894351	9.999994891247429	9787125	58	8802857	58	8802857	0.0200962028577767	0.1662522378698502	0	176904	0	0	True	73.6343	15.270456	magicc_v5	-6.308941758943519	5.270461108752571	6.308941758943519	5.270461108752571	low	medium
G_r024_substitution_titv_5pct	24	10	substitution_titv	0.05	5.0	titv_2	RS_GCF_026965535.1	Myxococcota	Bacteria	medium	79.94324175894351	9.999994891247429	79.94324175894351	9.999994891247429	9787125	58	8802857	58	8802857	0.0500084234016297	0.3697505902753909	0	440217	0	0	True	69.402855	19.874975	magicc_v5	-10.540386758943512	9.87498010875257	10.540386758943512	9.87498010875257	low	medium
G_r024_indel_0p1pct	24	11	indel	0.001	0.1	ins0.5_geom0.75	RS_GCF_026965535.1	Myxococcota	Bacteria	medium	79.94324175894351	9.999994891247429	79.94117117445928	9.999994891247429	9787125	58	8802857	58	8802629	0.0010120577898743		0	0	8909	0	True	80.5778	11.098313	magicc_v5	0.6345582410564816	1.0983181087525704	0.6345582410564816	1.0983181087525704	low	medium
G_r024_indel_0p5pct	24	12	indel	0.005	0.5	ins0.5_geom0.75	RS_GCF_026965535.1	Myxococcota	Bacteria	medium	79.94324175894351	9.999994891247429	79.93911875299686	9.999994891247429	9787125	58	8802857	58	8802403	0.0049452126735672		0	0	43532	0	True	79.116035	11.28141	magicc_v5	-0.8272067589435181	1.2814151087525705	0.8272067589435181	1.2814151087525705	low	medium
G_r024_indel_1pct	24	13	indel	0.01	1.0	ins0.5_geom0.75	RS_GCF_026965535.1	Myxococcota	Bacteria	medium	79.94324175894351	9.999994891247429	79.94521244680789	9.999994891247429	9787125	58	8802857	58	8803074	0.0099730121709349		0	0	87791	0	True	76.52854	11.984661	magicc_v5	-3.414701758943508	1.9846661087525703	3.414701758943508	1.9846661087525703	low	medium
G_r024_indel_2pct	24	14	indel	0.02	2.0	ins0.5_geom0.75	RS_GCF_026965535.1	Myxococcota	Bacteria	medium	79.94324175894351	9.999994891247429	79.94675630366015	9.999994891247429	9787125	58	8802857	58	8803244	0.0200213407987883		0	0	176245	0	True	75.07491	12.524399	magicc_v5	-4.868331758943512	2.524404108752572	4.868331758943512	2.524404108752572	low	medium
G_r024_indel_5pct	24	15	indel	0.05	5.0	ins0.5_geom0.75	RS_GCF_026965535.1	Myxococcota	Bacteria	medium	79.94324175894351	9.999994891247429	79.94572101141804	9.999994891247429	9787125	58	8802857	58	8803130	0.0499816139237522		0	0	439981	0	True	68.84682	13.430288	magicc_v5	-11.09642175894352	3.4302931087525703	11.09642175894352	3.4302931087525703	low	medium
G_r024_chimera_5pct	24	16	chimera	0.05	5.0	rc0.5	RS_GCF_026965535.1	Myxococcota	Bacteria	medium	79.94324175894351	9.999994891247429	79.94324175894351	9.999994891247429	9787125	58	8802857	56	8802857	0.0689655172413793		0	0	0	2	True	81.62915	10.976749	magicc_v5	1.685908241056481	0.9767541087525711	1.685908241056481	0.9767541087525711	low	medium
G_r024_chimera_10pct	24	17	chimera	0.1	10.0	rc0.5	RS_GCF_026965535.1	Myxococcota	Bacteria	medium	79.94324175894351	9.999994891247429	79.94324175894351	9.999994891247429	9787125	58	8802857	55	8802857	0.1034482758620689		0	0	0	3	True	81.615265	10.975417	magicc_v5	1.672023241056479	0.9754221087525714	1.672023241056479	0.9754221087525714	low	medium
G_r024_chimera_20pct	24	18	chimera	0.2	20.0	rc0.5	RS_GCF_026965535.1	Myxococcota	Bacteria	medium	79.94324175894351	9.999994891247429	79.94324175894351	9.999994891247429	9787125	58	8802857	52	8802857	0.2068965517241379		0	0	0	6	True	81.6177	10.981605	magicc_v5	1.6744582410564846	0.9816101087525713	1.6744582410564846	0.9816101087525713	low	medium
G_r024_chimera_40pct	24	19	chimera	0.4	40.0	rc0.5	RS_GCF_026965535.1	Myxococcota	Bacteria	medium	79.94324175894351	9.999994891247429	79.94324175894351	9.999994891247429	9787125	58	8802857	46	8802857	0.4137931034482758		0	0	0	12	True	81.626495	10.97765	magicc_v5	1.6832532410564909	0.9776551087525718	1.6832532410564909	0.9776551087525718	low	medium
G_r024_uneven_coverage_5pct	24	20	uneven_coverage	0.05	5.0	lognormal_sigma1.0	RS_GCF_026965535.1	Myxococcota	Bacteria	medium	79.94324175894351	9.999994891247429	79.94324175894351	14.497158256382749	9787125	58	8802857	64	9243000	0.0500000170399223		440143	0	0	0	True	91.40795	9.202841	magicc_v5	11.464708241056485	-0.7971538912474294	11.464708241056485	0.7971538912474294	medium	medium
G_r024_uneven_coverage_10pct	24	21	uneven_coverage	0.1	10.0	lognormal_sigma1.0	RS_GCF_026965535.1	Myxococcota	Bacteria	medium	79.94324175894351	9.999994891247429	79.94324175894351	18.994321621518065	9787125	58	8802857	66	9683143	0.1000000340798447		880286	0	0	0	True	98.08989	7.962313	magicc_v5	18.146648241056482	-2.037681891247429	18.146648241056482	2.037681891247429	medium	medium
G_r024_uneven_coverage_20pct	24	22	uneven_coverage	0.2	20.0	lognormal_sigma1.0	RS_GCF_026965535.1	Myxococcota	Bacteria	medium	79.94324175894351	9.999994891247429	79.94324175894351	27.98863813428356	9787125	58	8802857	65	10563428	0.199999954560207		1760571	0	0	0	True	93.48168	22.854555	magicc_v5	13.538438241056483	12.854560108752572	13.538438241056483	12.854560108752572	low	medium
G_r024_uneven_coverage_40pct	24	23	uneven_coverage	0.4	40.0	lognormal_sigma1.0	RS_GCF_026965535.1	Myxococcota	Bacteria	medium	79.94324175894351	9.999994891247429	79.94324175894351	45.977291594824834	9787125	58	8802857	82	12324000	0.4000000227198965		3521143	0	0	0	True	93.57719	34.77888	magicc_v5	13.633948241056487	24.778885108752572	13.633948241056487	24.778885108752572	low	medium
G_r025_none_control	25	0	none	0.0	0.0	control	RS_GCF_900090055.1	Thermoplasmatota	Archaea	medium	77.79208862982699	19.99998935556459	77.79208862982699	19.99998935556459	1878916	5	1837431	5	1837431	0.0		0	0	0	0	True	79.71679	21.059746	magicc_v5	1.9247013701730111	1.05975664443541	1.9247013701730111	1.05975664443541	low	low
G_r025_substitution_0p1pct	25	1	substitution	0.001	0.1	uniform	RS_GCF_900090055.1	Thermoplasmatota	Archaea	medium	77.79208862982699	19.99998935556459	77.79208862982699	19.99998935556459	1878916	5	1837431	5	1837431	0.0009899691471407	0.0089640838741259	0	1819	0	0	True	79.12873	21.162086	magicc_v5	1.3366413701730124	1.1620966444354082	1.3366413701730124	1.1620966444354082	low	low
G_r025_substitution_0p5pct	25	2	substitution	0.005	0.5	uniform	RS_GCF_900090055.1	Thermoplasmatota	Archaea	medium	77.79208862982699	19.99998935556459	77.79208862982699	19.99998935556459	1878916	5	1837431	5	1837431	0.0049830442612538	0.0441104216424403	0	9156	0	0	True	77.11812	22.591232	magicc_v5	-0.6739686298269874	2.591242644435411	0.6739686298269874	2.591242644435411	low	low
G_r025_substitution_1pct	25	3	substitution	0.01	1.0	uniform	RS_GCF_900090055.1	Thermoplasmatota	Archaea	medium	77.79208862982699	19.99998935556459	77.79208862982699	19.99998935556459	1878916	5	1837431	5	1837431	0.0099552037600323	0.0864827525163591	0	18292	0	0	True	76.52253	22.135242	magicc_v5	-1.2695586298269887	2.135252644435411	1.2695586298269887	2.135252644435411	low	low
G_r025_substitution_2pct	25	4	substitution	0.02	2.0	uniform	RS_GCF_900090055.1	Thermoplasmatota	Archaea	medium	77.79208862982699	19.99998935556459	77.79208862982699	19.99998935556459	1878916	5	1837431	5	1837431	0.0201700091051038	0.1662522378698502	0	37061	0	0	True	71.77761	25.375378	magicc_v5	-6.014478629826996	5.375388644435411	6.014478629826996	5.375388644435411	low	low
G_r025_substitution_5pct	25	5	substitution	0.05	5.0	uniform	RS_GCF_900090055.1	Thermoplasmatota	Archaea	medium	77.79208862982699	19.99998935556459	77.79208862982699	19.99998935556459	1878916	5	1837431	5	1837431	0.0502206613472832	0.3697505902753909	0	92277	0	0	True	64.44163	25.356262	magicc_v5	-13.350458629826988	5.3562726444354105	13.350458629826988	5.3562726444354105	low	low
G_r025_substitution_titv_0p1pct	25	6	substitution_titv	0.001	0.1	titv_2	RS_GCF_900090055.1	Thermoplasmatota	Archaea	medium	77.79208862982699	19.99998935556459	77.79208862982699	19.99998935556459	1878916	5	1837431	5	1837431	0.0009573148597144	0.0089640838741259	0	1759	0	0	True	79.44163	20.76698	magicc_v5	1.6495413701730115	0.7669906444354098	1.6495413701730115	0.7669906444354098	low	low
G_r025_substitution_titv_0p5pct	25	7	substitution_titv	0.005	0.5	titv_2	RS_GCF_900090055.1	Thermoplasmatota	Archaea	medium	77.79208862982699	19.99998935556459	77.79208862982699	19.99998935556459	1878916	5	1837431	5	1837431	0.0050010041193383	0.0441104216424403	0	9189	0	0	True	78.85054	21.199831	magicc_v5	1.0584513701730032	1.1998416444354092	1.0584513701730032	1.1998416444354092	low	low
G_r025_substitution_titv_1pct	25	8	substitution_titv	0.01	1.0	titv_2	RS_GCF_900090055.1	Thermoplasmatota	Archaea	medium	77.79208862982699	19.99998935556459	77.79208862982699	19.99998935556459	1878916	5	1837431	5	1837431	0.0098735680414665	0.0864827525163591	0	18142	0	0	True	77.856476	21.63547	magicc_v5	0.06438737017300866	1.635480644435411	0.06438737017300866	1.635480644435411	low	low
G_r025_substitution_titv_2pct	25	9	substitution_titv	0.02	2.0	titv_2	RS_GCF_900090055.1	Thermoplasmatota	Archaea	medium	77.79208862982699	19.99998935556459	77.79208862982699	19.99998935556459	1878916	5	1837431	5	1837431	0.0201427971989152	0.1662522378698502	0	37011	0	0	True	75.042206	22.361267	magicc_v5	-2.749882629826999	2.361277644435411	2.749882629826999	2.361277644435411	low	low
G_r025_substitution_titv_5pct	25	10	substitution_titv	0.05	5.0	titv_2	RS_GCF_900090055.1	Thermoplasmatota	Archaea	medium	77.79208862982699	19.99998935556459	77.79208862982699	19.99998935556459	1878916	5	1837431	5	1837431	0.049908812902362	0.3697505902753909	0	91704	0	0	True	72.898155	22.111765	magicc_v5	-4.893933629826989	2.111775644435408	4.893933629826989	2.111775644435408	low	low
G_r025_indel_0p1pct	25	11	indel	0.001	0.1	ins0.5_geom0.75	RS_GCF_900090055.1	Thermoplasmatota	Archaea	medium	77.79208862982699	19.99998935556459	77.7928083659731	19.99998935556459	1878916	5	1837431	5	1837448	0.0009828940515317		0	0	1806	0	True	79.8601	20.902973	magicc_v5	2.0680113701730107	0.9029836444354089	2.0680113701730107	0.9029836444354089	low	low
G_r025_indel_0p5pct	25	12	indel	0.005	0.5	ins0.5_geom0.75	RS_GCF_900090055.1	Thermoplasmatota	Archaea	medium	77.79208862982699	19.99998935556459	77.79204629240662	19.99998935556459	1878916	5	1837431	5	1837430	0.0051022324103599		0	0	9375	0	True	78.40376	22.024933	magicc_v5	0.6116713701730134	2.0249436444354103	0.6116713701730134	2.0249436444354103	low	low
G_r025_indel_1pct	25	13	indel	0.01	1.0	ins0.5_geom0.75	RS_GCF_900090055.1	Thermoplasmatota	Archaea	medium	77.79208862982699	19.99998935556459	77.79793119383669	19.99998935556459	1878916	5	1837431	5	1837569	0.0100210565730087		0	0	18413	0	True	77.63943	21.37945	magicc_v5	-0.15265862982698764	1.379460644435408	0.15265862982698764	1.379460644435408	low	low
G_r025_indel_2pct	25	14	indel	0.02	2.0	ins0.5_geom0.75	RS_GCF_900090055.1	Thermoplasmatota	Archaea	medium	77.79208862982699	19.99998935556459	77.7911148691587	19.99998935556459	1878916	5	1837431	5	1837408	0.0200252417641805		0	0	36795	0	True	76.31237	19.670492	magicc_v5	-1.4797186298269907	-0.32949735556459103	1.4797186298269907	0.32949735556459103	low	low
G_r025_indel_5pct	25	15	indel	0.05	5.0	ins0.5_geom0.75	RS_GCF_900090055.1	Thermoplasmatota	Archaea	medium	77.79208862982699	19.99998935556459	77.78374815801602	19.99998935556459	1878916	5	1837431	5	1837234	0.0497166968446706		0	0	91351	0	True	78.540924	18.43898	magicc_v5	0.7488353701730119	-1.5610093555645896	0.7488353701730119	1.5610093555645896	low	low
G_r025_chimera_5pct	25	16	chimera	0.05	5.0	rc0.5	RS_GCF_900090055.1	Thermoplasmatota	Archaea	medium	77.79208862982699	19.99998935556459	77.79208862982699	19.99998935556459	1878916	5	1837431	5	1837431	0.0		0	0	0	0	True	79.71679	21.059746	magicc_v5	1.9247013701730111	1.05975664443541	1.9247013701730111	1.05975664443541	low	low
G_r025_chimera_10pct	25	17	chimera	0.1	10.0	rc0.5	RS_GCF_900090055.1	Thermoplasmatota	Archaea	medium	77.79208862982699	19.99998935556459	77.79208862982699	19.99998935556459	1878916	5	1837431	4	1837431	0.4		0	0	0	1	True	79.71679	21.059746	magicc_v5	1.9247013701730111	1.05975664443541	1.9247013701730111	1.05975664443541	low	low
G_r025_chimera_20pct	25	18	chimera	0.2	20.0	rc0.5	RS_GCF_900090055.1	Thermoplasmatota	Archaea	medium	77.79208862982699	19.99998935556459	77.79208862982699	19.99998935556459	1878916	5	1837431	4	1837431	0.4		0	0	0	1	True	79.71679	21.059746	magicc_v5	1.9247013701730111	1.05975664443541	1.9247013701730111	1.05975664443541	low	low
G_r025_chimera_40pct	25	19	chimera	0.4	40.0	rc0.5	RS_GCF_900090055.1	Thermoplasmatota	Archaea	medium	77.79208862982699	19.99998935556459	77.79208862982699	19.99998935556459	1878916	5	1837431	4	1837431	0.4		0	0	0	1	True	79.727196	21.046495	magicc_v5	1.9351073701730144	1.0465056444354097	1.9351073701730144	1.0465056444354097	low	low
G_r025_uneven_coverage_5pct	25	20	uneven_coverage	0.05	5.0	lognormal_sigma1.0	RS_GCF_900090055.1	Thermoplasmatota	Archaea	medium	77.79208862982699	19.99998935556459	77.79208862982699	24.88961720481384	1878916	5	1837431	6	1929303	0.0500002449071557		91872	0	0	0	True	82.977585	21.557056	magicc_v5	5.185496370173013	1.5570666444354089	5.185496370173013	1.5570666444354089	low	low
G_r025_uneven_coverage_10pct	25	21	uneven_coverage	0.1	10.0	lognormal_sigma1.0	RS_GCF_900090055.1	Thermoplasmatota	Archaea	medium	77.79208862982699	19.99998935556459	77.79208862982699	29.779191831886045	1878916	5	1837431	6	2021174	0.0999999455761876		183743	0	0	0	True	87.52539	20.109882	magicc_v5	9.73330137017301	0.10989264443540847	9.73330137017301	0.10989264443540847	low	low
G_r025_uneven_coverage_20pct	25	22	uneven_coverage	0.2	20.0	lognormal_sigma1.0	RS_GCF_900090055.1	Thermoplasmatota	Archaea	medium	77.79208862982699	19.99998935556459	77.79208862982699	39.5583943082075	1878916	5	1837431	6	2204917	0.1999998911523752		367486	0	0	0	True	99.18742	18.768957	magicc_v5	21.39533137017301	-1.2310323555645901	21.39533137017301	1.2310323555645901	low	low
G_r025_uneven_coverage_40pct	25	23	uneven_coverage	0.4	40.0	lognormal_sigma1.0	RS_GCF_900090055.1	Thermoplasmatota	Archaea	medium	77.79208862982699	19.99998935556459	77.79208862982699	59.11679926085041	1878916	5	1837431	9	2572403	0.3999997823047505		734972	0	0	0	True	95.109726	41.406853	magicc_v5	17.317637370173003	21.406863644435408	17.317637370173003	21.406863644435408	low	low
G_r026_none_control	26	0	none	0.0	0.0	control	GB_GCA_963662275.1	Cloacimonadota	Bacteria	low	84.99023929931232	19.999981730087622	84.99023929931232	19.999981730087622	4378784	109	4597295	109	4597295	0.0		0	0	0	0	True	85.0123	20.349958	magicc_v5	0.02206070068767474	0.3499762699123785	0.02206070068767474	0.3499762699123785	low	low
G_r026_substitution_0p1pct	26	1	substitution	0.001	0.1	uniform	GB_GCA_963662275.1	Cloacimonadota	Bacteria	low	84.99023929931232	19.999981730087622	84.99023929931232	19.999981730087622	4378784	109	4597295	109	4597295	0.0009944978514539	0.0089640838741259	0	4572	0	0	True	85.5166	20.118263	magicc_v5	0.5263607006876754	0.11828126991237653	0.5263607006876754	0.11828126991237653	low	low
G_r026_substitution_0p5pct	26	2	substitution	0.005	0.5	uniform	GB_GCA_963662275.1	Cloacimonadota	Bacteria	low	84.99023929931232	19.999981730087622	84.99023929931232	19.999981730087622	4378784	109	4597295	109	4597295	0.0050542764821487	0.0441104216424403	0	23236	0	0	True	82.65546	20.260536	magicc_v5	-2.3347792993123164	0.26055426991237596	2.3347792993123164	0.26055426991237596	low	low
G_r026_substitution_1pct	26	3	substitution	0.01	1.0	uniform	GB_GCA_963662275.1	Cloacimonadota	Bacteria	low	84.99023929931232	19.999981730087622	84.99023929931232	19.999981730087622	4378784	109	4597295	109	4597295	0.0099591172635212	0.0864827525163591	0	45785	0	0	True	81.67704	20.726692	magicc_v5	-3.3131992993123163	0.7267102699123775	3.3131992993123163	0.7267102699123775	low	low
G_r026_substitution_2pct	26	4	substitution	0.02	2.0	uniform	GB_GCA_963662275.1	Cloacimonadota	Bacteria	low	84.99023929931232	19.999981730087622	84.99023929931232	19.999981730087622	4378784	109	4597295	109	4597295	0.0200163356930542	0.1662522378698502	0	92021	0	0	True	79.95173	22.484455	magicc_v5	-5.038509299312324	2.484473269912378	5.038509299312324	2.484473269912378	low	low
G_r026_substitution_5pct	26	5	substitution	0.05	5.0	uniform	GB_GCA_963662275.1	Cloacimonadota	Bacteria	low	84.99023929931232	19.999981730087622	84.99023929931232	19.999981730087622	4378784	109	4597295	109	4597295	0.0498943400412634	0.3697505902753909	0	229379	0	0	True	80.15758	22.952656	magicc_v5	-4.832659299312326	2.9526742699123787	4.832659299312326	2.9526742699123787	low	low
G_r026_substitution_titv_0p1pct	26	6	substitution_titv	0.001	0.1	titv_2	GB_GCA_963662275.1	Cloacimonadota	Bacteria	low	84.99023929931232	19.999981730087622	84.99023929931232	19.999981730087622	4378784	109	4597295	109	4597295	0.0009751386413097	0.0089640838741259	0	4483	0	0	True	83.27829	20.372374	magicc_v5	-1.711949299312323	0.3723922699123783	1.711949299312323	0.3723922699123783	low	low
G_r026_substitution_titv_0p5pct	26	7	substitution_titv	0.005	0.5	titv_2	GB_GCA_963662275.1	Cloacimonadota	Bacteria	low	84.99023929931232	19.999981730087622	84.99023929931232	19.999981730087622	4378784	109	4597295	109	4597295	0.0049848878525306	0.0441104216424403	0	22917	0	0	True	82.03595	21.299875	magicc_v5	-2.9542892993123218	1.2998932699123777	2.9542892993123218	1.2998932699123777	low	low
G_r026_substitution_titv_1pct	26	8	substitution_titv	0.01	1.0	titv_2	GB_GCA_963662275.1	Cloacimonadota	Bacteria	low	84.99023929931232	19.999981730087622	84.99023929931232	19.999981730087622	4378784	109	4597295	109	4597295	0.0100039262218326	0.0864827525163591	0	45991	0	0	True	79.80522	21.598349	magicc_v5	-5.185019299312316	1.5983672699123765	5.185019299312316	1.5983672699123765	low	low
G_r026_substitution_titv_2pct	26	9	substitution_titv	0.02	2.0	titv_2	GB_GCA_963662275.1	Cloacimonadota	Bacteria	low	84.99023929931232	19.999981730087622	84.99023929931232	19.999981730087622	4378784	109	4597295	109	4597295	0.0200424379988667	0.1662522378698502	0	92141	0	0	True	77.64894	22.151909	magicc_v5	-7.341299299312325	2.1519272699123775	7.341299299312325	2.1519272699123775	low	low
G_r026_substitution_titv_5pct	26	10	substitution_titv	0.05	5.0	titv_2	GB_GCA_963662275.1	Cloacimonadota	Bacteria	low	84.99023929931232	19.999981730087622	84.99023929931232	19.999981730087622	4378784	109	4597295	109	4597295	0.0500067974754719	0.3697505902753909	0	229896	0	0	True	76.96469	27.410114	magicc_v5	-8.025549299312317	7.410132269912378	8.025549299312317	7.410132269912378	low	low
G_r026_indel_0p1pct	26	11	indel	0.001	0.1	ins0.5_geom0.75	GB_GCA_963662275.1	Cloacimonadota	Bacteria	low	84.99023929931232	19.999981730087622	84.98983258508916	19.999981730087622	4378784	109	4597295	109	4597273	0.0010171198498247		0	0	4676	0	True	83.54956	20.099651	magicc_v5	-1.4406792993123219	0.09966926991237912	1.4406792993123219	0.09966926991237912	low	low
G_r026_indel_0p5pct	26	12	indel	0.005	0.5	ins0.5_geom0.75	GB_GCA_963662275.1	Cloacimonadota	Bacteria	low	84.99023929931232	19.999981730087622	84.97757569736378	19.999981730087622	4378784	109	4597295	109	4596610	0.0049674863153223		0	0	22837	0	True	84.88089	19.386423	magicc_v5	-0.10934929931232773	-0.6135587300876217	0.10934929931232773	0.6135587300876217	low	low
G_r026_indel_1pct	26	13	indel	0.01	1.0	ins0.5_geom0.75	GB_GCA_963662275.1	Cloacimonadota	Bacteria	low	84.99023929931232	19.999981730087622	84.98733683871973	19.999981730087622	4378784	109	4597295	109	4597138	0.0100041437410477		0	0	45992	0	True	79.09454	20.639122	magicc_v5	-5.8956992993123265	0.639140269912378	5.8956992993123265	0.639140269912378	low	low
G_r026_indel_2pct	26	14	indel	0.02	2.0	ins0.5_geom0.75	GB_GCA_963662275.1	Cloacimonadota	Bacteria	low	84.99023929931232	19.999981730087622	84.98848303334866	19.999981730087622	4378784	109	4597295	109	4597200	0.0199745720037543		0	0	91829	0	True	78.76161	18.444971	magicc_v5	-6.228629299312317	-1.5550107300876235	6.228629299312317	1.5550107300876235	low	low
G_r026_indel_5pct	26	15	indel	0.05	5.0	ins0.5_geom0.75	GB_GCA_963662275.1	Cloacimonadota	Bacteria	low	84.99023929931232	19.999981730087622	85.00563897876216	19.999981730087622	4378784	109	4597295	109	4598128	0.0501164271598842		0	0	230400	0	True	80.155716	18.365187	magicc_v5	-4.834523299312323	-1.6347947300876235	4.834523299312323	1.6347947300876235	low	low
G_r026_chimera_5pct	26	16	chimera	0.05	5.0	rc0.5	GB_GCA_963662275.1	Cloacimonadota	Bacteria	low	84.99023929931232	19.999981730087622	84.99023929931232	19.999981730087622	4378784	109	4597295	106	4597295	0.055045871559633		0	0	0	3	True	85.009995	20.346788	magicc_v5	0.019755700687682065	0.34680626991237773	0.019755700687682065	0.34680626991237773	low	low
G_r026_chimera_10pct	26	17	chimera	0.1	10.0	rc0.5	GB_GCA_963662275.1	Cloacimonadota	Bacteria	low	84.99023929931232	19.999981730087622	84.99023929931232	19.999981730087622	4378784	109	4597295	104	4597295	0.091743119266055		0	0	0	5	True	85.03226	20.349438	magicc_v5	0.042020700687672274	0.3494562699123769	0.042020700687672274	0.3494562699123769	low	low
G_r026_chimera_20pct	26	18	chimera	0.2	20.0	rc0.5	GB_GCA_963662275.1	Cloacimonadota	Bacteria	low	84.99023929931232	19.999981730087622	84.99023929931232	19.999981730087622	4378784	109	4597295	98	4597295	0.2018348623853211		0	0	0	11	True	85.04466	20.349094	magicc_v5	0.0544207006876718	0.34911226991237854	0.0544207006876718	0.34911226991237854	low	low
G_r026_chimera_40pct	26	19	chimera	0.4	40.0	rc0.5	GB_GCA_963662275.1	Cloacimonadota	Bacteria	low	84.99023929931232	19.999981730087622	84.99023929931232	19.999981730087622	4378784	109	4597295	87	4597295	0.4036697247706422		0	0	0	22	True	85.004486	20.354038	magicc_v5	0.014246700687678526	0.3540562699123768	0.014246700687678526	0.3540562699123768	low	low
G_r026_uneven_coverage_5pct	26	20	uneven_coverage	0.05	5.0	lognormal_sigma1.0	GB_GCA_963662275.1	Cloacimonadota	Bacteria	low	84.99023929931232	19.999981730087622	84.99023929931232	25.24949849090524	4378784	109	4597295	112	4827160	0.0500000543798037		229865	0	0	0	True	87.248116	23.697865	magicc_v5	2.2578767006876745	3.697883269912378	2.2578767006876745	3.697883269912378	low	low
G_r026_uneven_coverage_10pct	26	21	uneven_coverage	0.1	10.0	lognormal_sigma1.0	GB_GCA_963662275.1	Cloacimonadota	Bacteria	low	84.99023929931232	19.999981730087622	84.99023929931232	30.49901525172285	4378784	109	4597295	111	5057025	0.1000001087596075		459730	0	0	0	True	83.68144	30.445518	magicc_v5	-1.3087992993123265	10.445536269912377	1.3087992993123265	10.445536269912377	low	low
G_r026_uneven_coverage_20pct	26	22	uneven_coverage	0.2	20.0	lognormal_sigma1.0	GB_GCA_963662275.1	Cloacimonadota	Bacteria	low	84.99023929931232	19.999981730087622	84.99023929931232	40.99802593596761	4378784	109	4597295	124	5516754	0.2		919459	0	0	0	True	98.70046	23.822018	magicc_v5	13.710220700687685	3.8220362699123775	13.710220700687685	3.8220362699123775	low	low
G_r026_uneven_coverage_40pct	26	23	uneven_coverage	0.4	40.0	lognormal_sigma1.0	GB_GCA_963662275.1	Cloacimonadota	Bacteria	low	84.99023929931232	19.999981730087622	84.99023929931232	61.9960701418476	4378784	109	4597295	126	6436213	0.4		1838918	0	0	0	True	93.378784	57.6064	magicc_v5	8.388544700687675	37.60641826991238	8.388544700687675	37.60641826991238	low	low
G_r027_none_control	27	0	none	0.0	0.0	control	GB_GCA_963682045.1	Synergistota	Bacteria	highly_fragmented	79.05513044516131	0.0	79.05513044516131	0.0	2412968	33	1907575	33	1907575	0.0		0	0	0	0	True	80.80429	2.9229283	magicc_v5	1.749159554838684	2.9229283	1.749159554838684	2.9229283	medium	medium
G_r027_substitution_0p1pct	27	1	substitution	0.001	0.1	uniform	GB_GCA_963682045.1	Synergistota	Bacteria	highly_fragmented	79.05513044516131	0.0	79.05513044516131	0.0	2412968	33	1907575	33	1907575	0.0009934078607656	0.0089640838741259	0	1895	0	0	True	80.68462	3.2344012	magicc_v5	1.6294895548386847	3.2344012	1.6294895548386847	3.2344012	medium	medium
G_r027_substitution_0p5pct	27	2	substitution	0.005	0.5	uniform	GB_GCA_963682045.1	Synergistota	Bacteria	highly_fragmented	79.05513044516131	0.0	79.05513044516131	0.0	2412968	33	1907575	33	1907575	0.0050671664285807	0.0441104216424403	0	9666	0	0	True	79.5087	3.1615853	magicc_v5	0.453569554838694	3.1615853	0.453569554838694	3.1615853	medium	medium
G_r027_substitution_1pct	27	3	substitution	0.01	1.0	uniform	GB_GCA_963682045.1	Synergistota	Bacteria	highly_fragmented	79.05513044516131	0.0	79.05513044516131	0.0	2412968	33	1907575	33	1907575	0.0099597656710745	0.0864827525163591	0	18999	0	0	True	79.693825	1.8574744	magicc_v5	0.6386945548386933	1.8574744	0.6386945548386933	1.8574744	medium	medium
G_r027_substitution_2pct	27	4	substitution	0.02	2.0	uniform	GB_GCA_963682045.1	Synergistota	Bacteria	highly_fragmented	79.05513044516131	0.0	79.05513044516131	0.0	2412968	33	1907575	33	1907575	0.0197937171539782	0.1662522378698502	0	37758	0	0	True	80.82145	2.3187666	magicc_v5	1.766319554838688	2.3187666	1.766319554838688	2.3187666	medium	medium
G_r027_substitution_5pct	27	5	substitution	0.05	5.0	uniform	GB_GCA_963682045.1	Synergistota	Bacteria	highly_fragmented	79.05513044516131	0.0	79.05513044516131	0.0	2412968	33	1907575	33	1907575	0.0499665806062671	0.3697505902753909	0	95315	0	0	True	79.51753	2.003497	magicc_v5	0.462399554838683	2.003497	0.462399554838683	2.003497	medium	medium
G_r027_substitution_titv_0p1pct	27	6	substitution_titv	0.001	0.1	titv_2	GB_GCA_963682045.1	Synergistota	Bacteria	highly_fragmented	79.05513044516131	0.0	79.05513044516131	0.0	2412968	33	1907575	33	1907575	0.00102119182732	0.0089640838741259	0	1948	0	0	True	80.28556	2.8896303	magicc_v5	1.2304295548386932	2.8896303	1.2304295548386932	2.8896303	medium	medium
G_r027_substitution_titv_0p5pct	27	7	substitution_titv	0.005	0.5	titv_2	GB_GCA_963682045.1	Synergistota	Bacteria	highly_fragmented	79.05513044516131	0.0	79.05513044516131	0.0	2412968	33	1907575	33	1907575	0.0049984928508708	0.0441104216424403	0	9535	0	0	True	80.08816	3.7790627	magicc_v5	1.0330295548386914	3.7790627	1.0330295548386914	3.7790627	medium	medium
G_r027_substitution_titv_1pct	27	8	substitution_titv	0.01	1.0	titv_2	GB_GCA_963682045.1	Synergistota	Bacteria	highly_fragmented	79.05513044516131	0.0	79.05513044516131	0.0	2412968	33	1907575	33	1907575	0.0099408935428489	0.0864827525163591	0	18963	0	0	True	80.62243	1.6480088	magicc_v5	1.5672995548386837	1.6480088	1.5672995548386837	1.6480088	medium	medium
G_r027_substitution_titv_2pct	27	9	substitution_titv	0.02	2.0	titv_2	GB_GCA_963682045.1	Synergistota	Bacteria	highly_fragmented	79.05513044516131	0.0	79.05513044516131	0.0	2412968	33	1907575	33	1907575	0.0200825655609871	0.1662522378698502	0	38309	0	0	True	80.80742	2.6430755	magicc_v5	1.7522895548386828	2.6430755	1.7522895548386828	2.6430755	medium	medium
G_r027_substitution_titv_5pct	27	10	substitution_titv	0.05	5.0	titv_2	GB_GCA_963682045.1	Synergistota	Bacteria	highly_fragmented	79.05513044516131	0.0	79.05513044516131	0.0	2412968	33	1907575	33	1907575	0.0502045791122236	0.3697505902753909	0	95769	0	0	True	75.31672	5.5656137	magicc_v5	-3.738410445161307	5.5656137	3.738410445161307	5.5656137	medium	medium
G_r027_indel_0p1pct	27	11	indel	0.001	0.1	ins0.5_geom0.75	GB_GCA_963682045.1	Synergistota	Bacteria	highly_fragmented	79.05513044516131	0.0	79.05338985017622	0.0	2412968	33	1907575	33	1907533	0.0009839717966528		0	0	1877	0	True	80.7127	3.202024	magicc_v5	1.6575695548386875	3.202024	1.6575695548386875	3.202024	medium	medium
G_r027_indel_0p5pct	27	12	indel	0.005	0.5	ins0.5_geom0.75	GB_GCA_963682045.1	Synergistota	Bacteria	highly_fragmented	79.05513044516131	0.0	79.05711969657285	0.0	2412968	33	1907575	33	1907623	0.004918810531696		0	0	9383	0	True	79.847	3.1662197	magicc_v5	0.7918695548386836	3.1662197	0.7918695548386836	3.1662197	medium	medium
G_r027_indel_1pct	27	13	indel	0.01	1.0	ins0.5_geom0.75	GB_GCA_963682045.1	Synergistota	Bacteria	highly_fragmented	79.05513044516131	0.0	79.05857019239376	0.0	2412968	33	1907575	33	1907658	0.010000131056446		0	0	19076	0	True	80.4417	1.8692195	magicc_v5	1.3865695548386867	1.8692195	1.3865695548386867	1.8692195	medium	medium
G_r027_indel_2pct	27	14	indel	0.02	2.0	ins0.5_geom0.75	GB_GCA_963682045.1	Synergistota	Bacteria	highly_fragmented	79.05513044516131	0.0	79.05865307786925	0.0	2412968	33	1907575	33	1907660	0.0199903018229951		0	0	38133	0	True	81.00537	1.6848236	magicc_v5	1.9502395548386886	1.6848236	1.9502395548386886	1.6848236	medium	medium
G_r027_indel_5pct	27	15	indel	0.05	5.0	ins0.5_geom0.75	GB_GCA_963682045.1	Synergistota	Bacteria	highly_fragmented	79.05513044516131	0.0	79.06113964213367	0.0	2412968	33	1907575	33	1907720	0.0502659135289569		0	0	95886	0	True	80.38008	0.89738965	magicc_v5	1.324949554838696	0.89738965	1.324949554838696	0.89738965	medium	medium
G_r027_chimera_5pct	27	16	chimera	0.05	5.0	rc0.5	GB_GCA_963682045.1	Synergistota	Bacteria	highly_fragmented	79.05513044516131	0.0	79.05513044516131	0.0	2412968	33	1907575	33	1907575	0.0		0	0	0	0	True	80.80429	2.9229283	magicc_v5	1.749159554838684	2.9229283	1.749159554838684	2.9229283	medium	medium
G_r027_chimera_10pct	27	17	chimera	0.1	10.0	rc0.5	GB_GCA_963682045.1	Synergistota	Bacteria	highly_fragmented	79.05513044516131	0.0	79.05513044516131	0.0	2412968	33	1907575	31	1907575	0.1212121212121212		0	0	0	2	True	80.80165	2.9211164	magicc_v5	1.7465195548386845	2.9211164	1.7465195548386845	2.9211164	medium	medium
G_r027_chimera_20pct	27	18	chimera	0.2	20.0	rc0.5	GB_GCA_963682045.1	Synergistota	Bacteria	highly_fragmented	79.05513044516131	0.0	79.05513044516131	0.0	2412968	33	1907575	30	1907575	0.1818181818181818		0	0	0	3	True	80.7988	2.9239268	magicc_v5	1.7436695548386894	2.9239268	1.7436695548386894	2.9239268	medium	medium
G_r027_chimera_40pct	27	19	chimera	0.4	40.0	rc0.5	GB_GCA_963682045.1	Synergistota	Bacteria	highly_fragmented	79.05513044516131	0.0	79.05513044516131	0.0	2412968	33	1907575	27	1907575	0.3636363636363636		0	0	0	6	True	80.81915	2.9309063	magicc_v5	1.7640195548386828	2.9309063	1.7640195548386828	2.9309063	medium	medium
G_r027_uneven_coverage_5pct	27	20	uneven_coverage	0.05	5.0	lognormal_sigma1.0	GB_GCA_963682045.1	Synergistota	Bacteria	highly_fragmented	79.05513044516131	0.0	79.05513044516131	3.952766882942501	2412968	33	1907575	37	2002954	0.050000131056446		95379	0	0	0	True	82.88748	3.4464717	magicc_v5	3.832349554838686	3.4464717	3.832349554838686	3.4464717	medium	medium
G_r027_uneven_coverage_10pct	27	21	uneven_coverage	0.1	10.0	lognormal_sigma1.0	GB_GCA_963682045.1	Synergistota	Bacteria	highly_fragmented	79.05513044516131	0.0	79.05513044516131	7.905533765885002	2412968	33	1907575	37	2098333	0.100000262112892		190758	0	0	0	True	98.15484	2.2285938	magicc_v5	19.099709554838682	2.2285938	19.099709554838682	2.2285938	high	medium
G_r027_uneven_coverage_20pct	27	22	uneven_coverage	0.2	20.0	lognormal_sigma1.0	GB_GCA_963682045.1	Synergistota	Bacteria	highly_fragmented	79.05513044516131	0.0	79.05513044516131	15.811026089032262	2412968	33	1907575	44	2289090	0.2		381515	0	0	0	True	99.72316	1.1868119	magicc_v5	20.668029554838682	1.1868119	20.668029554838682	1.1868119	high	medium
G_r027_uneven_coverage_40pct	27	23	uneven_coverage	0.4	40.0	lognormal_sigma1.0	GB_GCA_963682045.1	Synergistota	Bacteria	highly_fragmented	79.05513044516131	0.0	79.05513044516131	31.622052178064525	2412968	33	1907575	51	2670605	0.4		763030	0	0	0	True	98.25981	18.066809	magicc_v5	19.20467955483869	18.066809	19.20467955483869	18.066809	low	medium
G_r028_none_control	28	0	none	0.0	0.0	control	GB_GCA_022227015.1	Nitrospirota	Bacteria	medium	82.49880418368376	1.9999785993843453	82.49880418368376	1.9999785993843453	4392397	10	3711522	10	3711522	0.0		0	0	0	0	True	82.84352	4.0201783	magicc_v5	0.3447158163162385	2.020199700615655	0.3447158163162385	2.020199700615655	medium	medium
G_r028_substitution_0p1pct	28	1	substitution	0.001	0.1	uniform	GB_GCA_022227015.1	Nitrospirota	Bacteria	medium	82.49880418368376	1.9999785993843453	82.49880418368376	1.9999785993843453	4392397	10	3711522	10	3711522	0.000982543998714	0.0089640838741259	0	3643	0	0	True	82.39003	4.4586716	magicc_v5	-0.10877418368376368	2.4586930006156544	0.10877418368376368	2.4586930006156544	medium	medium
G_r028_substitution_0p5pct	28	2	substitution	0.005	0.5	uniform	GB_GCA_022227015.1	Nitrospirota	Bacteria	medium	82.49880418368376	1.9999785993843453	82.49880418368376	1.9999785993843453	4392397	10	3711522	10	3711522	0.0050025325523326	0.0441104216424403	0	18548	0	0	True	83.06889	3.8693042	magicc_v5	0.5700858163162366	1.869325600615655	0.5700858163162366	1.869325600615655	medium	medium
G_r028_substitution_1pct	28	3	substitution	0.01	1.0	uniform	GB_GCA_022227015.1	Nitrospirota	Bacteria	medium	82.49880418368376	1.9999785993843453	82.49880418368376	1.9999785993843453	4392397	10	3711522	10	3711522	0.0099994012496082	0.0864827525163591	0	37075	0	0	True	83.23949	3.1905146	magicc_v5	0.740685816316244	1.190536000615655	0.740685816316244	1.190536000615655	medium	medium
G_r028_substitution_2pct	28	4	substitution	0.02	2.0	uniform	GB_GCA_022227015.1	Nitrospirota	Bacteria	medium	82.49880418368376	1.9999785993843453	82.49880418368376	1.9999785993843453	4392397	10	3711522	10	3711522	0.0201163949184971	0.1662522378698502	0	74586	0	0	True	80.580345	6.462055	magicc_v5	-1.9184591836837654	4.462076400615655	1.9184591836837654	4.462076400615655	medium	medium
G_r028_substitution_5pct	28	5	substitution	0.05	5.0	uniform	GB_GCA_022227015.1	Nitrospirota	Bacteria	medium	82.49880418368376	1.9999785993843453	82.49880418368376	1.9999785993843453	4392397	10	3711522	10	3711522	0.0498572978232995	0.3697505902753909	0	184857	0	0	True	74.94032	6.286037	magicc_v5	-7.55848418368376	4.286058400615655	7.55848418368376	4.286058400615655	medium	medium
G_r028_substitution_titv_0p1pct	28	6	substitution_titv	0.001	0.1	titv_2	GB_GCA_022227015.1	Nitrospirota	Bacteria	medium	82.49880418368376	1.9999785993843453	82.49880418368376	1.9999785993843453	4392397	10	3711522	10	3711522	0.0009798469248773	0.0089640838741259	0	3633	0	0	True	82.61841	4.4908524	magicc_v5	0.11960581631623768	2.4908738006156543	0.11960581631623768	2.4908738006156543	medium	medium
G_r028_substitution_titv_0p5pct	28	7	substitution_titv	0.005	0.5	titv_2	GB_GCA_022227015.1	Nitrospirota	Bacteria	medium	82.49880418368376	1.9999785993843453	82.49880418368376	1.9999785993843453	4392397	10	3711522	10	3711522	0.004962885566933	0.0441104216424403	0	18401	0	0	True	81.67157	5.1705866	magicc_v5	-0.8272341836837569	3.1706080006156547	0.8272341836837569	3.1706080006156547	medium	medium
G_r028_substitution_titv_1pct	28	8	substitution_titv	0.01	1.0	titv_2	GB_GCA_022227015.1	Nitrospirota	Bacteria	medium	82.49880418368376	1.9999785993843453	82.49880418368376	1.9999785993843453	4392397	10	3711522	10	3711522	0.009926580256017	0.0864827525163591	0	36805	0	0	True	79.54156	4.705641	magicc_v5	-2.9572441836837555	2.7056624006156547	2.9572441836837555	2.7056624006156547	medium	medium
G_r028_substitution_titv_2pct	28	9	substitution_titv	0.02	2.0	titv_2	GB_GCA_022227015.1	Nitrospirota	Bacteria	medium	82.49880418368376	1.9999785993843453	82.49880418368376	1.9999785993843453	4392397	10	3711522	10	3711522	0.0200834906176892	0.1662522378698502	0	74464	0	0	True	75.14006	7.436383	magicc_v5	-7.358744183683754	5.436404400615655	7.358744183683754	5.436404400615655	medium	medium
G_r028_substitution_titv_5pct	28	10	substitution_titv	0.05	5.0	titv_2	GB_GCA_022227015.1	Nitrospirota	Bacteria	medium	82.49880418368376	1.9999785993843453	82.49880418368376	1.9999785993843453	4392397	10	3711522	10	3711522	0.0497723399974431	0.3697505902753909	0	184542	0	0	True	78.56126	4.761058	magicc_v5	-3.9375441836837553	2.761079400615655	3.9375441836837553	2.761079400615655	medium	medium
G_r028_indel_0p1pct	28	11	indel	0.001	0.1	ins0.5_geom0.75	GB_GCA_022227015.1	Nitrospirota	Bacteria	medium	82.49880418368376	1.9999785993843453	82.49544779257744	1.9999785993843453	4392397	10	3711522	10	3711371	0.0010243776003483		0	0	3802	0	True	82.81082	3.8638444	magicc_v5	0.3120158163162472	1.8638658006156548	0.3120158163162472	1.8638658006156548	medium	medium
G_r028_indel_0p5pct	28	12	indel	0.005	0.5	ins0.5_geom0.75	GB_GCA_022227015.1	Nitrospirota	Bacteria	medium	82.49880418368376	1.9999785993843453	82.49289160067526	1.9999785993843453	4392397	10	3711522	10	3711256	0.0050170792467348		0	0	18621	0	True	82.61828	3.9388032	magicc_v5	0.11947581631623905	1.9388246006156549	0.11947581631623905	1.9388246006156549	medium	medium
G_r028_indel_1pct	28	13	indel	0.01	1.0	ins0.5_geom0.75	GB_GCA_022227015.1	Nitrospirota	Bacteria	medium	82.49880418368376	1.9999785993843453	82.50553919365208	1.9999785993843453	4392397	10	3711522	10	3711825	0.0099832359878238		0	0	37053	0	True	80.464096	4.236004	magicc_v5	-2.0347081836837617	2.236025400615655	2.0347081836837617	2.236025400615655	medium	medium
G_r028_indel_2pct	28	14	indel	0.02	2.0	ins0.5_geom0.75	GB_GCA_022227015.1	Nitrospirota	Bacteria	medium	82.49880418368376	1.9999785993843453	82.49518105950938	1.9999785993843453	4392397	10	3711522	10	3711359	0.0199877570441452		0	0	74185	0	True	80.52237	2.8811722	magicc_v5	-1.9764341836837644	0.8811936006156547	1.9764341836837644	0.8811936006156547	medium	medium
G_r028_indel_5pct	28	15	indel	0.05	5.0	ins0.5_geom0.75	GB_GCA_022227015.1	Nitrospirota	Bacteria	medium	82.49880418368376	1.9999785993843453	82.5162751996412	1.9999785993843453	4392397	10	3711522	10	3712308	0.0498897756769325		0	0	185167	0	True	75.47396	2.6602983	magicc_v5	-7.024844183683754	0.6603197006156547	7.024844183683754	0.6603197006156547	medium	medium
G_r028_chimera_5pct	28	16	chimera	0.05	5.0	rc0.5	GB_GCA_022227015.1	Nitrospirota	Bacteria	medium	82.49880418368376	1.9999785993843453	82.49880418368376	1.9999785993843453	4392397	10	3711522	10	3711522	0.0		0	0	0	0	True	82.84352	4.0201783	magicc_v5	0.3447158163162385	2.020199700615655	0.3447158163162385	2.020199700615655	medium	medium
G_r028_chimera_10pct	28	17	chimera	0.1	10.0	rc0.5	GB_GCA_022227015.1	Nitrospirota	Bacteria	medium	82.49880418368376	1.9999785993843453	82.49880418368376	1.9999785993843453	4392397	10	3711522	9	3711522	0.2		0	0	0	1	True	82.84352	4.0201783	magicc_v5	0.3447158163162385	2.020199700615655	0.3447158163162385	2.020199700615655	medium	medium
G_r028_chimera_20pct	28	18	chimera	0.2	20.0	rc0.5	GB_GCA_022227015.1	Nitrospirota	Bacteria	medium	82.49880418368376	1.9999785993843453	82.49880418368376	1.9999785993843453	4392397	10	3711522	9	3711522	0.2		0	0	0	1	True	82.84352	4.0201783	magicc_v5	0.3447158163162385	2.020199700615655	0.3447158163162385	2.020199700615655	medium	medium
G_r028_chimera_40pct	28	19	chimera	0.4	40.0	rc0.5	GB_GCA_022227015.1	Nitrospirota	Bacteria	medium	82.49880418368376	1.9999785993843453	82.49880418368376	1.9999785993843453	4392397	10	3711522	8	3711522	0.4		0	0	0	2	True	82.84352	4.0201783	magicc_v5	0.3447158163162385	2.020199700615655	0.3447158163162385	2.020199700615655	medium	medium
G_r028_uneven_coverage_5pct	28	20	uneven_coverage	0.05	5.0	lognormal_sigma1.0	GB_GCA_022227015.1	Nitrospirota	Bacteria	medium	82.49880418368376	1.9999785993843453	82.49880418368376	6.224915461876511	4392397	10	3711522	11	3897098	0.0499999730568753		185576	0	0	0	True	84.51752	4.2284756	magicc_v5	2.018715816316245	2.228497000615655	2.018715816316245	2.228497000615655	medium	medium
G_r028_uneven_coverage_10pct	28	21	uneven_coverage	0.1	10.0	lognormal_sigma1.0	GB_GCA_022227015.1	Nitrospirota	Bacteria	medium	82.49880418368376	1.9999785993843453	82.49880418368376	10.449852324368676	4392397	10	3711522	12	4082674	0.0999999461137506		371152	0	0	0	True	98.20546	2.0472736	magicc_v5	15.706655816316243	0.047295000615654725	15.706655816316243	0.047295000615654725	high	medium
G_r028_uneven_coverage_20pct	28	22	uneven_coverage	0.2	20.0	lognormal_sigma1.0	GB_GCA_022227015.1	Nitrospirota	Bacteria	medium	82.49880418368376	1.9999785993843453	82.49880418368376	18.899726049353006	4392397	10	3711522	14	4453826	0.1999998922275012		742304	0	0	0	True	99.52161	3.8039684	magicc_v5	17.022805816316236	1.8039898006156547	17.022805816316236	1.8039898006156547	high	medium
G_r028_uneven_coverage_40pct	28	23	uneven_coverage	0.4	40.0	lognormal_sigma1.0	GB_GCA_022227015.1	Nitrospirota	Bacteria	medium	82.49880418368376	1.9999785993843453	82.49880418368376	35.79949626593407	4392397	10	3711522	16	5196131	0.4000000538862494		1484609	0	0	0	True	78.73793	44.254223	magicc_v5	-3.760874183683754	42.25424440061566	3.760874183683754	42.25424440061566	low	medium
G_r029_none_control	29	0	none	0.0	0.0	control	RS_GCF_900142435.1	Aquificota	Bacteria	highly_fragmented	59.73312786337807	1.8359978390564955	59.73312786337807	1.8359978390564955	1367921	48	842217	48	842217	0.0		0	0	0	0	True	55.92827	4.1633725	magicc_v5	-3.804857863378075	2.327374660943505	3.804857863378075	2.327374660943505	medium	medium
G_r029_substitution_0p1pct	29	1	substitution	0.001	0.1	uniform	RS_GCF_900142435.1	Aquificota	Bacteria	highly_fragmented	59.73312786337807	1.8359978390564955	59.73312786337807	1.8359978390564955	1367921	48	842217	48	842217	0.0010223018533228	0.0089640838741259	0	861	0	0	True	55.775055	4.5156837	magicc_v5	-3.958072863378071	2.679685860943505	3.958072863378071	2.679685860943505	medium	medium
G_r029_substitution_0p5pct	29	2	substitution	0.005	0.5	uniform	RS_GCF_900142435.1	Aquificota	Bacteria	highly_fragmented	59.73312786337807	1.8359978390564955	59.73312786337807	1.8359978390564955	1367921	48	842217	48	842217	0.0051245700336136	0.0441104216424403	0	4316	0	0	True	55.71329	5.7568073	magicc_v5	-4.019837863378072	3.920809460943505	4.019837863378072	3.920809460943505	medium	medium
G_r029_substitution_1pct	29	3	substitution	0.01	1.0	uniform	RS_GCF_900142435.1	Aquificota	Bacteria	highly_fragmented	59.73312786337807	1.8359978390564955	59.73312786337807	1.8359978390564955	1367921	48	842217	48	842217	0.009824071468517	0.0864827525163591	0	8274	0	0	True	55.26967	5.026531	magicc_v5	-4.463457863378075	3.190533160943505	4.463457863378075	3.190533160943505	medium	medium
G_r029_substitution_2pct	29	4	substitution	0.02	2.0	uniform	RS_GCF_900142435.1	Aquificota	Bacteria	highly_fragmented	59.73312786337807	1.8359978390564955	59.73312786337807	1.8359978390564955	1367921	48	842217	48	842217	0.0200542140564723	0.1662522378698502	0	16890	0	0	True	54.10269	4.665625	magicc_v5	-5.63043786337807	2.829627160943505	5.63043786337807	2.829627160943505	medium	medium
G_r029_substitution_5pct	29	5	substitution	0.05	5.0	uniform	RS_GCF_900142435.1	Aquificota	Bacteria	highly_fragmented	59.73312786337807	1.8359978390564955	59.73312786337807	1.8359978390564955	1367921	48	842217	48	842217	0.0504786771105308	0.3697505902753909	0	42514	0	0	True	53.354458	6.3821526	magicc_v5	-6.378669863378072	4.546154760943505	6.378669863378072	4.546154760943505	medium	medium
G_r029_substitution_titv_0p1pct	29	6	substitution_titv	0.001	0.1	titv_2	RS_GCF_900142435.1	Aquificota	Bacteria	highly_fragmented	59.73312786337807	1.8359978390564955	59.73312786337807	1.8359978390564955	1367921	48	842217	48	842217	0.0010128031136868	0.0089640838741259	0	853	0	0	True	55.920834	3.8772821	magicc_v5	-3.8122938633780734	2.0412842609435042	3.8122938633780734	2.0412842609435042	medium	medium
G_r029_substitution_titv_0p5pct	29	7	substitution_titv	0.005	0.5	titv_2	RS_GCF_900142435.1	Aquificota	Bacteria	highly_fragmented	59.73312786337807	1.8359978390564955	59.73312786337807	1.8359978390564955	1367921	48	842217	48	842217	0.0051221953487046	0.0441104216424403	0	4314	0	0	True	55.733517	4.119286	magicc_v5	-3.9996108633780736	2.2832881609435045	3.9996108633780736	2.2832881609435045	medium	medium
G_r029_substitution_titv_1pct	29	8	substitution_titv	0.01	1.0	titv_2	RS_GCF_900142435.1	Aquificota	Bacteria	highly_fragmented	59.73312786337807	1.8359978390564955	59.73312786337807	1.8359978390564955	1367921	48	842217	48	842217	0.0100282943706906	0.0864827525163591	0	8446	0	0	True	54.544907	5.743843	magicc_v5	-5.188220863378071	3.9078451609435048	5.188220863378071	3.9078451609435048	medium	medium
G_r029_substitution_titv_2pct	29	9	substitution_titv	0.02	2.0	titv_2	RS_GCF_900142435.1	Aquificota	Bacteria	highly_fragmented	59.73312786337807	1.8359978390564955	59.73312786337807	1.8359978390564955	1367921	48	842217	48	842217	0.0200470900017453	0.1662522378698502	0	16884	0	0	True	54.485867	3.6606936	magicc_v5	-5.247260863378074	1.8246957609435046	5.247260863378074	1.8246957609435046	medium	medium
G_r029_substitution_titv_5pct	29	10	substitution_titv	0.05	5.0	titv_2	RS_GCF_900142435.1	Aquificota	Bacteria	highly_fragmented	59.73312786337807	1.8359978390564955	59.73312786337807	1.8359978390564955	1367921	48	842217	48	842217	0.0499799932796417	0.3697505902753909	0	42094	0	0	True	53.301605	4.892409	magicc_v5	-6.4315228633780706	3.0564111609435045	6.4315228633780706	3.0564111609435045	medium	medium
G_r029_indel_0p1pct	29	11	indel	0.001	0.1	ins0.5_geom0.75	RS_GCF_900142435.1	Aquificota	Bacteria	highly_fragmented	59.73312786337807	1.8359978390564955	59.73092922933986	1.8359978390564955	1367921	48	842217	48	842186	0.0009854942372333		0	0	830	0	True	55.844765	4.2662086	magicc_v5	-3.8883628633780702	2.4302107609435044	3.8883628633780702	2.4302107609435044	medium	medium
G_r029_indel_0p5pct	29	12	indel	0.005	0.5	ins0.5_geom0.75	RS_GCF_900142435.1	Aquificota	Bacteria	highly_fragmented	59.73312786337807	1.8359978390564955	59.72880151898029	1.8359978390564955	1367921	48	842217	48	842156	0.0050747016505247		0	0	4274	0	True	55.39295	4.3830395	magicc_v5	-4.340177863378074	2.5470416609435045	4.340177863378074	2.5470416609435045	medium	medium
G_r029_indel_1pct	29	13	indel	0.01	1.0	ins0.5_geom0.75	RS_GCF_900142435.1	Aquificota	Bacteria	highly_fragmented	59.73312786337807	1.8359978390564955	59.73695774202529	1.8359978390564955	1367921	48	842217	48	842271	0.0101648387529579		0	0	8561	0	True	55.46062	3.9593787	magicc_v5	-4.272507863378074	2.123380860943504	4.272507863378074	2.123380860943504	medium	medium
G_r029_indel_2pct	29	14	indel	0.02	2.0	ins0.5_geom0.75	RS_GCF_900142435.1	Aquificota	Bacteria	highly_fragmented	59.73312786337807	1.8359978390564955	59.72816320587242	1.8359978390564955	1367921	48	842217	48	842147	0.0200708368508353		0	0	16904	0	True	53.491043	4.181904	magicc_v5	-6.242084863378075	2.345906160943505	6.242084863378075	2.345906160943505	medium	medium
G_r029_indel_5pct	29	15	indel	0.05	5.0	ins0.5_geom0.75	RS_GCF_900142435.1	Aquificota	Bacteria	highly_fragmented	59.73312786337807	1.8359978390564955	59.74972400418269	1.8359978390564955	1367921	48	842217	48	842451	0.0499503097182792		0	0	42069	0	True	53.874737	6.3965025	magicc_v5	-5.8583908633780695	4.560504660943505	5.8583908633780695	4.560504660943505	medium	medium
G_r029_chimera_5pct	29	16	chimera	0.05	5.0	rc0.5	RS_GCF_900142435.1	Aquificota	Bacteria	highly_fragmented	59.73312786337807	1.8359978390564955	59.73312786337807	1.8359978390564955	1367921	48	842217	47	842217	0.0416666666666666		0	0	0	1	True	55.92827	4.1633725	magicc_v5	-3.804857863378075	2.327374660943505	3.804857863378075	2.327374660943505	medium	medium
G_r029_chimera_10pct	29	17	chimera	0.1	10.0	rc0.5	RS_GCF_900142435.1	Aquificota	Bacteria	highly_fragmented	59.73312786337807	1.8359978390564955	59.73312786337807	1.8359978390564955	1367921	48	842217	45	842217	0.125		0	0	0	3	True	55.92827	4.1633725	magicc_v5	-3.804857863378075	2.327374660943505	3.804857863378075	2.327374660943505	medium	medium
G_r029_chimera_20pct	29	18	chimera	0.2	20.0	rc0.5	RS_GCF_900142435.1	Aquificota	Bacteria	highly_fragmented	59.73312786337807	1.8359978390564955	59.73312786337807	1.8359978390564955	1367921	48	842217	44	842217	0.1666666666666666		0	0	0	4	True	55.931534	4.1612387	magicc_v5	-3.8015938633780735	2.325240860943505	3.8015938633780735	2.325240860943505	medium	medium
G_r029_chimera_40pct	29	19	chimera	0.4	40.0	rc0.5	RS_GCF_900142435.1	Aquificota	Bacteria	highly_fragmented	59.73312786337807	1.8359978390564955	59.73312786337807	1.8359978390564955	1367921	48	842217	38	842217	0.4166666666666667		0	0	0	10	True	55.934628	4.1706233	magicc_v5	-3.798499863378076	2.3346254609435046	3.798499863378076	2.3346254609435046	medium	medium
G_r029_uneven_coverage_5pct	29	20	uneven_coverage	0.05	5.0	lognormal_sigma1.0	RS_GCF_900142435.1	Aquificota	Bacteria	highly_fragmented	59.73312786337807	1.8359978390564955	59.73312786337807	4.914465089723748	1367921	48	842217	51	884328	0.0500001781013681		42111	0	0	0	True	57.918953	4.542062	magicc_v5	-1.8141748633780708	2.7060641609435043	1.8141748633780708	2.7060641609435043	medium	medium
G_r029_uneven_coverage_10pct	29	21	uneven_coverage	0.1	10.0	lognormal_sigma1.0	RS_GCF_900142435.1	Aquificota	Bacteria	highly_fragmented	59.73312786337807	1.8359978390564955	59.73312786337807	7.992932340391002	1367921	48	842217	51	926439	0.1000003562027363		84222	0	0	0	True	60.971	3.4915984	magicc_v5	1.2378721366219239	1.6556005609435045	1.2378721366219239	1.6556005609435045	medium	medium
G_r029_uneven_coverage_20pct	29	22	uneven_coverage	0.2	20.0	lognormal_sigma1.0	RS_GCF_900142435.1	Aquificota	Bacteria	highly_fragmented	59.73312786337807	1.8359978390564955	59.73312786337807	14.149793738088675	1367921	48	842217	60	1010660	0.1999995250630182		168443	0	0	0	True	65.86253	6.02372	magicc_v5	6.129402136621934	4.187722160943505	6.129402136621934	4.187722160943505	medium	medium
G_r029_uneven_coverage_40pct	29	23	uneven_coverage	0.4	40.0	lognormal_sigma1.0	RS_GCF_900142435.1	Aquificota	Bacteria	highly_fragmented	59.73312786337807	1.8359978390564955	59.73312786337807	26.46366274075769	1367921	48	842217	66	1179104	0.4000002374684909		336887	0	0	0	True	76.44734	4.02773	magicc_v5	16.714212136621924	2.1917321609435048	16.714212136621924	2.1917321609435048	medium	medium
G_r030_none_control	30	0	none	0.0	0.0	control	GB_GCA_963681965.1	Electryoneota	Bacteria	highly_fragmented	83.8885882643673	4.999991754747557	83.8885882643673	4.999991754747557	4244867	326	3773202	326	3773202	0.0		0	0	0	0	True	81.15483	2.2349358	magicc_v5	-2.733758264367296	-2.7650559547475573	2.733758264367296	2.7650559547475573	medium	medium
G_r030_substitution_0p1pct	30	1	substitution	0.001	0.1	uniform	GB_GCA_963681965.1	Electryoneota	Bacteria	highly_fragmented	83.8885882643673	4.999991754747557	83.8885882643673	4.999991754747557	4244867	326	3773202	326	3773202	0.0010153180243199	0.0089640838741259	0	3831	0	0	True	81.433624	2.4569006	magicc_v5	-2.4549642643673053	-2.5430911547475574	2.4549642643673053	2.5430911547475574	medium	medium
G_r030_substitution_0p5pct	30	2	substitution	0.005	0.5	uniform	GB_GCA_963681965.1	Electryoneota	Bacteria	highly_fragmented	83.8885882643673	4.999991754747557	83.8885882643673	4.999991754747557	4244867	326	3773202	326	3773202	0.0049909864353935	0.0441104216424403	0	18832	0	0	True	81.06815	2.2710562	magicc_v5	-2.820438264367297	-2.7289355547475576	2.820438264367297	2.7289355547475576	medium	medium
G_r030_substitution_1pct	30	3	substitution	0.01	1.0	uniform	GB_GCA_963681965.1	Electryoneota	Bacteria	highly_fragmented	83.8885882643673	4.999991754747557	83.8885882643673	4.999991754747557	4244867	326	3773202	326	3773202	0.0099416887831608	0.0864827525163591	0	37512	0	0	True	80.62355	2.7885227	magicc_v5	-3.2650382643673055	-2.2114690547475573	3.2650382643673055	2.2114690547475573	medium	medium
G_r030_substitution_2pct	30	4	substitution	0.02	2.0	uniform	GB_GCA_963681965.1	Electryoneota	Bacteria	highly_fragmented	83.8885882643673	4.999991754747557	83.8885882643673	4.999991754747557	4244867	326	3773202	326	3773202	0.0198778120015838	0.1662522378698502	0	75003	0	0	True	80.85642	2.6568294	magicc_v5	-3.0321682643673	-2.3431623547475575	3.0321682643673	2.3431623547475575	medium	medium
G_r030_substitution_5pct	30	5	substitution	0.05	5.0	uniform	GB_GCA_963681965.1	Electryoneota	Bacteria	highly_fragmented	83.8885882643673	4.999991754747557	83.8885882643673	4.999991754747557	4244867	326	3773202	326	3773202	0.0498687851856327	0.3697505902753909	0	188165	0	0	True	76.1209	2.1427183	magicc_v5	-7.767688264367294	-2.8572734547475576	7.767688264367294	2.8572734547475576	medium	medium
G_r030_substitution_titv_0p1pct	30	6	substitution_titv	0.001	0.1	titv_2	GB_GCA_963681965.1	Electryoneota	Bacteria	highly_fragmented	83.8885882643673	4.999991754747557	83.8885882643673	4.999991754747557	4244867	326	3773202	326	3773202	0.0010137278629662	0.0089640838741259	0	3825	0	0	True	81.21492	2.2990375	magicc_v5	-2.6736682643672935	-2.7009542547475576	2.6736682643672935	2.7009542547475576	medium	medium
G_r030_substitution_titv_0p5pct	30	7	substitution_titv	0.005	0.5	titv_2	GB_GCA_963681965.1	Electryoneota	Bacteria	highly_fragmented	83.8885882643673	4.999991754747557	83.8885882643673	4.999991754747557	4244867	326	3773202	326	3773202	0.0049745547680723	0.0441104216424403	0	18770	0	0	True	80.528275	3.2229514	magicc_v5	-3.3603132643673064	-1.7770403547475575	3.3603132643673064	1.7770403547475575	medium	medium
G_r030_substitution_titv_1pct	30	8	substitution_titv	0.01	1.0	titv_2	GB_GCA_963681965.1	Electryoneota	Bacteria	highly_fragmented	83.8885882643673	4.999991754747557	83.8885882643673	4.999991754747557	4244867	326	3773202	326	3773202	0.0100143061516452	0.0864827525163591	0	37786	0	0	True	79.61262	2.6856275	magicc_v5	-4.275968264367293	-2.3143642547475576	4.275968264367293	2.3143642547475576	medium	medium
G_r030_substitution_titv_2pct	30	9	substitution_titv	0.02	2.0	titv_2	GB_GCA_963681965.1	Electryoneota	Bacteria	highly_fragmented	83.8885882643673	4.999991754747557	83.8885882643673	4.999991754747557	4244867	326	3773202	326	3773202	0.0200707515791627	0.1662522378698502	0	75731	0	0	True	79.9814	1.501885	magicc_v5	-3.9071882643673064	-3.4981067547475577	3.9071882643673064	3.4981067547475577	medium	medium
G_r030_substitution_titv_5pct	30	10	substitution_titv	0.05	5.0	titv_2	GB_GCA_963681965.1	Electryoneota	Bacteria	highly_fragmented	83.8885882643673	4.999991754747557	83.8885882643673	4.999991754747557	4244867	326	3773202	326	3773202	0.0500906126944701	0.3697505902753909	0	189002	0	0	True	80.88277	2.48546	magicc_v5	-3.0058182643673064	-2.5145317547475576	3.0058182643673064	2.5145317547475576	medium	medium
G_r030_indel_0p1pct	30	11	indel	0.001	0.1	ins0.5_geom0.75	GB_GCA_963681965.1	Electryoneota	Bacteria	highly_fragmented	83.8885882643673	4.999991754747557	83.88776565328901	4.999991754747557	4244867	326	3773202	326	3773165	0.0009790093400777		0	0	3694	0	True	81.20497	2.3635864	magicc_v5	-2.683618264367297	-2.6364053547475574	2.683618264367297	2.6364053547475574	medium	medium
G_r030_indel_0p5pct	30	12	indel	0.005	0.5	ins0.5_geom0.75	GB_GCA_963681965.1	Electryoneota	Bacteria	highly_fragmented	83.8885882643673	4.999991754747557	83.88767672236163	4.999991754747557	4244867	326	3773202	326	3773161	0.0050479672172335		0	0	19047	0	True	82.0092	2.373293	magicc_v5	-1.879388264367293	-2.6266987547475575	1.879388264367293	2.6266987547475575	medium	medium
G_r030_indel_1pct	30	13	indel	0.01	1.0	ins0.5_geom0.75	GB_GCA_963681965.1	Electryoneota	Bacteria	highly_fragmented	83.8885882643673	4.999991754747557	83.90077180141854	4.999991754747557	4244867	326	3773202	326	3773750	0.0100800328209303		0	0	38034	0	True	79.28346	2.860564	magicc_v5	-4.605128264367295	-2.1394277547475573	4.605128264367295	2.1394277547475573	medium	medium
G_r030_indel_2pct	30	14	indel	0.02	2.0	ins0.5_geom0.75	GB_GCA_963681965.1	Electryoneota	Bacteria	highly_fragmented	83.8885882643673	4.999991754747557	83.89894871740724	4.999991754747557	4244867	326	3773202	326	3773668	0.0199668610373894		0	0	75339	0	True	80.46554	2.6640594	magicc_v5	-3.4230482643672957	-2.3359323547475572	3.4230482643672957	2.3359323547475572	medium	medium
G_r030_indel_5pct	30	15	indel	0.05	5.0	ins0.5_geom0.75	GB_GCA_963681965.1	Electryoneota	Bacteria	highly_fragmented	83.8885882643673	4.999991754747557	83.90090519780962	4.999991754747557	4244867	326	3773202	326	3773756	0.0501770114613529		0	0	189328	0	True	78.08266	1.6823828	magicc_v5	-5.805928264367296	-3.3176089547475573	5.805928264367296	3.3176089547475573	medium	medium
G_r030_chimera_5pct	30	16	chimera	0.05	5.0	rc0.5	GB_GCA_963681965.1	Electryoneota	Bacteria	highly_fragmented	83.8885882643673	4.999991754747557	83.8885882643673	4.999991754747557	4244867	326	3773202	318	3773202	0.0490797546012269		0	0	0	8	True	81.15729	2.2334516	magicc_v5	-2.7312982643672967	-2.7665401547475574	2.7312982643672967	2.7665401547475574	medium	medium
G_r030_chimera_10pct	30	17	chimera	0.1	10.0	rc0.5	GB_GCA_963681965.1	Electryoneota	Bacteria	highly_fragmented	83.8885882643673	4.999991754747557	83.8885882643673	4.999991754747557	4244867	326	3773202	310	3773202	0.0981595092024539		0	0	0	16	True	81.15045	2.2353232	magicc_v5	-2.7381382643672936	-2.7646685547475576	2.7381382643672936	2.7646685547475576	medium	medium
G_r030_chimera_20pct	30	18	chimera	0.2	20.0	rc0.5	GB_GCA_963681965.1	Electryoneota	Bacteria	highly_fragmented	83.8885882643673	4.999991754747557	83.8885882643673	4.999991754747557	4244867	326	3773202	293	3773202	0.2024539877300613		0	0	0	33	True	81.15653	2.2171168	magicc_v5	-2.7320582643672964	-2.7828749547475575	2.7320582643672964	2.7828749547475575	medium	medium
G_r030_chimera_40pct	30	19	chimera	0.4	40.0	rc0.5	GB_GCA_963681965.1	Electryoneota	Bacteria	highly_fragmented	83.8885882643673	4.999991754747557	83.8885882643673	4.999991754747557	4244867	326	3773202	261	3773202	0.3987730061349693		0	0	0	65	True	81.181915	2.2482157	magicc_v5	-2.7066732643672964	-2.7517760547475576	2.7066732643672964	2.7517760547475576	medium	medium
G_r030_uneven_coverage_5pct	30	20	uneven_coverage	0.05	5.0	lognormal_sigma1.0	GB_GCA_963681965.1	Electryoneota	Bacteria	highly_fragmented	83.8885882643673	4.999991754747557	83.8885882643673	9.444418399916888	4244867	326	3773202	348	3961862	0.0499999734973107		188660	0	0	0	True	82.82527	2.4329214	magicc_v5	-1.0633182643672967	-2.5670703547475573	1.0633182643672967	2.5670703547475573	medium	medium
G_r030_uneven_coverage_10pct	30	21	uneven_coverage	0.1	10.0	lognormal_sigma1.0	GB_GCA_963681965.1	Electryoneota	Bacteria	highly_fragmented	83.8885882643673	4.999991754747557	83.8885882643673	13.88884504508622	4244867	326	3773202	366	4150522	0.0999999469946215		377320	0	0	0	True	88.511925	3.0565321	magicc_v5	4.623336735632705	-1.9434596547475573	4.623336735632705	1.9434596547475573	medium	medium
G_r030_uneven_coverage_20pct	30	22	uneven_coverage	0.2	20.0	lognormal_sigma1.0	GB_GCA_963681965.1	Electryoneota	Bacteria	highly_fragmented	83.8885882643673	4.999991754747557	83.8885882643673	22.77769833542488	4244867	326	3773202	400	4527842	0.1999998939892431		754640	0	0	0	True	99.73981	2.8482616	magicc_v5	15.851221735632706	-2.1517301547475576	15.851221735632706	2.1517301547475576	high	medium
G_r030_uneven_coverage_40pct	30	23	uneven_coverage	0.4	40.0	lognormal_sigma1.0	GB_GCA_963681965.1	Electryoneota	Bacteria	highly_fragmented	83.8885882643673	4.999991754747557	83.8885882643673	40.55542847396632	4244867	326	3773202	461	5282483	0.4000000530053784		1509281	0	0	0	True	99.90083	2.8796225	magicc_v5	16.0122417356327	-2.1203692547475574	16.0122417356327	2.1203692547475574	high	medium
G_r031_none_control	31	0	none	0.0	0.0	control	RS_GCF_009617975.1	Nanohalarchaeota	Archaea	low	83.01527638954947	9.050164207576456	83.01527638954947	9.050164207576456	973463	10	896223	10	896223	0.0		0	0	0	0	True	73.864365	11.236027	magicc_v5	-9.150911389549464	2.185862792423544	9.150911389549464	2.185862792423544	low	medium
G_r031_substitution_0p1pct	31	1	substitution	0.001	0.1	uniform	RS_GCF_009617975.1	Nanohalarchaeota	Archaea	low	83.01527638954947	9.050164207576456	83.01527638954947	9.050164207576456	973463	10	896223	10	896223	0.0010488461019188	0.0089640838741259	0	940	0	0	True	72.70812	12.202925	magicc_v5	-10.307156389549476	3.1527607924235443	10.307156389549476	3.1527607924235443	low	medium
G_r031_substitution_0p5pct	31	2	substitution	0.005	0.5	uniform	RS_GCF_009617975.1	Nanohalarchaeota	Archaea	low	83.01527638954947	9.050164207576456	83.01527638954947	9.050164207576456	973463	10	896223	10	896223	0.0049753242217617	0.0441104216424403	0	4459	0	0	True	71.19897	13.628471	magicc_v5	-11.816306389549467	4.578306792423543	11.816306389549467	4.578306792423543	low	medium
G_r031_substitution_1pct	31	3	substitution	0.01	1.0	uniform	RS_GCF_009617975.1	Nanohalarchaeota	Archaea	low	83.01527638954947	9.050164207576456	83.01527638954947	9.050164207576456	973463	10	896223	10	896223	0.0100175960670502	0.0864827525163591	0	8978	0	0	True	71.19356	14.295968	magicc_v5	-11.821716389549465	5.245803792423544	11.821716389549465	5.245803792423544	low	medium
G_r031_substitution_2pct	31	4	substitution	0.02	2.0	uniform	RS_GCF_009617975.1	Nanohalarchaeota	Archaea	low	83.01527638954947	9.050164207576456	83.01527638954947	9.050164207576456	973463	10	896223	10	896223	0.0200329605466496	0.1662522378698502	0	17954	0	0	True	68.55117	17.308334	magicc_v5	-14.464106389549471	8.258169792423542	14.464106389549471	8.258169792423542	low	medium
G_r031_substitution_5pct	31	5	substitution	0.05	5.0	uniform	RS_GCF_009617975.1	Nanohalarchaeota	Archaea	low	83.01527638954947	9.050164207576456	83.01527638954947	9.050164207576456	973463	10	896223	10	896223	0.0502386124881865	0.3697505902753909	0	45025	0	0	True	60.252884	24.42682	magicc_v5	-22.76239238954947	15.376655792423543	22.76239238954947	15.376655792423543	low	medium
G_r031_substitution_titv_0p1pct	31	6	substitution_titv	0.001	0.1	titv_2	RS_GCF_009617975.1	Nanohalarchaeota	Archaea	low	83.01527638954947	9.050164207576456	83.01527638954947	9.050164207576456	973463	10	896223	10	896223	0.0010109091152536	0.0089640838741259	0	906	0	0	True	73.25728	11.291591	magicc_v5	-9.757996389549476	2.2414267924235443	9.757996389549476	2.2414267924235443	low	medium
G_r031_substitution_titv_0p5pct	31	7	substitution_titv	0.005	0.5	titv_2	RS_GCF_009617975.1	Nanohalarchaeota	Archaea	low	83.01527638954947	9.050164207576456	83.01527638954947	9.050164207576456	973463	10	896223	10	896223	0.005000987477447	0.0441104216424403	0	4482	0	0	True	73.41555	10.726687	magicc_v5	-9.599726389549474	1.676522792423544	9.599726389549474	1.676522792423544	low	medium
G_r031_substitution_titv_1pct	31	8	substitution_titv	0.01	1.0	titv_2	RS_GCF_009617975.1	Nanohalarchaeota	Archaea	low	83.01527638954947	9.050164207576456	83.01527638954947	9.050164207576456	973463	10	896223	10	896223	0.0099551116184253	0.0864827525163591	0	8922	0	0	True	70.7943	13.6039915	magicc_v5	-12.220976389549463	4.553827292423543	12.220976389549463	4.553827292423543	low	medium
G_r031_substitution_titv_2pct	31	9	substitution_titv	0.02	2.0	titv_2	RS_GCF_009617975.1	Nanohalarchaeota	Archaea	low	83.01527638954947	9.050164207576456	83.01527638954947	9.050164207576456	973463	10	896223	10	896223	0.0199068758556743	0.1662522378698502	0	17841	0	0	True	70.01973	13.963119	magicc_v5	-12.995546389549474	4.912954792423545	12.995546389549474	4.912954792423545	low	medium
G_r031_substitution_titv_5pct	31	10	substitution_titv	0.05	5.0	titv_2	RS_GCF_009617975.1	Nanohalarchaeota	Archaea	low	83.01527638954947	9.050164207576456	83.01527638954947	9.050164207576456	973463	10	896223	10	896223	0.0502196439948539	0.3697505902753909	0	45008	0	0	True	57.365738	22.61585	magicc_v5	-25.64953838954947	13.565685792423542	25.64953838954947	13.565685792423542	low	medium
G_r031_indel_0p1pct	31	11	indel	0.001	0.1	ins0.5_geom0.75	RS_GCF_009617975.1	Nanohalarchaeota	Archaea	low	83.01527638954947	9.050164207576456	83.01342383105926	9.050164207576456	973463	10	896223	10	896203	0.0010276460211353		0	0	921	0	True	74.1248	11.109227	magicc_v5	-8.890476389549477	2.0590627924235445	8.890476389549477	2.0590627924235445	low	medium
G_r031_indel_0p5pct	31	12	indel	0.005	0.5	ins0.5_geom0.75	RS_GCF_009617975.1	Nanohalarchaeota	Archaea	low	83.01527638954947	9.050164207576456	83.01296069143667	9.050164207576456	973463	10	896223	10	896198	0.0049675136656836		0	0	4452	0	True	72.29487	9.786788	magicc_v5	-10.720406389549467	0.7366237924235435	10.720406389549467	0.7366237924235435	medium	medium
G_r031_indel_1pct	31	13	indel	0.01	1.0	ins0.5_geom0.75	RS_GCF_009617975.1	Nanohalarchaeota	Archaea	low	83.01527638954947	9.050164207576456	83.0218529721898	9.050164207576456	973463	10	896223	10	896294	0.0098825850262713		0	0	8857	0	True	71.217255	12.424156	magicc_v5	-11.798021389549476	3.373991792423544	11.798021389549476	3.373991792423544	low	medium
G_r031_indel_2pct	31	14	indel	0.02	2.0	ins0.5_geom0.75	RS_GCF_009617975.1	Nanohalarchaeota	Archaea	low	83.01527638954947	9.050164207576456	83.04491732539319	9.050164207576456	973463	10	896223	10	896543	0.0199827498290046		0	0	17909	0	True	70.65252	12.155035	magicc_v5	-12.362756389549475	3.1048707924235437	12.362756389549475	3.1048707924235437	low	medium
G_r031_indel_5pct	31	15	indel	0.05	5.0	ins0.5_geom0.75	RS_GCF_009617975.1	Nanohalarchaeota	Archaea	low	83.01527638954947	9.050164207576456	83.0674259110495	9.050164207576456	973463	10	896223	10	896786	0.0505064029822934		0	0	45265	0	True	58.08572	18.748674	magicc_v5	-24.929556389549468	9.698509792423545	24.929556389549468	9.698509792423545	low	medium
G_r031_chimera_5pct	31	16	chimera	0.05	5.0	rc0.5	RS_GCF_009617975.1	Nanohalarchaeota	Archaea	low	83.01527638954947	9.050164207576456	83.01527638954947	9.050164207576456	973463	10	896223	10	896223	0.0		0	0	0	0	True	73.864365	11.236027	magicc_v5	-9.150911389549464	2.185862792423544	9.150911389549464	2.185862792423544	low	medium
G_r031_chimera_10pct	31	17	chimera	0.1	10.0	rc0.5	RS_GCF_009617975.1	Nanohalarchaeota	Archaea	low	83.01527638954947	9.050164207576456	83.01527638954947	9.050164207576456	973463	10	896223	10	896223	0.0		0	0	0	0	True	73.864365	11.236027	magicc_v5	-9.150911389549464	2.185862792423544	9.150911389549464	2.185862792423544	low	medium
G_r031_chimera_20pct	31	18	chimera	0.2	20.0	rc0.5	RS_GCF_009617975.1	Nanohalarchaeota	Archaea	low	83.01527638954947	9.050164207576456	83.01527638954947	9.050164207576456	973463	10	896223	9	896223	0.2		0	0	0	1	True	73.864365	11.236027	magicc_v5	-9.150911389549464	2.185862792423544	9.150911389549464	2.185862792423544	low	medium
G_r031_chimera_40pct	31	19	chimera	0.4	40.0	rc0.5	RS_GCF_009617975.1	Nanohalarchaeota	Archaea	low	83.01527638954947	9.050164207576456	83.01527638954947	9.050164207576456	973463	10	896223	8	896223	0.4		0	0	0	2	True	73.868034	11.228621	magicc_v5	-9.147242389549476	2.1784567924235443	9.147242389549476	2.1784567924235443	low	medium
G_r031_uneven_coverage_5pct	31	20	uneven_coverage	0.05	5.0	lognormal_sigma1.0	RS_GCF_009617975.1	Nanohalarchaeota	Archaea	low	83.01527638954947	9.050164207576456	83.01527638954947	13.653420828526611	973463	10	896223	11	941034	0.0499998326309411		44811	0	0	0	True	77.7285	10.185483	magicc_v5	-5.286776389549473	1.1353187924235435	5.286776389549473	1.1353187924235435	low	medium
G_r031_uneven_coverage_10pct	31	21	uneven_coverage	0.1	10.0	lognormal_sigma1.0	RS_GCF_009617975.1	Nanohalarchaeota	Archaea	low	83.01527638954947	9.050164207576456	83.01527638954947	18.256677449476765	973463	10	896223	12	985845	0.0999996652618823		89622	0	0	0	True	82.6317	7.057625	magicc_v5	-0.38357638954947504	-1.9925392075764563	0.38357638954947504	1.9925392075764563	medium	medium
G_r031_uneven_coverage_20pct	31	22	uneven_coverage	0.2	20.0	lognormal_sigma1.0	RS_GCF_009617975.1	Nanohalarchaeota	Archaea	low	83.01527638954947	9.050164207576456	83.01527638954947	27.463293417418026	973463	10	896223	12	1075468	0.2000004463174901		179245	0	0	0	True	93.10972	7.8829317	magicc_v5	10.094443610450526	-1.1672325075764558	10.094443610450526	1.1672325075764558	medium	medium
G_r031_uneven_coverage_40pct	31	23	uneven_coverage	0.4	40.0	lognormal_sigma1.0	RS_GCF_009617975.1	Nanohalarchaeota	Archaea	low	83.01527638954947	9.050164207576456	83.01527638954947	45.87631990121864	973463	10	896223	16	1254712	0.3999997768412549		358489	0	0	0	True	94.368225	17.055813	magicc_v5	11.352948610450525	8.005648792423544	11.352948610450525	8.005648792423544	low	medium
G_r032_none_control	32	0	none	0.0	0.0	control	RS_GCF_000695975.1	Nitrospirota_A	Bacteria	medium	86.24392588127016	4.999989273079506	86.24392588127016	4.999989273079506	2330585	8	2126517	8	2126517	0.0		0	0	0	0	True	79.93756	4.582441	magicc_v5	-6.306365881270153	-0.4175482730795057	6.306365881270153	0.4175482730795057	medium	medium
G_r032_substitution_0p1pct	32	1	substitution	0.001	0.1	uniform	RS_GCF_000695975.1	Nitrospirota_A	Bacteria	medium	86.24392588127016	4.999989273079506	86.24392588127016	4.999989273079506	2330585	8	2126517	8	2126517	0.0010115131926996	0.0089640838741259	0	2151	0	0	True	79.419174	4.8511	magicc_v5	-6.82475188127016	-0.14888927307950617	6.82475188127016	0.14888927307950617	medium	medium
G_r032_substitution_0p5pct	32	2	substitution	0.005	0.5	uniform	RS_GCF_000695975.1	Nitrospirota_A	Bacteria	medium	86.24392588127016	4.999989273079506	86.24392588127016	4.999989273079506	2330585	8	2126517	8	2126517	0.0050552147008465	0.0441104216424403	0	10750	0	0	True	78.925156	4.7081766	magicc_v5	-7.318769881270157	-0.2918126730795061	7.318769881270157	0.2918126730795061	medium	medium
G_r032_substitution_1pct	32	3	substitution	0.01	1.0	uniform	RS_GCF_000695975.1	Nitrospirota_A	Bacteria	medium	86.24392588127016	4.999989273079506	86.24392588127016	4.999989273079506	2330585	8	2126517	8	2126517	0.0100187301582822	0.0864827525163591	0	21305	0	0	True	78.596886	4.740915	magicc_v5	-7.64703988127016	-0.2590742730795057	7.64703988127016	0.2590742730795057	medium	medium
G_r032_substitution_2pct	32	4	substitution	0.02	2.0	uniform	RS_GCF_000695975.1	Nitrospirota_A	Bacteria	medium	86.24392588127016	4.999989273079506	86.24392588127016	4.999989273079506	2330585	8	2126517	8	2126517	0.0200525083975345	0.1662522378698502	0	42642	0	0	True	76.5999	4.9981475	magicc_v5	-9.644025881270153	-0.0018417730795059484	9.644025881270153	0.0018417730795059484	medium	medium
G_r032_substitution_5pct	32	5	substitution	0.05	5.0	uniform	RS_GCF_000695975.1	Nitrospirota_A	Bacteria	medium	86.24392588127016	4.999989273079506	86.24392588127016	4.999989273079506	2330585	8	2126517	8	2126517	0.0499624503354546	0.3697505902753909	0	106246	0	0	True	72.05495	8.228165	magicc_v5	-14.188975881270153	3.2281757269204947	14.188975881270153	3.2281757269204947	medium	medium
G_r032_substitution_titv_0p1pct	32	6	substitution_titv	0.001	0.1	titv_2	RS_GCF_000695975.1	Nitrospirota_A	Bacteria	medium	86.24392588127016	4.999989273079506	86.24392588127016	4.999989273079506	2330585	8	2126517	8	2126517	0.0009809467782293	0.0089640838741259	0	2086	0	0	True	80.486275	4.4846654	magicc_v5	-5.757650881270152	-0.515323873079506	5.757650881270152	0.515323873079506	medium	medium
G_r032_substitution_titv_0p5pct	32	7	substitution_titv	0.005	0.5	titv_2	RS_GCF_000695975.1	Nitrospirota_A	Bacteria	medium	86.24392588127016	4.999989273079506	86.24392588127016	4.999989273079506	2330585	8	2126517	8	2126517	0.0050613279837405	0.0441104216424403	0	10763	0	0	True	80.290215	4.550049	magicc_v5	-5.953710881270155	-0.44994027307950635	5.953710881270155	0.44994027307950635	medium	medium
G_r032_substitution_titv_1pct	32	8	substitution_titv	0.01	1.0	titv_2	RS_GCF_000695975.1	Nitrospirota_A	Bacteria	medium	86.24392588127016	4.999989273079506	86.24392588127016	4.999989273079506	2330585	8	2126517	8	2126517	0.0101080781390414	0.0864827525163591	0	21495	0	0	True	77.87133	4.132909	magicc_v5	-8.372595881270158	-0.8670802730795062	8.372595881270158	0.8670802730795062	medium	medium
G_r032_substitution_titv_2pct	32	9	substitution_titv	0.02	2.0	titv_2	RS_GCF_000695975.1	Nitrospirota_A	Bacteria	medium	86.24392588127016	4.999989273079506	86.24392588127016	4.999989273079506	2330585	8	2126517	8	2126517	0.0200981228929747	0.1662522378698502	0	42739	0	0	True	76.01246	4.7887893	magicc_v5	-10.231465881270154	-0.21119997307950555	10.231465881270154	0.21119997307950555	medium	medium
G_r032_substitution_titv_5pct	32	10	substitution_titv	0.05	5.0	titv_2	RS_GCF_000695975.1	Nitrospirota_A	Bacteria	medium	86.24392588127016	4.999989273079506	86.24392588127016	4.999989273079506	2330585	8	2126517	8	2126517	0.0500132376087282	0.3697505902753909	0	106354	0	0	True	76.72774	3.3078313	magicc_v5	-9.516185881270161	-1.6921579730795058	9.516185881270161	1.6921579730795058	medium	medium
G_r032_indel_0p1pct	32	11	indel	0.001	0.1	ins0.5_geom0.75	RS_GCF_000695975.1	Nitrospirota_A	Bacteria	medium	86.24392588127016	4.999989273079506	86.24493979187939	4.999989273079506	2330585	8	2126517	8	2126542	0.0009974056167902		0	0	2121	0	True	79.81754	4.7227087	magicc_v5	-6.426385881270164	-0.2772805730795058	6.426385881270164	0.2772805730795058	medium	medium
G_r032_indel_0p5pct	32	12	indel	0.005	0.5	ins0.5_geom0.75	RS_GCF_000695975.1	Nitrospirota_A	Bacteria	medium	86.24392588127016	4.999989273079506	86.24080303659369	4.999989273079506	2330585	8	2126517	8	2126440	0.0050067786902244		0	0	10647	0	True	78.62258	4.790121	magicc_v5	-7.621345881270159	-0.20986827307950584	7.621345881270159	0.20986827307950584	medium	medium
G_r032_indel_1pct	32	13	indel	0.01	1.0	ins0.5_geom0.75	RS_GCF_000695975.1	Nitrospirota_A	Bacteria	medium	86.24392588127016	4.999989273079506	86.25556557506424	4.999989273079506	2330585	8	2126517	8	2126804	0.0100102656127366		0	0	21287	0	True	79.990326	3.976345	magicc_v5	-6.253599881270162	-1.0236442730795061	6.253599881270162	1.0236442730795061	medium	medium
G_r032_indel_2pct	32	14	indel	0.02	2.0	ins0.5_geom0.75	RS_GCF_000695975.1	Nitrospirota_A	Bacteria	medium	86.24392588127016	4.999989273079506	86.27925052689612	4.999989273079506	2330585	8	2126517	8	2127388	0.0199796192553363		0	0	42487	0	True	75.24332	5.2110014	magicc_v5	-11.000605881270161	0.21101212692049387	11.000605881270161	0.21101212692049387	medium	medium
G_r032_indel_5pct	32	15	indel	0.05	5.0	ins0.5_geom0.75	RS_GCF_000695975.1	Nitrospirota_A	Bacteria	medium	86.24392588127016	4.999989273079506	86.26359574708944	4.999989273079506	2330585	8	2126517	8	2127002	0.0500818944781537		0	0	106500	0	True	73.094536	6.2714634	magicc_v5	-13.149389881270153	1.271474126920494	13.149389881270153	1.271474126920494	medium	medium
G_r032_chimera_5pct	32	16	chimera	0.05	5.0	rc0.5	RS_GCF_000695975.1	Nitrospirota_A	Bacteria	medium	86.24392588127016	4.999989273079506	86.24392588127016	4.999989273079506	2330585	8	2126517	7	2126517	0.25		0	0	0	1	True	79.937	4.5850964	magicc_v5	-6.3069258812701605	-0.4148928730795056	6.3069258812701605	0.4148928730795056	medium	medium
G_r032_chimera_10pct	32	17	chimera	0.1	10.0	rc0.5	RS_GCF_000695975.1	Nitrospirota_A	Bacteria	medium	86.24392588127016	4.999989273079506	86.24392588127016	4.999989273079506	2330585	8	2126517	7	2126517	0.25		0	0	0	1	True	79.93756	4.582441	magicc_v5	-6.306365881270153	-0.4175482730795057	6.306365881270153	0.4175482730795057	medium	medium
G_r032_chimera_20pct	32	18	chimera	0.2	20.0	rc0.5	RS_GCF_000695975.1	Nitrospirota_A	Bacteria	medium	86.24392588127016	4.999989273079506	86.24392588127016	4.999989273079506	2330585	8	2126517	7	2126517	0.25		0	0	0	1	True	79.937	4.5850964	magicc_v5	-6.3069258812701605	-0.4148928730795056	6.3069258812701605	0.4148928730795056	medium	medium
G_r032_chimera_40pct	32	19	chimera	0.4	40.0	rc0.5	RS_GCF_000695975.1	Nitrospirota_A	Bacteria	medium	86.24392588127016	4.999989273079506	86.24392588127016	4.999989273079506	2330585	8	2126517	6	2126517	0.5		0	0	0	2	True	79.93786	4.5824823	magicc_v5	-6.3060658812701575	-0.41750697307950624	6.3060658812701575	0.41750697307950624	medium	medium
G_r032_uneven_coverage_5pct	32	20	uneven_coverage	0.05	5.0	lognormal_sigma1.0	RS_GCF_000695975.1	Nitrospirota_A	Bacteria	medium	86.24392588127016	4.999989273079506	86.24392588127016	9.562191466949283	2330585	8	2126517	9	2232843	0.0500000705378795		106326	0	0	0	True	85.79374	5.054453	magicc_v5	-0.45018588127015846	0.05446372692049373	0.45018588127015846	0.05446372692049373	medium	medium
G_r032_uneven_coverage_10pct	32	21	uneven_coverage	0.1	10.0	lognormal_sigma1.0	RS_GCF_000695975.1	Nitrospirota_A	Bacteria	medium	86.24392588127016	4.999989273079506	86.24392588127016	14.124393660819065	2330585	8	2126517	9	2339169	0.1000001410757591		212652	0	0	0	True	93.165474	3.8864522	magicc_v5	6.921548118729845	-1.113537073079506	6.921548118729845	1.113537073079506	high	medium
G_r032_uneven_coverage_20pct	32	22	uneven_coverage	0.2	20.0	lognormal_sigma1.0	RS_GCF_000695975.1	Nitrospirota_A	Bacteria	medium	86.24392588127016	4.999989273079506	86.24392588127016	23.248755140876646	2330585	8	2126517	11	2551820	0.1999998118989878		425303	0	0	0	True	97.6646	5.6430073	magicc_v5	11.420674118729835	0.6430180269204939	11.420674118729835	0.6430180269204939	medium	medium
G_r032_uneven_coverage_40pct	32	23	uneven_coverage	0.4	40.0	lognormal_sigma1.0	RS_GCF_000695975.1	Nitrospirota_A	Bacteria	medium	86.24392588127016	4.999989273079506	86.24392588127016	41.497563916355766	2330585	8	2126517	12	2977124	0.400000094050506		850607	0	0	0	True	89.200806	33.941	magicc_v5	2.956880118729842	28.941010726920496	2.956880118729842	28.941010726920496	low	medium
G_r033_none_control	33	0	none	0.0	0.0	control	RS_GCF_000212395.1	Thermodesulfobiota	Bacteria	highly_fragmented	61.99961555982126	9.999973668480909	61.99961555982126	9.999973668480909	1898865	31	1367175	31	1367175	0.0		0	0	0	0	True	59.59075	35.851093	magicc_v5	-2.4088655598212583	25.85111933151909	2.4088655598212583	25.85111933151909	low	medium
G_r033_substitution_0p1pct	33	1	substitution	0.001	0.1	uniform	RS_GCF_000212395.1	Thermodesulfobiota	Bacteria	highly_fragmented	61.99961555982126	9.999973668480909	61.99961555982126	9.999973668480909	1898865	31	1367175	31	1367175	0.001034249455995	0.0089640838741259	0	1414	0	0	True	60.523663	37.32285	magicc_v5	-1.475952559821259	27.322876331519094	1.475952559821259	27.322876331519094	low	medium
G_r033_substitution_0p5pct	33	2	substitution	0.005	0.5	uniform	RS_GCF_000212395.1	Thermodesulfobiota	Bacteria	highly_fragmented	61.99961555982126	9.999973668480909	61.99961555982126	9.999973668480909	1898865	31	1367175	31	1367175	0.0049086620220527	0.0441104216424403	0	6711	0	0	True	59.184227	37.01205	magicc_v5	-2.8153885598212582	27.012076331519093	2.8153885598212582	27.012076331519093	low	medium
G_r033_substitution_1pct	33	3	substitution	0.01	1.0	uniform	RS_GCF_000212395.1	Thermodesulfobiota	Bacteria	highly_fragmented	61.99961555982126	9.999973668480909	61.99961555982126	9.999973668480909	1898865	31	1367175	31	1367175	0.0099489823906961	0.0864827525163591	0	13602	0	0	True	62.169937	44.75435	magicc_v5	0.17032144017873918	34.7543763315191	0.17032144017873918	34.7543763315191	low	medium
G_r033_substitution_2pct	33	4	substitution	0.02	2.0	uniform	RS_GCF_000212395.1	Thermodesulfobiota	Bacteria	highly_fragmented	61.99961555982126	9.999973668480909	61.99961555982126	9.999973668480909	1898865	31	1367175	31	1367175	0.019854078665862	0.1662522378698502	0	27144	0	0	True	58.75988	43.716167	magicc_v5	-3.2397355598212556	33.716193331519094	3.2397355598212556	33.716193331519094	low	medium
G_r033_substitution_5pct	33	5	substitution	0.05	5.0	uniform	RS_GCF_000212395.1	Thermodesulfobiota	Bacteria	highly_fragmented	61.99961555982126	9.999973668480909	61.99961555982126	9.999973668480909	1898865	31	1367175	31	1367175	0.0500338288807211	0.3697505902753909	0	68405	0	0	True	55.762417	41.289562	magicc_v5	-6.237198559821259	31.289588331519088	6.237198559821259	31.289588331519088	low	medium
G_r033_substitution_titv_0p1pct	33	6	substitution_titv	0.001	0.1	titv_2	RS_GCF_000212395.1	Thermodesulfobiota	Bacteria	highly_fragmented	61.99961555982126	9.999973668480909	61.99961555982126	9.999973668480909	1898865	31	1367175	31	1367175	0.001007186351418	0.0089640838741259	0	1377	0	0	True	59.159874	35.029377	magicc_v5	-2.839741559821256	25.029403331519088	2.839741559821256	25.029403331519088	low	medium
G_r033_substitution_titv_0p5pct	33	7	substitution_titv	0.005	0.5	titv_2	RS_GCF_000212395.1	Thermodesulfobiota	Bacteria	highly_fragmented	61.99961555982126	9.999973668480909	61.99961555982126	9.999973668480909	1898865	31	1367175	31	1367175	0.0050476347212317	0.0441104216424403	0	6901	0	0	True	61.548294	43.292324	magicc_v5	-0.45132155982125965	33.29235033151909	0.45132155982125965	33.29235033151909	low	medium
G_r033_substitution_titv_1pct	33	8	substitution_titv	0.01	1.0	titv_2	RS_GCF_000212395.1	Thermodesulfobiota	Bacteria	highly_fragmented	61.99961555982126	9.999973668480909	61.99961555982126	9.999973668480909	1898865	31	1367175	31	1367175	0.0099255764624133	0.0864827525163591	0	13570	0	0	True	60.9014	42.73985	magicc_v5	-1.0982155598212557	32.739876331519085	1.0982155598212557	32.739876331519085	low	medium
G_r033_substitution_titv_2pct	33	9	substitution_titv	0.02	2.0	titv_2	RS_GCF_000212395.1	Thermodesulfobiota	Bacteria	highly_fragmented	61.99961555982126	9.999973668480909	61.99961555982126	9.999973668480909	1898865	31	1367175	31	1367175	0.0199784226598643	0.1662522378698502	0	27314	0	0	True	62.0748	43.341255	magicc_v5	0.07518444017874515	33.341281331519085	0.07518444017874515	33.341281331519085	low	medium
G_r033_substitution_titv_5pct	33	10	substitution_titv	0.05	5.0	titv_2	RS_GCF_000212395.1	Thermodesulfobiota	Bacteria	highly_fragmented	61.99961555982126	9.999973668480909	61.99961555982126	9.999973668480909	1898865	31	1367175	31	1367175	0.0502517965878545	0.3697505902753909	0	68703	0	0	True	58.016956	45.004307	magicc_v5	-3.9826595598212577	35.00433333151909	3.9826595598212577	35.00433333151909	low	medium
G_r033_indel_0p1pct	33	11	indel	0.001	0.1	ins0.5_geom0.75	RS_GCF_000212395.1	Thermodesulfobiota	Bacteria	highly_fragmented	61.99961555982126	9.999973668480909	62.00269927175139	9.999973668480909	1898865	31	1367175	31	1367243	0.001002797739865		0	0	1371	0	True	60.49846	38.2819	magicc_v5	-1.5011555598212567	28.28192633151909	1.5011555598212567	28.28192633151909	low	medium
G_r033_indel_0p5pct	33	12	indel	0.005	0.5	ins0.5_geom0.75	RS_GCF_000212395.1	Thermodesulfobiota	Bacteria	highly_fragmented	61.99961555982126	9.999973668480909	61.999570211116406	9.999973668480909	1898865	31	1367175	31	1367174	0.0049825369831952		0	0	6812	0	True	60.023537	36.78784	magicc_v5	-1.9760785598212607	26.787866331519094	1.9760785598212607	26.787866331519094	low	medium
G_r033_indel_1pct	33	13	indel	0.01	1.0	ins0.5_geom0.75	RS_GCF_000212395.1	Thermodesulfobiota	Bacteria	highly_fragmented	61.99961555982126	9.999973668480909	62.00496670699412	9.999973668480909	1898865	31	1367175	31	1367293	0.01003456031598		0	0	13719	0	True	57.945835	36.107452	magicc_v5	-4.053780559821256	26.107478331519093	4.053780559821256	26.107478331519093	low	medium
G_r033_indel_2pct	33	14	indel	0.02	2.0	ins0.5_geom0.75	RS_GCF_000212395.1	Thermodesulfobiota	Bacteria	highly_fragmented	61.99961555982126	9.999973668480909	62.00995506452815	9.999973668480909	1898865	31	1367175	31	1367403	0.0200588805383363		0	0	27424	0	True	61.10377	41.95258	magicc_v5	-0.8958455598212609	31.95260633151909	0.8958455598212609	31.95260633151909	low	medium
G_r033_indel_5pct	33	15	indel	0.05	5.0	ins0.5_geom0.75	RS_GCF_000212395.1	Thermodesulfobiota	Bacteria	highly_fragmented	61.99961555982126	9.999973668480909	61.99630510436687	9.999973668480909	1898865	31	1367175	31	1367102	0.049703220143727		0	0	67953	0	True	63.77648	57.070915	magicc_v5	1.7768644401787412	47.070941331519094	1.7768644401787412	47.070941331519094	low	medium
G_r033_chimera_5pct	33	16	chimera	0.05	5.0	rc0.5	RS_GCF_000212395.1	Thermodesulfobiota	Bacteria	highly_fragmented	61.99961555982126	9.999973668480909	61.99961555982126	9.999973668480909	1898865	31	1367175	31	1367175	0.0		0	0	0	0	True	59.59075	35.851093	magicc_v5	-2.4088655598212583	25.85111933151909	2.4088655598212583	25.85111933151909	low	medium
G_r033_chimera_10pct	33	17	chimera	0.1	10.0	rc0.5	RS_GCF_000212395.1	Thermodesulfobiota	Bacteria	highly_fragmented	61.99961555982126	9.999973668480909	61.99961555982126	9.999973668480909	1898865	31	1367175	30	1367175	0.064516129032258		0	0	0	1	True	59.59075	35.851093	magicc_v5	-2.4088655598212583	25.85111933151909	2.4088655598212583	25.85111933151909	low	medium
G_r033_chimera_20pct	33	18	chimera	0.2	20.0	rc0.5	RS_GCF_000212395.1	Thermodesulfobiota	Bacteria	highly_fragmented	61.99961555982126	9.999973668480909	61.99961555982126	9.999973668480909	1898865	31	1367175	28	1367175	0.1935483870967742		0	0	0	3	True	59.602325	35.859932	magicc_v5	-2.3972905598212577	25.859958331519092	2.3972905598212577	25.859958331519092	low	medium
G_r033_chimera_40pct	33	19	chimera	0.4	40.0	rc0.5	RS_GCF_000212395.1	Thermodesulfobiota	Bacteria	highly_fragmented	61.99961555982126	9.999973668480909	61.99961555982126	9.999973668480909	1898865	31	1367175	25	1367175	0.3870967741935484		0	0	0	6	True	59.60497	35.874958	magicc_v5	-2.3946455598212566	25.87498433151909	2.3946455598212566	25.87498433151909	low	medium
G_r033_uneven_coverage_5pct	33	20	uneven_coverage	0.05	5.0	lognormal_sigma1.0	RS_GCF_000212395.1	Thermodesulfobiota	Bacteria	highly_fragmented	61.99961555982126	9.999973668480909	61.99961555982126	13.599966295655562	1898865	31	1367175	33	1435534	0.0500001828588147		68359	0	0	0	True	61.41867	34.559437	magicc_v5	-0.5809455598212594	24.559463331519094	0.5809455598212594	24.559463331519094	low	medium
G_r033_uneven_coverage_10pct	33	21	uneven_coverage	0.1	10.0	lognormal_sigma1.0	RS_GCF_000212395.1	Thermodesulfobiota	Bacteria	highly_fragmented	61.99961555982126	9.999973668480909	61.99961555982126	17.199958922830216	1898865	31	1367175	33	1503893	0.1000003657176294		136718	0	0	0	True	63.209606	31.851768	magicc_v5	1.2099904401787427	21.85179433151909	1.2099904401787427	21.85179433151909	low	medium
G_r033_uneven_coverage_20pct	33	22	uneven_coverage	0.2	20.0	lognormal_sigma1.0	RS_GCF_000212395.1	Thermodesulfobiota	Bacteria	highly_fragmented	61.99961555982126	9.999973668480909	61.99961555982126	24.39989151414134	1898865	31	1367175	40	1640610	0.2		273435	0	0	0	True	66.609055	34.076637	magicc_v5	4.60943944017874	24.07666333151909	4.60943944017874	24.07666333151909	low	medium
G_r033_uneven_coverage_40pct	33	23	uneven_coverage	0.4	40.0	lognormal_sigma1.0	RS_GCF_000212395.1	Thermodesulfobiota	Bacteria	highly_fragmented	61.99961555982126	9.999973668480909	61.99961555982126	38.79980935980178	1898865	31	1367175	48	1914045	0.4		546870	0	0	0	True	84.92052	29.278969	magicc_v5	22.920904440178738	19.27899533151909	22.920904440178738	19.27899533151909	low	medium
G_r034_none_control	34	0	none	0.0	0.0	control	GB_GCA_963674695.1	UBA10199	Bacteria	high	84.76789082209743	0.0	84.76789082209743	0.0	3033874	1	2571751	1	2571751	0.0		0	0	0	0	True	75.92243	12.643194	magicc_v5	-8.845460822097422	12.643194	8.845460822097422	12.643194	low	medium
G_r034_substitution_0p1pct	34	1	substitution	0.001	0.1	uniform	GB_GCA_963674695.1	UBA10199	Bacteria	high	84.76789082209743	0.0	84.76789082209743	0.0	3033874	1	2571751	1	2571751	0.0009880427770806	0.0089640838741259	0	2541	0	0	True	75.56099	12.933951	magicc_v5	-9.206900822097424	12.933951	9.206900822097424	12.933951	low	medium
G_r034_substitution_0p5pct	34	2	substitution	0.005	0.5	uniform	GB_GCA_963674695.1	UBA10199	Bacteria	high	84.76789082209743	0.0	84.76789082209743	0.0	3033874	1	2571751	1	2571751	0.0049433246064646	0.0441104216424403	0	12713	0	0	True	76.08957	13.837811	magicc_v5	-8.678320822097433	13.837811	8.678320822097433	13.837811	low	medium
G_r034_substitution_1pct	34	3	substitution	0.01	1.0	uniform	GB_GCA_963674695.1	UBA10199	Bacteria	high	84.76789082209743	0.0	84.76789082209743	0.0	3033874	1	2571751	1	2571751	0.0100110780553793	0.0864827525163591	0	25746	0	0	True	70.68382	18.480534	magicc_v5	-14.08407082209743	18.480534	14.08407082209743	18.480534	low	medium
G_r034_substitution_2pct	34	4	substitution	0.02	2.0	uniform	GB_GCA_963674695.1	UBA10199	Bacteria	high	84.76789082209743	0.0	84.76789082209743	0.0	3033874	1	2571751	1	2571751	0.0201228657051168	0.1662522378698502	0	51751	0	0	True	71.5871	18.270678	magicc_v5	-13.180790822097421	18.270678	13.180790822097421	18.270678	low	medium
G_r034_substitution_5pct	34	5	substitution	0.05	5.0	uniform	GB_GCA_963674695.1	UBA10199	Bacteria	high	84.76789082209743	0.0	84.76789082209743	0.0	3033874	1	2571751	1	2571751	0.0500585009979582	0.3697505902753909	0	128738	0	0	True	62.25741	12.635949	magicc_v5	-22.510480822097428	12.635949	22.510480822097428	12.635949	low	medium
G_r034_substitution_titv_0p1pct	34	6	substitution_titv	0.001	0.1	titv_2	GB_GCA_963674695.1	UBA10199	Bacteria	high	84.76789082209743	0.0	84.76789082209743	0.0	3033874	1	2571751	1	2571751	0.0010214830284891	0.0089640838741259	0	2627	0	0	True	74.88411	12.871942	magicc_v5	-9.883780822097421	12.871942	9.883780822097421	12.871942	low	medium
G_r034_substitution_titv_0p5pct	34	7	substitution_titv	0.005	0.5	titv_2	GB_GCA_963674695.1	UBA10199	Bacteria	high	84.76789082209743	0.0	84.76789082209743	0.0	3033874	1	2571751	1	2571751	0.0049946515039753	0.0441104216424403	0	12845	0	0	True	74.45673	15.470966	magicc_v5	-10.311160822097435	15.470966	10.311160822097435	15.470966	low	medium
G_r034_substitution_titv_1pct	34	8	substitution_titv	0.01	1.0	titv_2	GB_GCA_963674695.1	UBA10199	Bacteria	high	84.76789082209743	0.0	84.76789082209743	0.0	3033874	1	2571751	1	2571751	0.0100052454533895	0.0864827525163591	0	25731	0	0	True	75.79019	15.905947	magicc_v5	-8.977700822097432	15.905947	8.977700822097432	15.905947	low	medium
G_r034_substitution_titv_2pct	34	9	substitution_titv	0.02	2.0	titv_2	GB_GCA_963674695.1	UBA10199	Bacteria	high	84.76789082209743	0.0	84.76789082209743	0.0	3033874	1	2571751	1	2571751	0.0197736872659911	0.1662522378698502	0	50853	0	0	True	73.76307	21.627945	magicc_v5	-11.004820822097429	21.627945	11.004820822097429	21.627945	low	medium
G_r034_substitution_titv_5pct	34	10	substitution_titv	0.05	5.0	titv_2	GB_GCA_963674695.1	UBA10199	Bacteria	high	84.76789082209743	0.0	84.76789082209743	0.0	3033874	1	2571751	1	2571751	0.0498982988633036	0.3697505902753909	0	128326	0	0	True	64.45601	31.413137	magicc_v5	-20.31188082209742	31.413137	20.31188082209742	31.413137	low	medium
G_r034_indel_0p1pct	34	11	indel	0.001	0.1	ins0.5_geom0.75	GB_GCA_963674695.1	UBA10199	Bacteria	high	84.76789082209743	0.0	84.76706679314961	0.0	3033874	1	2571751	1	2571726	0.001000096821193		0	0	2572	0	True	75.20903	13.293019	magicc_v5	-9.55886082209743	13.293019	9.55886082209743	13.293019	low	medium
G_r034_indel_0p5pct	34	12	indel	0.005	0.5	ins0.5_geom0.75	GB_GCA_963674695.1	UBA10199	Bacteria	high	84.76789082209743	0.0	84.76663829809675	0.0	3033874	1	2571751	1	2571713	0.0050265363948531		0	0	12927	0	True	74.573975	13.71825	magicc_v5	-10.193915822097424	13.71825	10.193915822097424	13.71825	low	medium
G_r034_indel_1pct	34	13	indel	0.01	1.0	ins0.5_geom0.75	GB_GCA_963674695.1	UBA10199	Bacteria	high	84.76789082209743	0.0	84.77975683894584	0.0	3033874	1	2571751	1	2572111	0.0099858034467567		0	0	25681	0	True	78.34128	14.009768	magicc_v5	-6.42661082209743	14.009768	6.42661082209743	14.009768	low	medium
G_r034_indel_2pct	34	14	indel	0.02	2.0	ins0.5_geom0.75	GB_GCA_963674695.1	UBA10199	Bacteria	high	84.76789082209743	0.0	84.77501043220649	0.0	3033874	1	2571751	1	2571967	0.0200458753588508		0	0	51553	0	True	70.13033	13.800966	magicc_v5	-14.637560822097427	13.800966	14.637560822097427	13.800966	low	medium
G_r034_indel_5pct	34	15	indel	0.05	5.0	ins0.5_geom0.75	GB_GCA_963674695.1	UBA10199	Bacteria	high	84.76789082209743	0.0	84.76779193862369	0.0	3033874	1	2571751	1	2571748	0.049935238675906		0	0	128421	0	True	71.2715	22.192505	magicc_v5	-13.496390822097425	22.192505	13.496390822097425	22.192505	low	medium
G_r034_chimera_5pct	34	16	chimera	0.05	5.0	rc0.5	GB_GCA_963674695.1	UBA10199	Bacteria	high	84.76789082209743	0.0	84.76789082209743	0.0	3033874	1	2571751	1	2571751	0.0		0	0	0	0	True	75.92243	12.643194	magicc_v5	-8.845460822097422	12.643194	8.845460822097422	12.643194	low	medium
G_r034_chimera_10pct	34	17	chimera	0.1	10.0	rc0.5	GB_GCA_963674695.1	UBA10199	Bacteria	high	84.76789082209743	0.0	84.76789082209743	0.0	3033874	1	2571751	1	2571751	0.0		0	0	0	0	True	75.92243	12.643194	magicc_v5	-8.845460822097422	12.643194	8.845460822097422	12.643194	low	medium
G_r034_chimera_20pct	34	18	chimera	0.2	20.0	rc0.5	GB_GCA_963674695.1	UBA10199	Bacteria	high	84.76789082209743	0.0	84.76789082209743	0.0	3033874	1	2571751	1	2571751	0.0		0	0	0	0	True	75.92243	12.643194	magicc_v5	-8.845460822097422	12.643194	8.845460822097422	12.643194	low	medium
G_r034_chimera_40pct	34	19	chimera	0.4	40.0	rc0.5	GB_GCA_963674695.1	UBA10199	Bacteria	high	84.76789082209743	0.0	84.76789082209743	0.0	3033874	1	2571751	1	2571751	0.0		0	0	0	0	True	75.92243	12.643194	magicc_v5	-8.845460822097422	12.643194	8.845460822097422	12.643194	low	medium
G_r034_uneven_coverage_5pct	34	20	uneven_coverage	0.05	5.0	lognormal_sigma1.0	GB_GCA_963674695.1	UBA10199	Bacteria	high	84.76789082209743	0.0	84.76789082209743	4.238409373625932	3033874	1	2571751	2	2700339	0.0500001749780597		128588	0	0	0	True	77.80406	12.307111	magicc_v5	-6.963830822097421	12.307111	6.963830822097421	12.307111	low	medium
G_r034_uneven_coverage_10pct	34	21	uneven_coverage	0.1	10.0	lognormal_sigma1.0	GB_GCA_963674695.1	UBA10199	Bacteria	high	84.76789082209743	0.0	84.76789082209743	8.47678578609395	3033874	1	2571751	2	2828926	0.0999999611159867		257175	0	0	0	True	84.8807	10.1231575	magicc_v5	0.11280917790257661	10.1231575	0.11280917790257661	10.1231575	low	medium
G_r034_uneven_coverage_20pct	34	22	uneven_coverage	0.2	20.0	lognormal_sigma1.0	GB_GCA_963674695.1	UBA10199	Bacteria	high	84.76789082209743	0.0	84.76789082209743	16.9535715721879	3033874	1	2571751	2	3086101	0.1999999222319734		514350	0	0	0	True	96.289444	13.650936	magicc_v5	11.521553177902575	13.650936	11.521553177902575	13.650936	low	medium
G_r034_uneven_coverage_40pct	34	23	uneven_coverage	0.4	40.0	lognormal_sigma1.0	GB_GCA_963674695.1	UBA10199	Bacteria	high	84.76789082209743	0.0	84.76789082209743	33.9071431443758	3033874	1	2571751	2	3600451	0.3999998444639469		1028700	0	0	0	True	96.03891	27.803635	magicc_v5	11.271019177902573	27.803635	11.271019177902573	27.803635	low	medium
G_r035_none_control	35	0	none	0.0	0.0	control	GB_GCA_023898765.1	Pseudomonadota	Bacteria	low	71.71680431678045	0.0	71.71680431678045	0.0	1902529	10	1364433	10	1364433	0.0		0	0	0	0	True	56.877605	1.712209	magicc_v5	-14.839199316780451	1.712209	14.839199316780451	1.712209	medium	medium
G_r035_substitution_0p1pct	35	1	substitution	0.001	0.1	uniform	GB_GCA_023898765.1	Pseudomonadota	Bacteria	low	71.71680431678045	0.0	71.71680431678045	0.0	1902529	10	1364433	10	1364433	0.0009960181262106	0.0089640838741259	0	1359	0	0	True	57.08926	1.7944813	magicc_v5	-14.627544316780451	1.7944813	14.627544316780451	1.7944813	medium	medium
G_r035_substitution_0p5pct	35	2	substitution	0.005	0.5	uniform	GB_GCA_023898765.1	Pseudomonadota	Bacteria	low	71.71680431678045	0.0	71.71680431678045	0.0	1902529	10	1364433	10	1364433	0.0050387230446639	0.0441104216424403	0	6875	0	0	True	56.406864	2.322656	magicc_v5	-15.309940316780455	2.322656	15.309940316780455	2.322656	medium	medium
G_r035_substitution_1pct	35	3	substitution	0.01	1.0	uniform	GB_GCA_023898765.1	Pseudomonadota	Bacteria	low	71.71680431678045	0.0	71.71680431678045	0.0	1902529	10	1364433	10	1364433	0.0099931619947626	0.0864827525163591	0	13635	0	0	True	56.274353	2.5596976	magicc_v5	-15.442451316780456	2.5596976	15.442451316780456	2.5596976	medium	medium
G_r035_substitution_2pct	35	4	substitution	0.02	2.0	uniform	GB_GCA_023898765.1	Pseudomonadota	Bacteria	low	71.71680431678045	0.0	71.71680431678045	0.0	1902529	10	1364433	10	1364433	0.0200530183600074	0.1662522378698502	0	27361	0	0	True	54.462967	4.522684	magicc_v5	-17.253837316780455	4.522684	17.253837316780455	4.522684	medium	medium
G_r035_substitution_5pct	35	5	substitution	0.05	5.0	uniform	GB_GCA_023898765.1	Pseudomonadota	Bacteria	low	71.71680431678045	0.0	71.71680431678045	0.0	1902529	10	1364433	10	1364433	0.0500933354734164	0.3697505902753909	0	68349	0	0	True	53.560493	7.9329224	magicc_v5	-18.156311316780453	7.9329224	18.156311316780453	7.9329224	medium	medium
G_r035_substitution_titv_0p1pct	35	6	substitution_titv	0.001	0.1	titv_2	GB_GCA_023898765.1	Pseudomonadota	Bacteria	low	71.71680431678045	0.0	71.71680431678045	0.0	1902529	10	1364433	10	1364433	0.0010158065658042	0.0089640838741259	0	1386	0	0	True	57.023956	1.8312156	magicc_v5	-14.692848316780456	1.8312156	14.692848316780456	1.8312156	medium	medium
G_r035_substitution_titv_0p5pct	35	7	substitution_titv	0.005	0.5	titv_2	GB_GCA_023898765.1	Pseudomonadota	Bacteria	low	71.71680431678045	0.0	71.71680431678045	0.0	1902529	10	1364433	10	1364433	0.0050233320360911	0.0441104216424403	0	6854	0	0	True	56.558968	2.4639697	magicc_v5	-15.157836316780454	2.4639697	15.157836316780454	2.4639697	medium	medium
G_r035_substitution_titv_1pct	35	8	substitution_titv	0.01	1.0	titv_2	GB_GCA_023898765.1	Pseudomonadota	Bacteria	low	71.71680431678045	0.0	71.71680431678045	0.0	1902529	10	1364433	10	1364433	0.0100268756325887	0.0864827525163591	0	13681	0	0	True	56.042595	2.0091205	magicc_v5	-15.674209316780455	2.0091205	15.674209316780455	2.0091205	medium	medium
G_r035_substitution_titv_2pct	35	9	substitution_titv	0.02	2.0	titv_2	GB_GCA_023898765.1	Pseudomonadota	Bacteria	low	71.71680431678045	0.0	71.71680431678045	0.0	1902529	10	1364433	10	1364433	0.0198881146967275	0.1662522378698502	0	27136	0	0	True	54.87096	5.0456705	magicc_v5	-16.845844316780457	5.0456705	16.845844316780457	5.0456705	medium	medium
G_r035_substitution_titv_5pct	35	10	substitution_titv	0.05	5.0	titv_2	GB_GCA_023898765.1	Pseudomonadota	Bacteria	low	71.71680431678045	0.0	71.71680431678045	0.0	1902529	10	1364433	10	1364433	0.0499687415944938	0.3697505902753909	0	68179	0	0	True	53.17735	9.456789	magicc_v5	-18.539454316780457	9.456789	18.539454316780457	9.456789	medium	medium
G_r035_indel_0p1pct	35	11	indel	0.001	0.1	ins0.5_geom0.75	GB_GCA_023898765.1	Pseudomonadota	Bacteria	low	71.71680431678045	0.0	71.71764530264716	0.0	1902529	10	1364433	10	1364449	0.0009725651607664		0	0	1327	0	True	56.700436	1.6754955	magicc_v5	-15.01636831678045	1.6754955	15.01636831678045	1.6754955	medium	medium
G_r035_indel_0p5pct	35	12	indel	0.005	0.5	ins0.5_geom0.75	GB_GCA_023898765.1	Pseudomonadota	Bacteria	low	71.71680431678045	0.0	71.71323012684695	0.0	1902529	10	1364433	10	1364365	0.005044586286025		0	0	6883	0	True	56.647305	1.910016	magicc_v5	-15.069499316780451	1.910016	15.069499316780451	1.910016	medium	medium
G_r035_indel_1pct	35	13	indel	0.01	1.0	ins0.5_geom0.75	GB_GCA_023898765.1	Pseudomonadota	Bacteria	low	71.71680431678045	0.0	71.70513563787989	0.0	1902529	10	1364433	10	1364211	0.0100899054772202		0	0	13767	0	True	56.227776	1.8215507	magicc_v5	-15.489028316780455	1.8215507	15.489028316780455	1.8215507	medium	medium
G_r035_indel_2pct	35	14	indel	0.02	2.0	ins0.5_geom0.75	GB_GCA_023898765.1	Pseudomonadota	Bacteria	low	71.71680431678045	0.0	71.70229731057977	0.0	1902529	10	1364433	10	1364157	0.0200134414808202		0	0	27307	0	True	55.27024	2.067378	magicc_v5	-16.446564316780453	2.067378	16.446564316780453	2.067378	medium	medium
G_r035_indel_5pct	35	15	indel	0.05	5.0	ins0.5_geom0.75	GB_GCA_023898765.1	Pseudomonadota	Bacteria	low	71.71680431678045	0.0	71.75365001006556	0.0	1902529	10	1364433	10	1365134	0.0501182542492009		0	0	68383	0	True	54.733562	4.340023	magicc_v5	-16.983242316780455	4.340023	16.983242316780455	4.340023	medium	medium
G_r035_chimera_5pct	35	16	chimera	0.05	5.0	rc0.5	GB_GCA_023898765.1	Pseudomonadota	Bacteria	low	71.71680431678045	0.0	71.71680431678045	0.0	1902529	10	1364433	10	1364433	0.0		0	0	0	0	True	56.877605	1.712209	magicc_v5	-14.839199316780451	1.712209	14.839199316780451	1.712209	medium	medium
G_r035_chimera_10pct	35	17	chimera	0.1	10.0	rc0.5	GB_GCA_023898765.1	Pseudomonadota	Bacteria	low	71.71680431678045	0.0	71.71680431678045	0.0	1902529	10	1364433	9	1364433	0.2		0	0	0	1	True	56.889793	1.7150074	magicc_v5	-14.827011316780457	1.7150074	14.827011316780457	1.7150074	medium	medium
G_r035_chimera_20pct	35	18	chimera	0.2	20.0	rc0.5	GB_GCA_023898765.1	Pseudomonadota	Bacteria	low	71.71680431678045	0.0	71.71680431678045	0.0	1902529	10	1364433	9	1364433	0.2		0	0	0	1	True	56.868275	1.717183	magicc_v5	-14.848529316780457	1.717183	14.848529316780457	1.717183	medium	medium
G_r035_chimera_40pct	35	19	chimera	0.4	40.0	rc0.5	GB_GCA_023898765.1	Pseudomonadota	Bacteria	low	71.71680431678045	0.0	71.71680431678045	0.0	1902529	10	1364433	8	1364433	0.4		0	0	0	2	True	56.875576	1.7127246	magicc_v5	-14.841228316780452	1.7127246	14.841228316780452	1.7127246	medium	medium
G_r035_uneven_coverage_5pct	35	20	uneven_coverage	0.05	5.0	lognormal_sigma1.0	GB_GCA_023898765.1	Pseudomonadota	Bacteria	low	71.71680431678045	0.0	71.71680431678045	3.585858612404857	1902529	10	1364433	11	1432655	0.0500002565168095		68222	0	0	0	True	59.056133	1.2677193	magicc_v5	-12.660671316780451	1.2677193	12.660671316780451	1.2677193	medium	medium
G_r035_uneven_coverage_10pct	35	21	uneven_coverage	0.1	10.0	lognormal_sigma1.0	GB_GCA_023898765.1	Pseudomonadota	Bacteria	low	71.71680431678045	0.0	71.71680431678045	7.171664663193044	1902529	10	1364433	12	1500876	0.0999997801284489		136443	0	0	0	True	61.598152	1.4538407	magicc_v5	-10.118652316780455	1.4538407	10.118652316780455	1.4538407	medium	medium
G_r035_uneven_coverage_20pct	35	22	uneven_coverage	0.2	20.0	lognormal_sigma1.0	GB_GCA_023898765.1	Pseudomonadota	Bacteria	low	71.71680431678045	0.0	71.71680431678045	14.343381888002758	1902529	10	1364433	14	1637320	0.200000293162068		272887	0	0	0	True	67.13173	1.5253514	magicc_v5	-4.5850743167804495	1.5253514	4.5850743167804495	1.5253514	medium	medium
G_r035_uneven_coverage_40pct	35	23	uneven_coverage	0.4	40.0	lognormal_sigma1.0	GB_GCA_023898765.1	Pseudomonadota	Bacteria	low	71.71680431678045	0.0	71.71680431678045	28.686711214388847	1902529	10	1364433	17	1910206	0.399999853418966		545773	0	0	0	True	80.42076	3.0786304	magicc_v5	8.703955683219547	3.0786304	8.703955683219547	3.0786304	medium	medium
G_r036_none_control	36	0	none	0.0	0.0	control	RS_GCF_024800105.1	Bacillota	Bacteria	highly_fragmented	59.57205678995412	4.769478682852066	59.57205678995412	4.769478682852066	2055927	48	1322815	48	1322815	0.0		0	0	0	0	True	60.414223	3.982696	magicc_v5	0.8421662100458818	-0.7867826828520661	0.8421662100458818	0.7867826828520661	medium	medium
G_r036_substitution_0p1pct	36	1	substitution	0.001	0.1	uniform	RS_GCF_024800105.1	Bacillota	Bacteria	highly_fragmented	59.57205678995412	4.769478682852066	59.57205678995412	4.769478682852066	2055927	48	1322815	48	1322815	0.0010356701428393	0.0089640838741259	0	1370	0	0	True	60.143127	3.9856553	magicc_v5	0.5710702100458818	-0.783823382852066	0.5710702100458818	0.783823382852066	medium	medium
G_r036_substitution_0p5pct	36	2	substitution	0.005	0.5	uniform	RS_GCF_024800105.1	Bacillota	Bacteria	highly_fragmented	59.57205678995412	4.769478682852066	59.57205678995412	4.769478682852066	2055927	48	1322815	48	1322815	0.0050316937742617	0.0441104216424403	0	6656	0	0	True	58.638756	5.0401835	magicc_v5	-0.9333007899541172	0.2707048171479345	0.9333007899541172	0.2707048171479345	medium	medium
G_r036_substitution_1pct	36	3	substitution	0.01	1.0	uniform	RS_GCF_024800105.1	Bacillota	Bacteria	highly_fragmented	59.57205678995412	4.769478682852066	59.57205678995412	4.769478682852066	2055927	48	1322815	48	1322815	0.009912194826941	0.0864827525163591	0	13112	0	0	True	59.29758	5.315867	magicc_v5	-0.2744767899541145	0.546388317147934	0.2744767899541145	0.546388317147934	medium	medium
G_r036_substitution_2pct	36	4	substitution	0.02	2.0	uniform	RS_GCF_024800105.1	Bacillota	Bacteria	highly_fragmented	59.57205678995412	4.769478682852066	59.57205678995412	4.769478682852066	2055927	48	1322815	48	1322815	0.0200186723011154	0.1662522378698502	0	26481	0	0	True	56.137825	6.1411676	magicc_v5	-3.4342317899541186	1.3716889171479343	3.4342317899541186	1.3716889171479343	medium	medium
G_r036_substitution_5pct	36	5	substitution	0.05	5.0	uniform	RS_GCF_024800105.1	Bacillota	Bacteria	highly_fragmented	59.57205678995412	4.769478682852066	59.57205678995412	4.769478682852066	2055927	48	1322815	48	1322815	0.0503222294878724	0.3697505902753909	0	66567	0	0	True	53.603752	8.088032	magicc_v5	-5.968304789954118	3.3185533171479342	5.968304789954118	3.3185533171479342	medium	medium
G_r036_substitution_titv_0p1pct	36	6	substitution_titv	0.001	0.1	titv_2	RS_GCF_024800105.1	Bacillota	Bacteria	highly_fragmented	59.57205678995412	4.769478682852066	59.57205678995412	4.769478682852066	2055927	48	1322815	48	1322815	0.0009812407630696	0.0089640838741259	0	1298	0	0	True	60.17484	4.105094	magicc_v5	0.6027832100458852	-0.6643846828520656	0.6027832100458852	0.6643846828520656	medium	medium
G_r036_substitution_titv_0p5pct	36	7	substitution_titv	0.005	0.5	titv_2	RS_GCF_024800105.1	Bacillota	Bacteria	highly_fragmented	59.57205678995412	4.769478682852066	59.57205678995412	4.769478682852066	2055927	48	1322815	48	1322815	0.0050838552632076	0.0441104216424403	0	6725	0	0	True	60.55431	4.151139	magicc_v5	0.982253210045883	-0.6183396828520662	0.982253210045883	0.6183396828520662	medium	medium
G_r036_substitution_titv_1pct	36	8	substitution_titv	0.01	1.0	titv_2	RS_GCF_024800105.1	Bacillota	Bacteria	highly_fragmented	59.57205678995412	4.769478682852066	59.57205678995412	4.769478682852066	2055927	48	1322815	48	1322815	0.0099847673333005	0.0864827525163591	0	13208	0	0	True	58.41371	5.0962777	magicc_v5	-1.1583467899541162	0.326799017147934	1.1583467899541162	0.326799017147934	medium	medium
G_r036_substitution_titv_2pct	36	9	substitution_titv	0.02	2.0	titv_2	RS_GCF_024800105.1	Bacillota	Bacteria	highly_fragmented	59.57205678995412	4.769478682852066	59.57205678995412	4.769478682852066	2055927	48	1322815	48	1322815	0.0200965365527303	0.1662522378698502	0	26584	0	0	True	57.607494	4.510775	magicc_v5	-1.9645627899541154	-0.25870368285206613	1.9645627899541154	0.25870368285206613	medium	medium
G_r036_substitution_titv_5pct	36	10	substitution_titv	0.05	5.0	titv_2	RS_GCF_024800105.1	Bacillota	Bacteria	highly_fragmented	59.57205678995412	4.769478682852066	59.57205678995412	4.769478682852066	2055927	48	1322815	48	1322815	0.0501256789498153	0.3697505902753909	0	66307	0	0	True	51.60257	14.991179	magicc_v5	-7.969486789954118	10.221700317147935	7.969486789954118	10.221700317147935	low	medium
G_r036_indel_0p1pct	36	11	indel	0.001	0.1	ins0.5_geom0.75	RS_GCF_024800105.1	Bacillota	Bacteria	highly_fragmented	59.57205678995412	4.769478682852066	59.5725972016379	4.769478682852066	2055927	48	1322815	48	1322827	0.0010137471982098		0	0	1341	0	True	60.00819	4.980344	magicc_v5	0.436133210045881	0.21086531714793377	0.436133210045881	0.21086531714793377	medium	medium
G_r036_indel_0p5pct	36	12	indel	0.005	0.5	ins0.5_geom0.75	RS_GCF_024800105.1	Bacillota	Bacteria	highly_fragmented	59.57205678995412	4.769478682852066	59.57160644688431	4.769478682852066	2055927	48	1322815	48	1322805	0.005046057082812		0	0	6675	0	True	58.763298	5.3340344	magicc_v5	-0.8087587899541191	0.5645557171479343	0.8087587899541191	0.5645557171479343	medium	medium
G_r036_indel_1pct	36	13	indel	0.01	1.0	ins0.5_geom0.75	RS_GCF_024800105.1	Bacillota	Bacteria	highly_fragmented	59.57205678995412	4.769478682852066	59.57534429436379	4.769478682852066	2055927	48	1322815	48	1322888	0.0099250462082755		0	0	13129	0	True	57.769188	5.351117	magicc_v5	-1.8028687899541183	0.5816383171479345	1.8028687899541183	0.5816383171479345	medium	medium
G_r036_indel_2pct	36	14	indel	0.02	2.0	ins0.5_geom0.75	RS_GCF_024800105.1	Bacillota	Bacteria	highly_fragmented	59.57205678995412	4.769478682852066	59.58565715066258	4.769478682852066	2055927	48	1322815	48	1323117	0.0199030098691049		0	0	26328	0	True	55.95189	7.0661216	magicc_v5	-3.6201667899541192	2.296642917147934	3.6201667899541192	2.296642917147934	medium	medium
G_r036_indel_5pct	36	15	indel	0.05	5.0	ins0.5_geom0.75	RS_GCF_024800105.1	Bacillota	Bacteria	highly_fragmented	59.57205678995412	4.769478682852066	59.58277495501575	4.769478682852066	2055927	48	1322815	48	1323053	0.0499873376095674		0	0	66124	0	True	53.19515	10.208994	magicc_v5	-6.37690678995412	5.439515317147935	6.37690678995412	5.439515317147935	low	medium
G_r036_chimera_5pct	36	16	chimera	0.05	5.0	rc0.5	RS_GCF_024800105.1	Bacillota	Bacteria	highly_fragmented	59.57205678995412	4.769478682852066	59.57205678995412	4.769478682852066	2055927	48	1322815	47	1322815	0.0416666666666666		0	0	0	1	True	60.414223	3.982696	magicc_v5	0.8421662100458818	-0.7867826828520661	0.8421662100458818	0.7867826828520661	medium	medium
G_r036_chimera_10pct	36	17	chimera	0.1	10.0	rc0.5	RS_GCF_024800105.1	Bacillota	Bacteria	highly_fragmented	59.57205678995412	4.769478682852066	59.57205678995412	4.769478682852066	2055927	48	1322815	46	1322815	0.0833333333333333		0	0	0	2	True	60.414288	3.9838016	magicc_v5	0.8422312100458811	-0.7856770828520658	0.8422312100458811	0.7856770828520658	medium	medium
G_r036_chimera_20pct	36	18	chimera	0.2	20.0	rc0.5	RS_GCF_024800105.1	Bacillota	Bacteria	highly_fragmented	59.57205678995412	4.769478682852066	59.57205678995412	4.769478682852066	2055927	48	1322815	43	1322815	0.2083333333333333		0	0	0	5	True	60.40226	3.9928226	magicc_v5	0.8302032100458803	-0.7766560828520657	0.8302032100458803	0.7766560828520657	medium	medium
G_r036_chimera_40pct	36	19	chimera	0.4	40.0	rc0.5	RS_GCF_024800105.1	Bacillota	Bacteria	highly_fragmented	59.57205678995412	4.769478682852066	59.57205678995412	4.769478682852066	2055927	48	1322815	38	1322815	0.4166666666666667		0	0	0	10	True	60.41864	3.9748013	magicc_v5	0.8465832100458854	-0.7946773828520657	0.8465832100458854	0.7946773828520657	medium	medium
G_r036_uneven_coverage_5pct	36	20	uneven_coverage	0.05	5.0	lognormal_sigma1.0	RS_GCF_024800105.1	Bacillota	Bacteria	highly_fragmented	59.57205678995412	4.769478682852066	59.57205678995412	7.986567616457199	2055927	48	1322815	51	1388956	0.0500001889909019		66141	0	0	0	True	62.837357	4.7352133	magicc_v5	3.2653002100458792	-0.03426538285206604	3.2653002100458792	0.03426538285206604	medium	medium
G_r036_uneven_coverage_10pct	36	21	uneven_coverage	0.1	10.0	lognormal_sigma1.0	RS_GCF_024800105.1	Bacillota	Bacteria	highly_fragmented	59.57205678995412	4.769478682852066	59.57205678995412	11.203656550062332	2055927	48	1322815	52	1455097	0.1000003779818039		132282	0	0	0	True	67.27795	4.086077	magicc_v5	7.705893210045886	-0.6834016828520655	7.705893210045886	0.6834016828520655	medium	medium
G_r036_uneven_coverage_20pct	36	22	uneven_coverage	0.2	20.0	lognormal_sigma1.0	RS_GCF_024800105.1	Bacillota	Bacteria	highly_fragmented	59.57205678995412	4.769478682852066	59.57205678995412	17.637785777413303	2055927	48	1322815	63	1587378	0.2		264563	0	0	0	True	72.79834	3.3158212	magicc_v5	13.226283210045878	-1.453657482852066	13.226283210045878	1.453657482852066	medium	medium
G_r036_uneven_coverage_40pct	36	23	uneven_coverage	0.4	40.0	lognormal_sigma1.0	RS_GCF_024800105.1	Bacillota	Bacteria	highly_fragmented	59.57205678995412	4.769478682852066	59.57205678995412	30.50609287197454	2055927	48	1322815	70	1851941	0.4		529126	0	0	0	True	84.02954	2.4483948	magicc_v5	24.45748321004588	-2.321083882852066	24.45748321004588	2.321083882852066	medium	medium
G_r037_none_control	37	0	none	0.0	0.0	control	RS_GCF_036346935.1	Actinomycetota	Bacteria	high	62.22015036951875	5.902306500239932	62.22015036951875	5.902306500239932	7775113	16	5296598	16	5296598	0.0		0	0	0	0	True	59.732178	6.814921	magicc_v5	-2.487972369518751	0.9126144997600676	2.487972369518751	0.9126144997600676	medium	medium
G_r037_substitution_0p1pct	37	1	substitution	0.001	0.1	uniform	RS_GCF_036346935.1	Actinomycetota	Bacteria	high	62.22015036951875	5.902306500239932	62.22015036951875	5.902306500239932	7775113	16	5296598	16	5296598	0.0009838390604686	0.0089640838741259	0	5211	0	0	True	59.088154	6.7748456	magicc_v5	-3.1319963695187454	0.8725390997600675	3.1319963695187454	0.8725390997600675	medium	medium
G_r037_substitution_0p5pct	37	2	substitution	0.005	0.5	uniform	RS_GCF_036346935.1	Actinomycetota	Bacteria	high	62.22015036951875	5.902306500239932	62.22015036951875	5.902306500239932	7775113	16	5296598	16	5296598	0.004997547482365	0.0441104216424403	0	26470	0	0	True	57.540985	6.9349585	magicc_v5	-4.679165369518749	1.0326519997600672	4.679165369518749	1.0326519997600672	medium	medium
G_r037_substitution_1pct	37	3	substitution	0.01	1.0	uniform	RS_GCF_036346935.1	Actinomycetota	Bacteria	high	62.22015036951875	5.902306500239932	62.22015036951875	5.902306500239932	7775113	16	5296598	16	5296598	0.0099703621079039	0.0864827525163591	0	52809	0	0	True	56.725403	7.454541	magicc_v5	-5.494747369518748	1.5522344997600674	5.494747369518748	1.5522344997600674	medium	medium
G_r037_substitution_2pct	37	4	substitution	0.02	2.0	uniform	RS_GCF_036346935.1	Actinomycetota	Bacteria	high	62.22015036951875	5.902306500239932	62.22015036951875	5.902306500239932	7775113	16	5296598	16	5296598	0.0200264396127476	0.1662522378698502	0	106072	0	0	True	55.289772	7.6072125	magicc_v5	-6.930378369518749	1.7049059997600677	6.930378369518749	1.7049059997600677	medium	medium
G_r037_substitution_5pct	37	5	substitution	0.05	5.0	uniform	RS_GCF_036346935.1	Actinomycetota	Bacteria	high	62.22015036951875	5.902306500239932	62.22015036951875	5.902306500239932	7775113	16	5296598	16	5296598	0.0499705660123724	0.3697505902753909	0	264674	0	0	True	53.22705	8.235157	magicc_v5	-8.99310036951875	2.3328504997600668	8.99310036951875	2.3328504997600668	medium	medium
G_r037_substitution_titv_0p1pct	37	6	substitution_titv	0.001	0.1	titv_2	RS_GCF_036346935.1	Actinomycetota	Bacteria	high	62.22015036951875	5.902306500239932	62.22015036951875	5.902306500239932	7775113	16	5296598	16	5296598	0.0009653366179574	0.0089640838741259	0	5113	0	0	True	59.253494	6.8482428	magicc_v5	-2.966656369518745	0.945936299760068	2.966656369518745	0.945936299760068	medium	medium
G_r037_substitution_titv_0p5pct	37	7	substitution_titv	0.005	0.5	titv_2	RS_GCF_036346935.1	Actinomycetota	Bacteria	high	62.22015036951875	5.902306500239932	62.22015036951875	5.902306500239932	7775113	16	5296598	16	5296598	0.0050209587361547	0.0441104216424403	0	26594	0	0	True	58.15762	7.046637	magicc_v5	-4.062530369518747	1.1443304997600672	4.062530369518747	1.1443304997600672	medium	medium
G_r037_substitution_titv_1pct	37	8	substitution_titv	0.01	1.0	titv_2	RS_GCF_036346935.1	Actinomycetota	Bacteria	high	62.22015036951875	5.902306500239932	62.22015036951875	5.902306500239932	7775113	16	5296598	16	5296598	0.0099677189018309	0.0864827525163591	0	52795	0	0	True	56.320496	7.3494287	magicc_v5	-5.89965436951875	1.4471221997600674	5.89965436951875	1.4471221997600674	medium	medium
G_r037_substitution_titv_2pct	37	9	substitution_titv	0.02	2.0	titv_2	RS_GCF_036346935.1	Actinomycetota	Bacteria	high	62.22015036951875	5.902306500239932	62.22015036951875	5.902306500239932	7775113	16	5296598	16	5296598	0.0199941547385699	0.1662522378698502	0	105901	0	0	True	53.845177	7.8300266	magicc_v5	-8.374973369518749	1.9277200997600676	8.374973369518749	1.9277200997600676	medium	medium
G_r037_substitution_titv_5pct	37	10	substitution_titv	0.05	5.0	titv_2	RS_GCF_036346935.1	Actinomycetota	Bacteria	high	62.22015036951875	5.902306500239932	62.22015036951875	5.902306500239932	7775113	16	5296598	16	5296598	0.0500966847021427	0.3697505902753909	0	265342	0	0	True	52.141186	10.035896	magicc_v5	-10.07896436951875	4.133589499760067	10.07896436951875	4.133589499760067	low	medium
G_r037_indel_0p1pct	37	11	indel	0.001	0.1	ins0.5_geom0.75	RS_GCF_036346935.1	Actinomycetota	Bacteria	high	62.22015036951875	5.902306500239932	62.21925758297385	5.902306500239932	7775113	16	5296598	16	5296522	0.0010097047198975		0	0	5348	0	True	59.454773	6.735009	magicc_v5	-2.7653773695187454	0.8327024997600674	2.7653773695187454	0.8327024997600674	medium	medium
G_r037_indel_0p5pct	37	12	indel	0.005	0.5	ins0.5_geom0.75	RS_GCF_036346935.1	Actinomycetota	Bacteria	high	62.22015036951875	5.902306500239932	62.218564498682426	5.902306500239932	7775113	16	5296598	16	5296463	0.0050324755626158		0	0	26655	0	True	58.71649	6.854203	magicc_v5	-3.503660369518748	0.9518964997600676	3.503660369518748	0.9518964997600676	medium	medium
G_r037_indel_1pct	37	13	indel	0.01	1.0	ins0.5_geom0.75	RS_GCF_036346935.1	Actinomycetota	Bacteria	high	62.22015036951875	5.902306500239932	62.22311066174653	5.902306500239932	7775113	16	5296598	16	5296850	0.0100275686393417		0	0	53112	0	True	57.646954	6.8336844	magicc_v5	-4.573196369518747	0.9313778997600677	4.573196369518747	0.9313778997600677	medium	medium
G_r037_indel_2pct	37	14	indel	0.02	2.0	ins0.5_geom0.75	RS_GCF_036346935.1	Actinomycetota	Bacteria	high	62.22015036951875	5.902306500239932	62.221548285292975	5.902306500239932	7775113	16	5296598	16	5296717	0.0200647661008065		0	0	106275	0	True	54.76986	6.9966764	magicc_v5	-7.450290369518747	1.0943698997600677	7.450290369518747	1.0943698997600677	medium	medium
G_r037_indel_5pct	37	15	indel	0.05	5.0	ins0.5_geom0.75	RS_GCF_036346935.1	Actinomycetota	Bacteria	high	62.22015036951875	5.902306500239932	62.20601849828847	5.902306500239932	7775113	16	5296598	16	5295395	0.0499061850644508		0	0	264333	0	True	53.44788	7.9818873	magicc_v5	-8.77227036951875	2.079580799760068	8.77227036951875	2.079580799760068	medium	medium
G_r037_chimera_5pct	37	16	chimera	0.05	5.0	rc0.5	RS_GCF_036346935.1	Actinomycetota	Bacteria	high	62.22015036951875	5.902306500239932	62.22015036951875	5.902306500239932	7775113	16	5296598	15	5296598	0.125		0	0	0	1	True	59.732582	6.814912	magicc_v5	-2.4875683695187476	0.9126054997600672	2.4875683695187476	0.9126054997600672	medium	medium
G_r037_chimera_10pct	37	17	chimera	0.1	10.0	rc0.5	RS_GCF_036346935.1	Actinomycetota	Bacteria	high	62.22015036951875	5.902306500239932	62.22015036951875	5.902306500239932	7775113	16	5296598	15	5296598	0.125		0	0	0	1	True	59.732178	6.814921	magicc_v5	-2.487972369518751	0.9126144997600676	2.487972369518751	0.9126144997600676	medium	medium
G_r037_chimera_20pct	37	18	chimera	0.2	20.0	rc0.5	RS_GCF_036346935.1	Actinomycetota	Bacteria	high	62.22015036951875	5.902306500239932	62.22015036951875	5.902306500239932	7775113	16	5296598	14	5296598	0.25		0	0	0	2	True	59.738907	6.8163724	magicc_v5	-2.481243369518751	0.9140658997600672	2.481243369518751	0.9140658997600672	medium	medium
G_r037_chimera_40pct	37	19	chimera	0.4	40.0	rc0.5	RS_GCF_036346935.1	Actinomycetota	Bacteria	high	62.22015036951875	5.902306500239932	62.22015036951875	5.902306500239932	7775113	16	5296598	13	5296598	0.375		0	0	0	3	True	59.738075	6.8179665	magicc_v5	-2.4820753695187463	0.9156599997600674	2.4820753695187463	0.9156599997600674	medium	medium
G_r037_uneven_coverage_5pct	37	20	uneven_coverage	0.05	5.0	lognormal_sigma1.0	RS_GCF_036346935.1	Actinomycetota	Bacteria	high	62.22015036951875	5.902306500239932	62.22015036951875	9.308430629882809	7775113	16	5296598	18	5561428	0.0500000188800433		264830	0	0	0	True	64.21256	6.9411397	magicc_v5	1.992409630481248	1.0388331997600675	1.992409630481248	1.0388331997600675	medium	medium
G_r037_uneven_coverage_10pct	37	21	uneven_coverage	0.1	10.0	lognormal_sigma1.0	RS_GCF_036346935.1	Actinomycetota	Bacteria	high	62.22015036951875	5.902306500239932	62.22015036951875	12.71455475952568	7775113	16	5296598	20	5826258	0.1000000377600867		529660	0	0	0	True	65.362144	6.6447735	magicc_v5	3.1419936304812524	0.7424669997600679	3.1419936304812524	0.7424669997600679	medium	medium
G_r037_uneven_coverage_20pct	37	22	uneven_coverage	0.2	20.0	lognormal_sigma1.0	RS_GCF_036346935.1	Actinomycetota	Bacteria	high	62.22015036951875	5.902306500239932	62.22015036951875	19.52680301881143	7775113	16	5296598	20	6355918	0.2000000755201735		1059320	0	0	0	True	73.27113	7.241139	magicc_v5	11.050979630481251	1.338832499760068	11.050979630481251	1.338832499760068	medium	medium
G_r037_uneven_coverage_40pct	37	23	uneven_coverage	0.4	40.0	lognormal_sigma1.0	RS_GCF_036346935.1	Actinomycetota	Bacteria	high	62.22015036951875	5.902306500239932	62.22015036951875	33.151286675833525	7775113	16	5296598	25	7415237	0.3999999622399132		2118639	0	0	0	True	83.99132	8.08936	magicc_v5	21.771169630481253	2.187053499760067	21.771169630481253	2.187053499760067	medium	medium
G_r038_none_control	38	0	none	0.0	0.0	control	RS_GCF_012113595.1	Bacteroidota	Bacteria	low	59.68857810067615	19.99999410219307	59.68857810067615	19.99999410219307	6782182	78	5404624	78	5404624	0.0		0	0	0	0	True	68.35753	22.54265	magicc_v5	8.668951899323844	2.5426558978069274	8.668951899323844	2.5426558978069274	low	low
G_r038_substitution_0p1pct	38	1	substitution	0.001	0.1	uniform	RS_GCF_012113595.1	Bacteroidota	Bacteria	low	59.68857810067615	19.99999410219307	59.68857810067615	19.99999410219307	6782182	78	5404624	78	5404624	0.0009830471092901	0.0089640838741259	0	5313	0	0	True	68.29559	22.724205	magicc_v5	8.607011899323851	2.7242108978069304	8.607011899323851	2.7242108978069304	low	low
G_r038_substitution_0p5pct	38	2	substitution	0.005	0.5	uniform	RS_GCF_012113595.1	Bacteroidota	Bacteria	low	59.68857810067615	19.99999410219307	59.68857810067615	19.99999410219307	6782182	78	5404624	78	5404624	0.0049664879554988	0.0441104216424403	0	26842	0	0	True	66.725464	23.055973	magicc_v5	7.036885899323849	3.0559788978069307	7.036885899323849	3.0559788978069307	low	low
G_r038_substitution_1pct	38	3	substitution	0.01	1.0	uniform	RS_GCF_012113595.1	Bacteroidota	Bacteria	low	59.68857810067615	19.99999410219307	59.68857810067615	19.99999410219307	6782182	78	5404624	78	5404624	0.0100419566652555	0.0864827525163591	0	54273	0	0	True	65.13237	24.102303	magicc_v5	5.443791899323841	4.102308897806928	5.443791899323841	4.102308897806928	low	low
G_r038_substitution_2pct	38	4	substitution	0.02	2.0	uniform	RS_GCF_012113595.1	Bacteroidota	Bacteria	low	59.68857810067615	19.99999410219307	59.68857810067615	19.99999410219307	6782182	78	5404624	78	5404624	0.0200626352545524	0.1662522378698502	0	108431	0	0	True	62.26483	24.661154	magicc_v5	2.57625189932385	4.661159897806929	2.57625189932385	4.661159897806929	low	low
G_r038_substitution_5pct	38	5	substitution	0.05	5.0	uniform	RS_GCF_012113595.1	Bacteroidota	Bacteria	low	59.68857810067615	19.99999410219307	59.68857810067615	19.99999410219307	6782182	78	5404624	78	5404624	0.0501056132674539	0.3697505902753909	0	270802	0	0	True	55.459587	28.67334	magicc_v5	-4.228991100676154	8.673345897806929	4.228991100676154	8.673345897806929	low	low
G_r038_substitution_titv_0p1pct	38	6	substitution_titv	0.001	0.1	titv_2	RS_GCF_012113595.1	Bacteroidota	Bacteria	low	59.68857810067615	19.99999410219307	59.68857810067615	19.99999410219307	6782182	78	5404624	78	5404624	0.0009932235804007	0.0089640838741259	0	5368	0	0	True	67.9853	22.78835	magicc_v5	8.296721899323842	2.7883558978069303	8.296721899323842	2.7883558978069303	low	low
G_r038_substitution_titv_0p5pct	38	7	substitution_titv	0.005	0.5	titv_2	RS_GCF_012113595.1	Bacteroidota	Bacteria	low	59.68857810067615	19.99999410219307	59.68857810067615	19.99999410219307	6782182	78	5404624	78	5404624	0.005017740364547	0.0441104216424403	0	27119	0	0	True	66.03612	23.721535	magicc_v5	6.3475418993238435	3.7215408978069284	6.3475418993238435	3.7215408978069284	low	low
G_r038_substitution_titv_1pct	38	8	substitution_titv	0.01	1.0	titv_2	RS_GCF_012113595.1	Bacteroidota	Bacteria	low	59.68857810067615	19.99999410219307	59.68857810067615	19.99999410219307	6782182	78	5404624	78	5404624	0.0100599042597597	0.0864827525163591	0	54370	0	0	True	65.560104	23.432785	magicc_v5	5.871525899323842	3.432790897806928	5.871525899323842	3.432790897806928	low	low
G_r038_substitution_titv_2pct	38	9	substitution_titv	0.02	2.0	titv_2	RS_GCF_012113595.1	Bacteroidota	Bacteria	low	59.68857810067615	19.99999410219307	59.68857810067615	19.99999410219307	6782182	78	5404624	78	5404624	0.0199708619878089	0.1662522378698502	0	107935	0	0	True	62.854187	24.36367	magicc_v5	3.16560889932385	4.363675897806928	3.16560889932385	4.363675897806928	low	low
G_r038_substitution_titv_5pct	38	10	substitution_titv	0.05	5.0	titv_2	RS_GCF_012113595.1	Bacteroidota	Bacteria	low	59.68857810067615	19.99999410219307	59.68857810067615	19.99999410219307	6782182	78	5404624	78	5404624	0.0500321576487097	0.3697505902753909	0	270405	0	0	True	58.14682	29.322983	magicc_v5	-1.5417581006761552	9.32298889780693	1.5417581006761552	9.32298889780693	low	low
G_r038_indel_0p1pct	38	11	indel	0.001	0.1	ins0.5_geom0.75	RS_GCF_012113595.1	Bacteroidota	Bacteria	low	59.68857810067615	19.99999410219307	59.68651287576785	19.99999410219307	6782182	78	5404624	78	5404437	0.0009928535269058		0	0	5366	0	True	68.37178	22.348267	magicc_v5	8.683201899323848	2.348272897806929	8.683201899323848	2.348272897806929	low	low
G_r038_indel_0p5pct	38	12	indel	0.005	0.5	ins0.5_geom0.75	RS_GCF_012113595.1	Bacteroidota	Bacteria	low	59.68857810067615	19.99999410219307	59.68958310317164	19.99999410219307	6782182	78	5404624	78	5404715	0.0049855457104879		0	0	26945	0	True	66.734375	23.339674	magicc_v5	7.045796899323847	3.3396798978069278	7.045796899323847	3.3396798978069278	low	low
G_r038_indel_1pct	38	13	indel	0.01	1.0	ins0.5_geom0.75	RS_GCF_012113595.1	Bacteroidota	Bacteria	low	59.68857810067615	19.99999410219307	59.68978189487404	19.99999410219307	6782182	78	5404624	78	5404733	0.010050097842144		0	0	54317	0	True	66.142624	22.975508	magicc_v5	6.4540458993238445	2.9755138978069304	6.4540458993238445	2.9755138978069304	low	low
G_r038_indel_2pct	38	14	indel	0.02	2.0	ins0.5_geom0.75	RS_GCF_012113595.1	Bacteroidota	Bacteria	low	59.68857810067615	19.99999410219307	59.69048870981593	19.99999410219307	6782182	78	5404624	78	5404797	0.0199353368522953		0	0	107743	0	True	62.2936	24.038706	magicc_v5	2.6050218993238445	4.03871189780693	2.6050218993238445	4.03871189780693	low	low
G_r038_indel_5pct	38	15	indel	0.05	5.0	ins0.5_geom0.75	RS_GCF_012113595.1	Bacteroidota	Bacteria	low	59.68857810067615	19.99999410219307	59.67483938524336	19.99999410219307	6782182	78	5404624	78	5403380	0.0499779448117019		0	0	270112	0	True	56.603035	25.93736	magicc_v5	-3.085543100676155	5.937365897806931	3.085543100676155	5.937365897806931	low	low
G_r038_chimera_5pct	38	16	chimera	0.05	5.0	rc0.5	RS_GCF_012113595.1	Bacteroidota	Bacteria	low	59.68857810067615	19.99999410219307	59.68857810067615	19.99999410219307	6782182	78	5404624	76	5404624	0.0512820512820512		0	0	0	2	True	68.359146	22.542068	magicc_v5	8.670567899323842	2.5420738978069295	8.670567899323842	2.5420738978069295	low	low
G_r038_chimera_10pct	38	17	chimera	0.1	10.0	rc0.5	RS_GCF_012113595.1	Bacteroidota	Bacteria	low	59.68857810067615	19.99999410219307	59.68857810067615	19.99999410219307	6782182	78	5404624	74	5404624	0.1025641025641025		0	0	0	4	True	68.352455	22.54316	magicc_v5	8.663876899323853	2.5431658978069294	8.663876899323853	2.5431658978069294	low	low
G_r038_chimera_20pct	38	18	chimera	0.2	20.0	rc0.5	RS_GCF_012113595.1	Bacteroidota	Bacteria	low	59.68857810067615	19.99999410219307	59.68857810067615	19.99999410219307	6782182	78	5404624	70	5404624	0.2051282051282051		0	0	0	8	True	68.3574	22.543245	magicc_v5	8.668821899323845	2.543250897806928	8.668821899323845	2.543250897806928	low	low
G_r038_chimera_40pct	38	19	chimera	0.4	40.0	rc0.5	RS_GCF_012113595.1	Bacteroidota	Bacteria	low	59.68857810067615	19.99999410219307	59.68857810067615	19.99999410219307	6782182	78	5404624	63	5404624	0.3846153846153846		0	0	0	15	True	68.358475	22.546679	magicc_v5	8.669896899323845	2.54668489780693	8.669896899323845	2.54668489780693	low	low
G_r038_uneven_coverage_5pct	38	20	uneven_coverage	0.05	5.0	lognormal_sigma1.0	RS_GCF_012113595.1	Bacteroidota	Bacteria	low	59.68857810067615	19.99999410219307	59.68857810067615	23.984419763433067	6782182	78	5404624	81	5674855	0.0499999629946505		270231	0	0	0	True	72.2325	22.34709	magicc_v5	12.543921899323848	2.3470958978069305	12.543921899323848	2.3470958978069305	low	low
G_r038_uneven_coverage_10pct	38	21	uneven_coverage	0.1	10.0	lognormal_sigma1.0	RS_GCF_012113595.1	Bacteroidota	Bacteria	low	59.68857810067615	19.99999410219307	59.68857810067615	27.968845424673063	6782182	78	5404624	85	5945086	0.099999925989301		540462	0	0	0	True	74.94835	24.667212	magicc_v5	15.259771899323852	4.667217897806928	15.259771899323852	4.667217897806928	low	low
G_r038_uneven_coverage_20pct	38	22	uneven_coverage	0.2	20.0	lognormal_sigma1.0	RS_GCF_012113595.1	Bacteroidota	Bacteria	low	59.68857810067615	19.99999410219307	59.68857810067615	35.93771149167038	6782182	78	5404624	97	6485549	0.2000000370053495		1080925	0	0	0	True	82.16493	24.737608	magicc_v5	22.476351899323845	4.737613897806931	22.476351899323845	4.737613897806931	low	low
G_r038_uneven_coverage_40pct	38	23	uneven_coverage	0.4	40.0	lognormal_sigma1.0	RS_GCF_012113595.1	Bacteroidota	Bacteria	low	59.68857810067615	19.99999410219307	59.68857810067615	51.87542888114769	6782182	78	5404624	105	7566474	0.400000074010699		2161850	0	0	0	True	84.40465	42.72921	magicc_v5	24.71607189932385	22.72921589780693	24.71607189932385	22.72921589780693	low	low
G_r039_none_control	39	0	none	0.0	0.0	control	GB_GCA_002234455.1	Campylobacterota	Bacteria	medium	65.46776304174284	19.999988269044767	65.46776304174284	19.999988269044767	1704891	2	1457132	2	1457132	0.0		0	0	0	0	True	66.84865	16.922554	magicc_v5	1.3808869582571646	-3.0774342690447654	1.3808869582571646	3.0774342690447654	low	low
G_r039_substitution_0p1pct	39	1	substitution	0.001	0.1	uniform	GB_GCA_002234455.1	Campylobacterota	Bacteria	medium	65.46776304174284	19.999988269044767	65.46776304174284	19.999988269044767	1704891	2	1457132	2	1457132	0.001006085927699	0.0089640838741259	0	1466	0	0	True	65.66759	18.075037	magicc_v5	0.19982695825716235	-1.9249512690447688	0.19982695825716235	1.9249512690447688	low	low
G_r039_substitution_0p5pct	39	2	substitution	0.005	0.5	uniform	GB_GCA_002234455.1	Campylobacterota	Bacteria	medium	65.46776304174284	19.999988269044767	65.46776304174284	19.999988269044767	1704891	2	1457132	2	1457132	0.0050180766052766	0.0441104216424403	0	7312	0	0	True	64.20049	18.984684	magicc_v5	-1.2672730417428397	-1.0153042690447656	1.2672730417428397	1.0153042690447656	low	low
G_r039_substitution_1pct	39	3	substitution	0.01	1.0	uniform	GB_GCA_002234455.1	Campylobacterota	Bacteria	medium	65.46776304174284	19.999988269044767	65.46776304174284	19.999988269044767	1704891	2	1457132	2	1457132	0.0100361532105533	0.0864827525163591	0	14624	0	0	True	62.725204	19.966415	magicc_v5	-2.742559041742844	-0.03357326904476565	2.742559041742844	0.03357326904476565	low	low
G_r039_substitution_2pct	39	4	substitution	0.02	2.0	uniform	GB_GCA_002234455.1	Campylobacterota	Bacteria	medium	65.46776304174284	19.999988269044767	65.46776304174284	19.999988269044767	1704891	2	1457132	2	1457132	0.0199398544538174	0.1662522378698502	0	29055	0	0	True	56.912777	24.94855	magicc_v5	-8.554986041742843	4.948561730955234	8.554986041742843	4.948561730955234	low	low
G_r039_substitution_5pct	39	5	substitution	0.05	5.0	uniform	GB_GCA_002234455.1	Campylobacterota	Bacteria	medium	65.46776304174284	19.999988269044767	65.46776304174284	19.999988269044767	1704891	2	1457132	2	1457132	0.0497957631841178	0.3697505902753909	0	72559	0	0	True	51.852028	30.720627	magicc_v5	-13.615735041742845	10.720638730955233	13.615735041742845	10.720638730955233	low	low
G_r039_substitution_titv_0p1pct	39	6	substitution_titv	0.001	0.1	titv_2	GB_GCA_002234455.1	Campylobacterota	Bacteria	medium	65.46776304174284	19.999988269044767	65.46776304174284	19.999988269044767	1704891	2	1457132	2	1457132	0.000987556377871	0.0089640838741259	0	1439	0	0	True	65.86801	17.844343	magicc_v5	0.4002469582571564	-2.1556452690447685	0.4002469582571564	2.1556452690447685	low	low
G_r039_substitution_titv_0p5pct	39	7	substitution_titv	0.005	0.5	titv_2	GB_GCA_002234455.1	Campylobacterota	Bacteria	medium	65.46776304174284	19.999988269044767	65.46776304174284	19.999988269044767	1704891	2	1457132	2	1457132	0.0049439584059645	0.0441104216424403	0	7204	0	0	True	64.179436	19.256338	magicc_v5	-1.2883270417428463	-0.7436502690447675	1.2883270417428463	0.7436502690447675	low	low
G_r039_substitution_titv_1pct	39	8	substitution_titv	0.01	1.0	titv_2	GB_GCA_002234455.1	Campylobacterota	Bacteria	medium	65.46776304174284	19.999988269044767	65.46776304174284	19.999988269044767	1704891	2	1457132	2	1457132	0.010082820224935	0.0864827525163591	0	14692	0	0	True	61.913643	20.662466	magicc_v5	-3.5541200417428414	0.6624777309552314	3.5541200417428414	0.6624777309552314	low	low
G_r039_substitution_titv_2pct	39	9	substitution_titv	0.02	2.0	titv_2	GB_GCA_002234455.1	Campylobacterota	Bacteria	medium	65.46776304174284	19.999988269044767	65.46776304174284	19.999988269044767	1704891	2	1457132	2	1457132	0.0199124032688871	0.1662522378698502	0	29015	0	0	True	55.469616	25.25178	magicc_v5	-9.99814704174284	5.251791730955233	9.99814704174284	5.251791730955233	low	low
G_r039_substitution_titv_5pct	39	10	substitution_titv	0.05	5.0	titv_2	GB_GCA_002234455.1	Campylobacterota	Bacteria	medium	65.46776304174284	19.999988269044767	65.46776304174284	19.999988269044767	1704891	2	1457132	2	1457132	0.0499103718812022	0.3697505902753909	0	72726	0	0	True	51.401997	30.318409	magicc_v5	-14.06576604174284	10.318420730955232	14.06576604174284	10.318420730955232	low	low
G_r039_indel_0p1pct	39	11	indel	0.001	0.1	ins0.5_geom0.75	GB_GCA_002234455.1	Campylobacterota	Bacteria	medium	65.46776304174284	19.999988269044767	65.46601080326437	19.999988269044767	1704891	2	1457132	2	1457093	0.0009992231314664		0	0	1456	0	True	66.16452	17.387798	magicc_v5	0.6967569582571542	-2.612190269044767	0.6967569582571542	2.612190269044767	low	low
G_r039_indel_0p5pct	39	12	indel	0.005	0.5	ins0.5_geom0.75	GB_GCA_002234455.1	Campylobacterota	Bacteria	medium	65.46776304174284	19.999988269044767	65.46416870640238	19.999988269044767	1704891	2	1457132	2	1457052	0.0050132726479138		0	0	7305	0	True	65.73492	17.074718	magicc_v5	0.2671569582571607	-2.9252702690447663	0.2671569582571607	2.9252702690447663	low	low
G_r039_indel_1pct	39	13	indel	0.01	1.0	ins0.5_geom0.75	GB_GCA_002234455.1	Campylobacterota	Bacteria	medium	65.46776304174284	19.999988269044767	65.46956020941307	19.999988269044767	1704891	2	1457132	2	1457172	0.0099400740632969		0	0	14484	0	True	62.949543	18.928263	magicc_v5	-2.5182200417428433	-1.0717252690447658	2.5182200417428433	1.0717252690447658	low	low
G_r039_indel_2pct	39	14	indel	0.02	2.0	ins0.5_geom0.75	GB_GCA_002234455.1	Campylobacterota	Bacteria	medium	65.46776304174284	19.999988269044767	65.46493250266222	19.999988269044767	1704891	2	1457132	2	1457069	0.0198629911360123		0	0	28943	0	True	60.04469	20.706575	magicc_v5	-5.423073041742839	0.7065867309552338	5.423073041742839	0.7065867309552338	low	low
G_r039_indel_5pct	39	15	indel	0.05	5.0	ins0.5_geom0.75	GB_GCA_002234455.1	Campylobacterota	Bacteria	medium	65.46776304174284	19.999988269044767	65.47248060687723	19.999988269044767	1704891	2	1457132	2	1457237	0.0497971357433643		0	0	72561	0	True	51.530037	27.793621	magicc_v5	-13.937726041742842	7.793632730955235	13.937726041742842	7.793632730955235	low	low
G_r039_chimera_5pct	39	16	chimera	0.05	5.0	rc0.5	GB_GCA_002234455.1	Campylobacterota	Bacteria	medium	65.46776304174284	19.999988269044767	65.46776304174284	19.999988269044767	1704891	2	1457132	2	1457132	0.0		0	0	0	0	True	66.84865	16.922554	magicc_v5	1.3808869582571646	-3.0774342690447654	1.3808869582571646	3.0774342690447654	low	low
G_r039_chimera_10pct	39	17	chimera	0.1	10.0	rc0.5	GB_GCA_002234455.1	Campylobacterota	Bacteria	medium	65.46776304174284	19.999988269044767	65.46776304174284	19.999988269044767	1704891	2	1457132	2	1457132	0.0		0	0	0	0	True	66.84865	16.922554	magicc_v5	1.3808869582571646	-3.0774342690447654	1.3808869582571646	3.0774342690447654	low	low
G_r039_chimera_20pct	39	18	chimera	0.2	20.0	rc0.5	GB_GCA_002234455.1	Campylobacterota	Bacteria	medium	65.46776304174284	19.999988269044767	65.46776304174284	19.999988269044767	1704891	2	1457132	2	1457132	0.0		0	0	0	0	True	66.84865	16.922554	magicc_v5	1.3808869582571646	-3.0774342690447654	1.3808869582571646	3.0774342690447654	low	low
G_r039_chimera_40pct	39	19	chimera	0.4	40.0	rc0.5	GB_GCA_002234455.1	Campylobacterota	Bacteria	medium	65.46776304174284	19.999988269044767	65.46776304174284	19.999988269044767	1704891	2	1457132	2	1457132	0.0		0	0	0	0	True	66.84865	16.922554	magicc_v5	1.3808869582571646	-3.0774342690447654	1.3808869582571646	3.0774342690447654	low	low
G_r039_uneven_coverage_5pct	39	20	uneven_coverage	0.05	5.0	lognormal_sigma1.0	GB_GCA_002234455.1	Campylobacterota	Bacteria	medium	65.46776304174284	19.999988269044767	65.46776304174284	24.273399296494613	1704891	2	1457132	3	1529989	0.0500002745118493		72857	0	0	0	True	71.1768	17.002258	magicc_v5	5.709036958257158	-2.997730269044766	5.709036958257158	2.997730269044766	low	low
G_r039_uneven_coverage_10pct	39	21	uneven_coverage	0.1	10.0	lognormal_sigma1.0	GB_GCA_002234455.1	Campylobacterota	Bacteria	medium	65.46776304174284	19.999988269044767	65.46776304174284	28.54675166916829	1704891	2	1457132	3	1602845	0.0999998627440753		145713	0	0	0	True	68.015594	22.857746	magicc_v5	2.5478309582571512	2.857757730955232	2.5478309582571512	2.857757730955232	low	low
G_r039_uneven_coverage_20pct	39	22	uneven_coverage	0.2	20.0	lognormal_sigma1.0	GB_GCA_002234455.1	Campylobacterota	Bacteria	medium	65.46776304174284	19.999988269044767	65.46776304174284	37.09351506929182	1704891	2	1457132	3	1748558	0.1999997254881507		291426	0	0	0	True	65.90976	30.79636	magicc_v5	0.4419969582571639	10.796371730955233	0.4419969582571639	10.796371730955233	low	low
G_r039_uneven_coverage_40pct	39	23	uneven_coverage	0.4	40.0	lognormal_sigma1.0	GB_GCA_002234455.1	Campylobacterota	Bacteria	medium	65.46776304174284	19.999988269044767	65.46776304174284	54.18710052431504	1704891	2	1457132	4	2039985	0.4000001372559246		582853	0	0	0	True	95.85042	20.432007	magicc_v5	30.382656958257158	0.4320187309552317	30.382656958257158	0.4320187309552317	low	low
G_r040_none_control	40	0	none	0.0	0.0	control	RS_GCF_028623165.1	Cyanobacteriota	Bacteria	high	75.07237953953009	9.999989175092754	75.07237953953009	9.999989175092754	8314159	6	7073052	6	7073052	0.0		0	0	0	0	True	76.820274	10.132286	magicc_v5	1.747894460469908	0.1322968249072467	1.747894460469908	0.1322968249072467	low	medium
G_r040_substitution_0p1pct	40	1	substitution	0.001	0.1	uniform	RS_GCF_028623165.1	Cyanobacteriota	Bacteria	high	75.07237953953009	9.999989175092754	75.07237953953009	9.999989175092754	8314159	6	7073052	6	7073052	0.0009975891595311	0.0089640838741259	0	7056	0	0	True	76.55281	10.188377	magicc_v5	1.4804304604699041	0.18838782490724526	1.4804304604699041	0.18838782490724526	low	medium
G_r040_substitution_0p5pct	40	2	substitution	0.005	0.5	uniform	RS_GCF_028623165.1	Cyanobacteriota	Bacteria	high	75.07237953953009	9.999989175092754	75.07237953953009	9.999989175092754	8314159	6	7073052	6	7073052	0.004963345384708	0.0441104216424403	0	35106	0	0	True	76.41641	10.163677	magicc_v5	1.3440304604699094	0.16368782490724598	1.3440304604699094	0.16368782490724598	low	medium
G_r040_substitution_1pct	40	3	substitution	0.01	1.0	uniform	RS_GCF_028623165.1	Cyanobacteriota	Bacteria	high	75.07237953953009	9.999989175092754	75.07237953953009	9.999989175092754	8314159	6	7073052	6	7073052	0.0099852227864293	0.0864827525163591	0	70626	0	0	True	74.203766	12.002293	magicc_v5	-0.868613539530088	2.002303824907246	0.868613539530088	2.002303824907246	low	medium
G_r040_substitution_2pct	40	4	substitution	0.02	2.0	uniform	RS_GCF_028623165.1	Cyanobacteriota	Bacteria	high	75.07237953953009	9.999989175092754	75.07237953953009	9.999989175092754	8314159	6	7073052	6	7073052	0.0200630505756213	0.1662522378698502	0	141907	0	0	True	73.342545	15.26897	magicc_v5	-1.7298345395300885	5.268980824907246	1.7298345395300885	5.268980824907246	low	medium
G_r040_substitution_5pct	40	5	substitution	0.05	5.0	uniform	RS_GCF_028623165.1	Cyanobacteriota	Bacteria	high	75.07237953953009	9.999989175092754	75.07237953953009	9.999989175092754	8314159	6	7073052	6	7073052	0.0499408176272421	0.3697505902753909	0	353234	0	0	True	72.396866	14.819148	magicc_v5	-2.675513539530087	4.819158824907246	2.675513539530087	4.819158824907246	low	medium
G_r040_substitution_titv_0p1pct	40	6	substitution_titv	0.001	0.1	titv_2	RS_GCF_028623165.1	Cyanobacteriota	Bacteria	high	75.07237953953009	9.999989175092754	75.07237953953009	9.999989175092754	8314159	6	7073052	6	7073052	0.0009946201441753	0.0089640838741259	0	7035	0	0	True	76.48777	10.299521	magicc_v5	1.415390460469908	0.2995318249072465	1.415390460469908	0.2995318249072465	low	medium
G_r040_substitution_titv_0p5pct	40	7	substitution_titv	0.005	0.5	titv_2	RS_GCF_028623165.1	Cyanobacteriota	Bacteria	high	75.07237953953009	9.999989175092754	75.07237953953009	9.999989175092754	8314159	6	7073052	6	7073052	0.0049622143312391	0.0441104216424403	0	35098	0	0	True	76.04179	11.102819	magicc_v5	0.9694104604699163	1.1028298249072463	0.9694104604699163	1.1028298249072463	low	medium
G_r040_substitution_titv_1pct	40	8	substitution_titv	0.01	1.0	titv_2	RS_GCF_028623165.1	Cyanobacteriota	Bacteria	high	75.07237953953009	9.999989175092754	75.07237953953009	9.999989175092754	8314159	6	7073052	6	7073052	0.0099706604730178	0.0864827525163591	0	70523	0	0	True	74.88182	12.42567	magicc_v5	-0.19055953953008498	2.4256808249072463	0.19055953953008498	2.4256808249072463	low	medium
G_r040_substitution_titv_2pct	40	9	substitution_titv	0.02	2.0	titv_2	RS_GCF_028623165.1	Cyanobacteriota	Bacteria	high	75.07237953953009	9.999989175092754	75.07237953953009	9.999989175092754	8314159	6	7073052	6	7073052	0.01996422477878	0.1662522378698502	0	141208	0	0	True	72.905136	14.114303	magicc_v5	-2.167243539530091	4.114313824907246	2.167243539530091	4.114313824907246	low	medium
G_r040_substitution_titv_5pct	40	10	substitution_titv	0.05	5.0	titv_2	RS_GCF_028623165.1	Cyanobacteriota	Bacteria	high	75.07237953953009	9.999989175092754	75.07237953953009	9.999989175092754	8314159	6	7073052	6	7073052	0.0500474194166817	0.3697505902753909	0	353988	0	0	True	73.86105	15.071288	magicc_v5	-1.2113295395300838	5.071298824907245	1.2113295395300838	5.071298824907245	low	medium
G_r040_indel_0p1pct	40	11	indel	0.001	0.1	ins0.5_geom0.75	RS_GCF_028623165.1	Cyanobacteriota	Bacteria	high	75.07237953953009	9.999989175092754	75.06998080730305	9.999989175092754	8314159	6	7073052	6	7072826	0.0009999926481524		0	0	7073	0	True	76.70494	10.284245	magicc_v5	1.6325604604699038	0.28425582490724643	1.6325604604699038	0.28425582490724643	low	medium
G_r040_indel_0p5pct	40	12	indel	0.005	0.5	ins0.5_geom0.75	RS_GCF_028623165.1	Cyanobacteriota	Bacteria	high	75.07237953953009	9.999989175092754	75.07539387560303	9.999989175092754	8314159	6	7073052	6	7073336	0.0050206049665688		0	0	35511	0	True	75.95062	10.670683	magicc_v5	0.878240460469911	0.6706938249072465	0.878240460469911	0.6706938249072465	low	medium
G_r040_indel_1pct	40	13	indel	0.01	1.0	ins0.5_geom0.75	RS_GCF_028623165.1	Cyanobacteriota	Bacteria	high	75.07237953953009	9.999989175092754	75.07634912295006	9.999989175092754	8314159	6	7073052	6	7073426	0.0100359788108443		0	0	70985	0	True	74.08474	10.5093	magicc_v5	-0.9876395395300932	0.5093108249072458	0.9876395395300932	0.5093108249072458	low	medium
G_r040_indel_2pct	40	14	indel	0.02	2.0	ins0.5_geom0.75	RS_GCF_028623165.1	Cyanobacteriota	Bacteria	high	75.07237953953009	9.999989175092754	75.0743749450995	9.999989175092754	8314159	6	7073052	6	7073240	0.0200472158270574		0	0	141795	0	True	72.53079	12.655515	magicc_v5	-2.5415895395300936	2.6555258249072455	2.5415895395300936	2.6555258249072455	low	medium
G_r040_indel_5pct	40	15	indel	0.05	5.0	ins0.5_geom0.75	RS_GCF_028623165.1	Cyanobacteriota	Bacteria	high	75.07237953953009	9.999989175092754	75.07046904483599	9.999989175092754	8314159	6	7073052	6	7072872	0.0500076911635882		0	0	353707	0	True	73.61374	11.826873	magicc_v5	-1.4586395395300826	1.826883824907247	1.4586395395300826	1.826883824907247	low	medium
G_r040_chimera_5pct	40	16	chimera	0.05	5.0	rc0.5	RS_GCF_028623165.1	Cyanobacteriota	Bacteria	high	75.07237953953009	9.999989175092754	75.07237953953009	9.999989175092754	8314159	6	7073052	6	7073052	0.0		0	0	0	0	True	76.820274	10.132286	magicc_v5	1.747894460469908	0.1322968249072467	1.747894460469908	0.1322968249072467	low	medium
G_r040_chimera_10pct	40	17	chimera	0.1	10.0	rc0.5	RS_GCF_028623165.1	Cyanobacteriota	Bacteria	high	75.07237953953009	9.999989175092754	75.07237953953009	9.999989175092754	8314159	6	7073052	6	7073052	0.0		0	0	0	0	True	76.820274	10.132286	magicc_v5	1.747894460469908	0.1322968249072467	1.747894460469908	0.1322968249072467	low	medium
G_r040_chimera_20pct	40	18	chimera	0.2	20.0	rc0.5	RS_GCF_028623165.1	Cyanobacteriota	Bacteria	high	75.07237953953009	9.999989175092754	75.07237953953009	9.999989175092754	8314159	6	7073052	5	7073052	0.3333333333333333		0	0	0	1	True	76.81793	10.127884	magicc_v5	1.7455504604699144	0.12789482490724602	1.7455504604699144	0.12789482490724602	low	medium
G_r040_chimera_40pct	40	19	chimera	0.4	40.0	rc0.5	RS_GCF_028623165.1	Cyanobacteriota	Bacteria	high	75.07237953953009	9.999989175092754	75.07237953953009	9.999989175092754	8314159	6	7073052	4	7073052	0.6666666666666666		0	0	0	2	True	76.820274	10.132286	magicc_v5	1.747894460469908	0.1322968249072467	1.747894460469908	0.1322968249072467	low	medium
G_r040_uneven_coverage_5pct	40	20	uneven_coverage	0.05	5.0	lognormal_sigma1.0	RS_GCF_028623165.1	Cyanobacteriota	Bacteria	high	75.07237953953009	9.999989175092754	75.07237953953009	14.253612421893784	8314159	6	7073052	7	7426705	0.0500000565526734		353653	0	0	0	True	80.551094	10.055637	magicc_v5	5.4787144604699165	0.05564782490724696	5.4787144604699165	0.05564782490724696	low	medium
G_r040_uneven_coverage_10pct	40	21	uneven_coverage	0.1	10.0	lognormal_sigma1.0	RS_GCF_028623165.1	Cyanobacteriota	Bacteria	high	75.07237953953009	9.999989175092754	75.07237953953009	18.507223641020097	8314159	6	7073052	8	7780357	0.0999999717236632		707305	0	0	0	True	86.026924	9.454423	magicc_v5	10.954544460469904	-0.5455661750927536	10.954544460469904	0.5455661750927536	medium	medium
G_r040_uneven_coverage_20pct	40	22	uneven_coverage	0.2	20.0	lognormal_sigma1.0	RS_GCF_028623165.1	Cyanobacteriota	Bacteria	high	75.07237953953009	9.999989175092754	75.07237953953009	27.01445810694744	8314159	6	7073052	7	8487662	0.1999999434473265		1414610	0	0	0	True	97.52962	7.868737	magicc_v5	22.457240460469905	-2.1312521750927536	22.457240460469905	2.1312521750927536	medium	medium
G_r040_uneven_coverage_40pct	40	23	uneven_coverage	0.4	40.0	lognormal_sigma1.0	RS_GCF_028623165.1	Cyanobacteriota	Bacteria	high	75.07237953953009	9.999989175092754	75.07237953953009	44.02893906647684	8314159	6	7073052	10	9902273	0.4000000282763367		2829221	0	0	0	True	99.59294	10.36461	magicc_v5	24.52056046046991	0.3646208249072469	24.52056046046991	0.3646208249072469	low	medium
G_r041_none_control	41	0	none	0.0	0.0	control	RS_GCF_000772145.1	Chlamydiota	Bacteria	highly_fragmented	79.63802634043866	1.979121134143125	79.63802634043866	1.979121134143125	1072951	26	875712	26	875712	0.0		0	0	0	0	True	77.54437	3.269157	magicc_v5	-2.093656340438656	1.290035865856875	2.093656340438656	1.290035865856875	medium	medium
G_r041_substitution_0p1pct	41	1	substitution	0.001	0.1	uniform	RS_GCF_000772145.1	Chlamydiota	Bacteria	highly_fragmented	79.63802634043866	1.979121134143125	79.63802634043866	1.979121134143125	1072951	26	875712	26	875712	0.0010163158664035	0.0089640838741259	0	890	0	0	True	77.134476	3.5472302	magicc_v5	-2.5035503404386503	1.568109065856875	2.5035503404386503	1.568109065856875	medium	medium
G_r041_substitution_0p5pct	41	2	substitution	0.005	0.5	uniform	RS_GCF_000772145.1	Chlamydiota	Bacteria	highly_fragmented	79.63802634043866	1.979121134143125	79.63802634043866	1.979121134143125	1072951	26	875712	26	875712	0.0049673865380399	0.0441104216424403	0	4350	0	0	True	75.78047	4.254827	magicc_v5	-3.857556340438663	2.2757058658568745	3.857556340438663	2.2757058658568745	medium	medium
G_r041_substitution_1pct	41	3	substitution	0.01	1.0	uniform	RS_GCF_000772145.1	Chlamydiota	Bacteria	highly_fragmented	79.63802634043866	1.979121134143125	79.63802634043866	1.979121134143125	1072951	26	875712	26	875712	0.0099496181392969	0.0864827525163591	0	8713	0	0	True	76.06473	4.15124	magicc_v5	-3.5732963404386595	2.1721188658568744	3.5732963404386595	2.1721188658568744	medium	medium
G_r041_substitution_2pct	41	4	substitution	0.02	2.0	uniform	RS_GCF_000772145.1	Chlamydiota	Bacteria	highly_fragmented	79.63802634043866	1.979121134143125	79.63802634043866	1.979121134143125	1072951	26	875712	26	875712	0.0199471972520646	0.1662522378698502	0	17468	0	0	True	72.9798	6.555706	magicc_v5	-6.6582263404386595	4.576584865856875	6.6582263404386595	4.576584865856875	medium	medium
G_r041_substitution_5pct	41	5	substitution	0.05	5.0	uniform	RS_GCF_000772145.1	Chlamydiota	Bacteria	highly_fragmented	79.63802634043866	1.979121134143125	79.63802634043866	1.979121134143125	1072951	26	875712	26	875712	0.0501523331871665	0.3697505902753909	0	43919	0	0	True	68.554	7.9220114	magicc_v5	-11.084026340438655	5.9428902658568745	11.084026340438655	5.9428902658568745	medium	medium
G_r041_substitution_titv_0p1pct	41	6	substitution_titv	0.001	0.1	titv_2	RS_GCF_000772145.1	Chlamydiota	Bacteria	highly_fragmented	79.63802634043866	1.979121134143125	79.63802634043866	1.979121134143125	1072951	26	875712	26	875712	0.000998045019367	0.0089640838741259	0	874	0	0	True	77.472565	3.3760576	magicc_v5	-2.165461340438654	1.3969364658568753	2.165461340438654	1.3969364658568753	medium	medium
G_r041_substitution_titv_0p5pct	41	7	substitution_titv	0.005	0.5	titv_2	RS_GCF_000772145.1	Chlamydiota	Bacteria	highly_fragmented	79.63802634043866	1.979121134143125	79.63802634043866	1.979121134143125	1072951	26	875712	26	875712	0.0049799477453774	0.0441104216424403	0	4361	0	0	True	77.614296	3.1350403	magicc_v5	-2.023730340438661	1.155919165856875	2.023730340438661	1.155919165856875	medium	medium
G_r041_substitution_titv_1pct	41	8	substitution_titv	0.01	1.0	titv_2	RS_GCF_000772145.1	Chlamydiota	Bacteria	highly_fragmented	79.63802634043866	1.979121134143125	79.63802634043866	1.979121134143125	1072951	26	875712	26	875712	0.0101106299788058	0.0864827525163591	0	8854	0	0	True	76.04848	3.697759	magicc_v5	-3.589546340438659	1.718637865856875	3.589546340438659	1.718637865856875	medium	medium
G_r041_substitution_titv_2pct	41	9	substitution_titv	0.02	2.0	titv_2	RS_GCF_000772145.1	Chlamydiota	Bacteria	highly_fragmented	79.63802634043866	1.979121134143125	79.63802634043866	1.979121134143125	1072951	26	875712	26	875712	0.0198592688007016	0.1662522378698502	0	17391	0	0	True	72.25276	5.887228	magicc_v5	-7.385266340438662	3.908106865856875	7.385266340438662	3.908106865856875	medium	medium
G_r041_substitution_titv_5pct	41	10	substitution_titv	0.05	5.0	titv_2	RS_GCF_000772145.1	Chlamydiota	Bacteria	highly_fragmented	79.63802634043866	1.979121134143125	79.63802634043866	1.979121134143125	1072951	26	875712	26	875712	0.0498565738507637	0.3697505902753909	0	43660	0	0	True	64.19615	10.058891	magicc_v5	-15.441876340438654	8.079769865856875	15.441876340438654	8.079769865856875	low	medium
G_r041_indel_0p1pct	41	11	indel	0.001	0.1	ins0.5_geom0.75	RS_GCF_000772145.1	Chlamydiota	Bacteria	highly_fragmented	79.63802634043866	1.979121134143125	79.63820822221335	1.979121134143125	1072951	26	875712	26	875714	0.0009969030914273		0	0	873	0	True	76.637566	3.8982928	magicc_v5	-3.00046034043865	1.9191716658568752	3.00046034043865	1.9191716658568752	medium	medium
G_r041_indel_0p5pct	41	12	indel	0.005	0.5	ins0.5_geom0.75	RS_GCF_000772145.1	Chlamydiota	Bacteria	highly_fragmented	79.63802634043866	1.979121134143125	79.64430126166559	1.979121134143125	1072951	26	875712	26	875781	0.0049696703939194		0	0	4352	0	True	77.34238	3.5315275	magicc_v5	-2.295646340438651	1.5524063658568752	2.295646340438651	1.5524063658568752	medium	medium
G_r041_indel_1pct	41	13	indel	0.01	1.0	ins0.5_geom0.75	RS_GCF_000772145.1	Chlamydiota	Bacteria	highly_fragmented	79.63802634043866	1.979121134143125	79.61556394126394	1.979121134143125	1072951	26	875712	26	875465	0.0098673993276328		0	0	8641	0	True	75.55272	3.8177013	magicc_v5	-4.085306340438663	1.838580165856875	4.085306340438663	1.838580165856875	medium	medium
G_r041_indel_2pct	41	14	indel	0.02	2.0	ins0.5_geom0.75	RS_GCF_000772145.1	Chlamydiota	Bacteria	highly_fragmented	79.63802634043866	1.979121134143125	79.62829566549252	1.979121134143125	1072951	26	875712	26	875605	0.019965468099101		0	0	17484	0	True	73.99185	5.8446674	magicc_v5	-5.646176340438657	3.8655462658568744	5.646176340438657	3.8655462658568744	medium	medium
G_r041_indel_5pct	41	15	indel	0.05	5.0	ins0.5_geom0.75	RS_GCF_000772145.1	Chlamydiota	Bacteria	highly_fragmented	79.63802634043866	1.979121134143125	79.65712392678154	1.979121134143125	1072951	26	875712	26	875922	0.0499730505006212		0	0	43762	0	True	64.75566	12.092203	magicc_v5	-14.88236634043865	10.113081865856875	14.88236634043865	10.113081865856875	low	medium
G_r041_chimera_5pct	41	16	chimera	0.05	5.0	rc0.5	RS_GCF_000772145.1	Chlamydiota	Bacteria	highly_fragmented	79.63802634043866	1.979121134143125	79.63802634043866	1.979121134143125	1072951	26	875712	25	875712	0.0769230769230769		0	0	0	1	True	77.54437	3.269157	magicc_v5	-2.093656340438656	1.290035865856875	2.093656340438656	1.290035865856875	medium	medium
G_r041_chimera_10pct	41	17	chimera	0.1	10.0	rc0.5	RS_GCF_000772145.1	Chlamydiota	Bacteria	highly_fragmented	79.63802634043866	1.979121134143125	79.63802634043866	1.979121134143125	1072951	26	875712	25	875712	0.0769230769230769		0	0	0	1	True	77.53857	3.2754807	magicc_v5	-2.0994563404386497	1.2963595658568752	2.0994563404386497	1.2963595658568752	medium	medium
G_r041_chimera_20pct	41	18	chimera	0.2	20.0	rc0.5	RS_GCF_000772145.1	Chlamydiota	Bacteria	highly_fragmented	79.63802634043866	1.979121134143125	79.63802634043866	1.979121134143125	1072951	26	875712	23	875712	0.2307692307692307		0	0	0	3	True	77.5553	3.263557	magicc_v5	-2.0827263404386542	1.284435865856875	2.0827263404386542	1.284435865856875	medium	medium
G_r041_chimera_40pct	41	19	chimera	0.4	40.0	rc0.5	RS_GCF_000772145.1	Chlamydiota	Bacteria	highly_fragmented	79.63802634043866	1.979121134143125	79.63802634043866	1.979121134143125	1072951	26	875712	21	875712	0.3846153846153846		0	0	0	5	True	77.5581	3.2555609	magicc_v5	-2.0799263404386608	1.276439765856875	2.0799263404386608	1.276439765856875	medium	medium
G_r041_uneven_coverage_5pct	41	20	uneven_coverage	0.05	5.0	lognormal_sigma1.0	RS_GCF_000772145.1	Chlamydiota	Bacteria	highly_fragmented	79.63802634043866	1.979121134143125	79.63802634043866	6.060015788232641	1072951	26	875712	29	919498	0.0500004567711759		43786	0	0	0	True	81.19211	3.011465	magicc_v5	1.5540836595613428	1.0323438658568749	1.5540836595613428	1.0323438658568749	medium	medium
G_r041_uneven_coverage_10pct	41	21	uneven_coverage	0.1	10.0	lognormal_sigma1.0	RS_GCF_000772145.1	Chlamydiota	Bacteria	highly_fragmented	79.63802634043866	1.979121134143125	79.63802634043866	10.14081724142109	1072951	26	875712	29	963283	0.099999771614412		87571	0	0	0	True	84.564644	2.8434486	magicc_v5	4.9266176595613445	0.8643274658568749	4.9266176595613445	0.8643274658568749	medium	medium
G_r041_uneven_coverage_20pct	41	22	uneven_coverage	0.2	20.0	lognormal_sigma1.0	RS_GCF_000772145.1	Chlamydiota	Bacteria	highly_fragmented	79.63802634043866	1.979121134143125	79.63802634043866	18.30251334869905	1072951	26	875712	34	1050854	0.1999995432288241		175142	0	0	0	True	99.05331	2.307862	magicc_v5	19.41528365956134	0.3287408658568751	19.41528365956134	0.3287408658568751	high	medium
G_r041_uneven_coverage_40pct	41	23	uneven_coverage	0.4	40.0	lognormal_sigma1.0	RS_GCF_000772145.1	Chlamydiota	Bacteria	highly_fragmented	79.63802634043866	1.979121134143125	79.63802634043866	34.62599876415605	1072951	26	875712	35	1225997	0.4000002283855879		350285	0	0	0	True	99.894905	5.435091	magicc_v5	20.256878659561337	3.4559698658568747	20.256878659561337	3.4559698658568747	medium	medium
G_r042_none_control	42	0	none	0.0	0.0	control	RS_GCF_009884095.1	Spirochaetota	Bacteria	highly_fragmented	69.96157403363347	0.0	69.96157403363347	0.0	4556294	265	3187655	265	3187655	0.0		0	0	0	0	True	68.21983	0.23927987	magicc_v5	-1.7417440336334664	0.23927987	1.7417440336334664	0.23927987	medium	medium
G_r042_substitution_0p1pct	42	1	substitution	0.001	0.1	uniform	RS_GCF_009884095.1	Spirochaetota	Bacteria	highly_fragmented	69.96157403363347	0.0	69.96157403363347	0.0	4556294	265	3187655	265	3187655	0.0010051198587365	0.0089640838741259	0	3199	0	0	True	68.11566	0.26436746	magicc_v5	-1.8459140336334627	0.26436746	1.8459140336334627	0.26436746	medium	medium
G_r042_substitution_0p5pct	42	2	substitution	0.005	0.5	uniform	RS_GCF_009884095.1	Spirochaetota	Bacteria	highly_fragmented	69.96157403363347	0.0	69.96157403363347	0.0	4556294	265	3187655	265	3187655	0.0050535629283895	0.0441104216424403	0	16084	0	0	True	67.86782	0.30118227	magicc_v5	-2.0937540336334735	0.30118227	2.0937540336334735	0.30118227	medium	medium
G_r042_substitution_1pct	42	3	substitution	0.01	1.0	uniform	RS_GCF_009884095.1	Spirochaetota	Bacteria	highly_fragmented	69.96157403363347	0.0	69.96157403363347	0.0	4556294	265	3187655	265	3187655	0.0100191503768021	0.0864827525163591	0	31888	0	0	True	66.50225	0.4861325	magicc_v5	-3.4593240336334645	0.4861325	3.4593240336334645	0.4861325	medium	medium
G_r042_substitution_2pct	42	4	substitution	0.02	2.0	uniform	RS_GCF_009884095.1	Spirochaetota	Bacteria	highly_fragmented	69.96157403363347	0.0	69.96157403363347	0.0	4556294	265	3187655	265	3187655	0.0199540956513406	0.1662522378698502	0	63508	0	0	True	65.51983	0.29207468	magicc_v5	-4.441744033633469	0.29207468	4.441744033633469	0.29207468	medium	medium
G_r042_substitution_5pct	42	5	substitution	0.05	5.0	uniform	RS_GCF_009884095.1	Spirochaetota	Bacteria	highly_fragmented	69.96157403363347	0.0	69.96157403363347	0.0	4556294	265	3187655	265	3187655	0.0501023500450088	0.3697505902753909	0	159461	0	0	True	61.07493	3.1795502	magicc_v5	-8.886644033633466	3.1795502	8.886644033633466	3.1795502	medium	medium
G_r042_substitution_titv_0p1pct	42	6	substitution_titv	0.001	0.1	titv_2	RS_GCF_009884095.1	Spirochaetota	Bacteria	highly_fragmented	69.96157403363347	0.0	69.96157403363347	0.0	4556294	265	3187655	265	3187655	0.0010066908494503	0.0089640838741259	0	3204	0	0	True	67.970276	0.27444065	magicc_v5	-1.9912980336334698	0.27444065	1.9912980336334698	0.27444065	medium	medium
G_r042_substitution_titv_0p5pct	42	7	substitution_titv	0.005	0.5	titv_2	RS_GCF_009884095.1	Spirochaetota	Bacteria	highly_fragmented	69.96157403363347	0.0	69.96157403363347	0.0	4556294	265	3187655	265	3187655	0.0049014910272865	0.0441104216424403	0	15600	0	0	True	67.78586	0.22010505	magicc_v5	-2.1757140336334686	0.22010505	2.1757140336334686	0.22010505	medium	medium
G_r042_substitution_titv_1pct	42	8	substitution_titv	0.01	1.0	titv_2	RS_GCF_009884095.1	Spirochaetota	Bacteria	highly_fragmented	69.96157403363347	0.0	69.96157403363347	0.0	4556294	265	3187655	265	3187655	0.0100458572189379	0.0864827525163591	0	31973	0	0	True	67.21368	0.31119883	magicc_v5	-2.7478940336334716	0.31119883	2.7478940336334716	0.31119883	medium	medium
G_r042_substitution_titv_2pct	42	9	substitution_titv	0.02	2.0	titv_2	RS_GCF_009884095.1	Spirochaetota	Bacteria	highly_fragmented	69.96157403363347	0.0	69.96157403363347	0.0	4556294	265	3187655	265	3187655	0.0200059383448984	0.1662522378698502	0	63673	0	0	True	65.36545	1.2870312	magicc_v5	-4.5961240336334725	1.2870312	4.5961240336334725	1.2870312	medium	medium
G_r042_substitution_titv_5pct	42	10	substitution_titv	0.05	5.0	titv_2	RS_GCF_009884095.1	Spirochaetota	Bacteria	highly_fragmented	69.96157403363347	0.0	69.96157403363347	0.0	4556294	265	3187655	265	3187655	0.0498629310602145	0.3697505902753909	0	158699	0	0	True	63.172024	0.7937491	magicc_v5	-6.789550033633468	0.7937491	6.789550033633468	0.7937491	medium	medium
G_r042_indel_0p1pct	42	11	indel	0.001	0.1	ins0.5_geom0.75	RS_GCF_009884095.1	Spirochaetota	Bacteria	highly_fragmented	69.96157403363347	0.0	69.9642297007173	0.0	4556294	265	3187655	265	3187776	0.001025832469323		0	0	3270	0	True	68.084595	0.25835037	magicc_v5	-1.876979033633475	0.25835037	1.876979033633475	0.25835037	medium	medium
G_r042_indel_0p5pct	42	12	indel	0.005	0.5	ins0.5_geom0.75	RS_GCF_009884095.1	Spirochaetota	Bacteria	highly_fragmented	69.96157403363347	0.0	69.95966458705254	0.0	4556294	265	3187655	265	3187568	0.0049497200920425		0	0	15778	0	True	67.17211	0.22885501	magicc_v5	-2.7894640336334646	0.22885501	2.7894640336334646	0.22885501	medium	medium
G_r042_indel_1pct	42	13	indel	0.01	1.0	ins0.5_geom0.75	RS_GCF_009884095.1	Spirochaetota	Bacteria	highly_fragmented	69.96157403363347	0.0	69.96543682211903	0.0	4556294	265	3187655	265	3187831	0.0099606136799622		0	0	31751	0	True	67.044876	0.44549704	magicc_v5	-2.916698033633466	0.44549704	2.916698033633466	0.44549704	medium	medium
G_r042_indel_2pct	42	14	indel	0.02	2.0	ins0.5_geom0.75	RS_GCF_009884095.1	Spirochaetota	Bacteria	highly_fragmented	69.96157403363347	0.0	69.97621312408725	0.0	4556294	265	3187655	265	3188322	0.0199391088433346		0	0	63559	0	True	63.81832	1.1473179	magicc_v5	-6.143254033633468	1.1473179	6.143254033633468	1.1473179	medium	medium
G_r042_indel_5pct	42	15	indel	0.05	5.0	ins0.5_geom0.75	RS_GCF_009884095.1	Spirochaetota	Bacteria	highly_fragmented	69.96157403363347	0.0	69.96359321852366	0.0	4556294	265	3187655	265	3187747	0.0498538894579244		0	0	158917	0	True	61.159374	1.1233866	magicc_v5	-8.802200033633468	1.1233866	8.802200033633468	1.1233866	medium	medium
G_r042_chimera_5pct	42	16	chimera	0.05	5.0	rc0.5	RS_GCF_009884095.1	Spirochaetota	Bacteria	highly_fragmented	69.96157403363347	0.0	69.96157403363347	0.0	4556294	265	3187655	258	3187655	0.0528301886792452		0	0	0	7	True	68.2203	0.23995638	magicc_v5	-1.7412740336334736	0.23995638	1.7412740336334736	0.23995638	medium	medium
G_r042_chimera_10pct	42	17	chimera	0.1	10.0	rc0.5	RS_GCF_009884095.1	Spirochaetota	Bacteria	highly_fragmented	69.96157403363347	0.0	69.96157403363347	0.0	4556294	265	3187655	252	3187655	0.0981132075471698		0	0	0	13	True	68.22859	0.23920834	magicc_v5	-1.7329840336334712	0.23920834	1.7329840336334712	0.23920834	medium	medium
G_r042_chimera_20pct	42	18	chimera	0.2	20.0	rc0.5	RS_GCF_009884095.1	Spirochaetota	Bacteria	highly_fragmented	69.96157403363347	0.0	69.96157403363347	0.0	4556294	265	3187655	238	3187655	0.2037735849056604		0	0	0	27	True	68.227905	0.24010837	magicc_v5	-1.7336690336334613	0.24010837	1.7336690336334613	0.24010837	medium	medium
G_r042_chimera_40pct	42	19	chimera	0.4	40.0	rc0.5	RS_GCF_009884095.1	Spirochaetota	Bacteria	highly_fragmented	69.96157403363347	0.0	69.96157403363347	0.0	4556294	265	3187655	212	3187655	0.4		0	0	0	53	True	68.227684	0.24016798	magicc_v5	-1.7338900336334717	0.24016798	1.7338900336334717	0.24016798	medium	medium
G_r042_uneven_coverage_5pct	42	20	uneven_coverage	0.05	5.0	lognormal_sigma1.0	RS_GCF_009884095.1	Spirochaetota	Bacteria	highly_fragmented	69.96157403363347	0.0	69.96157403363347	3.498084188597136	4556294	265	3187655	279	3347038	0.0500000784275588		159383	0	0	0	True	71.34393	0.30835867	magicc_v5	1.3823559663665321	0.30835867	1.3823559663665321	0.30835867	medium	medium
G_r042_uneven_coverage_10pct	42	21	uneven_coverage	0.1	10.0	lognormal_sigma1.0	RS_GCF_009884095.1	Spirochaetota	Bacteria	highly_fragmented	69.96157403363347	0.0	69.96157403363347	6.996168377194272	4556294	265	3187655	298	3506421	0.1000001568551176		318766	0	0	0	True	75.09915	0.23735464	magicc_v5	5.137575966366526	0.23735464	5.137575966366526	0.23735464	medium	medium
G_r042_uneven_coverage_20pct	42	22	uneven_coverage	0.2	20.0	lognormal_sigma1.0	RS_GCF_009884095.1	Spirochaetota	Bacteria	highly_fragmented	69.96157403363347	0.0	69.96157403363347	13.992314806726696	4556294	265	3187655	325	3825186	0.2		637531	0	0	0	True	81.26707	0.25937557	magicc_v5	11.305495966366536	0.25937557	11.305495966366536	0.25937557	medium	medium
G_r042_uneven_coverage_40pct	42	23	uneven_coverage	0.4	40.0	lognormal_sigma1.0	RS_GCF_009884095.1	Spirochaetota	Bacteria	highly_fragmented	69.96157403363347	0.0	69.96157403363347	27.98462961345339	4556294	265	3187655	383	4462717	0.4		1275062	0	0	0	True	99.63466	0.15303493	magicc_v5	29.67308596636653	0.15303493	29.67308596636653	0.15303493	high	medium
G_r043_none_control	43	0	none	0.0	0.0	control	RS_GCF_000023905.1	Fusobacteriota	Bacteria	medium	100.0	10.0	100.0	10.0	2465610	3	2712171	3	2712171	0.0		0	0	0	0	True	99.61717	8.281332	magicc_v5	-0.38282999999999845	-1.7186679999999992	0.38282999999999845	1.7186679999999992	medium	low
G_r043_substitution_0p1pct	43	1	substitution	0.001	0.1	uniform	RS_GCF_000023905.1	Fusobacteriota	Bacteria	medium	100.0	10.0	100.0	10.0	2465610	3	2712171	3	2712171	0.001006573700552	0.0089640838741259	0	2730	0	0	True	99.537575	8.990916	magicc_v5	-0.4624249999999961	-1.0090839999999996	0.4624249999999961	1.0090839999999996	medium	low
G_r043_substitution_0p5pct	43	2	substitution	0.005	0.5	uniform	RS_GCF_000023905.1	Fusobacteriota	Bacteria	medium	100.0	10.0	100.0	10.0	2465610	3	2712171	3	2712171	0.0050395052524343	0.0441104216424403	0	13668	0	0	True	99.03875	10.501292	magicc_v5	-0.9612500000000068	0.5012919999999994	0.9612500000000068	0.5012919999999994	low	low
G_r043_substitution_1pct	43	3	substitution	0.01	1.0	uniform	RS_GCF_000023905.1	Fusobacteriota	Bacteria	medium	100.0	10.0	100.0	10.0	2465610	3	2712171	3	2712171	0.01003955871514	0.0864827525163591	0	27229	0	0	True	96.04528	15.932766	magicc_v5	-3.9547199999999947	5.932766000000001	3.9547199999999947	5.932766000000001	low	low
G_r043_substitution_2pct	43	4	substitution	0.02	2.0	uniform	RS_GCF_000023905.1	Fusobacteriota	Bacteria	medium	100.0	10.0	100.0	10.0	2465610	3	2712171	3	2712171	0.0199434327702788	0.1662522378698502	0	54090	0	0	True	95.57368	13.113085	magicc_v5	-4.426320000000004	3.113085	4.426320000000004	3.113085	low	low
G_r043_substitution_5pct	43	5	substitution	0.05	5.0	uniform	RS_GCF_000023905.1	Fusobacteriota	Bacteria	medium	100.0	10.0	100.0	10.0	2465610	3	2712171	3	2712171	0.0499850488778178	0.3697505902753909	0	135568	0	0	True	79.79304	23.6253	magicc_v5	-20.206959999999995	13.6253	20.206959999999995	13.6253	low	low
G_r043_substitution_titv_0p1pct	43	6	substitution_titv	0.001	0.1	titv_2	RS_GCF_000023905.1	Fusobacteriota	Bacteria	medium	100.0	10.0	100.0	10.0	2465610	3	2712171	3	2712171	0.0009840824933236	0.0089640838741259	0	2669	0	0	True	99.48693	9.236893	magicc_v5	-0.513069999999999	-0.7631069999999998	0.513069999999999	0.7631069999999998	medium	low
G_r043_substitution_titv_0p5pct	43	7	substitution_titv	0.005	0.5	titv_2	RS_GCF_000023905.1	Fusobacteriota	Bacteria	medium	100.0	10.0	100.0	10.0	2465610	3	2712171	3	2712171	0.0049617077979227	0.0441104216424403	0	13457	0	0	True	99.50447	8.621952	magicc_v5	-0.49553000000000225	-1.3780479999999997	0.49553000000000225	1.3780479999999997	medium	low
G_r043_substitution_titv_1pct	43	8	substitution_titv	0.01	1.0	titv_2	RS_GCF_000023905.1	Fusobacteriota	Bacteria	medium	100.0	10.0	100.0	10.0	2465610	3	2712171	3	2712171	0.0100815914630751	0.0864827525163591	0	27343	0	0	True	99.10779	9.787896	magicc_v5	-0.8922100000000057	-0.21210400000000007	0.8922100000000057	0.21210400000000007	medium	low
G_r043_substitution_titv_2pct	43	9	substitution_titv	0.02	2.0	titv_2	RS_GCF_000023905.1	Fusobacteriota	Bacteria	medium	100.0	10.0	100.0	10.0	2465610	3	2712171	3	2712171	0.0200400343488666	0.1662522378698502	0	54352	0	0	True	94.2418	15.597495	magicc_v5	-5.758200000000002	5.597495	5.758200000000002	5.597495	low	low
G_r043_substitution_titv_5pct	43	10	substitution_titv	0.05	5.0	titv_2	RS_GCF_000023905.1	Fusobacteriota	Bacteria	medium	100.0	10.0	100.0	10.0	2465610	3	2712171	3	2712171	0.0500108584598832	0.3697505902753909	0	135638	0	0	True	85.071945	23.339388	magicc_v5	-14.928055	13.339388	14.928055	13.339388	low	low
G_r043_indel_0p1pct	43	11	indel	0.001	0.1	ins0.5_geom0.75	RS_GCF_000023905.1	Fusobacteriota	Bacteria	medium	100.0	10.0	100.00191728323917	10.0	2465610	3	2712171	3	2712223	0.0010253778246283		0	0	2781	0	True	99.620224	8.404228	magicc_v5	-0.3797760000000068	-1.5957720000000002	0.3797760000000068	1.5957720000000002	medium	low
G_r043_indel_0p5pct	43	12	indel	0.005	0.5	ins0.5_geom0.75	RS_GCF_000023905.1	Fusobacteriota	Bacteria	medium	100.0	10.0	99.99000800465753	10.0	2465610	3	2712171	3	2711900	0.0050616277513475		0	0	13728	0	True	99.23703	8.935881	magicc_v5	-0.7629699999999957	-1.0641189999999998	0.7629699999999957	1.0641189999999998	medium	low
G_r043_indel_1pct	43	13	indel	0.01	1.0	ins0.5_geom0.75	RS_GCF_000023905.1	Fusobacteriota	Bacteria	medium	100.0	10.0	100.01227798689683	10.0	2465610	3	2712171	3	2712504	0.0099628673855741		0	0	27021	0	True	99.509285	7.397306	magicc_v5	-0.49071499999999446	-2.6026939999999996	0.49071499999999446	2.6026939999999996	medium	low
G_r043_indel_2pct	43	14	indel	0.02	2.0	ins0.5_geom0.75	RS_GCF_000023905.1	Fusobacteriota	Bacteria	medium	100.0	10.0	99.99240460870644	10.0	2465610	3	2712171	3	2711965	0.0200470398068558		0	0	54371	0	True	96.18652	11.669085	magicc_v5	-3.8134799999999984	1.6690850000000008	3.8134799999999984	1.6690850000000008	low	low
G_r043_indel_5pct	43	15	indel	0.05	5.0	ins0.5_geom0.75	RS_GCF_000023905.1	Fusobacteriota	Bacteria	medium	100.0	10.0	100.00176979991303	10.0	2465610	3	2712171	3	2712219	0.0500565782909705		0	0	135762	0	True	76.493546	20.223988	magicc_v5	-23.506454000000005	10.223987999999999	23.506454000000005	10.223987999999999	low	low
G_r043_chimera_5pct	43	16	chimera	0.05	5.0	rc0.5	RS_GCF_000023905.1	Fusobacteriota	Bacteria	medium	100.0	10.0	100.0	10.0	2465610	3	2712171	3	2712171	0.0		0	0	0	0	True	99.61717	8.281332	magicc_v5	-0.38282999999999845	-1.7186679999999992	0.38282999999999845	1.7186679999999992	medium	low
G_r043_chimera_10pct	43	17	chimera	0.1	10.0	rc0.5	RS_GCF_000023905.1	Fusobacteriota	Bacteria	medium	100.0	10.0	100.0	10.0	2465610	3	2712171	3	2712171	0.0		0	0	0	0	True	99.61717	8.281332	magicc_v5	-0.38282999999999845	-1.7186679999999992	0.38282999999999845	1.7186679999999992	medium	low
G_r043_chimera_20pct	43	18	chimera	0.2	20.0	rc0.5	RS_GCF_000023905.1	Fusobacteriota	Bacteria	medium	100.0	10.0	100.0	10.0	2465610	3	2712171	3	2712171	0.0		0	0	0	0	True	99.61717	8.281332	magicc_v5	-0.38282999999999845	-1.7186679999999992	0.38282999999999845	1.7186679999999992	medium	low
G_r043_chimera_40pct	43	19	chimera	0.4	40.0	rc0.5	RS_GCF_000023905.1	Fusobacteriota	Bacteria	medium	100.0	10.0	100.0	10.0	2465610	3	2712171	3	2712171	0.0		0	0	0	0	True	99.61717	8.281332	magicc_v5	-0.38282999999999845	-1.7186679999999992	0.38282999999999845	1.7186679999999992	medium	low
G_r043_uneven_coverage_5pct	43	20	uneven_coverage	0.05	5.0	lognormal_sigma1.0	RS_GCF_000023905.1	Fusobacteriota	Bacteria	medium	100.0	10.0	100.0	15.500018251061604	2465610	3	2712171	4	2847780	0.0500001659187418		135609	0	0	0	True	99.77012	10.619515	magicc_v5	-0.2298799999999943	0.6195149999999998	0.2298799999999943	0.6195149999999998	low	low
G_r043_uneven_coverage_10pct	43	21	uneven_coverage	0.1	10.0	lognormal_sigma1.0	RS_GCF_000023905.1	Fusobacteriota	Bacteria	medium	100.0	10.0	100.0	20.99999594420853	2465610	3	2712171	4	2983388	0.0999999631291684		271217	0	0	0	True	99.59307	15.817648	magicc_v5	-0.4069300000000027	5.817648	0.4069300000000027	5.817648	low	low
G_r043_uneven_coverage_20pct	43	22	uneven_coverage	0.2	20.0	lognormal_sigma1.0	RS_GCF_000023905.1	Fusobacteriota	Bacteria	medium	100.0	10.0	100.0	31.999991888417064	2465610	3	2712171	4	3254605	0.1999999262583369		542434	0	0	0	True	95.65683	35.010338	magicc_v5	-4.343170000000001	25.010337999999997	4.343170000000001	25.010337999999997	low	low
G_r043_uneven_coverage_40pct	43	23	uneven_coverage	0.4	40.0	lognormal_sigma1.0	RS_GCF_000023905.1	Fusobacteriota	Bacteria	medium	100.0	10.0	100.0	53.99998377683413	2465610	3	2712171	4	3797039	0.3999998525166739		1084868	0	0	0	True	88.84305	61.048897	magicc_v5	-11.156949999999995	51.048897	11.156949999999995	51.048897	low	low
G_r044_none_control	44	0	none	0.0	0.0	control	RS_GCF_029225785.1	Halobacteriota	Archaea	low	68.46798835868258	20.0	68.46798835868258	20.0	3784795	33	3348332	33	3348332	0.0		0	0	0	0	True	74.7287	16.0866	magicc_v5	6.260711641317428	-3.9133999999999993	6.260711641317428	3.9133999999999993	low	low
G_r044_substitution_0p1pct	44	1	substitution	0.001	0.1	uniform	RS_GCF_029225785.1	Halobacteriota	Archaea	low	68.46798835868258	20.0	68.46798835868258	20.0	3784795	33	3348332	33	3348332	0.0010187161846555	0.0089640838741259	0	3411	0	0	True	74.296135	16.126776	magicc_v5	5.828146641317431	-3.8732240000000004	5.828146641317431	3.8732240000000004	low	low
G_r044_substitution_0p5pct	44	2	substitution	0.005	0.5	uniform	RS_GCF_029225785.1	Halobacteriota	Archaea	low	68.46798835868258	20.0	68.46798835868258	20.0	3784795	33	3348332	33	3348332	0.0050278765666009	0.0441104216424403	0	16835	0	0	True	73.455124	16.344797	magicc_v5	4.987135641317423	-3.655203	4.987135641317423	3.655203	low	low
G_r044_substitution_1pct	44	3	substitution	0.01	1.0	uniform	RS_GCF_029225785.1	Halobacteriota	Archaea	low	68.46798835868258	20.0	68.46798835868258	20.0	3784795	33	3348332	33	3348332	0.0099646630023546	0.0864827525163591	0	33365	0	0	True	72.86203	17.175642	magicc_v5	4.394041641317429	-2.824358	4.394041641317429	2.824358	low	low
G_r044_substitution_2pct	44	4	substitution	0.02	2.0	uniform	RS_GCF_029225785.1	Halobacteriota	Archaea	low	68.46798835868258	20.0	68.46798835868258	20.0	3784795	33	3348332	33	3348332	0.0199747217420494	0.1662522378698502	0	66882	0	0	True	70.072014	18.260748	magicc_v5	1.6040256413174205	-1.7392520000000005	1.6040256413174205	1.7392520000000005	low	low
G_r044_substitution_5pct	44	5	substitution	0.05	5.0	uniform	RS_GCF_029225785.1	Halobacteriota	Archaea	low	68.46798835868258	20.0	68.46798835868258	20.0	3784795	33	3348332	33	3348332	0.0500986759974817	0.3697505902753909	0	167747	0	0	True	64.076454	22.144255	magicc_v5	-4.391534358682577	2.144255000000001	4.391534358682577	2.144255000000001	low	low
G_r044_substitution_titv_0p1pct	44	6	substitution_titv	0.001	0.1	titv_2	RS_GCF_029225785.1	Halobacteriota	Archaea	low	68.46798835868258	20.0	68.46798835868258	20.0	3784795	33	3348332	33	3348332	0.0009772029774825	0.0089640838741259	0	3272	0	0	True	74.50799	16.183838	magicc_v5	6.040001641317431	-3.8161619999999985	6.040001641317431	3.8161619999999985	low	low
G_r044_substitution_titv_0p5pct	44	7	substitution_titv	0.005	0.5	titv_2	RS_GCF_029225785.1	Halobacteriota	Archaea	low	68.46798835868258	20.0	68.46798835868258	20.0	3784795	33	3348332	33	3348332	0.0049690413017586	0.0441104216424403	0	16638	0	0	True	74.00018	16.535795	magicc_v5	5.532191641317425	-3.4642049999999998	5.532191641317425	3.4642049999999998	low	low
G_r044_substitution_titv_1pct	44	8	substitution_titv	0.01	1.0	titv_2	RS_GCF_029225785.1	Halobacteriota	Archaea	low	68.46798835868258	20.0	68.46798835868258	20.0	3784795	33	3348332	33	3348332	0.0100058775533608	0.0864827525163591	0	33503	0	0	True	71.94198	16.846561	magicc_v5	3.4739916413174257	-3.1534389999999988	3.4739916413174257	3.1534389999999988	low	low
G_r044_substitution_titv_2pct	44	9	substitution_titv	0.02	2.0	titv_2	RS_GCF_029225785.1	Halobacteriota	Archaea	low	68.46798835868258	20.0	68.46798835868258	20.0	3784795	33	3348332	33	3348332	0.0199848760517176	0.1662522378698502	0	66916	0	0	True	70.76726	19.494354	magicc_v5	2.299271641317418	-0.5056459999999987	2.299271641317418	0.5056459999999987	low	low
G_r044_substitution_titv_5pct	44	10	substitution_titv	0.05	5.0	titv_2	RS_GCF_029225785.1	Halobacteriota	Archaea	low	68.46798835868258	20.0	68.46798835868258	20.0	3784795	33	3348332	33	3348332	0.0500025087118003	0.3697505902753909	0	167425	0	0	True	64.31406	22.72741	magicc_v5	-4.1539283586825775	2.727409999999999	4.1539283586825775	2.727409999999999	low	low
G_r044_indel_0p1pct	44	11	indel	0.001	0.1	ins0.5_geom0.75	RS_GCF_029225785.1	Halobacteriota	Archaea	low	68.46798835868258	20.0	68.46888808770818	20.0	3784795	33	3348332	33	3348376	0.0010070685941537		0	0	3372	0	True	74.50461	15.89866	magicc_v5	6.036621641317424	-4.10134	6.036621641317424	4.10134	low	low
G_r044_indel_0p5pct	44	12	indel	0.005	0.5	ins0.5_geom0.75	RS_GCF_029225785.1	Halobacteriota	Archaea	low	68.46798835868258	20.0	68.47093292640275	20.0	3784795	33	3348332	33	3348476	0.004969638614092		0	0	16640	0	True	73.31305	16.729006	magicc_v5	4.845061641317429	-3.2709940000000017	4.845061641317429	3.2709940000000017	low	low
G_r044_indel_1pct	44	13	indel	0.01	1.0	ins0.5_geom0.75	RS_GCF_029225785.1	Halobacteriota	Archaea	low	68.46798835868258	20.0	68.47113741027222	20.0	3784795	33	3348332	33	3348486	0.0099613777845207		0	0	33354	0	True	71.384674	16.461885	magicc_v5	2.9166856413174287	-3.5381150000000012	2.9166856413174287	3.5381150000000012	low	low
G_r044_indel_2pct	44	14	indel	0.02	2.0	ins0.5_geom0.75	RS_GCF_029225785.1	Halobacteriota	Archaea	low	68.46798835868258	20.0	68.47258924574535	20.0	3784795	33	3348332	33	3348557	0.0200867178045665		0	0	67257	0	True	68.744156	17.749897	magicc_v5	0.27616764131742855	-2.2501029999999993	0.27616764131742855	2.2501029999999993	low	low
G_r044_indel_5pct	44	15	indel	0.05	5.0	ins0.5_geom0.75	RS_GCF_029225785.1	Halobacteriota	Archaea	low	68.46798835868258	20.0	68.4538176265292	20.0	3784795	33	3348332	33	3347639	0.0497782179305994		0	0	166674	0	True	61.94521	18.332645	magicc_v5	-6.522778358682572	-1.6673550000000006	6.522778358682572	1.6673550000000006	low	low
G_r044_chimera_5pct	44	16	chimera	0.05	5.0	rc0.5	RS_GCF_029225785.1	Halobacteriota	Archaea	low	68.46798835868258	20.0	68.46798835868258	20.0	3784795	33	3348332	32	3348332	0.0606060606060606		0	0	0	1	True	74.7287	16.0866	magicc_v5	6.260711641317428	-3.9133999999999993	6.260711641317428	3.9133999999999993	low	low
G_r044_chimera_10pct	44	17	chimera	0.1	10.0	rc0.5	RS_GCF_029225785.1	Halobacteriota	Archaea	low	68.46798835868258	20.0	68.46798835868258	20.0	3784795	33	3348332	32	3348332	0.0606060606060606		0	0	0	1	True	74.7287	16.0866	magicc_v5	6.260711641317428	-3.9133999999999993	6.260711641317428	3.9133999999999993	low	low
G_r044_chimera_20pct	44	18	chimera	0.2	20.0	rc0.5	RS_GCF_029225785.1	Halobacteriota	Archaea	low	68.46798835868258	20.0	68.46798835868258	20.0	3784795	33	3348332	29	3348332	0.2424242424242424		0	0	0	4	True	74.726234	16.08695	magicc_v5	6.25824564131743	-3.9130499999999984	6.25824564131743	3.9130499999999984	low	low
G_r044_chimera_40pct	44	19	chimera	0.4	40.0	rc0.5	RS_GCF_029225785.1	Halobacteriota	Archaea	low	68.46798835868258	20.0	68.46798835868258	20.0	3784795	33	3348332	27	3348332	0.3636363636363636		0	0	0	6	True	74.72888	16.084402	magicc_v5	6.2608916413174285	-3.9155979999999992	6.2608916413174285	3.9155979999999992	low	low
G_r044_uneven_coverage_5pct	44	20	uneven_coverage	0.05	5.0	lognormal_sigma1.0	RS_GCF_029225785.1	Halobacteriota	Archaea	low	68.46798835868258	20.0	68.46798835868258	24.42340998653824	3784795	33	3348332	34	3515749	0.0500001194624666		167417	0	0	0	True	78.92762	16.29316	magicc_v5	10.45963164131743	-3.7068399999999997	10.45963164131743	3.7068399999999997	low	low
G_r044_uneven_coverage_10pct	44	21	uneven_coverage	0.1	10.0	lognormal_sigma1.0	RS_GCF_029225785.1	Halobacteriota	Archaea	low	68.46798835868258	20.0	68.46798835868258	28.8467935515662	3784795	33	3348332	38	3683165	0.0999999402687666		334833	0	0	0	True	81.77313	17.176489	magicc_v5	13.30514164131742	-2.823511	13.30514164131742	2.823511	low	low
G_r044_uneven_coverage_20pct	44	22	uneven_coverage	0.2	20.0	lognormal_sigma1.0	RS_GCF_029225785.1	Halobacteriota	Archaea	low	68.46798835868258	20.0	68.46798835868258	37.6935871031324	3784795	33	3348332	42	4017998	0.1999998805375333		669666	0	0	0	True	88.98821	17.223919	magicc_v5	20.52022164131742	-2.7760810000000014	20.52022164131742	2.7760810000000014	low	low
G_r044_uneven_coverage_40pct	44	23	uneven_coverage	0.4	40.0	lognormal_sigma1.0	RS_GCF_029225785.1	Halobacteriota	Archaea	low	68.46798835868258	20.0	68.46798835868258	55.38720062777509	3784795	33	3348332	53	4687665	0.4000000597312333		1339333	0	0	0	True	99.31039	21.347794	magicc_v5	30.842401641317423	1.3477940000000004	30.842401641317423	1.3477940000000004	low	low
G_r045_none_control	45	0	none	0.0	0.0	control	RS_GCF_018847395.1	Verrucomicrobiota	Bacteria	high	100.0	0.0	100.0	0.0	2965470	3	2965470	3	2965470	0.0		0	0	0	0	True	99.81357	1.240614	magicc_v5	-0.18643000000000143	1.240614	0.18643000000000143	1.240614	high	high
G_r045_substitution_0p1pct	45	1	substitution	0.001	0.1	uniform	RS_GCF_018847395.1	Verrucomicrobiota	Bacteria	high	100.0	0.0	100.0	0.0	2965470	3	2965470	3	2965470	0.0010052369438908	0.0089640838741259	0	2981	0	0	True	99.81459	1.2771398	magicc_v5	-0.18541000000000452	1.2771398	0.18541000000000452	1.2771398	high	high
G_r045_substitution_0p5pct	45	2	substitution	0.005	0.5	uniform	RS_GCF_018847395.1	Verrucomicrobiota	Bacteria	high	100.0	0.0	100.0	0.0	2965470	3	2965470	3	2965470	0.0050177543525984	0.0441104216424403	0	14880	0	0	True	99.7439	1.5065104	magicc_v5	-0.25610000000000355	1.5065104	0.25610000000000355	1.5065104	high	high
G_r045_substitution_1pct	45	3	substitution	0.01	1.0	uniform	RS_GCF_018847395.1	Verrucomicrobiota	Bacteria	high	100.0	0.0	100.0	0.0	2965470	3	2965470	3	2965470	0.0099063554849652	0.0864827525163591	0	29377	0	0	True	98.229095	2.8096497	magicc_v5	-1.770904999999999	2.8096497	1.770904999999999	2.8096497	high	high
G_r045_substitution_2pct	45	4	substitution	0.02	2.0	uniform	RS_GCF_018847395.1	Verrucomicrobiota	Bacteria	high	100.0	0.0	100.0	0.0	2965470	3	2965470	3	2965470	0.0199921091766229	0.1662522378698502	0	59286	0	0	True	87.62052	7.4320674	magicc_v5	-12.379480000000001	7.4320674	12.379480000000001	7.4320674	medium	high
G_r045_substitution_5pct	45	5	substitution	0.05	5.0	uniform	RS_GCF_018847395.1	Verrucomicrobiota	Bacteria	high	100.0	0.0	100.0	0.0	2965470	3	2965470	3	2965470	0.0500106222622383	0.3697505902753909	0	148305	0	0	True	76.46381	21.813065	magicc_v5	-23.536190000000005	21.813065	23.536190000000005	21.813065	low	high
G_r045_substitution_titv_0p1pct	45	6	substitution_titv	0.001	0.1	titv_2	RS_GCF_018847395.1	Verrucomicrobiota	Bacteria	high	100.0	0.0	100.0	0.0	2965470	3	2965470	3	2965470	0.0010146789547693	0.0089640838741259	0	3009	0	0	True	99.800446	1.3018817	magicc_v5	-0.19955400000000623	1.3018817	0.19955400000000623	1.3018817	high	high
G_r045_substitution_titv_0p5pct	45	7	substitution_titv	0.005	0.5	titv_2	RS_GCF_018847395.1	Verrucomicrobiota	Bacteria	high	100.0	0.0	100.0	0.0	2965470	3	2965470	3	2965470	0.0050393360917493	0.0441104216424403	0	14944	0	0	True	99.72113	1.5574932	magicc_v5	-0.27886999999999773	1.5574932	0.27886999999999773	1.5574932	high	high
G_r045_substitution_titv_1pct	45	8	substitution_titv	0.01	1.0	titv_2	RS_GCF_018847395.1	Verrucomicrobiota	Bacteria	high	100.0	0.0	100.0	0.0	2965470	3	2965470	3	2965470	0.010103626069392	0.0864827525163591	0	29962	0	0	True	98.2379	3.0786335	magicc_v5	-1.7621000000000038	3.0786335	1.7621000000000038	3.0786335	high	high
G_r045_substitution_titv_2pct	45	9	substitution_titv	0.02	2.0	titv_2	RS_GCF_018847395.1	Verrucomicrobiota	Bacteria	high	100.0	0.0	100.0	0.0	2965470	3	2965470	3	2965470	0.0199607482119191	0.1662522378698502	0	59193	0	0	True	88.47067	6.9379597	magicc_v5	-11.529330000000002	6.9379597	11.529330000000002	6.9379597	medium	high
G_r045_substitution_titv_5pct	45	10	substitution_titv	0.05	5.0	titv_2	RS_GCF_018847395.1	Verrucomicrobiota	Bacteria	high	100.0	0.0	100.0	0.0	2965470	3	2965470	3	2965470	0.0499620633491487	0.3697505902753909	0	148161	0	0	True	75.642044	20.807766	magicc_v5	-24.357956	20.807766	24.357956	20.807766	low	high
G_r045_indel_0p1pct	45	11	indel	0.001	0.1	ins0.5_geom0.75	RS_GCF_018847395.1	Verrucomicrobiota	Bacteria	high	100.0	0.0	100.00168607337118	0.0	2965470	3	2965470	3	2965520	0.0009984926504061		0	0	2961	0	True	99.792786	1.3315022	magicc_v5	-0.20721399999999335	1.3315022	0.20721399999999335	1.3315022	high	high
G_r045_indel_0p5pct	45	12	indel	0.005	0.5	ins0.5_geom0.75	RS_GCF_018847395.1	Verrucomicrobiota	Bacteria	high	100.0	0.0	100.00785710190964	0.0	2965470	3	2965470	3	2965703	0.0050113472737879		0	0	14861	0	True	99.803314	1.3635427	magicc_v5	-0.1966859999999997	1.3635427	0.1966859999999997	1.3635427	high	high
G_r045_indel_1pct	45	13	indel	0.01	1.0	ins0.5_geom0.75	RS_GCF_018847395.1	Verrucomicrobiota	Bacteria	high	100.0	0.0	100.00320353940522	0.0	2965470	3	2965470	3	2965565	0.0100226945475759		0	0	29722	0	True	98.74049	2.0059288	magicc_v5	-1.259510000000006	2.0059288	1.259510000000006	2.0059288	high	high
G_r045_indel_2pct	45	14	indel	0.02	2.0	ins0.5_geom0.75	RS_GCF_018847395.1	Verrucomicrobiota	Bacteria	high	100.0	0.0	100.016725847842	0.0	2965470	3	2965470	3	2965966	0.0198359787824526		0	0	58823	0	True	90.958275	5.3236456	magicc_v5	-9.041725	5.3236456	9.041725	5.3236456	medium	high
G_r045_indel_5pct	45	15	indel	0.05	5.0	ins0.5_geom0.75	RS_GCF_018847395.1	Verrucomicrobiota	Bacteria	high	100.0	0.0	100.0048896127764	0.0	2965470	3	2965470	3	2965615	0.0501202170313643		0	0	148630	0	True	76.71895	17.406786	magicc_v5	-23.281049999999993	17.406786	23.281049999999993	17.406786	low	high
G_r045_chimera_5pct	45	16	chimera	0.05	5.0	rc0.5	RS_GCF_018847395.1	Verrucomicrobiota	Bacteria	high	100.0	0.0	100.0	0.0	2965470	3	2965470	3	2965470	0.0		0	0	0	0	True	99.81357	1.240614	magicc_v5	-0.18643000000000143	1.240614	0.18643000000000143	1.240614	high	high
G_r045_chimera_10pct	45	17	chimera	0.1	10.0	rc0.5	RS_GCF_018847395.1	Verrucomicrobiota	Bacteria	high	100.0	0.0	100.0	0.0	2965470	3	2965470	3	2965470	0.0		0	0	0	0	True	99.81357	1.240614	magicc_v5	-0.18643000000000143	1.240614	0.18643000000000143	1.240614	high	high
G_r045_chimera_20pct	45	18	chimera	0.2	20.0	rc0.5	RS_GCF_018847395.1	Verrucomicrobiota	Bacteria	high	100.0	0.0	100.0	0.0	2965470	3	2965470	2	2965470	0.6666666666666666		0	0	0	1	True	99.81357	1.240614	magicc_v5	-0.18643000000000143	1.240614	0.18643000000000143	1.240614	high	high
G_r045_chimera_40pct	45	19	chimera	0.4	40.0	rc0.5	RS_GCF_018847395.1	Verrucomicrobiota	Bacteria	high	100.0	0.0	100.0	0.0	2965470	3	2965470	2	2965470	0.6666666666666666		0	0	0	1	True	99.81369	1.2404561	magicc_v5	-0.18631000000000597	1.2404561	0.18631000000000597	1.2404561	high	high
G_r045_uneven_coverage_5pct	45	20	uneven_coverage	0.05	5.0	lognormal_sigma1.0	RS_GCF_018847395.1	Verrucomicrobiota	Bacteria	high	100.0	0.0	100.0	5.000016860733711	2965470	3	2965470	4	3113744	0.0500001686073371		148274	0	0	0	True	99.20227	3.389722	magicc_v5	-0.7977300000000014	3.389722	0.7977300000000014	3.389722	high	high
G_r045_uneven_coverage_10pct	45	21	uneven_coverage	0.1	10.0	lognormal_sigma1.0	RS_GCF_018847395.1	Verrucomicrobiota	Bacteria	high	100.0	0.0	100.0	10.0	2965470	3	2965470	4	3262017	0.1		296547	0	0	0	True	90.36703	18.459639	magicc_v5	-9.63297	18.459639	9.63297	18.459639	low	high
G_r045_uneven_coverage_20pct	45	22	uneven_coverage	0.2	20.0	lognormal_sigma1.0	RS_GCF_018847395.1	Verrucomicrobiota	Bacteria	high	100.0	0.0	100.0	20.0	2965470	3	2965470	4	3558564	0.2		593094	0	0	0	True	78.62398	44.36329	magicc_v5	-21.376019999999997	44.36329	21.376019999999997	44.36329	low	high
G_r045_uneven_coverage_40pct	45	23	uneven_coverage	0.4	40.0	lognormal_sigma1.0	RS_GCF_018847395.1	Verrucomicrobiota	Bacteria	high	100.0	0.0	100.0	40.0	2965470	3	2965470	5	4151658	0.4		1186188	0	0	0	True	84.79652	55.157505	magicc_v5	-15.203479999999999	55.157505	15.203479999999999	55.157505	low	high
G_r046_none_control	46	0	none	0.0	0.0	control	RS_GCF_003852215.1	Thermoproteota	Archaea	high	100.0	1.999982015561036	100.0	1.999982015561036	2668974	3	2722353	3	2722353	0.0		0	0	0	0	True	99.87518	0.99591017	magicc_v5	-0.12481999999999971	-1.004071845561036	0.12481999999999971	1.004071845561036	high	high
G_r046_substitution_0p1pct	46	1	substitution	0.001	0.1	uniform	RS_GCF_003852215.1	Thermoproteota	Archaea	high	100.0	1.999982015561036	100.0	1.999982015561036	2668974	3	2722353	3	2722353	0.0010233794074464	0.0089640838741259	0	2786	0	0	True	99.869675	1.0747045	magicc_v5	-0.13032499999999914	-0.925277515561036	0.13032499999999914	0.925277515561036	high	high
G_r046_substitution_0p5pct	46	2	substitution	0.005	0.5	uniform	RS_GCF_003852215.1	Thermoproteota	Archaea	high	100.0	1.999982015561036	100.0	1.999982015561036	2668974	3	2722353	3	2722353	0.0049802505406168	0.0441104216424403	0	13558	0	0	True	99.83212	1.1680275	magicc_v5	-0.1678799999999967	-0.831954515561036	0.1678799999999967	0.831954515561036	high	high
G_r046_substitution_1pct	46	3	substitution	0.01	1.0	uniform	RS_GCF_003852215.1	Thermoproteota	Archaea	high	100.0	1.999982015561036	100.0	1.999982015561036	2668974	3	2722353	3	2722353	0.0099898874245918	0.0864827525163591	0	27196	0	0	True	99.490265	1.9785643	magicc_v5	-0.5097350000000063	-0.021417715561036	0.5097350000000063	0.021417715561036	high	high
G_r046_substitution_2pct	46	4	substitution	0.02	2.0	uniform	RS_GCF_003852215.1	Thermoproteota	Archaea	high	100.0	1.999982015561036	100.0	1.999982015561036	2668974	3	2722353	3	2722353	0.0200679338792581	0.1662522378698502	0	54632	0	0	True	98.37492	3.1428218	magicc_v5	-1.625079999999997	1.1428397844389642	1.625079999999997	1.1428397844389642	high	high
G_r046_substitution_5pct	46	5	substitution	0.05	5.0	uniform	RS_GCF_003852215.1	Thermoproteota	Archaea	high	100.0	1.999982015561036	100.0	1.999982015561036	2668974	3	2722353	3	2722353	0.0500662478378079	0.3697505902753909	0	136298	0	0	True	79.60486	16.646612	magicc_v5	-20.395139999999998	14.646629984438965	20.395139999999998	14.646629984438965	low	high
G_r046_substitution_titv_0p1pct	46	6	substitution_titv	0.001	0.1	titv_2	RS_GCF_003852215.1	Thermoproteota	Archaea	high	100.0	1.999982015561036	100.0	1.999982015561036	2668974	3	2722353	3	2722353	0.0009958297105481	0.0089640838741259	0	2711	0	0	True	99.86054	1.0995895	magicc_v5	-0.1394599999999997	-0.9003925155610359	0.1394599999999997	0.9003925155610359	high	high
G_r046_substitution_titv_0p5pct	46	7	substitution_titv	0.005	0.5	titv_2	RS_GCF_003852215.1	Thermoproteota	Archaea	high	100.0	1.999982015561036	100.0	1.999982015561036	2668974	3	2722353	3	2722353	0.0050144121647706	0.0441104216424403	0	13651	0	0	True	99.817505	1.296857	magicc_v5	-0.18249500000000296	-0.703125015561036	0.18249500000000296	0.703125015561036	high	high
G_r046_substitution_titv_1pct	46	8	substitution_titv	0.01	1.0	titv_2	RS_GCF_003852215.1	Thermoproteota	Archaea	high	100.0	1.999982015561036	100.0	1.999982015561036	2668974	3	2722353	3	2722353	0.0100350689275049	0.0864827525163591	0	27319	0	0	True	99.78833	1.5670747	magicc_v5	-0.21166999999999803	-0.4329073155610359	0.21166999999999803	0.4329073155610359	high	high
G_r046_substitution_titv_2pct	46	9	substitution_titv	0.02	2.0	titv_2	RS_GCF_003852215.1	Thermoproteota	Archaea	high	100.0	1.999982015561036	100.0	1.999982015561036	2668974	3	2722353	3	2722353	0.0201336858225219	0.1662522378698502	0	54811	0	0	True	99.24951	2.764064	magicc_v5	-0.7504899999999992	0.7640819844389639	0.7504899999999992	0.7640819844389639	high	high
G_r046_substitution_titv_5pct	46	10	substitution_titv	0.05	5.0	titv_2	RS_GCF_003852215.1	Thermoproteota	Archaea	high	100.0	1.999982015561036	100.0	1.999982015561036	2668974	3	2722353	3	2722353	0.0501382443790353	0.3697505902753909	0	136494	0	0	True	78.510056	20.229641	magicc_v5	-21.489943999999994	18.229658984438966	21.489943999999994	18.229658984438966	low	high
G_r046_indel_0p1pct	46	11	indel	0.001	0.1	ins0.5_geom0.75	RS_GCF_003852215.1	Thermoproteota	Archaea	high	100.0	1.999982015561036	99.99783275717732	1.999982015561036	2668974	3	2722353	3	2722294	0.0010119921993951		0	0	2755	0	True	99.87738	0.9803176	magicc_v5	-0.12261999999999773	-1.019664415561036	0.12261999999999773	1.019664415561036	high	high
G_r046_indel_0p5pct	46	12	indel	0.005	0.5	ins0.5_geom0.75	RS_GCF_003852215.1	Thermoproteota	Archaea	high	100.0	1.999982015561036	100.01050561775054	1.999982015561036	2668974	3	2722353	3	2722639	0.0050114735304348		0	0	13643	0	True	99.857925	1.1393905	magicc_v5	-0.1420750000000055	-0.860591515561036	0.1420750000000055	0.860591515561036	high	high
G_r046_indel_1pct	46	13	indel	0.01	1.0	ins0.5_geom0.75	RS_GCF_003852215.1	Thermoproteota	Archaea	high	100.0	1.999982015561036	99.99199222143493	1.999982015561036	2668974	3	2722353	3	2722135	0.0098598528552322		0	0	26842	0	True	99.81932	1.1413872	magicc_v5	-0.1806799999999953	-0.8585948155610359	0.1806799999999953	0.8585948155610359	high	high
G_r046_indel_2pct	46	14	indel	0.02	2.0	ins0.5_geom0.75	RS_GCF_003852215.1	Thermoproteota	Archaea	high	100.0	1.999982015561036	100.01094641290088	1.999982015561036	2668974	3	2722353	3	2722651	0.0199823461542276		0	0	54399	0	True	97.52884	2.7212203	magicc_v5	-2.4711599999999976	0.7212382844389642	2.4711599999999976	0.7212382844389642	high	high
G_r046_indel_5pct	46	15	indel	0.05	5.0	ins0.5_geom0.75	RS_GCF_003852215.1	Thermoproteota	Archaea	high	100.0	1.999982015561036	99.97858470227776	1.999982015561036	2668974	3	2722353	3	2721770	0.0500313515550701		0	0	136203	0	True	82.64418	11.397258	magicc_v5	-17.355819999999994	9.397275984438965	17.355819999999994	9.397275984438965	low	high
G_r046_chimera_5pct	46	16	chimera	0.05	5.0	rc0.5	RS_GCF_003852215.1	Thermoproteota	Archaea	high	100.0	1.999982015561036	100.0	1.999982015561036	2668974	3	2722353	2	2722353	0.6666666666666666		0	0	0	1	True	99.875175	0.99598765	magicc_v5	-0.1248250000000013	-1.003994365561036	0.1248250000000013	1.003994365561036	high	high
G_r046_chimera_10pct	46	17	chimera	0.1	10.0	rc0.5	RS_GCF_003852215.1	Thermoproteota	Archaea	high	100.0	1.999982015561036	100.0	1.999982015561036	2668974	3	2722353	3	2722353	0.0		0	0	0	0	True	99.87518	0.99591017	magicc_v5	-0.12481999999999971	-1.004071845561036	0.12481999999999971	1.004071845561036	high	high
G_r046_chimera_20pct	46	18	chimera	0.2	20.0	rc0.5	RS_GCF_003852215.1	Thermoproteota	Archaea	high	100.0	1.999982015561036	100.0	1.999982015561036	2668974	3	2722353	3	2722353	0.0		0	0	0	0	True	99.87518	0.99591017	magicc_v5	-0.12481999999999971	-1.004071845561036	0.12481999999999971	1.004071845561036	high	high
G_r046_chimera_40pct	46	19	chimera	0.4	40.0	rc0.5	RS_GCF_003852215.1	Thermoproteota	Archaea	high	100.0	1.999982015561036	100.0	1.999982015561036	2668974	3	2722353	2	2722353	0.6666666666666666		0	0	0	1	True	99.875244	0.9951532	magicc_v5	-0.12475600000000497	-1.0048288155610359	0.12475600000000497	1.0048288155610359	high	high
G_r046_uneven_coverage_5pct	46	20	uneven_coverage	0.05	5.0	lognormal_sigma1.0	RS_GCF_003852215.1	Thermoproteota	Archaea	high	100.0	1.999982015561036	100.0	7.099994229992499	2668974	3	2722353	4	2858471	0.0500001285652521		136118	0	0	0	True	99.68319	2.534765	magicc_v5	-0.3168100000000038	0.5347829844389642	0.3168100000000038	0.5347829844389642	high	high
G_r046_uneven_coverage_10pct	46	21	uneven_coverage	0.1	10.0	lognormal_sigma1.0	RS_GCF_003852215.1	Thermoproteota	Archaea	high	100.0	1.999982015561036	100.0	12.199968976842786	2668974	3	2722353	4	2994588	0.0999998898012124		272235	0	0	0	True	98.36426	7.0765376	magicc_v5	-1.6357399999999984	5.076555584438964	1.6357399999999984	5.076555584438964	medium	high
G_r046_uneven_coverage_20pct	46	22	uneven_coverage	0.2	20.0	lognormal_sigma1.0	RS_GCF_003852215.1	Thermoproteota	Archaea	high	100.0	1.999982015561036	100.0	22.399993405705715	2668974	3	2722353	5	3266824	0.2000001469317167		544471	0	0	0	True	83.38242	39.35303	magicc_v5	-16.617580000000004	37.35304798443896	16.617580000000004	37.35304798443896	low	high
G_r046_uneven_coverage_40pct	46	23	uneven_coverage	0.4	40.0	lognormal_sigma1.0	RS_GCF_003852215.1	Thermoproteota	Archaea	high	100.0	1.999982015561036	100.0	42.79996732826922	2668974	3	2722353	4	3811294	0.3999999265341416		1088941	0	0	0	True	86.75174	55.296654	magicc_v5	-13.248260000000002	53.29667198443896	13.248260000000002	53.29667198443896	low	high
G_r047_none_control	47	0	none	0.0	0.0	control	RS_GCF_002240205.1	Bacteroidota_A	Bacteria	low	59.927388484973946	9.999963540301538	59.927388484973946	9.999963540301538	2468479	108	1726142	108	1726142	0.0		0	0	0	0	True	57.36072	12.004047	magicc_v5	-2.5666684849739454	2.004083459698462	2.5666684849739454	2.004083459698462	low	medium
G_r047_substitution_0p1pct	47	1	substitution	0.001	0.1	uniform	RS_GCF_002240205.1	Bacteroidota_A	Bacteria	low	59.927388484973946	9.999963540301538	59.927388484973946	9.999963540301538	2468479	108	1726142	108	1726142	0.001025987433247	0.0089640838741259	0	1771	0	0	True	57.19167	12.542876	magicc_v5	-2.735718484973944	2.542912459698462	2.735718484973944	2.542912459698462	low	medium
G_r047_substitution_0p5pct	47	2	substitution	0.005	0.5	uniform	RS_GCF_002240205.1	Bacteroidota_A	Bacteria	low	59.927388484973946	9.999963540301538	59.927388484973946	9.999963540301538	2468479	108	1726142	108	1726142	0.0049885814724396	0.0441104216424403	0	8611	0	0	True	56.925552	10.6069565	magicc_v5	-3.0018364849739427	0.6069929596984629	3.0018364849739427	0.6069929596984629	low	medium
G_r047_substitution_1pct	47	3	substitution	0.01	1.0	uniform	RS_GCF_002240205.1	Bacteroidota_A	Bacteria	low	59.927388484973946	9.999963540301538	59.927388484973946	9.999963540301538	2468479	108	1726142	108	1726142	0.0099991773562082	0.0864827525163591	0	17260	0	0	True	56.09241	11.1493225	magicc_v5	-3.834978484973945	1.1493589596984624	3.834978484973945	1.1493589596984624	low	medium
G_r047_substitution_2pct	47	4	substitution	0.02	2.0	uniform	RS_GCF_002240205.1	Bacteroidota_A	Bacteria	low	59.927388484973946	9.999963540301538	59.927388484973946	9.999963540301538	2468479	108	1726142	108	1726142	0.0200597633334916	0.1662522378698502	0	34626	0	0	True	57.456894	12.774673	magicc_v5	-2.4704944849739476	2.774709459698462	2.4704944849739476	2.774709459698462	low	medium
G_r047_substitution_5pct	47	5	substitution	0.05	5.0	uniform	RS_GCF_002240205.1	Bacteroidota_A	Bacteria	low	59.927388484973946	9.999963540301538	59.927388484973946	9.999963540301538	2468479	108	1726142	108	1726142	0.049997045434269	0.3697505902753909	0	86302	0	0	True	54.86	20.967548	magicc_v5	-5.067388484973947	10.967584459698463	5.067388484973947	10.967584459698463	low	medium
G_r047_substitution_titv_0p1pct	47	6	substitution_titv	0.001	0.1	titv_2	RS_GCF_002240205.1	Bacteroidota_A	Bacteria	low	59.927388484973946	9.999963540301538	59.927388484973946	9.999963540301538	2468479	108	1726142	108	1726142	0.0010138215743548	0.0089640838741259	0	1750	0	0	True	57.016266	12.967926	magicc_v5	-2.9111224849739443	2.9679624596984624	2.9111224849739443	2.9679624596984624	low	medium
G_r047_substitution_titv_0p5pct	47	7	substitution_titv	0.005	0.5	titv_2	RS_GCF_002240205.1	Bacteroidota_A	Bacteria	low	59.927388484973946	9.999963540301538	59.927388484973946	9.999963540301538	2468479	108	1726142	108	1726142	0.0050013266579458	0.0441104216424403	0	8633	0	0	True	56.816067	12.617627	magicc_v5	-3.1113214849739492	2.6176634596984627	3.1113214849739492	2.6176634596984627	low	medium
G_r047_substitution_titv_1pct	47	8	substitution_titv	0.01	1.0	titv_2	RS_GCF_002240205.1	Bacteroidota_A	Bacteria	low	59.927388484973946	9.999963540301538	59.927388484973946	9.999963540301538	2468479	108	1726142	108	1726142	0.0100420475256381	0.0864827525163591	0	17334	0	0	True	56.820133	13.043007	magicc_v5	-3.1072554849739475	3.0430434596984615	3.1072554849739475	3.0430434596984615	low	medium
G_r047_substitution_titv_2pct	47	9	substitution_titv	0.02	2.0	titv_2	RS_GCF_002240205.1	Bacteroidota_A	Bacteria	low	59.927388484973946	9.999963540301538	59.927388484973946	9.999963540301538	2468479	108	1726142	108	1726142	0.0198934965952974	0.1662522378698502	0	34339	0	0	True	55.15891	15.83747	magicc_v5	-4.768478484973947	5.837506459698462	4.768478484973947	5.837506459698462	low	medium
G_r047_substitution_titv_5pct	47	10	substitution_titv	0.05	5.0	titv_2	RS_GCF_002240205.1	Bacteroidota_A	Bacteria	low	59.927388484973946	9.999963540301538	59.927388484973946	9.999963540301538	2468479	108	1726142	108	1726142	0.0500822064465148	0.3697505902753909	0	86449	0	0	True	55.241028	11.488888	magicc_v5	-4.686360484973946	1.4889244596984614	4.686360484973946	1.4889244596984614	low	medium
G_r047_indel_0p1pct	47	11	indel	0.001	0.1	ins0.5_geom0.75	RS_GCF_002240205.1	Bacteroidota_A	Bacteria	low	59.927388484973946	9.999963540301538	59.92669413435291	9.999963540301538	2468479	108	1726142	108	1726122	0.0009993384090069		0	0	1725	0	True	57.39884	11.991474	magicc_v5	-2.528548484973946	1.9915104596984623	2.528548484973946	1.9915104596984623	low	medium
G_r047_indel_0p5pct	47	12	indel	0.005	0.5	ins0.5_geom0.75	RS_GCF_002240205.1	Bacteroidota_A	Bacteria	low	59.927388484973946	9.999963540301538	59.928082835594985	9.999963540301538	2468479	108	1726142	108	1726162	0.0049561391820603		0	0	8555	0	True	56.480743	12.696245	magicc_v5	-3.446645484973949	2.6962814596984614	3.446645484973949	2.6962814596984614	low	medium
G_r047_indel_1pct	47	13	indel	0.01	1.0	ins0.5_geom0.75	RS_GCF_002240205.1	Bacteroidota_A	Bacteria	low	59.927388484973946	9.999963540301538	59.926346959042384	9.999963540301538	2468479	108	1726142	108	1726112	0.0102175834896549		0	0	17637	0	True	56.535885	12.983561	magicc_v5	-3.3915034849739456	2.983597459698462	3.3915034849739456	2.983597459698462	low	medium
G_r047_indel_2pct	47	14	indel	0.02	2.0	ins0.5_geom0.75	RS_GCF_002240205.1	Bacteroidota_A	Bacteria	low	59.927388484973946	9.999963540301538	59.92683300447711	9.999963540301538	2468479	108	1726142	108	1726126	0.0199780782809293		0	0	34485	0	True	56.220284	13.3575115	magicc_v5	-3.7071044849739465	3.3575479596984614	3.7071044849739465	3.3575479596984614	low	medium
G_r047_indel_5pct	47	15	indel	0.05	5.0	ins0.5_geom0.75	RS_GCF_002240205.1	Bacteroidota_A	Bacteria	low	59.927388484973946	9.999963540301538	59.948462026322446	9.999963540301538	2468479	108	1726142	108	1726749	0.0502003890757539		0	0	86653	0	True	53.959698	8.345116	magicc_v5	-5.967690484973943	-1.654847540301537	5.967690484973943	1.654847540301537	medium	medium
G_r047_chimera_5pct	47	16	chimera	0.05	5.0	rc0.5	RS_GCF_002240205.1	Bacteroidota_A	Bacteria	low	59.927388484973946	9.999963540301538	59.927388484973946	9.999963540301538	2468479	108	1726142	106	1726142	0.037037037037037		0	0	0	2	True	57.355785	12.005531	magicc_v5	-2.5716034849739486	2.0055674596984616	2.5716034849739486	2.0055674596984616	low	medium
G_r047_chimera_10pct	47	17	chimera	0.1	10.0	rc0.5	RS_GCF_002240205.1	Bacteroidota_A	Bacteria	low	59.927388484973946	9.999963540301538	59.927388484973946	9.999963540301538	2468479	108	1726142	103	1726142	0.0925925925925925		0	0	0	5	True	57.324627	12.047588	magicc_v5	-2.6027614849739464	2.0476244596984614	2.6027614849739464	2.0476244596984614	low	medium
G_r047_chimera_20pct	47	18	chimera	0.2	20.0	rc0.5	RS_GCF_002240205.1	Bacteroidota_A	Bacteria	low	59.927388484973946	9.999963540301538	59.927388484973946	9.999963540301538	2468479	108	1726142	97	1726142	0.2037037037037037		0	0	0	11	True	57.342804	12.028798	magicc_v5	-2.584584484973945	2.028834459698462	2.584584484973945	2.028834459698462	low	medium
G_r047_chimera_40pct	47	19	chimera	0.4	40.0	rc0.5	RS_GCF_002240205.1	Bacteroidota_A	Bacteria	low	59.927388484973946	9.999963540301538	59.927388484973946	9.999963540301538	2468479	108	1726142	86	1726142	0.4074074074074074		0	0	0	22	True	57.36946	11.995438	magicc_v5	-2.5579284849739494	1.9954744596984622	2.5579284849739494	1.9954744596984622	low	medium
G_r047_uneven_coverage_5pct	47	20	uneven_coverage	0.05	5.0	lognormal_sigma1.0	RS_GCF_002240205.1	Bacteroidota_A	Bacteria	low	59.927388484973946	9.999963540301538	59.927388484973946	13.496327090487704	2468479	108	1726142	112	1812449	0.0499999420673386		86307	0	0	0	True	59.59384	10.543147	magicc_v5	-0.33354848497394585	0.5431834596984615	0.33354848497394585	0.5431834596984615	low	medium
G_r047_uneven_coverage_10pct	47	21	uneven_coverage	0.1	10.0	lognormal_sigma1.0	RS_GCF_002240205.1	Bacteroidota_A	Bacteria	low	59.927388484973946	9.999963540301538	59.927388484973946	16.99269064067387	2468479	108	1726142	122	1898756	0.0999998841346772		172614	0	0	0	True	59.20402	15.199128	magicc_v5	-0.7233684849739461	5.199164459698462	0.7233684849739461	5.199164459698462	low	medium
G_r047_uneven_coverage_20pct	47	22	uneven_coverage	0.2	20.0	lognormal_sigma1.0	RS_GCF_002240205.1	Bacteroidota_A	Bacteria	low	59.927388484973946	9.999963540301538	59.927388484973946	23.98541774104621	2468479	108	1726142	141	2071370	0.1999997682693544		345228	0	0	0	True	63.09102	12.581309	magicc_v5	3.1636315150260543	2.5813454596984613	3.1636315150260543	2.5813454596984613	low	medium
G_r047_uneven_coverage_40pct	47	23	uneven_coverage	0.4	40.0	lognormal_sigma1.0	RS_GCF_002240205.1	Bacteroidota_A	Bacteria	low	59.927388484973946	9.999963540301538	59.927388484973946	37.97091245256694	2468479	108	1726142	147	2416599	0.4000001158653228		690457	0	0	0	True	74.31025	18.344116	magicc_v5	14.38286151502605	8.344152459698462	14.38286151502605	8.344152459698462	low	medium
G_r048_none_control	48	0	none	0.0	0.0	control	GB_GCA_030583765.1	Patescibacteriota	Bacteria	high	100.0	4.999926846991542	100.0	4.999926846991542	615149	2	645906	2	645906	0.0		0	0	0	0	True	63.0688	2.1595538	magicc_v5	-36.9312	-2.8403730469915422	36.9312	2.8403730469915422	medium	high
G_r048_substitution_0p1pct	48	1	substitution	0.001	0.1	uniform	GB_GCA_030583765.1	Patescibacteriota	Bacteria	high	100.0	4.999926846991542	100.0	4.999926846991542	615149	2	645906	2	645906	0.0008855777775713	0.0089640838741259	0	572	0	0	True	62.310272	2.6420922	magicc_v5	-37.689728	-2.357834646991542	37.689728	2.357834646991542	medium	high
G_r048_substitution_0p5pct	48	2	substitution	0.005	0.5	uniform	GB_GCA_030583765.1	Patescibacteriota	Bacteria	high	100.0	4.999926846991542	100.0	4.999926846991542	615149	2	645906	2	645906	0.0049434437828414	0.0441104216424403	0	3193	0	0	True	62.54452	3.8564057	magicc_v5	-37.45548	-1.1435211469915423	37.45548	1.1435211469915423	medium	high
G_r048_substitution_1pct	48	3	substitution	0.01	1.0	uniform	GB_GCA_030583765.1	Patescibacteriota	Bacteria	high	100.0	4.999926846991542	100.0	4.999926846991542	615149	2	645906	2	645906	0.0103203871770814	0.0864827525163591	0	6666	0	0	True	61.696983	2.5899382	magicc_v5	-38.303017	-2.409988646991542	38.303017	2.409988646991542	medium	high
G_r048_substitution_2pct	48	4	substitution	0.02	2.0	uniform	GB_GCA_030583765.1	Patescibacteriota	Bacteria	high	100.0	4.999926846991542	100.0	4.999926846991542	615149	2	645906	2	645906	0.0199146625050704	0.1662522378698502	0	12863	0	0	True	58.057507	4.47267	magicc_v5	-41.942493	-0.5272568469915422	41.942493	0.5272568469915422	medium	high
G_r048_substitution_5pct	48	5	substitution	0.05	5.0	uniform	GB_GCA_030583765.1	Patescibacteriota	Bacteria	high	100.0	4.999926846991542	100.0	4.999926846991542	615149	2	645906	2	645906	0.0499515409362972	0.3697505902753909	0	32264	0	0	True	56.230328	8.475658	magicc_v5	-43.769672	3.475731153008457	43.769672	3.475731153008457	medium	high
G_r048_substitution_titv_0p1pct	48	6	substitution_titv	0.001	0.1	titv_2	GB_GCA_030583765.1	Patescibacteriota	Bacteria	high	100.0	4.999926846991542	100.0	4.999926846991542	615149	2	645906	2	645906	0.0009444098676897	0.0089640838741259	0	610	0	0	True	62.867813	2.4726658	magicc_v5	-37.132187	-2.527261046991542	37.132187	2.527261046991542	medium	high
G_r048_substitution_titv_0p5pct	48	7	substitution_titv	0.005	0.5	titv_2	GB_GCA_030583765.1	Patescibacteriota	Bacteria	high	100.0	4.999926846991542	100.0	4.999926846991542	615149	2	645906	2	645906	0.0050796865178524	0.0441104216424403	0	3281	0	0	True	62.610943	1.6283721	magicc_v5	-37.389057	-3.371554746991542	37.389057	3.371554746991542	medium	high
G_r048_substitution_titv_1pct	48	8	substitution_titv	0.01	1.0	titv_2	GB_GCA_030583765.1	Patescibacteriota	Bacteria	high	100.0	4.999926846991542	100.0	4.999926846991542	615149	2	645906	2	645906	0.0098079287078924	0.0864827525163591	0	6335	0	0	True	60.186333	4.0349245	magicc_v5	-39.813667	-0.9650023469915423	39.813667	0.9650023469915423	medium	high
G_r048_substitution_titv_2pct	48	9	substitution_titv	0.02	2.0	titv_2	GB_GCA_030583765.1	Patescibacteriota	Bacteria	high	100.0	4.999926846991542	100.0	4.999926846991542	615149	2	645906	2	645906	0.0201407015881567	0.1662522378698502	0	13009	0	0	True	59.406918	4.847166	magicc_v5	-40.593082	-0.15276084699154246	40.593082	0.15276084699154246	medium	high
G_r048_substitution_titv_5pct	48	10	substitution_titv	0.05	5.0	titv_2	GB_GCA_030583765.1	Patescibacteriota	Bacteria	high	100.0	4.999926846991542	100.0	4.999926846991542	615149	2	645906	2	645906	0.0500939765228996	0.3697505902753909	0	32356	0	0	True	55.91478	11.1299095	magicc_v5	-44.08522	6.129982653008458	44.08522	6.129982653008458	low	high
G_r048_indel_0p1pct	48	11	indel	0.001	0.1	ins0.5_geom0.75	GB_GCA_030583765.1	Patescibacteriota	Bacteria	high	100.0	4.999926846991542	100.00696695804034	4.999926846991542	615149	2	645906	2	645951	0.00106671868662		0	0	689	0	True	62.859013	1.9545645	magicc_v5	-37.140987	-3.045362346991542	37.140987	3.045362346991542	medium	high
G_r048_indel_0p5pct	48	12	indel	0.005	0.5	ins0.5_geom0.75	GB_GCA_030583765.1	Patescibacteriota	Bacteria	high	100.0	4.999926846991542	99.98699501165804	4.999926846991542	615149	2	645906	2	645822	0.0049991794471641		0	0	3229	0	True	61.827774	2.739665	magicc_v5	-38.172226	-2.260261846991542	38.172226	2.260261846991542	medium	high
G_r048_indel_1pct	48	13	indel	0.01	1.0	ins0.5_geom0.75	GB_GCA_030583765.1	Patescibacteriota	Bacteria	high	100.0	4.999926846991542	99.98405340715212	4.999926846991542	615149	2	645906	2	645803	0.0100138410233067		0	0	6468	0	True	61.826736	1.4635086	magicc_v5	-38.173264	-3.536418246991542	38.173264	3.536418246991542	medium	high
G_r048_indel_2pct	48	14	indel	0.02	2.0	ins0.5_geom0.75	GB_GCA_030583765.1	Patescibacteriota	Bacteria	high	100.0	4.999926846991542	99.9865305477887	4.999926846991542	615149	2	645906	2	645819	0.0200803212851405		0	0	12970	0	True	58.56963	1.9676208	magicc_v5	-41.43037	-3.0323060469915424	41.43037	3.0323060469915424	medium	high
G_r048_indel_5pct	48	15	indel	0.05	5.0	ins0.5_geom0.75	GB_GCA_030583765.1	Patescibacteriota	Bacteria	high	100.0	4.999926846991542	99.993497505829	4.999926846991542	615149	2	645906	2	645864	0.0497905267949206		0	0	32160	0	True	57.348045	9.109592	magicc_v5	-42.651955	4.109665153008457	42.651955	4.109665153008457	medium	high
G_r048_chimera_5pct	48	16	chimera	0.05	5.0	rc0.5	GB_GCA_030583765.1	Patescibacteriota	Bacteria	high	100.0	4.999926846991542	100.0	4.999926846991542	615149	2	645906	2	645906	0.0		0	0	0	0	True	63.0688	2.1595538	magicc_v5	-36.9312	-2.8403730469915422	36.9312	2.8403730469915422	medium	high
G_r048_chimera_10pct	48	17	chimera	0.1	10.0	rc0.5	GB_GCA_030583765.1	Patescibacteriota	Bacteria	high	100.0	4.999926846991542	100.0	4.999926846991542	615149	2	645906	2	645906	0.0		0	0	0	0	True	63.0688	2.1595538	magicc_v5	-36.9312	-2.8403730469915422	36.9312	2.8403730469915422	medium	high
G_r048_chimera_20pct	48	18	chimera	0.2	20.0	rc0.5	GB_GCA_030583765.1	Patescibacteriota	Bacteria	high	100.0	4.999926846991542	100.0	4.999926846991542	615149	2	645906	2	645906	0.0		0	0	0	0	True	63.0688	2.1595538	magicc_v5	-36.9312	-2.8403730469915422	36.9312	2.8403730469915422	medium	high
G_r048_chimera_40pct	48	19	chimera	0.4	40.0	rc0.5	GB_GCA_030583765.1	Patescibacteriota	Bacteria	high	100.0	4.999926846991542	100.0	4.999926846991542	615149	2	645906	2	645906	0.0		0	0	0	0	True	63.0688	2.1595538	magicc_v5	-36.9312	-2.8403730469915422	36.9312	2.8403730469915422	medium	high
G_r048_uneven_coverage_5pct	48	20	uneven_coverage	0.05	5.0	lognormal_sigma1.0	GB_GCA_030583765.1	Patescibacteriota	Bacteria	high	100.0	4.999926846991542	100.0	10.249874420668814	615149	2	645906	3	678201	0.0499995355361306		32295	0	0	0	True	66.43449	1.8186778	magicc_v5	-33.56551	-3.1812490469915424	33.56551	3.1812490469915424	medium	high
G_r048_uneven_coverage_10pct	48	21	uneven_coverage	0.1	10.0	lognormal_sigma1.0	GB_GCA_030583765.1	Patescibacteriota	Bacteria	high	100.0	4.999926846991542	100.0	15.499984556587105	615149	2	645906	3	710497	0.1000006192851591		64591	0	0	0	True	69.58076	2.2235215	magicc_v5	-30.419240000000002	-2.776405346991542	30.419240000000002	2.776405346991542	medium	high
G_r048_uneven_coverage_20pct	48	22	uneven_coverage	0.2	20.0	lognormal_sigma1.0	GB_GCA_030583765.1	Patescibacteriota	Bacteria	high	100.0	4.999926846991542	100.0	25.999879703941648	615149	2	645906	3	775087	0.1999996903574204		129181	0	0	0	True	76.62171	2.260238	magicc_v5	-23.378290000000007	-2.739688846991542	23.378290000000007	2.739688846991542	medium	high
G_r048_uneven_coverage_40pct	48	23	uneven_coverage	0.4	40.0	lognormal_sigma1.0	GB_GCA_030583765.1	Patescibacteriota	Bacteria	high	100.0	4.999926846991542	100.0	46.99983256089176	615149	2	645906	3	904268	0.3999993807148408		258362	0	0	0	True	96.173325	0.52206516	magicc_v5	-3.8266749999999945	-4.477861686991542	3.8266749999999945	4.477861686991542	high	high
G_r049_none_control	49	0	none	0.0	0.0	control	GB_GCA_009177165.1	Deinococcota	Bacteria	medium	69.04218972205354	1.999980563358592	69.04218972205354	1.999980563358592	4013039	8	2850950	8	2850950	0.0		0	0	0	0	True	65.75059	0.47881603	magicc_v5	-3.291599722053533	-1.5211645333585921	3.291599722053533	1.5211645333585921	medium	medium
G_r049_substitution_0p1pct	49	1	substitution	0.001	0.1	uniform	GB_GCA_009177165.1	Deinococcota	Bacteria	medium	69.04218972205354	1.999980563358592	69.04218972205354	1.999980563358592	4013039	8	2850950	8	2850950	0.0010021220996509	0.0089640838741259	0	2857	0	0	True	65.48496	0.4938364	magicc_v5	-3.5572297220535347	-1.5061441633585921	3.5572297220535347	1.5061441633585921	medium	medium
G_r049_substitution_0p5pct	49	2	substitution	0.005	0.5	uniform	GB_GCA_009177165.1	Deinococcota	Bacteria	medium	69.04218972205354	1.999980563358592	69.04218972205354	1.999980563358592	4013039	8	2850950	8	2850950	0.0050758519090127	0.0441104216424403	0	14471	0	0	True	64.897446	0.58603287	magicc_v5	-4.1447437220535335	-1.4139476933585922	4.1447437220535335	1.4139476933585922	medium	medium
G_r049_substitution_1pct	49	3	substitution	0.01	1.0	uniform	GB_GCA_009177165.1	Deinococcota	Bacteria	medium	69.04218972205354	1.999980563358592	69.04218972205354	1.999980563358592	4013039	8	2850950	8	2850950	0.0099963170171346	0.0864827525163591	0	28499	0	0	True	64.043365	0.67184865	magicc_v5	-4.998824722053541	-1.328131913358592	4.998824722053541	1.328131913358592	medium	medium
G_r049_substitution_2pct	49	4	substitution	0.02	2.0	uniform	GB_GCA_009177165.1	Deinococcota	Bacteria	medium	69.04218972205354	1.999980563358592	69.04218972205354	1.999980563358592	4013039	8	2850950	8	2850950	0.019944930637156	0.1662522378698502	0	56862	0	0	True	63.89876	1.6303688	magicc_v5	-5.143429722053533	-0.369611763358592	5.143429722053533	0.369611763358592	medium	medium
G_r049_substitution_5pct	49	5	substitution	0.05	5.0	uniform	GB_GCA_009177165.1	Deinococcota	Bacteria	medium	69.04218972205354	1.999980563358592	69.04218972205354	1.999980563358592	4013039	8	2850950	8	2850950	0.050040162051246	0.3697505902753909	0	142662	0	0	True	58.289158	4.2373714	magicc_v5	-10.753031722053535	2.2373908366414077	10.753031722053535	2.2373908366414077	medium	medium
G_r049_substitution_titv_0p1pct	49	6	substitution_titv	0.001	0.1	titv_2	GB_GCA_009177165.1	Deinococcota	Bacteria	medium	69.04218972205354	1.999980563358592	69.04218972205354	1.999980563358592	4013039	8	2850950	8	2850950	0.0010042266612883	0.0089640838741259	0	2863	0	0	True	65.240944	0.5637616	magicc_v5	-3.8012457220535367	-1.4362189633585922	3.8012457220535367	1.4362189633585922	medium	medium
G_r049_substitution_titv_0p5pct	49	7	substitution_titv	0.005	0.5	titv_2	GB_GCA_009177165.1	Deinococcota	Bacteria	medium	69.04218972205354	1.999980563358592	69.04218972205354	1.999980563358592	4013039	8	2850950	8	2850950	0.0050709412651923	0.0441104216424403	0	14457	0	0	True	64.26022	0.4924953	magicc_v5	-4.781969722053532	-1.507485263358592	4.781969722053532	1.507485263358592	medium	medium
G_r049_substitution_titv_1pct	49	8	substitution_titv	0.01	1.0	titv_2	GB_GCA_009177165.1	Deinococcota	Bacteria	medium	69.04218972205354	1.999980563358592	69.04218972205354	1.999980563358592	4013039	8	2850950	8	2850950	0.0099156421543695	0.0864827525163591	0	28269	0	0	True	65.35349	0.625211	magicc_v5	-3.688699722053542	-1.3747695633585921	3.688699722053542	1.3747695633585921	medium	medium
G_r049_substitution_titv_2pct	49	9	substitution_titv	0.02	2.0	titv_2	GB_GCA_009177165.1	Deinococcota	Bacteria	medium	69.04218972205354	1.999980563358592	69.04218972205354	1.999980563358592	4013039	8	2850950	8	2850950	0.0199119591715042	0.1662522378698502	0	56768	0	0	True	62.83798	1.1405319	magicc_v5	-6.204209722053534	-0.859448663358592	6.204209722053534	0.859448663358592	medium	medium
G_r049_substitution_titv_5pct	49	10	substitution_titv	0.05	5.0	titv_2	GB_GCA_009177165.1	Deinococcota	Bacteria	medium	69.04218972205354	1.999980563358592	69.04218972205354	1.999980563358592	4013039	8	2850950	8	2850950	0.0500313930444237	0.3697505902753909	0	142637	0	0	True	58.394554	2.7181835	magicc_v5	-10.647635722053536	0.7182029366414078	10.647635722053536	0.7182029366414078	medium	medium
G_r049_indel_0p1pct	49	11	indel	0.001	0.1	ins0.5_geom0.75	GB_GCA_009177165.1	Deinococcota	Bacteria	medium	69.04218972205354	1.999980563358592	69.03826652636965	1.999980563358592	4013039	8	2850950	8	2850788	0.0010172047913853		0	0	2900	0	True	65.07291	0.6118983	magicc_v5	-3.9692797220535425	-1.388082263358592	3.9692797220535425	1.388082263358592	medium	medium
G_r049_indel_0p5pct	49	12	indel	0.005	0.5	ins0.5_geom0.75	GB_GCA_009177165.1	Deinococcota	Bacteria	medium	69.04218972205354	1.999980563358592	69.04073668661506	1.999980563358592	4013039	8	2850950	8	2850890	0.0050453357652712		0	0	14384	0	True	63.881325	0.54938495	magicc_v5	-5.160864722053539	-1.4505956133585922	5.160864722053539	1.4505956133585922	medium	medium
G_r049_indel_1pct	49	13	indel	0.01	1.0	ins0.5_geom0.75	GB_GCA_009177165.1	Deinococcota	Bacteria	medium	69.04218972205354	1.999980563358592	69.03153412883805	1.999980563358592	4013039	8	2850950	8	2850510	0.0100398112909731		0	0	28623	0	True	63.520927	0.7797271	magicc_v5	-5.521262722053535	-1.220253463358592	5.521262722053535	1.220253463358592	medium	medium
G_r049_indel_2pct	49	14	indel	0.02	2.0	ins0.5_geom0.75	GB_GCA_009177165.1	Deinococcota	Bacteria	medium	69.04218972205354	1.999980563358592	69.04897055409975	1.999980563358592	4013039	8	2850950	8	2851230	0.0201220645749662		0	0	57367	0	True	60.305706	0.7574588	magicc_v5	-8.736483722053535	-1.242521763358592	8.736483722053535	1.242521763358592	medium	medium
G_r049_indel_5pct	49	15	indel	0.05	5.0	ins0.5_geom0.75	GB_GCA_009177165.1	Deinococcota	Bacteria	medium	69.04218972205354	1.999980563358592	69.03121930449305	1.999980563358592	4013039	8	2850950	8	2850497	0.0502344832424279		0	0	143216	0	True	56.812202	0.74480176	magicc_v5	-12.229987722053536	-1.255178803358592	12.229987722053536	1.255178803358592	medium	medium
G_r049_chimera_5pct	49	16	chimera	0.05	5.0	rc0.5	GB_GCA_009177165.1	Deinococcota	Bacteria	medium	69.04218972205354	1.999980563358592	69.04218972205354	1.999980563358592	4013039	8	2850950	8	2850950	0.0		0	0	0	0	True	65.75059	0.47881603	magicc_v5	-3.291599722053533	-1.5211645333585921	3.291599722053533	1.5211645333585921	medium	medium
G_r049_chimera_10pct	49	17	chimera	0.1	10.0	rc0.5	GB_GCA_009177165.1	Deinococcota	Bacteria	medium	69.04218972205354	1.999980563358592	69.04218972205354	1.999980563358592	4013039	8	2850950	8	2850950	0.0		0	0	0	0	True	65.75059	0.47881603	magicc_v5	-3.291599722053533	-1.5211645333585921	3.291599722053533	1.5211645333585921	medium	medium
G_r049_chimera_20pct	49	18	chimera	0.2	20.0	rc0.5	GB_GCA_009177165.1	Deinococcota	Bacteria	medium	69.04218972205354	1.999980563358592	69.04218972205354	1.999980563358592	4013039	8	2850950	7	2850950	0.25		0	0	0	1	True	65.75002	0.47893822	magicc_v5	-3.2921697220535293	-1.521042343358592	3.2921697220535293	1.521042343358592	medium	medium
G_r049_chimera_40pct	49	19	chimera	0.4	40.0	rc0.5	GB_GCA_009177165.1	Deinococcota	Bacteria	medium	69.04218972205354	1.999980563358592	69.04218972205354	1.999980563358592	4013039	8	2850950	6	2850950	0.5		0	0	0	2	True	65.75059	0.47881603	magicc_v5	-3.291599722053533	-1.5211645333585921	3.291599722053533	1.5211645333585921	medium	medium
G_r049_uneven_coverage_5pct	49	20	uneven_coverage	0.05	5.0	lognormal_sigma1.0	GB_GCA_009177165.1	Deinococcota	Bacteria	medium	69.04218972205354	1.999980563358592	69.04218972205354	5.552101537014717	4013039	8	2850950	9	2993498	0.0500001753801364		142548	0	0	0	True	70.29225	0.4810661	magicc_v5	1.25006027794646	-1.518914463358592	1.25006027794646	1.518914463358592	medium	medium
G_r049_uneven_coverage_10pct	49	21	uneven_coverage	0.1	10.0	lognormal_sigma1.0	GB_GCA_009177165.1	Deinococcota	Bacteria	medium	69.04218972205354	1.999980563358592	69.04218972205354	9.104197591899805	4013039	8	2850950	9	3136045	0.1		285095	0	0	0	True	73.79697	0.46337843	magicc_v5	4.754780277946466	-1.536602133358592	4.754780277946466	1.536602133358592	medium	medium
G_r049_uneven_coverage_20pct	49	22	uneven_coverage	0.2	20.0	lognormal_sigma1.0	GB_GCA_009177165.1	Deinococcota	Bacteria	medium	69.04218972205354	1.999980563358592	69.04218972205354	16.20841462044102	4013039	8	2850950	9	3421140	0.2		570190	0	0	0	True	79.61336	0.5601078	magicc_v5	10.571170277946464	-1.4398727633585922	10.571170277946464	1.4398727633585922	medium	medium
G_r049_uneven_coverage_40pct	49	23	uneven_coverage	0.4	40.0	lognormal_sigma1.0	GB_GCA_009177165.1	Deinococcota	Bacteria	medium	69.04218972205354	1.999980563358592	69.04218972205354	30.416848677523443	4013039	8	2850950	14	3991330	0.4		1140380	0	0	0	True	88.72255	1.038146	magicc_v5	19.680360277946463	-0.9618345633585921	19.680360277946463	0.9618345633585921	medium	medium
G_r050_none_control	50	0	none	0.0	0.0	control	RS_GCF_007748155.1	Planctomycetota	Bacteria	medium	79.7641909148204	4.999996167949083	79.7641909148204	4.999996167949083	7828706	66	6635939	66	6635939	0.0		0	0	0	0	True	82.12742	2.810061	magicc_v5	2.363229085179597	-2.1899351679490833	2.363229085179597	2.1899351679490833	medium	medium
G_r050_substitution_0p1pct	50	1	substitution	0.001	0.1	uniform	RS_GCF_007748155.1	Planctomycetota	Bacteria	medium	79.7641909148204	4.999996167949083	79.7641909148204	4.999996167949083	7828706	66	6635939	66	6635939	0.0010209445436337	0.0089640838741259	0	6759	0	0	True	81.89668	2.8535485	magicc_v5	2.1324890851796	-2.1464476679490834	2.1324890851796	2.1464476679490834	medium	medium
G_r050_substitution_0p5pct	50	2	substitution	0.005	0.5	uniform	RS_GCF_007748155.1	Planctomycetota	Bacteria	medium	79.7641909148204	4.999996167949083	79.7641909148204	4.999996167949083	7828706	66	6635939	66	6635939	0.004994758577354	0.0441104216424403	0	33067	0	0	True	81.40877	2.732417	magicc_v5	1.6445790851796005	-2.2675791679490835	1.6445790851796005	2.2675791679490835	medium	medium
G_r050_substitution_1pct	50	3	substitution	0.01	1.0	uniform	RS_GCF_007748155.1	Planctomycetota	Bacteria	medium	79.7641909148204	4.999996167949083	79.7641909148204	4.999996167949083	7828706	66	6635939	66	6635939	0.0099757716371062	0.0864827525163591	0	66043	0	0	True	80.43357	3.807375	magicc_v5	0.6693790851795995	-1.1926211679490835	0.6693790851795995	1.1926211679490835	medium	medium
G_r050_substitution_2pct	50	4	substitution	0.02	2.0	uniform	RS_GCF_007748155.1	Planctomycetota	Bacteria	medium	79.7641909148204	4.999996167949083	79.7641909148204	4.999996167949083	7828706	66	6635939	66	6635939	0.0199800916569239	0.1662522378698502	0	132275	0	0	True	77.57387	4.2104006	magicc_v5	-2.190320914820404	-0.7895955679490836	2.190320914820404	0.7895955679490836	medium	medium
G_r050_substitution_5pct	50	5	substitution	0.05	5.0	uniform	RS_GCF_007748155.1	Planctomycetota	Bacteria	medium	79.7641909148204	4.999996167949083	79.7641909148204	4.999996167949083	7828706	66	6635939	66	6635939	0.0500252252905439	0.3697505902753909	0	331184	0	0	True	72.97826	7.273239	magicc_v5	-6.785930914820398	2.273242832050917	6.785930914820398	2.273242832050917	medium	medium
G_r050_substitution_titv_0p1pct	50	6	substitution_titv	0.001	0.1	titv_2	RS_GCF_007748155.1	Planctomycetota	Bacteria	medium	79.7641909148204	4.999996167949083	79.7641909148204	4.999996167949083	7828706	66	6635939	66	6635939	0.0010182256500421	0.0089640838741259	0	6741	0	0	True	81.937294	2.8575778	magicc_v5	2.1731030851795907	-2.1424183679490834	2.1731030851795907	2.1424183679490834	medium	medium
G_r050_substitution_titv_0p5pct	50	7	substitution_titv	0.005	0.5	titv_2	RS_GCF_007748155.1	Planctomycetota	Bacteria	medium	79.7641909148204	4.999996167949083	79.7641909148204	4.999996167949083	7828706	66	6635939	66	6635939	0.0049574493152919	0.0441104216424403	0	32820	0	0	True	81.453156	3.1718135	magicc_v5	1.6889650851796034	-1.8281826679490836	1.6889650851796034	1.8281826679490836	medium	medium
G_r050_substitution_titv_1pct	50	8	substitution_titv	0.01	1.0	titv_2	RS_GCF_007748155.1	Planctomycetota	Bacteria	medium	79.7641909148204	4.999996167949083	79.7641909148204	4.999996167949083	7828706	66	6635939	66	6635939	0.0099701828002791	0.0864827525163591	0	66006	0	0	True	80.51807	3.148371	magicc_v5	0.7538790851795909	-1.8516251679490834	0.7538790851795909	1.8516251679490834	medium	medium
G_r050_substitution_titv_2pct	50	9	substitution_titv	0.02	2.0	titv_2	RS_GCF_007748155.1	Planctomycetota	Bacteria	medium	79.7641909148204	4.999996167949083	79.7641909148204	4.999996167949083	7828706	66	6635939	66	6635939	0.0200198177132896	0.1662522378698502	0	132538	0	0	True	80.18926	3.2079637	magicc_v5	0.42506908517960085	-1.7920324679490833	0.42506908517960085	1.7920324679490833	medium	medium
G_r050_substitution_titv_5pct	50	10	substitution_titv	0.05	5.0	titv_2	RS_GCF_007748155.1	Planctomycetota	Bacteria	medium	79.7641909148204	4.999996167949083	79.7641909148204	4.999996167949083	7828706	66	6635939	66	6635939	0.0500980312189404	0.3697505902753909	0	331666	0	0	True	71.601776	8.69459	magicc_v5	-8.162414914820403	3.6945938320509164	8.162414914820403	3.6945938320509164	medium	medium
G_r050_indel_0p1pct	50	11	indel	0.001	0.1	ins0.5_geom0.75	RS_GCF_007748155.1	Planctomycetota	Bacteria	medium	79.7641909148204	4.999996167949083	79.76256821066754	4.999996167949083	7828706	66	6635939	66	6635804	0.0010024203055513		0	0	6652	0	True	81.972404	2.8097332	magicc_v5	2.208213085179594	-2.1902629679490833	2.208213085179594	2.1902629679490833	medium	medium
G_r050_indel_0p5pct	50	12	indel	0.005	0.5	ins0.5_geom0.75	RS_GCF_007748155.1	Planctomycetota	Bacteria	medium	79.7641909148204	4.999996167949083	79.76206336937553	4.999996167949083	7828706	66	6635939	66	6635762	0.0049873876176378		0	0	33096	0	True	80.78635	3.1043112	magicc_v5	1.0221590851795952	-1.8956849679490833	1.0221590851795952	1.8956849679490833	medium	medium
G_r050_indel_1pct	50	13	indel	0.01	1.0	ins0.5_geom0.75	RS_GCF_007748155.1	Planctomycetota	Bacteria	medium	79.7641909148204	4.999996167949083	79.77223231540019	4.999996167949083	7828706	66	6635939	66	6636608	0.010010188460141		0	0	66427	0	True	79.8065	3.5191388	magicc_v5	0.042309085179596195	-1.4808573679490835	0.042309085179596195	1.4808573679490835	medium	medium
G_r050_indel_2pct	50	14	indel	0.02	2.0	ins0.5_geom0.75	RS_GCF_007748155.1	Planctomycetota	Bacteria	medium	79.7641909148204	4.999996167949083	79.75540427233338	4.999996167949083	7828706	66	6635939	66	6635208	0.0200051567683186		0	0	132753	0	True	78.93385	3.2230854	magicc_v5	-0.8303409148203968	-1.7769107679490834	0.8303409148203968	1.7769107679490834	medium	medium
G_r050_indel_5pct	50	15	indel	0.05	5.0	ins0.5_geom0.75	RS_GCF_007748155.1	Planctomycetota	Bacteria	medium	79.7641909148204	4.999996167949083	79.76702764208024	4.999996167949083	7828706	66	6635939	66	6636175	0.0499285783067023		0	0	331323	0	True	70.91029	7.478914	magicc_v5	-8.8539009148204	2.478917832050916	8.8539009148204	2.478917832050916	medium	medium
G_r050_chimera_5pct	50	16	chimera	0.05	5.0	rc0.5	RS_GCF_007748155.1	Planctomycetota	Bacteria	medium	79.7641909148204	4.999996167949083	79.7641909148204	4.999996167949083	7828706	66	6635939	65	6635939	0.0303030303030303		0	0	0	1	True	82.12635	2.8109818	magicc_v5	2.3621590851795986	-2.1890143679490834	2.3621590851795986	2.1890143679490834	medium	medium
G_r050_chimera_10pct	50	17	chimera	0.1	10.0	rc0.5	RS_GCF_007748155.1	Planctomycetota	Bacteria	medium	79.7641909148204	4.999996167949083	79.7641909148204	4.999996167949083	7828706	66	6635939	63	6635939	0.0909090909090909		0	0	0	3	True	82.13297	2.8086245	magicc_v5	2.3687790851795967	-2.1913716679490833	2.3687790851795967	2.1913716679490833	medium	medium
G_r050_chimera_20pct	50	18	chimera	0.2	20.0	rc0.5	RS_GCF_007748155.1	Planctomycetota	Bacteria	medium	79.7641909148204	4.999996167949083	79.7641909148204	4.999996167949083	7828706	66	6635939	59	6635939	0.2121212121212121		0	0	0	7	True	82.12742	2.810061	magicc_v5	2.363229085179597	-2.1899351679490833	2.363229085179597	2.1899351679490833	medium	medium
G_r050_chimera_40pct	50	19	chimera	0.4	40.0	rc0.5	RS_GCF_007748155.1	Planctomycetota	Bacteria	medium	79.7641909148204	4.999996167949083	79.7641909148204	4.999996167949083	7828706	66	6635939	53	6635939	0.3939393939393939		0	0	0	13	True	82.129715	2.807176	magicc_v5	2.365524085179601	-2.1928201679490833	2.365524085179601	2.1928201679490833	medium	medium
G_r050_uneven_coverage_5pct	50	20	uneven_coverage	0.05	5.0	lognormal_sigma1.0	RS_GCF_007748155.1	Planctomycetota	Bacteria	medium	79.7641909148204	4.999996167949083	79.7641909148204	9.238206160762712	7828706	66	6635939	73	6967736	0.0500000075347287		331797	0	0	0	True	84.51835	3.4030855	magicc_v5	4.7541590851795945	-1.5969106679490834	4.7541590851795945	1.5969106679490834	medium	medium
G_r050_uneven_coverage_10pct	50	21	uneven_coverage	0.1	10.0	lognormal_sigma1.0	RS_GCF_007748155.1	Planctomycetota	Bacteria	medium	79.7641909148204	4.999996167949083	79.7641909148204	13.476416153576338	7828706	66	6635939	72	7299533	0.1000000150694574		663594	0	0	0	True	92.44241	2.3318052	magicc_v5	12.678219085179592	-2.6681909679490836	12.678219085179592	2.6681909679490836	high	medium
G_r050_uneven_coverage_20pct	50	22	uneven_coverage	0.2	20.0	lognormal_sigma1.0	RS_GCF_007748155.1	Planctomycetota	Bacteria	medium	79.7641909148204	4.999996167949083	79.7641909148204	21.952836139203598	7828706	66	6635939	86	7963127	0.2000000301389148		1327188	0	0	0	True	98.69881	3.6419213	magicc_v5	18.93461908517959	-1.3580748679490835	18.93461908517959	1.3580748679490835	high	medium
G_r050_uneven_coverage_40pct	50	23	uneven_coverage	0.4	40.0	lognormal_sigma1.0	RS_GCF_007748155.1	Planctomycetota	Bacteria	medium	79.7641909148204	4.999996167949083	79.7641909148204	38.9056761104581	7828706	66	6635939	103	9290315	0.4000000602778296		2654376	0	0	0	True	96.7528	18.223127	magicc_v5	16.98860908517959	13.223130832050918	16.98860908517959	13.223130832050918	low	medium
G_r051_none_control	51	0	none	0.0	0.0	control	RS_GCF_018771565.1	Chloroflexota	Bacteria	medium	96.56674540006595	9.999975879479408	96.56674540006595	9.999975879479408	3316678	26	3534475	26	3534475	0.0		0	0	0	0	True	99.61389	14.922303	magicc_v5	3.047144599934043	4.922327120520592	3.047144599934043	4.922327120520592	low	medium
G_r051_substitution_0p1pct	51	1	substitution	0.001	0.1	uniform	RS_GCF_018771565.1	Chloroflexota	Bacteria	medium	96.56674540006595	9.999975879479408	96.56674540006595	9.999975879479408	3316678	26	3534475	26	3534475	0.0010066558682689	0.0089640838741259	0	3558	0	0	True	99.64856	14.6947975	magicc_v5	3.0818145999340487	4.694821620520592	3.0818145999340487	4.694821620520592	low	medium
G_r051_substitution_0p5pct	51	2	substitution	0.005	0.5	uniform	RS_GCF_018771565.1	Chloroflexota	Bacteria	medium	96.56674540006595	9.999975879479408	96.56674540006595	9.999975879479408	3316678	26	3534475	26	3534475	0.0049894255865439	0.0441104216424403	0	17635	0	0	True	99.6974	14.354989	magicc_v5	3.130654599934047	4.355013120520592	3.130654599934047	4.355013120520592	low	medium
G_r051_substitution_1pct	51	3	substitution	0.01	1.0	uniform	RS_GCF_018771565.1	Chloroflexota	Bacteria	medium	96.56674540006595	9.999975879479408	96.56674540006595	9.999975879479408	3316678	26	3534475	26	3534475	0.0100051634259684	0.0864827525163591	0	35363	0	0	True	99.70784	14.702812	magicc_v5	3.14109459993405	4.702836120520592	3.14109459993405	4.702836120520592	low	medium
G_r051_substitution_2pct	51	4	substitution	0.02	2.0	uniform	RS_GCF_018771565.1	Chloroflexota	Bacteria	medium	96.56674540006595	9.999975879479408	96.56674540006595	9.999975879479408	3316678	26	3534475	26	3534475	0.0200926587399826	0.1662522378698502	0	71017	0	0	True	99.64766	14.533898	magicc_v5	3.0809145999340473	4.533922120520593	3.0809145999340473	4.533922120520593	low	medium
G_r051_substitution_5pct	51	5	substitution	0.05	5.0	uniform	RS_GCF_018771565.1	Chloroflexota	Bacteria	medium	96.56674540006595	9.999975879479408	96.56674540006595	9.999975879479408	3316678	26	3534475	26	3534475	0.0501191831884509	0.3697505902753909	0	177145	0	0	True	99.7172	17.650812	magicc_v5	3.1504545999340507	7.650836120520591	3.1504545999340507	7.650836120520591	low	medium
G_r051_substitution_titv_0p1pct	51	6	substitution_titv	0.001	0.1	titv_2	RS_GCF_018771565.1	Chloroflexota	Bacteria	medium	96.56674540006595	9.999975879479408	96.56674540006595	9.999975879479408	3316678	26	3534475	26	3534475	0.0010075046506199	0.0089640838741259	0	3561	0	0	True	99.59677	15.045089	magicc_v5	3.030024599934052	5.045113120520593	3.030024599934052	5.045113120520593	low	medium
G_r051_substitution_titv_0p5pct	51	7	substitution_titv	0.005	0.5	titv_2	RS_GCF_018771565.1	Chloroflexota	Bacteria	medium	96.56674540006595	9.999975879479408	96.56674540006595	9.999975879479408	3316678	26	3534475	26	3534475	0.004926615692571	0.0441104216424403	0	17413	0	0	True	99.652954	15.065402	magicc_v5	3.0862085999340394	5.065426120520593	3.0862085999340394	5.065426120520593	low	medium
G_r051_substitution_titv_1pct	51	8	substitution_titv	0.01	1.0	titv_2	RS_GCF_018771565.1	Chloroflexota	Bacteria	medium	96.56674540006595	9.999975879479408	96.56674540006595	9.999975879479408	3316678	26	3534475	26	3534475	0.0100450561964648	0.0864827525163591	0	35504	0	0	True	99.736496	13.94718	magicc_v5	3.169750599934048	3.947204120520592	3.169750599934048	3.947204120520592	low	medium
G_r051_substitution_titv_2pct	51	9	substitution_titv	0.02	2.0	titv_2	RS_GCF_018771565.1	Chloroflexota	Bacteria	medium	96.56674540006595	9.999975879479408	96.56674540006595	9.999975879479408	3316678	26	3534475	26	3534475	0.0199036632031631	0.1662522378698502	0	70349	0	0	True	99.73613	14.407888	magicc_v5	3.169384599934048	4.407912120520592	3.169384599934048	4.407912120520592	low	medium
G_r051_substitution_titv_5pct	51	10	substitution_titv	0.05	5.0	titv_2	RS_GCF_018771565.1	Chloroflexota	Bacteria	medium	96.56674540006595	9.999975879479408	96.56674540006595	9.999975879479408	3316678	26	3534475	26	3534475	0.049914343714413	0.3697505902753909	0	176421	0	0	True	99.75535	15.283621	magicc_v5	3.1886045999340524	5.2836451205205925	3.1886045999340524	5.2836451205205925	low	medium
G_r051_indel_0p1pct	51	11	indel	0.001	0.1	ins0.5_geom0.75	RS_GCF_018771565.1	Chloroflexota	Bacteria	medium	96.56674540006595	9.999975879479408	96.5681934333683	9.999975879479408	3316678	26	3534475	26	3534528	0.0010052412310173		0	0	3553	0	True	99.669235	13.91387	magicc_v5	3.102489599934046	3.9138941205205917	3.102489599934046	3.9138941205205917	low	medium
G_r051_indel_0p5pct	51	12	indel	0.005	0.5	ins0.5_geom0.75	RS_GCF_018771565.1	Chloroflexota	Bacteria	medium	96.56674540006595	9.999975879479408	96.55969648323584	9.999975879479408	3316678	26	3534475	26	3534217	0.0049206742161141		0	0	17392	0	True	99.54381	14.970127	magicc_v5	2.977064599934039	4.970151120520592	2.977064599934039	4.970151120520592	low	medium
G_r051_indel_1pct	51	13	indel	0.01	1.0	ins0.5_geom0.75	RS_GCF_018771565.1	Chloroflexota	Bacteria	medium	96.56674540006595	9.999975879479408	96.56166362281634	9.999975879479408	3316678	26	3534475	26	3534289	0.0100246854200411		0	0	35432	0	True	99.67209	14.906589	magicc_v5	3.1053445999340425	4.906613120520593	3.1053445999340425	4.906613120520593	low	medium
G_r051_indel_2pct	51	14	indel	0.02	2.0	ins0.5_geom0.75	RS_GCF_018771565.1	Chloroflexota	Bacteria	medium	96.56674540006595	9.999975879479408	96.561527015901	9.999975879479408	3316678	26	3534475	26	3534284	0.0200584245184928		0	0	70896	0	True	99.80572	12.464437	magicc_v5	3.238974599934039	2.4644611205205926	3.238974599934039	2.4644611205205926	low	medium
G_r051_indel_5pct	51	15	indel	0.05	5.0	ins0.5_geom0.75	RS_GCF_018771565.1	Chloroflexota	Bacteria	medium	96.56674540006595	9.999975879479408	96.58704518768144	9.999975879479408	3316678	26	3534475	26	3535218	0.0500343049533523		0	0	176845	0	True	99.7277	11.571315	magicc_v5	3.160954599934044	1.5713391205205927	3.160954599934044	1.5713391205205927	low	medium
G_r051_chimera_5pct	51	16	chimera	0.05	5.0	rc0.5	RS_GCF_018771565.1	Chloroflexota	Bacteria	medium	96.56674540006595	9.999975879479408	96.56674540006595	9.999975879479408	3316678	26	3534475	26	3534475	0.0		0	0	0	0	True	99.61389	14.922303	magicc_v5	3.047144599934043	4.922327120520592	3.047144599934043	4.922327120520592	low	medium
G_r051_chimera_10pct	51	17	chimera	0.1	10.0	rc0.5	RS_GCF_018771565.1	Chloroflexota	Bacteria	medium	96.56674540006595	9.999975879479408	96.56674540006595	9.999975879479408	3316678	26	3534475	25	3534475	0.0769230769230769		0	0	0	1	True	99.61389	14.922303	magicc_v5	3.047144599934043	4.922327120520592	3.047144599934043	4.922327120520592	low	medium
G_r051_chimera_20pct	51	18	chimera	0.2	20.0	rc0.5	RS_GCF_018771565.1	Chloroflexota	Bacteria	medium	96.56674540006595	9.999975879479408	96.56674540006595	9.999975879479408	3316678	26	3534475	23	3534475	0.2307692307692307		0	0	0	3	True	99.61345	14.925316	magicc_v5	3.0467045999340456	4.925340120520593	3.0467045999340456	4.925340120520593	low	medium
G_r051_chimera_40pct	51	19	chimera	0.4	40.0	rc0.5	RS_GCF_018771565.1	Chloroflexota	Bacteria	medium	96.56674540006595	9.999975879479408	96.56674540006595	9.999975879479408	3316678	26	3534475	21	3534475	0.3846153846153846		0	0	0	5	True	99.61461	14.910695	magicc_v5	3.0478645999340443	4.910719120520593	3.0478645999340443	4.910719120520593	low	medium
G_r051_uneven_coverage_5pct	51	20	uneven_coverage	0.05	5.0	lognormal_sigma1.0	RS_GCF_018771565.1	Chloroflexota	Bacteria	medium	96.56674540006595	9.999975879479408	96.56674540006595	15.328319481119362	3316678	26	3534475	28	3711199	0.0500000707318625		176724	0	0	0	True	99.25972	22.409777	magicc_v5	2.692974599934047	12.40980112052059	2.692974599934047	12.40980112052059	low	medium
G_r051_uneven_coverage_10pct	51	21	uneven_coverage	0.1	10.0	lognormal_sigma1.0	RS_GCF_018771565.1	Chloroflexota	Bacteria	medium	96.56674540006595	9.999975879479408	96.56674540006595	20.65666308275932	3316678	26	3534475	28	3887923	0.1000001414637251		353448	0	0	0	True	99.4944	27.424372	magicc_v5	2.927654599934044	17.424396120520594	2.927654599934044	17.424396120520594	low	medium
G_r051_uneven_coverage_20pct	51	22	uneven_coverage	0.2	20.0	lognormal_sigma1.0	RS_GCF_018771565.1	Chloroflexota	Bacteria	medium	96.56674540006595	9.999975879479408	96.56674540006595	31.313320135388484	3316678	26	3534475	34	4241370	0.2		706895	0	0	0	True	98.92848	36.653812	magicc_v5	2.3617345999340387	26.653836120520594	2.3617345999340387	26.653836120520594	low	medium
G_r051_uneven_coverage_40pct	51	23	uneven_coverage	0.4	40.0	lognormal_sigma1.0	RS_GCF_018771565.1	Chloroflexota	Bacteria	medium	96.56674540006595	9.999975879479408	96.56674540006595	52.62666439129756	3316678	26	3534475	44	4948265	0.4		1413790	0	0	0	True	94.002075	52.534676	magicc_v5	-2.5646704000659497	42.53470012052059	2.5646704000659497	42.53470012052059	low	medium
G_r052_none_control	52	0	none	0.0	0.0	control	RS_GCF_001887775.1	Desulfobacterota	Bacteria	medium	70.89159473028947	0.0	70.89159473028947	0.0	3218469	20	2281624	20	2281624	0.0		0	0	0	0	True	54.758167	6.2592864	magicc_v5	-16.13342773028947	6.2592864	16.13342773028947	6.2592864	medium	medium
G_r052_substitution_0p1pct	52	1	substitution	0.001	0.1	uniform	RS_GCF_001887775.1	Desulfobacterota	Bacteria	medium	70.89159473028947	0.0	70.89159473028947	0.0	3218469	20	2281624	20	2281624	0.0010150664614327	0.0089640838741259	0	2316	0	0	True	54.810646	6.210914	magicc_v5	-16.08094873028947	6.210914	16.08094873028947	6.210914	medium	medium
G_r052_substitution_0p5pct	52	2	substitution	0.005	0.5	uniform	RS_GCF_001887775.1	Desulfobacterota	Bacteria	medium	70.89159473028947	0.0	70.89159473028947	0.0	3218469	20	2281624	20	2281624	0.0049710206414378	0.0441104216424403	0	11342	0	0	True	55.019577	7.0804267	magicc_v5	-15.872017730289471	7.0804267	15.872017730289471	7.0804267	medium	medium
G_r052_substitution_1pct	52	3	substitution	0.01	1.0	uniform	RS_GCF_001887775.1	Desulfobacterota	Bacteria	medium	70.89159473028947	0.0	70.89159473028947	0.0	3218469	20	2281624	20	2281624	0.0100235621644933	0.0864827525163591	0	22870	0	0	True	56.099564	5.2170157	magicc_v5	-14.792030730289468	5.2170157	14.792030730289468	5.2170157	medium	medium
G_r052_substitution_2pct	52	4	substitution	0.02	2.0	uniform	RS_GCF_001887775.1	Desulfobacterota	Bacteria	medium	70.89159473028947	0.0	70.89159473028947	0.0	3218469	20	2281624	20	2281624	0.0198740020266266	0.1662522378698502	0	45345	0	0	True	54.042866	7.6666713	magicc_v5	-16.848728730289473	7.6666713	16.848728730289473	7.6666713	medium	medium
G_r052_substitution_5pct	52	5	substitution	0.05	5.0	uniform	RS_GCF_001887775.1	Desulfobacterota	Bacteria	medium	70.89159473028947	0.0	70.89159473028947	0.0	3218469	20	2281624	20	2281624	0.0499898318040132	0.3697505902753909	0	114058	0	0	True	53.304825	7.5971694	magicc_v5	-17.58676973028947	7.5971694	17.58676973028947	7.5971694	medium	medium
G_r052_substitution_titv_0p1pct	52	6	substitution_titv	0.001	0.1	titv_2	RS_GCF_001887775.1	Desulfobacterota	Bacteria	medium	70.89159473028947	0.0	70.89159473028947	0.0	3218469	20	2281624	20	2281624	0.0009957819518027	0.0089640838741259	0	2272	0	0	True	54.950775	6.491506	magicc_v5	-15.94081973028947	6.491506	15.94081973028947	6.491506	medium	medium
G_r052_substitution_titv_0p5pct	52	7	substitution_titv	0.005	0.5	titv_2	RS_GCF_001887775.1	Desulfobacterota	Bacteria	medium	70.89159473028947	0.0	70.89159473028947	0.0	3218469	20	2281624	20	2281624	0.0050095896606978	0.0441104216424403	0	11430	0	0	True	54.780045	8.393434	magicc_v5	-16.111549730289468	8.393434	16.111549730289468	8.393434	medium	medium
G_r052_substitution_titv_1pct	52	8	substitution_titv	0.01	1.0	titv_2	RS_GCF_001887775.1	Desulfobacterota	Bacteria	medium	70.89159473028947	0.0	70.89159473028947	0.0	3218469	20	2281624	20	2281624	0.0099630789297447	0.0864827525163591	0	22732	0	0	True	54.75008	3.788501	magicc_v5	-16.141514730289472	3.788501	16.141514730289472	3.788501	medium	medium
G_r052_substitution_titv_2pct	52	9	substitution_titv	0.02	2.0	titv_2	RS_GCF_001887775.1	Desulfobacterota	Bacteria	medium	70.89159473028947	0.0	70.89159473028947	0.0	3218469	20	2281624	20	2281624	0.0198266673211712	0.1662522378698502	0	45237	0	0	True	53.76117	7.505429	magicc_v5	-17.13042473028947	7.505429	17.13042473028947	7.505429	medium	medium
G_r052_substitution_titv_5pct	52	10	substitution_titv	0.05	5.0	titv_2	RS_GCF_001887775.1	Desulfobacterota	Bacteria	medium	70.89159473028947	0.0	70.89159473028947	0.0	3218469	20	2281624	20	2281624	0.0502585000859037	0.3697505902753909	0	114671	0	0	True	54.20319	6.7561684	magicc_v5	-16.68840473028947	6.7561684	16.68840473028947	6.7561684	medium	medium
G_r052_indel_0p1pct	52	11	indel	0.001	0.1	ins0.5_geom0.75	RS_GCF_001887775.1	Desulfobacterota	Bacteria	medium	70.89159473028947	0.0	70.89109759951083	0.0	3218469	20	2281624	20	2281608	0.0009887694028463		0	0	2256	0	True	55.15192	5.800295	magicc_v5	-15.739674730289472	5.800295	15.739674730289472	5.800295	medium	medium
G_r052_indel_0p5pct	52	12	indel	0.005	0.5	ins0.5_geom0.75	RS_GCF_001887775.1	Desulfobacterota	Bacteria	medium	70.89159473028947	0.0	70.88873622831228	0.0	3218469	20	2281624	20	2281532	0.004984169170731		0	0	11372	0	True	54.037636	5.919057	magicc_v5	-16.85395873028947	5.919057	16.85395873028947	5.919057	medium	medium
G_r052_indel_1pct	52	13	indel	0.01	1.0	ins0.5_geom0.75	RS_GCF_001887775.1	Desulfobacterota	Bacteria	medium	70.89159473028947	0.0	70.90405407042914	0.0	3218469	20	2281624	20	2282025	0.0100502975073894		0	0	22931	0	True	53.702	6.3668876	magicc_v5	-17.18959473028947	6.3668876	17.18959473028947	6.3668876	medium	medium
G_r052_indel_2pct	52	14	indel	0.02	2.0	ins0.5_geom0.75	RS_GCF_001887775.1	Desulfobacterota	Bacteria	medium	70.89159473028947	0.0	70.88556701959845	0.0	3218469	20	2281624	20	2281430	0.0199958450647433		0	0	45623	0	True	53.080444	8.027851	magicc_v5	-17.81115073028947	8.027851	17.81115073028947	8.027851	medium	medium
G_r052_indel_5pct	52	15	indel	0.05	5.0	ins0.5_geom0.75	RS_GCF_001887775.1	Desulfobacterota	Bacteria	medium	70.89159473028947	0.0	70.88146569067466	0.0	3218469	20	2281624	20	2281298	0.0501384101850261		0	0	114397	0	True	54.113113	5.150482	magicc_v5	-16.77848173028947	5.150482	16.77848173028947	5.150482	medium	medium
G_r052_chimera_5pct	52	16	chimera	0.05	5.0	rc0.5	RS_GCF_001887775.1	Desulfobacterota	Bacteria	medium	70.89159473028947	0.0	70.89159473028947	0.0	3218469	20	2281624	19	2281624	0.1		0	0	0	1	True	54.752182	6.277567	magicc_v5	-16.13941273028947	6.277567	16.13941273028947	6.277567	medium	medium
G_r052_chimera_10pct	52	17	chimera	0.1	10.0	rc0.5	RS_GCF_001887775.1	Desulfobacterota	Bacteria	medium	70.89159473028947	0.0	70.89159473028947	0.0	3218469	20	2281624	19	2281624	0.1		0	0	0	1	True	54.766968	6.3263235	magicc_v5	-16.12462673028947	6.3263235	16.12462673028947	6.3263235	medium	medium
G_r052_chimera_20pct	52	18	chimera	0.2	20.0	rc0.5	RS_GCF_001887775.1	Desulfobacterota	Bacteria	medium	70.89159473028947	0.0	70.89159473028947	0.0	3218469	20	2281624	18	2281624	0.2		0	0	0	2	True	54.758167	6.2592864	magicc_v5	-16.13342773028947	6.2592864	16.13342773028947	6.2592864	medium	medium
G_r052_chimera_40pct	52	19	chimera	0.4	40.0	rc0.5	RS_GCF_001887775.1	Desulfobacterota	Bacteria	medium	70.89159473028947	0.0	70.89159473028947	0.0	3218469	20	2281624	16	2281624	0.4		0	0	0	4	True	54.75761	6.2699704	magicc_v5	-16.13398473028947	6.2699704	16.13398473028947	6.2699704	medium	medium
G_r052_uneven_coverage_5pct	52	20	uneven_coverage	0.05	5.0	lognormal_sigma1.0	RS_GCF_001887775.1	Desulfobacterota	Bacteria	medium	70.89159473028947	0.0	70.89159473028947	3.54457352237974	3218469	20	2281624	21	2395705	0.049999912343138		114081	0	0	0	True	56.451904	5.47021	magicc_v5	-14.43969073028947	5.47021	14.43969073028947	5.47021	medium	medium
G_r052_uneven_coverage_10pct	52	21	uneven_coverage	0.1	10.0	lognormal_sigma1.0	RS_GCF_001887775.1	Desulfobacterota	Bacteria	medium	70.89159473028947	0.0	70.89159473028947	7.08914704475948	3218469	20	2281624	25	2509786	0.099999824686276		228162	0	0	0	True	58.452698	7.5218735	magicc_v5	-12.438896730289471	7.5218735	12.438896730289471	7.5218735	medium	medium
G_r052_uneven_coverage_20pct	52	22	uneven_coverage	0.2	20.0	lognormal_sigma1.0	RS_GCF_001887775.1	Desulfobacterota	Bacteria	medium	70.89159473028947	0.0	70.89159473028947	14.178325160192626	3218469	20	2281624	25	2737949	0.2000000876568619		456325	0	0	0	True	62.659927	5.860844	magicc_v5	-8.231667730289466	5.860844	8.231667730289466	5.860844	medium	medium
G_r052_uneven_coverage_40pct	52	23	uneven_coverage	0.4	40.0	lognormal_sigma1.0	RS_GCF_001887775.1	Desulfobacterota	Bacteria	medium	70.89159473028947	0.0	70.89159473028947	28.356650320385253	3218469	20	2281624	31	3194274	0.4000001753137239		912650	0	0	0	True	72.14798	5.654854	magicc_v5	1.2563852697105347	5.654854	1.2563852697105347	5.654854	medium	medium
G_r053_none_control	53	0	none	0.0	0.0	control	RS_GCF_002214485.1	Methanobacteriota_B	Archaea	high	100.0	1.999974239404415	100.0	1.999974239404415	1785673	3	1821386	3	1821386	0.0		0	0	0	0	True	99.21418	1.7953932	magicc_v5	-0.7858200000000011	-0.2045810394044152	0.7858200000000011	0.2045810394044152	high	high
G_r053_substitution_0p1pct	53	1	substitution	0.001	0.1	uniform	RS_GCF_002214485.1	Methanobacteriota_B	Archaea	high	100.0	1.999974239404415	100.0	1.999974239404415	1785673	3	1821386	3	1821386	0.0010124158196011	0.0089640838741259	0	1844	0	0	True	99.09395	1.8782765	magicc_v5	-0.9060499999999934	-0.1216977394044152	0.9060499999999934	0.1216977394044152	high	high
G_r053_substitution_0p5pct	53	2	substitution	0.005	0.5	uniform	RS_GCF_002214485.1	Methanobacteriota_B	Archaea	high	100.0	1.999974239404415	100.0	1.999974239404415	1785673	3	1821386	3	1821386	0.0050456081248016	0.0441104216424403	0	9190	0	0	True	98.20532	3.2320051	magicc_v5	-1.7946799999999996	1.2320308605955848	1.7946799999999996	1.2320308605955848	high	high
G_r053_substitution_1pct	53	3	substitution	0.01	1.0	uniform	RS_GCF_002214485.1	Methanobacteriota_B	Archaea	high	100.0	1.999974239404415	100.0	1.999974239404415	1785673	3	1821386	3	1821386	0.0098683090789102	0.0864827525163591	0	17974	0	0	True	97.07382	2.9169738	magicc_v5	-2.9261800000000022	0.916999560595585	2.9261800000000022	0.916999560595585	high	high
G_r053_substitution_2pct	53	4	substitution	0.02	2.0	uniform	RS_GCF_002214485.1	Methanobacteriota_B	Archaea	high	100.0	1.999974239404415	100.0	1.999974239404415	1785673	3	1821386	3	1821386	0.0202735718842683	0.1662522378698502	0	36926	0	0	True	92.00896	3.6109328	magicc_v5	-7.991039999999998	1.610958560595585	7.991039999999998	1.610958560595585	high	high
G_r053_substitution_5pct	53	5	substitution	0.05	5.0	uniform	RS_GCF_002214485.1	Methanobacteriota_B	Archaea	high	100.0	1.999974239404415	100.0	1.999974239404415	1785673	3	1821386	3	1821386	0.0499965410956271	0.3697505902753909	0	91063	0	0	True	78.24767	12.527996	magicc_v5	-21.75233	10.528021760595585	21.75233	10.528021760595585	low	high
G_r053_substitution_titv_0p1pct	53	6	substitution_titv	0.001	0.1	titv_2	RS_GCF_002214485.1	Methanobacteriota_B	Archaea	high	100.0	1.999974239404415	100.0	1.999974239404415	1785673	3	1821386	3	1821386	0.001003631300559	0.0089640838741259	0	1828	0	0	True	99.164185	1.7197639	magicc_v5	-0.8358149999999966	-0.2802103394044151	0.8358149999999966	0.2802103394044151	high	high
G_r053_substitution_titv_0p5pct	53	7	substitution_titv	0.005	0.5	titv_2	RS_GCF_002214485.1	Methanobacteriota_B	Archaea	high	100.0	1.999974239404415	100.0	1.999974239404415	1785673	3	1821386	3	1821386	0.005013764243274	0.0441104216424403	0	9132	0	0	True	98.800385	2.086085	magicc_v5	-1.1996149999999943	0.08611076059558509	1.1996149999999943	0.08611076059558509	high	high
G_r053_substitution_titv_1pct	53	8	substitution_titv	0.01	1.0	titv_2	RS_GCF_002214485.1	Methanobacteriota_B	Archaea	high	100.0	1.999974239404415	100.0	1.999974239404415	1785673	3	1821386	3	1821386	0.0100500388165935	0.0864827525163591	0	18305	0	0	True	98.5555	2.6731431	magicc_v5	-1.444500000000005	0.6731688605955848	1.444500000000005	0.6731688605955848	high	high
G_r053_substitution_titv_2pct	53	9	substitution_titv	0.02	2.0	titv_2	RS_GCF_002214485.1	Methanobacteriota_B	Archaea	high	100.0	1.999974239404415	100.0	1.999974239404415	1785673	3	1821386	3	1821386	0.0198030510830762	0.1662522378698502	0	36069	0	0	True	88.16702	5.8969765	magicc_v5	-11.832980000000006	3.8970022605955847	11.832980000000006	3.8970022605955847	medium	high
G_r053_substitution_titv_5pct	53	10	substitution_titv	0.05	5.0	titv_2	RS_GCF_002214485.1	Methanobacteriota_B	Archaea	high	100.0	1.999974239404415	100.0	1.999974239404415	1785673	3	1821386	3	1821386	0.0500865824158086	0.3697505902753909	0	91227	0	0	True	78.35828	16.370218	magicc_v5	-21.641720000000007	14.370243760595587	21.641720000000007	14.370243760595587	low	high
G_r053_indel_0p1pct	53	11	indel	0.001	0.1	ins0.5_geom0.75	RS_GCF_002214485.1	Methanobacteriota_B	Archaea	high	100.0	1.999974239404415	100.00214122651651	1.999974239404415	1785673	3	1821386	3	1821425	0.0009866112949149		0	0	1797	0	True	98.89552	1.9631356	magicc_v5	-1.1044799999999952	-0.03683863940441512	1.1044799999999952	0.03683863940441512	high	high
G_r053_indel_0p5pct	53	12	indel	0.005	0.5	ins0.5_geom0.75	RS_GCF_002214485.1	Methanobacteriota_B	Archaea	high	100.0	1.999974239404415	99.99148999717796	1.999974239404415	1785673	3	1821386	3	1821231	0.0049467822855781		0	0	9010	0	True	95.09114	2.5559158	magicc_v5	-4.908860000000004	0.5559415605955851	4.908860000000004	0.5559415605955851	high	high
G_r053_indel_1pct	53	13	indel	0.01	1.0	ins0.5_geom0.75	RS_GCF_002214485.1	Methanobacteriota_B	Archaea	high	100.0	1.999974239404415	100.0315144620635	1.999974239404415	1785673	3	1821386	3	1821960	0.0099918413779396		0	0	18199	0	True	93.63307	3.3970773	magicc_v5	-6.366929999999996	1.3971030605955848	6.366929999999996	1.3971030605955848	high	high
G_r053_indel_2pct	53	14	indel	0.02	2.0	ins0.5_geom0.75	RS_GCF_002214485.1	Methanobacteriota_B	Archaea	high	100.0	1.999974239404415	99.9797407029592	1.999974239404415	1785673	3	1821386	3	1821017	0.0199946634046819		0	0	36418	0	True	84.6945	6.5521927	magicc_v5	-15.305499999999995	4.552218460595585	15.305499999999995	4.552218460595585	medium	high
G_r053_indel_5pct	53	15	indel	0.05	5.0	ins0.5_geom0.75	RS_GCF_002214485.1	Methanobacteriota_B	Archaea	high	100.0	1.999974239404415	99.99385083667056	1.999974239404415	1785673	3	1821386	3	1821274	0.0498944210617628		0	0	90877	0	True	77.69614	9.797782	magicc_v5	-22.30386	7.7978077605955844	22.30386	7.7978077605955844	medium	high
G_r053_chimera_5pct	53	16	chimera	0.05	5.0	rc0.5	RS_GCF_002214485.1	Methanobacteriota_B	Archaea	high	100.0	1.999974239404415	100.0	1.999974239404415	1785673	3	1821386	3	1821386	0.0		0	0	0	0	True	99.21418	1.7953932	magicc_v5	-0.7858200000000011	-0.2045810394044152	0.7858200000000011	0.2045810394044152	high	high
G_r053_chimera_10pct	53	17	chimera	0.1	10.0	rc0.5	RS_GCF_002214485.1	Methanobacteriota_B	Archaea	high	100.0	1.999974239404415	100.0	1.999974239404415	1785673	3	1821386	3	1821386	0.0		0	0	0	0	True	99.21418	1.7953932	magicc_v5	-0.7858200000000011	-0.2045810394044152	0.7858200000000011	0.2045810394044152	high	high
G_r053_chimera_20pct	53	18	chimera	0.2	20.0	rc0.5	RS_GCF_002214485.1	Methanobacteriota_B	Archaea	high	100.0	1.999974239404415	100.0	1.999974239404415	1785673	3	1821386	3	1821386	0.0		0	0	0	0	True	99.21418	1.7953932	magicc_v5	-0.7858200000000011	-0.2045810394044152	0.7858200000000011	0.2045810394044152	high	high
G_r053_chimera_40pct	53	19	chimera	0.4	40.0	rc0.5	RS_GCF_002214485.1	Methanobacteriota_B	Archaea	high	100.0	1.999974239404415	100.0	1.999974239404415	1785673	3	1821386	3	1821386	0.0		0	0	0	0	True	99.21418	1.7953932	magicc_v5	-0.7858200000000011	-0.2045810394044152	0.7858200000000011	0.2045810394044152	high	high
G_r053_uneven_coverage_5pct	53	20	uneven_coverage	0.05	5.0	lognormal_sigma1.0	RS_GCF_002214485.1	Methanobacteriota_B	Archaea	high	100.0	1.999974239404415	100.0	7.099956150986211	1785673	3	1821386	4	1912455	0.0499998352902679		91069	0	0	0	True	99.72499	2.3872108	magicc_v5	-0.27500999999999465	0.387236560595585	0.27500999999999465	0.387236560595585	high	high
G_r053_uneven_coverage_10pct	53	21	uneven_coverage	0.1	10.0	lognormal_sigma1.0	RS_GCF_002214485.1	Methanobacteriota_B	Archaea	high	100.0	1.999974239404415	100.0	12.199994063862755	1785673	3	1821386	4	2003525	0.100000219612976		182139	0	0	0	True	99.23741	5.866867	magicc_v5	-0.762590000000003	3.8668927605955847	0.762590000000003	3.8668927605955847	medium	high
G_r053_uneven_coverage_20pct	53	22	uneven_coverage	0.2	20.0	lognormal_sigma1.0	RS_GCF_002214485.1	Methanobacteriota_B	Archaea	high	100.0	1.999974239404415	100.0	22.39995788702635	1785673	3	1821386	4	2185663	0.1999998901935119		364277	0	0	0	True	88.0473	30.283176	magicc_v5	-11.952699999999993	28.283201760595585	11.952699999999993	28.283201760595585	low	high
G_r053_uneven_coverage_40pct	53	23	uneven_coverage	0.4	40.0	lognormal_sigma1.0	RS_GCF_002214485.1	Methanobacteriota_B	Archaea	high	100.0	1.999974239404415	100.0	42.79994153464828	1785673	3	1821386	4	2549940	0.3999997803870239		728554	0	0	0	True	85.5909	50.835526	magicc_v5	-14.409099999999995	48.835551760595585	14.409099999999995	48.835551760595585	low	high
G_r054_none_control	54	0	none	0.0	0.0	control	GB_GCA_951813605.1	Acidobacteriota	Bacteria	high	62.63230959325284	9.999988683369905	62.63230959325284	9.999988683369905	6185587	9	4492734	9	4492734	0.0		0	0	0	0	True	98.81291	18.97009	magicc_v5	36.18060040674716	8.970101316630094	36.18060040674716	8.970101316630094	low	medium
G_r054_substitution_0p1pct	54	1	substitution	0.001	0.1	uniform	GB_GCA_951813605.1	Acidobacteriota	Bacteria	high	62.63230959325284	9.999988683369905	62.63230959325284	9.999988683369905	6185587	9	4492734	9	4492734	0.0010214270419748	0.0089640838741259	0	4589	0	0	True	98.81909	19.314941	magicc_v5	36.18678040674716	9.314952316630096	36.18678040674716	9.314952316630096	low	medium
G_r054_substitution_0p5pct	54	2	substitution	0.005	0.5	uniform	GB_GCA_951813605.1	Acidobacteriota	Bacteria	high	62.63230959325284	9.999988683369905	62.63230959325284	9.999988683369905	6185587	9	4492734	9	4492734	0.0049871637181279	0.0441104216424403	0	22406	0	0	True	98.93037	17.266544	magicc_v5	36.298060406747155	7.266555316630095	36.298060406747155	7.266555316630095	low	medium
G_r054_substitution_1pct	54	3	substitution	0.01	1.0	uniform	GB_GCA_951813605.1	Acidobacteriota	Bacteria	high	62.63230959325284	9.999988683369905	62.63230959325284	9.999988683369905	6185587	9	4492734	9	4492734	0.0099585241414247	0.0864827525163591	0	44741	0	0	True	98.80847	16.06997	magicc_v5	36.17616040674716	6.069981316630097	36.17616040674716	6.069981316630097	low	medium
G_r054_substitution_2pct	54	4	substitution	0.02	2.0	uniform	GB_GCA_951813605.1	Acidobacteriota	Bacteria	high	62.63230959325284	9.999988683369905	62.63230959325284	9.999988683369905	6185587	9	4492734	9	4492734	0.0200768618840999	0.1662522378698502	0	90200	0	0	True	98.75041	19.34872	magicc_v5	36.11810040674716	9.348731316630095	36.11810040674716	9.348731316630095	low	medium
G_r054_substitution_5pct	54	5	substitution	0.05	5.0	uniform	GB_GCA_951813605.1	Acidobacteriota	Bacteria	high	62.63230959325284	9.999988683369905	62.63230959325284	9.999988683369905	6185587	9	4492734	9	4492734	0.0501002285022883	0.3697505902753909	0	225087	0	0	True	99.48003	9.418741	magicc_v5	36.84772040674716	-0.5812476833699041	36.84772040674716	0.5812476833699041	medium	medium
G_r054_substitution_titv_0p1pct	54	6	substitution_titv	0.001	0.1	titv_2	GB_GCA_951813605.1	Acidobacteriota	Bacteria	high	62.63230959325284	9.999988683369905	62.63230959325284	9.999988683369905	6185587	9	4492734	9	4492734	0.000994717247894	0.0089640838741259	0	4469	0	0	True	98.780624	18.08434	magicc_v5	36.14831440674716	8.084351316630096	36.14831440674716	8.084351316630096	low	medium
G_r054_substitution_titv_0p5pct	54	7	substitution_titv	0.005	0.5	titv_2	GB_GCA_951813605.1	Acidobacteriota	Bacteria	high	62.63230959325284	9.999988683369905	62.63230959325284	9.999988683369905	6185587	9	4492734	9	4492734	0.0049677991174193	0.0441104216424403	0	22319	0	0	True	98.89256	18.933132	magicc_v5	36.26025040674716	8.933143316630096	36.26025040674716	8.933143316630096	low	medium
G_r054_substitution_titv_1pct	54	8	substitution_titv	0.01	1.0	titv_2	GB_GCA_951813605.1	Acidobacteriota	Bacteria	high	62.63230959325284	9.999988683369905	62.63230959325284	9.999988683369905	6185587	9	4492734	9	4492734	0.0100328664016164	0.0864827525163591	0	45075	0	0	True	98.59859	15.365368	magicc_v5	35.96628040674716	5.365379316630095	35.96628040674716	5.365379316630095	low	medium
G_r054_substitution_titv_2pct	54	9	substitution_titv	0.02	2.0	titv_2	GB_GCA_951813605.1	Acidobacteriota	Bacteria	high	62.63230959325284	9.999988683369905	62.63230959325284	9.999988683369905	6185587	9	4492734	9	4492734	0.0199778130643835	0.1662522378698502	0	89755	0	0	True	99.07582	17.13889	magicc_v5	36.44351040674715	7.138901316630095	36.44351040674715	7.138901316630095	low	medium
G_r054_substitution_titv_5pct	54	10	substitution_titv	0.05	5.0	titv_2	GB_GCA_951813605.1	Acidobacteriota	Bacteria	high	62.63230959325284	9.999988683369905	62.63230959325284	9.999988683369905	6185587	9	4492734	9	4492734	0.0499439762069154	0.3697505902753909	0	224385	0	0	True	99.16193	7.3366137	magicc_v5	36.529620406747156	-2.6633749833699047	36.529620406747156	2.6633749833699047	medium	medium
G_r054_indel_0p1pct	54	11	indel	0.001	0.1	ins0.5_geom0.75	GB_GCA_951813605.1	Acidobacteriota	Bacteria	high	62.63230959325284	9.999988683369905	62.63317392290038	9.999988683369905	6185587	9	4492734	9	4492796	0.0010031753493529		0	0	4507	0	True	98.72623	20.306072	magicc_v5	36.09392040674716	10.306083316630096	36.09392040674716	10.306083316630096	low	medium
G_r054_indel_0p5pct	54	12	indel	0.005	0.5	ins0.5_geom0.75	GB_GCA_951813605.1	Acidobacteriota	Bacteria	high	62.63230959325284	9.999988683369905	62.63263023167048	9.999988683369905	6185587	9	4492734	9	4492757	0.0050038573394285		0	0	22481	0	True	98.66191	18.233982	magicc_v5	36.029600406747164	8.233993316630096	36.029600406747164	8.233993316630096	low	medium
G_r054_indel_1pct	54	13	indel	0.01	1.0	ins0.5_geom0.75	GB_GCA_951813605.1	Acidobacteriota	Bacteria	high	62.63230959325284	9.999988683369905	62.634010370946406	9.999988683369905	6185587	9	4492734	9	4492856	0.0100486696964476		0	0	45146	0	True	99.05827	16.731173	magicc_v5	36.42596040674715	6.7311843166300935	36.42596040674715	6.7311843166300935	low	medium
G_r054_indel_2pct	54	14	indel	0.02	2.0	ins0.5_geom0.75	GB_GCA_951813605.1	Acidobacteriota	Bacteria	high	62.63230959325284	9.999988683369905	62.62814129382349	9.999988683369905	6185587	9	4492734	9	4492435	0.0200025196239082		0	0	89866	0	True	99.55687	13.53648	magicc_v5	36.92456040674716	3.5364913166300944	36.92456040674716	3.5364913166300944	low	medium
G_r054_indel_5pct	54	15	indel	0.05	5.0	ins0.5_geom0.75	GB_GCA_951813605.1	Acidobacteriota	Bacteria	high	62.63230959325284	9.999988683369905	62.61401926264649	9.999988683369905	6185587	9	4492734	9	4491422	0.0501204834294663		0	0	225178	0	True	98.446335	4.8633995	magicc_v5	35.81402540674716	-5.136589183369905	35.81402540674716	5.136589183369905	high	medium
G_r054_chimera_5pct	54	16	chimera	0.05	5.0	rc0.5	GB_GCA_951813605.1	Acidobacteriota	Bacteria	high	62.63230959325284	9.999988683369905	62.63230959325284	9.999988683369905	6185587	9	4492734	9	4492734	0.0		0	0	0	0	True	98.81291	18.97009	magicc_v5	36.18060040674716	8.970101316630094	36.18060040674716	8.970101316630094	low	medium
G_r054_chimera_10pct	54	17	chimera	0.1	10.0	rc0.5	GB_GCA_951813605.1	Acidobacteriota	Bacteria	high	62.63230959325284	9.999988683369905	62.63230959325284	9.999988683369905	6185587	9	4492734	9	4492734	0.0		0	0	0	0	True	98.81291	18.97009	magicc_v5	36.18060040674716	8.970101316630094	36.18060040674716	8.970101316630094	low	medium
G_r054_chimera_20pct	54	18	chimera	0.2	20.0	rc0.5	GB_GCA_951813605.1	Acidobacteriota	Bacteria	high	62.63230959325284	9.999988683369905	62.63230959325284	9.999988683369905	6185587	9	4492734	8	4492734	0.2222222222222222		0	0	0	1	True	98.81291	18.97009	magicc_v5	36.18060040674716	8.970101316630094	36.18060040674716	8.970101316630094	low	medium
G_r054_chimera_40pct	54	19	chimera	0.4	40.0	rc0.5	GB_GCA_951813605.1	Acidobacteriota	Bacteria	high	62.63230959325284	9.999988683369905	62.63230959325284	9.999988683369905	6185587	9	4492734	7	4492734	0.4444444444444444		0	0	0	2	True	98.81291	18.97009	magicc_v5	36.18060040674716	8.970101316630094	36.18060040674716	8.970101316630094	low	medium
G_r054_uneven_coverage_5pct	54	20	uneven_coverage	0.05	5.0	lognormal_sigma1.0	GB_GCA_951813605.1	Acidobacteriota	Bacteria	high	62.63230959325284	9.999988683369905	62.63230959325284	13.631608447185368	6185587	9	4492734	10	4717371	0.0500000667744852		224637	0	0	0	True	98.62489	22.639318	magicc_v5	35.99258040674715	12.639329316630095	35.99258040674715	12.639329316630095	low	medium
G_r054_uneven_coverage_10pct	54	21	uneven_coverage	0.1	10.0	lognormal_sigma1.0	GB_GCA_951813605.1	Acidobacteriota	Bacteria	high	62.63230959325284	9.999988683369905	62.63230959325284	17.26321204438641	6185587	9	4492734	12	4942007	0.099999910967353		449273	0	0	0	True	97.687164	28.178692	magicc_v5	35.054854406747154	18.1787033166301	35.054854406747154	18.1787033166301	low	medium
G_r054_uneven_coverage_20pct	54	22	uneven_coverage	0.2	20.0	lognormal_sigma1.0	GB_GCA_951813605.1	Acidobacteriota	Bacteria	high	62.63230959325284	9.999988683369905	62.63230959325284	24.526451572017336	6185587	9	4492734	11	5391281	0.2000000445163234		898547	0	0	0	True	96.9011	33.47468	magicc_v5	34.26879040674716	23.474691316630093	34.26879040674716	23.474691316630093	low	medium
G_r054_uneven_coverage_40pct	54	23	uneven_coverage	0.4	40.0	lognormal_sigma1.0	GB_GCA_951813605.1	Acidobacteriota	Bacteria	high	62.63230959325284	9.999988683369905	62.63230959325284	39.052914460664766	6185587	9	4492734	15	6289828	0.4000000890326469		1797094	0	0	0	True	94.66907	46.717926	magicc_v5	32.03676040674716	36.71793731663009	32.03676040674716	36.71793731663009	low	medium
G_r055_none_control	55	0	none	0.0	0.0	control	RS_GCF_000023445.1	Desulfobacterota_I	Bacteria	high	86.54753887492957	19.99999067565813	86.54753887492957	19.99999067565813	4289847	8	4570726	8	4570726	0.0		0	0	0	0	True	88.90279	21.637314	magicc_v5	2.3552511250704242	1.637323324341871	2.3552511250704242	1.637323324341871	low	low
G_r055_substitution_0p1pct	55	1	substitution	0.001	0.1	uniform	RS_GCF_000023445.1	Desulfobacterota_I	Bacteria	high	86.54753887492957	19.99999067565813	86.54753887492957	19.99999067565813	4289847	8	4570726	8	4570726	0.0009836511748899	0.0089640838741259	0	4496	0	0	True	87.666534	22.52379	magicc_v5	1.1189951250704269	2.523799324341873	1.1189951250704269	2.523799324341873	low	low
G_r055_substitution_0p5pct	55	2	substitution	0.005	0.5	uniform	RS_GCF_000023445.1	Desulfobacterota_I	Bacteria	high	86.54753887492957	19.99999067565813	86.54753887492957	19.99999067565813	4289847	8	4570726	8	4570726	0.0049867351488581	0.0441104216424403	0	22793	0	0	True	86.312096	23.324173	magicc_v5	-0.23544287492957494	3.3241823243418693	0.23544287492957494	3.3241823243418693	low	low
G_r055_substitution_1pct	55	3	substitution	0.01	1.0	uniform	RS_GCF_000023445.1	Desulfobacterota_I	Bacteria	high	86.54753887492957	19.99999067565813	86.54753887492957	19.99999067565813	4289847	8	4570726	8	4570726	0.0100356048470199	0.0864827525163591	0	45870	0	0	True	85.8401	23.644257	magicc_v5	-0.707438874929565	3.6442663243418707	0.707438874929565	3.6442663243418707	low	low
G_r055_substitution_2pct	55	4	substitution	0.02	2.0	uniform	RS_GCF_000023445.1	Desulfobacterota_I	Bacteria	high	86.54753887492957	19.99999067565813	86.54753887492957	19.99999067565813	4289847	8	4570726	8	4570726	0.0199561295076537	0.1662522378698502	0	91214	0	0	True	82.48154	24.84612	magicc_v5	-4.065998874929576	4.84612932434187	4.065998874929576	4.84612932434187	low	low
G_r055_substitution_5pct	55	5	substitution	0.05	5.0	uniform	RS_GCF_000023445.1	Desulfobacterota_I	Bacteria	high	86.54753887492957	19.99999067565813	86.54753887492957	19.99999067565813	4289847	8	4570726	8	4570726	0.0498861668802724	0.3697505902753909	0	228016	0	0	True	70.6561	35.298996	magicc_v5	-15.891438874929577	15.299005324341874	15.891438874929577	15.299005324341874	low	low
G_r055_substitution_titv_0p1pct	55	6	substitution_titv	0.001	0.1	titv_2	RS_GCF_000023445.1	Desulfobacterota_I	Bacteria	high	86.54753887492957	19.99999067565813	86.54753887492957	19.99999067565813	4289847	8	4570726	8	4570726	0.0009930588707351	0.0089640838741259	0	4539	0	0	True	87.9957	21.924675	magicc_v5	1.4481611250704276	1.9246843243418716	1.4481611250704276	1.9246843243418716	low	low
G_r055_substitution_titv_0p5pct	55	7	substitution_titv	0.005	0.5	titv_2	RS_GCF_000023445.1	Desulfobacterota_I	Bacteria	high	86.54753887492957	19.99999067565813	86.54753887492957	19.99999067565813	4289847	8	4570726	8	4570726	0.0049663882717975	0.0441104216424403	0	22700	0	0	True	85.73402	23.905972	magicc_v5	-0.8135188749295708	3.9059813243418695	0.8135188749295708	3.9059813243418695	low	low
G_r055_substitution_titv_1pct	55	8	substitution_titv	0.01	1.0	titv_2	RS_GCF_000023445.1	Desulfobacterota_I	Bacteria	high	86.54753887492957	19.99999067565813	86.54753887492957	19.99999067565813	4289847	8	4570726	8	4570726	0.009978939888324	0.0864827525163591	0	45611	0	0	True	83.99515	26.009926	magicc_v5	-2.5523888749295764	6.009935324341871	2.5523888749295764	6.009935324341871	low	low
G_r055_substitution_titv_2pct	55	9	substitution_titv	0.02	2.0	titv_2	RS_GCF_000023445.1	Desulfobacterota_I	Bacteria	high	86.54753887492957	19.99999067565813	86.54753887492957	19.99999067565813	4289847	8	4570726	8	4570726	0.0200079812266147	0.1662522378698502	0	91451	0	0	True	84.24573	24.705235	magicc_v5	-2.301808874929577	4.705244324341869	2.301808874929577	4.705244324341869	low	low
G_r055_substitution_titv_5pct	55	10	substitution_titv	0.05	5.0	titv_2	RS_GCF_000023445.1	Desulfobacterota_I	Bacteria	high	86.54753887492957	19.99999067565813	86.54753887492957	19.99999067565813	4289847	8	4570726	8	4570726	0.0500662258030781	0.3697505902753909	0	228839	0	0	True	75.694855	32.49424	magicc_v5	-10.852683874929568	12.494249324341869	10.852683874929568	12.494249324341869	low	low
G_r055_indel_0p1pct	55	11	indel	0.001	0.1	ins0.5_geom0.75	RS_GCF_000023445.1	Desulfobacterota_I	Bacteria	high	86.54753887492957	19.99999067565813	86.54984896740564	19.99999067565813	4289847	8	4570726	8	4570848	0.0010236885781383		0	0	4679	0	True	87.70139	22.171694	magicc_v5	1.1538511250704317	2.1717033243418697	1.1538511250704317	2.1717033243418697	low	low
G_r055_indel_0p5pct	55	12	indel	0.005	0.5	ins0.5_geom0.75	RS_GCF_000023445.1	Desulfobacterota_I	Bacteria	high	86.54753887492957	19.99999067565813	86.54608086574387	19.99999067565813	4289847	8	4570726	8	4570649	0.0050252410667364		0	0	22969	0	True	87.39056	22.079187	magicc_v5	0.8430211250704218	2.079196324341872	0.8430211250704218	2.079196324341872	low	low
G_r055_indel_1pct	55	13	indel	0.01	1.0	ins0.5_geom0.75	RS_GCF_000023445.1	Desulfobacterota_I	Bacteria	high	86.54753887492957	19.99999067565813	86.54142281042327	19.99999067565813	4289847	8	4570726	8	4570403	0.0100369175487657		0	0	45876	0	True	84.22356	22.871176	magicc_v5	-2.3239788749295656	2.8711853243418695	2.3239788749295656	2.8711853243418695	low	low
G_r055_indel_2pct	55	14	indel	0.02	2.0	ins0.5_geom0.75	RS_GCF_000023445.1	Desulfobacterota_I	Bacteria	high	86.54753887492957	19.99999067565813	86.54303230108283	19.99999067565813	4289847	8	4570726	8	4570488	0.0200970261617082		0	0	91858	0	True	79.5892	26.241243	magicc_v5	-6.9583388749295665	6.241252324341872	6.9583388749295665	6.241252324341872	low	low
G_r055_indel_5pct	55	15	indel	0.05	5.0	ins0.5_geom0.75	RS_GCF_000023445.1	Desulfobacterota_I	Bacteria	high	86.54753887492957	19.99999067565813	86.57724817898647	19.99999067565813	4289847	8	4570726	8	4572295	0.0501034190192105		0	0	229009	0	True	75.60553	27.092922	magicc_v5	-10.94200887492957	7.092931324341873	10.94200887492957	7.092931324341873	low	low
G_r055_chimera_5pct	55	16	chimera	0.05	5.0	rc0.5	RS_GCF_000023445.1	Desulfobacterota_I	Bacteria	high	86.54753887492957	19.99999067565813	86.54753887492957	19.99999067565813	4289847	8	4570726	8	4570726	0.0		0	0	0	0	True	88.90279	21.637314	magicc_v5	2.3552511250704242	1.637323324341871	2.3552511250704242	1.637323324341871	low	low
G_r055_chimera_10pct	55	17	chimera	0.1	10.0	rc0.5	RS_GCF_000023445.1	Desulfobacterota_I	Bacteria	high	86.54753887492957	19.99999067565813	86.54753887492957	19.99999067565813	4289847	8	4570726	7	4570726	0.25		0	0	0	1	True	88.88634	21.651173	magicc_v5	2.3388011250704324	1.651182324341871	2.3388011250704324	1.651182324341871	low	low
G_r055_chimera_20pct	55	18	chimera	0.2	20.0	rc0.5	RS_GCF_000023445.1	Desulfobacterota_I	Bacteria	high	86.54753887492957	19.99999067565813	86.54753887492957	19.99999067565813	4289847	8	4570726	7	4570726	0.25		0	0	0	1	True	88.90279	21.637314	magicc_v5	2.3552511250704242	1.637323324341871	2.3552511250704242	1.637323324341871	low	low
G_r055_chimera_40pct	55	19	chimera	0.4	40.0	rc0.5	RS_GCF_000023445.1	Desulfobacterota_I	Bacteria	high	86.54753887492957	19.99999067565813	86.54753887492957	19.99999067565813	4289847	8	4570726	6	4570726	0.5		0	0	0	2	True	88.87358	21.66324	magicc_v5	2.3260411250704323	1.6632493243418693	2.3260411250704323	1.6632493243418693	low	low
G_r055_uneven_coverage_5pct	55	20	uneven_coverage	0.05	5.0	lognormal_sigma1.0	RS_GCF_000023445.1	Desulfobacterota_I	Bacteria	high	86.54753887492957	19.99999067565813	86.54753887492957	25.32736015993111	4289847	8	4570726	10	4799262	0.0499999343649127		228536	0	0	0	True	97.0448	18.543375	magicc_v5	10.497261125070423	-1.4566156756581279	10.497261125070423	1.4566156756581279	low	low
G_r055_uneven_coverage_10pct	55	21	uneven_coverage	0.1	10.0	lognormal_sigma1.0	RS_GCF_000023445.1	Desulfobacterota_I	Bacteria	high	86.54753887492957	19.99999067565813	86.54753887492957	30.65475295505877	4289847	8	4570726	10	5027799	0.1000000875134497		457073	0	0	0	True	98.72989	20.52964	magicc_v5	12.182351125070426	0.5296493243418716	12.182351125070426	0.5296493243418716	low	low
G_r055_uneven_coverage_20pct	55	22	uneven_coverage	0.2	20.0	lognormal_sigma1.0	RS_GCF_000023445.1	Desulfobacterota_I	Bacteria	high	86.54753887492957	19.99999067565813	86.54753887492957	41.30949192360473	4289847	8	4570726	10	5484871	0.1999999562432751		914145	0	0	0	True	98.362564	27.16263	magicc_v5	11.815025125070434	7.162639324341871	11.815025125070434	7.162639324341871	low	low
G_r055_uneven_coverage_40pct	55	23	uneven_coverage	0.4	40.0	lognormal_sigma1.0	RS_GCF_000023445.1	Desulfobacterota_I	Bacteria	high	86.54753887492957	19.99999067565813	86.54753887492957	62.61899317155134	4289847	8	4570726	13	6399016	0.3999999124865502		1828290	0	0	0	True	91.795815	59.336853	magicc_v5	5.248276125070433	39.336862324341865	5.248276125070433	39.336862324341865	low	low
G_r056_none_control	56	0	none	0.0	0.0	control	RS_GCF_000018605.1	Thermotogota	Bacteria	highly_fragmented	89.2611272025325	19.999972344469903	89.2611272025325	19.999972344469903	2169548	88	2370472	88	2370472	0.0		0	0	0	0	True	97.99287	14.256072	magicc_v5	8.73174279746749	-5.743900344469903	8.73174279746749	5.743900344469903	low	low
G_r056_substitution_0p1pct	56	1	substitution	0.001	0.1	uniform	RS_GCF_000018605.1	Thermotogota	Bacteria	highly_fragmented	89.2611272025325	19.999972344469903	89.2611272025325	19.999972344469903	2169548	88	2370472	88	2370472	0.001007394307969	0.0089640838741259	0	2388	0	0	True	97.774216	14.870795	magicc_v5	8.51308879746749	-5.129177344469904	8.51308879746749	5.129177344469904	low	low
G_r056_substitution_0p5pct	56	2	substitution	0.005	0.5	uniform	RS_GCF_000018605.1	Thermotogota	Bacteria	highly_fragmented	89.2611272025325	19.999972344469903	89.2611272025325	19.999972344469903	2169548	88	2370472	88	2370472	0.0050483616764931	0.0441104216424403	0	11967	0	0	True	95.82704	15.793887	magicc_v5	6.56591279746749	-4.206085344469903	6.56591279746749	4.206085344469903	low	low
G_r056_substitution_1pct	56	3	substitution	0.01	1.0	uniform	RS_GCF_000018605.1	Thermotogota	Bacteria	highly_fragmented	89.2611272025325	19.999972344469903	89.2611272025325	19.999972344469903	2169548	88	2370472	88	2370472	0.0099389488675673	0.0864827525163591	0	23560	0	0	True	95.2601	14.500311	magicc_v5	5.998972797467488	-5.499661344469903	5.998972797467488	5.499661344469903	low	low
G_r056_substitution_2pct	56	4	substitution	0.02	2.0	uniform	RS_GCF_000018605.1	Thermotogota	Bacteria	highly_fragmented	89.2611272025325	19.999972344469903	89.2611272025325	19.999972344469903	2169548	88	2370472	88	2370472	0.0200403126465952	0.1662522378698502	0	47505	0	0	True	87.152115	16.643873	magicc_v5	-2.1090122025325115	-3.3560993444699037	2.1090122025325115	3.3560993444699037	low	low
G_r056_substitution_5pct	56	5	substitution	0.05	5.0	uniform	RS_GCF_000018605.1	Thermotogota	Bacteria	highly_fragmented	89.2611272025325	19.999972344469903	89.2611272025325	19.999972344469903	2169548	88	2370472	88	2370472	0.0502030819178627	0.3697505902753909	0	119005	0	0	True	79.47386	22.283455	magicc_v5	-9.787267202532504	2.283482655530097	9.787267202532504	2.283482655530097	low	low
G_r056_substitution_titv_0p1pct	56	6	substitution_titv	0.001	0.1	titv_2	RS_GCF_000018605.1	Thermotogota	Bacteria	highly_fragmented	89.2611272025325	19.999972344469903	89.2611272025325	19.999972344469903	2169548	88	2370472	88	2370472	0.0009782861809799	0.0089640838741259	0	2319	0	0	True	98.28038	13.843283	magicc_v5	9.019252797467487	-6.156689344469903	9.019252797467487	6.156689344469903	low	low
G_r056_substitution_titv_0p5pct	56	7	substitution_titv	0.005	0.5	titv_2	RS_GCF_000018605.1	Thermotogota	Bacteria	highly_fragmented	89.2611272025325	19.999972344469903	89.2611272025325	19.999972344469903	2169548	88	2370472	88	2370472	0.0050006918453371	0.0441104216424403	0	11854	0	0	True	95.06671	14.913321	magicc_v5	5.805582797467494	-5.086651344469903	5.805582797467494	5.086651344469903	low	low
G_r056_substitution_titv_1pct	56	8	substitution_titv	0.01	1.0	titv_2	RS_GCF_000018605.1	Thermotogota	Bacteria	highly_fragmented	89.2611272025325	19.999972344469903	89.2611272025325	19.999972344469903	2169548	88	2370472	88	2370472	0.0099680569945563	0.0864827525163591	0	23629	0	0	True	98.051704	14.851254	magicc_v5	8.790576797467494	-5.148718344469902	8.790576797467494	5.148718344469902	low	low
G_r056_substitution_titv_2pct	56	9	substitution_titv	0.02	2.0	titv_2	RS_GCF_000018605.1	Thermotogota	Bacteria	highly_fragmented	89.2611272025325	19.999972344469903	89.2611272025325	19.999972344469903	2169548	88	2370472	88	2370472	0.020059296207675	0.1662522378698502	0	47550	0	0	True	89.34408	18.614002	magicc_v5	0.08295279746749884	-1.3859703444699036	0.08295279746749884	1.3859703444699036	low	low
G_r056_substitution_titv_5pct	56	10	substitution_titv	0.05	5.0	titv_2	RS_GCF_000018605.1	Thermotogota	Bacteria	highly_fragmented	89.2611272025325	19.999972344469903	89.2611272025325	19.999972344469903	2169548	88	2370472	88	2370472	0.050154568372881	0.3697505902753909	0	118890	0	0	True	84.67415	16.65304	magicc_v5	-4.586977202532509	-3.346932344469902	4.586977202532509	3.346932344469902	low	low
G_r056_indel_0p1pct	56	11	indel	0.001	0.1	ins0.5_geom0.75	RS_GCF_000018605.1	Thermotogota	Bacteria	highly_fragmented	89.2611272025325	19.999972344469903	89.25958333016646	19.999972344469903	2169548	88	2370472	88	2370431	0.0010584389944281		0	0	2509	0	True	97.83718	14.602956	magicc_v5	8.576052797467497	-5.397016344469902	8.576052797467497	5.397016344469902	low	low
G_r056_indel_0p5pct	56	12	indel	0.005	0.5	ins0.5_geom0.75	RS_GCF_000018605.1	Thermotogota	Bacteria	highly_fragmented	89.2611272025325	19.999972344469903	89.26285935201636	19.999972344469903	2169548	88	2370472	88	2370518	0.0050036448437273		0	0	11861	0	True	94.915924	14.345923	magicc_v5	5.6547967974674975	-5.654049344469902	5.6547967974674975	5.654049344469902	low	low
G_r056_indel_1pct	56	13	indel	0.01	1.0	ins0.5_geom0.75	RS_GCF_000018605.1	Thermotogota	Bacteria	highly_fragmented	89.2611272025325	19.999972344469903	89.25781352525902	19.999972344469903	2169548	88	2370472	88	2370384	0.0101351123320587		0	0	24025	0	True	93.45053	16.252773	magicc_v5	4.189402797467494	-3.7471993444699017	4.189402797467494	3.7471993444699017	low	low
G_r056_indel_2pct	56	14	indel	0.02	2.0	ins0.5_geom0.75	RS_GCF_000018605.1	Thermotogota	Bacteria	highly_fragmented	89.2611272025325	19.999972344469903	89.25909380966014	19.999972344469903	2169548	88	2370472	88	2370418	0.0200580306369364		0	0	47547	0	True	91.85162	15.776375	magicc_v5	2.5904927974674905	-4.223597344469903	2.5904927974674905	4.223597344469903	low	low
G_r056_indel_5pct	56	15	indel	0.05	5.0	ins0.5_geom0.75	RS_GCF_000018605.1	Thermotogota	Bacteria	highly_fragmented	89.2611272025325	19.999972344469903	89.26349949421693	19.999972344469903	2169548	88	2370472	88	2370535	0.0502279714757229		0	0	119064	0	True	80.55487	17.743599	magicc_v5	-8.706257202532512	-2.2563733444699032	8.706257202532512	2.2563733444699032	low	low
G_r056_chimera_5pct	56	16	chimera	0.05	5.0	rc0.5	RS_GCF_000018605.1	Thermotogota	Bacteria	highly_fragmented	89.2611272025325	19.999972344469903	89.2611272025325	19.999972344469903	2169548	88	2370472	85	2370472	0.0681818181818181		0	0	0	3	True	97.99251	14.271503	magicc_v5	8.73138279746749	-5.728469344469904	8.73138279746749	5.728469344469904	low	low
G_r056_chimera_10pct	56	17	chimera	0.1	10.0	rc0.5	RS_GCF_000018605.1	Thermotogota	Bacteria	highly_fragmented	89.2611272025325	19.999972344469903	89.2611272025325	19.999972344469903	2169548	88	2370472	83	2370472	0.1136363636363636		0	0	0	5	True	97.99153	14.250856	magicc_v5	8.730402797467491	-5.749116344469902	8.730402797467491	5.749116344469902	low	low
G_r056_chimera_20pct	56	18	chimera	0.2	20.0	rc0.5	RS_GCF_000018605.1	Thermotogota	Bacteria	highly_fragmented	89.2611272025325	19.999972344469903	89.2611272025325	19.999972344469903	2169548	88	2370472	79	2370472	0.2045454545454545		0	0	0	9	True	97.995415	14.250231	magicc_v5	8.734287797467488	-5.7497413444699035	8.734287797467488	5.7497413444699035	low	low
G_r056_chimera_40pct	56	19	chimera	0.4	40.0	rc0.5	RS_GCF_000018605.1	Thermotogota	Bacteria	highly_fragmented	89.2611272025325	19.999972344469903	89.2611272025325	19.999972344469903	2169548	88	2370472	70	2370472	0.4090909090909091		0	0	0	18	True	98.002045	14.265865	magicc_v5	8.740917797467489	-5.734107344469903	8.740917797467489	5.734107344469903	low	low
G_r056_uneven_coverage_5pct	56	20	uneven_coverage	0.05	5.0	lognormal_sigma1.0	RS_GCF_000018605.1	Thermotogota	Bacteria	highly_fragmented	89.2611272025325	19.999972344469903	89.2611272025325	25.46304575884009	2169548	88	2370472	93	2488996	0.0500001687427651		118524	0	0	0	True	99.32254	16.019947	magicc_v5	10.061412797467497	-3.9800253444699045	10.061412797467497	3.9800253444699045	low	low
G_r056_uneven_coverage_10pct	56	21	uneven_coverage	0.1	10.0	lognormal_sigma1.0	RS_GCF_000018605.1	Thermotogota	Bacteria	highly_fragmented	89.2611272025325	19.999972344469903	89.2611272025325	30.92607308066012	2169548	88	2370472	98	2607519	0.0999999156286174		237047	0	0	0	True	99.60971	15.881336	magicc_v5	10.3485827974675	-4.118636344469904	10.3485827974675	4.118636344469904	low	low
G_r056_uneven_coverage_20pct	56	22	uneven_coverage	0.2	20.0	lognormal_sigma1.0	RS_GCF_000018605.1	Thermotogota	Bacteria	highly_fragmented	89.2611272025325	19.999972344469903	89.2611272025325	41.85217381685033	2169548	88	2370472	107	2844566	0.1999998312572348		474094	0	0	0	True	99.00665	25.72128	magicc_v5	9.745522797467487	5.721307655530097	9.745522797467487	5.721307655530097	low	low
G_r056_uneven_coverage_40pct	56	23	uneven_coverage	0.4	40.0	lognormal_sigma1.0	RS_GCF_000018605.1	Thermotogota	Bacteria	highly_fragmented	89.2611272025325	19.999972344469903	89.2611272025325	63.7044213817809	2169548	88	2370472	128	3318661	0.4000000843713825		948189	0	0	0	True	94.48729	54.661457	magicc_v5	5.226162797467495	34.661484655530096	5.226162797467495	34.661484655530096	low	low
G_r057_none_control	57	0	none	0.0	0.0	control	RS_GCF_040746155.1	Bdellovibrionota	Bacteria	high	94.59887406492592	0.0	94.59887406492592	0.0	3782989	2	3578665	2	3578665	0.0		0	0	0	0	True	97.916176	0.41147768	magicc_v5	3.3173019350740702	0.41147768	3.3173019350740702	0.41147768	high	high
G_r057_substitution_0p1pct	57	1	substitution	0.001	0.1	uniform	RS_GCF_040746155.1	Bdellovibrionota	Bacteria	high	94.59887406492592	0.0	94.59887406492592	0.0	3782989	2	3578665	2	3578665	0.0009953693806829	0.0089640838741259	0	3562	0	0	True	97.63613	0.47918558	magicc_v5	3.0372559350740715	0.47918558	3.0372559350740715	0.47918558	high	high
G_r057_substitution_0p5pct	57	2	substitution	0.005	0.5	uniform	RS_GCF_040746155.1	Bdellovibrionota	Bacteria	high	94.59887406492592	0.0	94.59887406492592	0.0	3782989	2	3578665	2	3578665	0.0049458289356282	0.0441104216424403	0	17699	0	0	True	95.6512	0.6849289	magicc_v5	1.0523259350740801	0.6849289	1.0523259350740801	0.6849289	high	high
G_r057_substitution_1pct	57	3	substitution	0.01	1.0	uniform	RS_GCF_040746155.1	Bdellovibrionota	Bacteria	high	94.59887406492592	0.0	94.59887406492592	0.0	3782989	2	3578665	2	3578665	0.0099889033918846	0.0864827525163591	0	35746	0	0	True	93.49072	1.0808706	magicc_v5	-1.1081540649259267	1.0808706	1.1081540649259267	1.0808706	high	high
G_r057_substitution_2pct	57	4	substitution	0.02	2.0	uniform	RS_GCF_040746155.1	Bdellovibrionota	Bacteria	high	94.59887406492592	0.0	94.59887406492592	0.0	3782989	2	3578665	2	3578665	0.0200079864281021	0.1662522378698502	0	71600	0	0	True	87.97356	1.9870132	magicc_v5	-6.625314064925917	1.9870132	6.625314064925917	1.9870132	medium	high
G_r057_substitution_5pct	57	5	substitution	0.05	5.0	uniform	RS_GCF_040746155.1	Bdellovibrionota	Bacteria	high	94.59887406492592	0.0	94.59887406492592	0.0	3782989	2	3578665	2	3578665	0.0499207644615685	0.3697505902753909	0	178645	0	0	True	78.97923	10.683987	magicc_v5	-15.619644064925922	10.683987	15.619644064925922	10.683987	low	high
G_r057_substitution_titv_0p1pct	57	6	substitution_titv	0.001	0.1	titv_2	RS_GCF_040746155.1	Bdellovibrionota	Bacteria	high	94.59887406492592	0.0	94.59887406492592	0.0	3782989	2	3578665	2	3578665	0.0010194013196887	0.0089640838741259	0	3648	0	0	True	97.00131	0.51480234	magicc_v5	2.402435935074081	0.51480234	2.402435935074081	0.51480234	high	high
G_r057_substitution_titv_0p5pct	57	7	substitution_titv	0.005	0.5	titv_2	RS_GCF_040746155.1	Bdellovibrionota	Bacteria	high	94.59887406492592	0.0	94.59887406492592	0.0	3782989	2	3578665	2	3578665	0.0050017171658743	0.0441104216424403	0	17899	0	0	True	93.847046	0.7998198	magicc_v5	-0.7518280649259168	0.7998198	0.7518280649259168	0.7998198	high	high
G_r057_substitution_titv_1pct	57	8	substitution_titv	0.01	1.0	titv_2	RS_GCF_040746155.1	Bdellovibrionota	Bacteria	high	94.59887406492592	0.0	94.59887406492592	0.0	3782989	2	3578665	2	3578665	0.0099413983961754	0.0864827525163591	0	35576	0	0	True	91.59277	1.5031844	magicc_v5	-3.006104064925921	1.5031844	3.006104064925921	1.5031844	high	high
G_r057_substitution_titv_2pct	57	9	substitution_titv	0.02	2.0	titv_2	RS_GCF_040746155.1	Bdellovibrionota	Bacteria	high	94.59887406492592	0.0	94.59887406492592	0.0	3782989	2	3578665	2	3578665	0.0200113397219169	0.1662522378698502	0	71612	0	0	True	87.35678	2.7593076	magicc_v5	-7.242094064925922	2.7593076	7.242094064925922	2.7593076	medium	high
G_r057_substitution_titv_5pct	57	10	substitution_titv	0.05	5.0	titv_2	RS_GCF_040746155.1	Bdellovibrionota	Bacteria	high	94.59887406492592	0.0	94.59887406492592	0.0	3782989	2	3578665	2	3578665	0.0498984091694701	0.3697505902753909	0	178565	0	0	True	79.28242	10.423493	magicc_v5	-15.31645406492592	10.423493	15.31645406492592	10.423493	low	high
G_r057_indel_0p1pct	57	11	indel	0.001	0.1	ins0.5_geom0.75	RS_GCF_040746155.1	Bdellovibrionota	Bacteria	high	94.59887406492592	0.0	94.60157034556538	0.0	3782989	2	3578665	2	3578767	0.0010224483152236		0	0	3659	0	True	97.54341	0.4443735	magicc_v5	2.9445359350740716	0.4443735	2.9445359350740716	0.4443735	high	high
G_r057_indel_0p5pct	57	12	indel	0.005	0.5	ins0.5_geom0.75	RS_GCF_040746155.1	Bdellovibrionota	Bacteria	high	94.59887406492592	0.0	94.59895336729764	0.0	3782989	2	3578665	2	3578668	0.0049635827885538		0	0	17763	0	True	95.863525	0.50561726	magicc_v5	1.264650935074073	0.50561726	1.264650935074073	0.50561726	high	high
G_r057_indel_1pct	57	13	indel	0.01	1.0	ins0.5_geom0.75	RS_GCF_040746155.1	Bdellovibrionota	Bacteria	high	94.59887406492592	0.0	94.59477677571888	0.0	3782989	2	3578665	2	3578510	0.0100109957204711		0	0	35826	0	True	93.04936	1.1905342	magicc_v5	-1.5495140649259298	1.1905342	1.5495140649259298	1.1905342	high	high
G_r057_indel_2pct	57	14	indel	0.02	2.0	ins0.5_geom0.75	RS_GCF_040746155.1	Bdellovibrionota	Bacteria	high	94.59887406492592	0.0	94.58668793380048	0.0	3782989	2	3578665	2	3578204	0.0199322931875434		0	0	71331	0	True	88.02884	1.5670538	magicc_v5	-6.57003406492592	1.5670538	6.57003406492592	1.5670538	medium	high
G_r057_indel_5pct	57	15	indel	0.05	5.0	ins0.5_geom0.75	RS_GCF_040746155.1	Bdellovibrionota	Bacteria	high	94.59887406492592	0.0	94.57537412876432	0.0	3782989	2	3578665	2	3577776	0.0498289166490856		0	0	178321	0	True	80.39262	5.4937987	magicc_v5	-14.206254064925929	5.4937987	14.206254064925929	5.4937987	medium	high
G_r057_chimera_5pct	57	16	chimera	0.05	5.0	rc0.5	RS_GCF_040746155.1	Bdellovibrionota	Bacteria	high	94.59887406492592	0.0	94.59887406492592	0.0	3782989	2	3578665	2	3578665	0.0		0	0	0	0	True	97.916176	0.41147768	magicc_v5	3.3173019350740702	0.41147768	3.3173019350740702	0.41147768	high	high
G_r057_chimera_10pct	57	17	chimera	0.1	10.0	rc0.5	RS_GCF_040746155.1	Bdellovibrionota	Bacteria	high	94.59887406492592	0.0	94.59887406492592	0.0	3782989	2	3578665	2	3578665	0.0		0	0	0	0	True	97.916176	0.41147768	magicc_v5	3.3173019350740702	0.41147768	3.3173019350740702	0.41147768	high	high
G_r057_chimera_20pct	57	18	chimera	0.2	20.0	rc0.5	RS_GCF_040746155.1	Bdellovibrionota	Bacteria	high	94.59887406492592	0.0	94.59887406492592	0.0	3782989	2	3578665	1	3578665	1.0		0	0	0	1	True	97.91063	0.41181147	magicc_v5	3.311755935074075	0.41181147	3.311755935074075	0.41181147	high	high
G_r057_chimera_40pct	57	19	chimera	0.4	40.0	rc0.5	RS_GCF_040746155.1	Bdellovibrionota	Bacteria	high	94.59887406492592	0.0	94.59887406492592	0.0	3782989	2	3578665	2	3578665	0.0		0	0	0	0	True	97.916176	0.41147768	magicc_v5	3.3173019350740702	0.41147768	3.3173019350740702	0.41147768	high	high
G_r057_uneven_coverage_5pct	57	20	uneven_coverage	0.05	5.0	lognormal_sigma1.0	RS_GCF_040746155.1	Bdellovibrionota	Bacteria	high	94.59887406492592	0.0	94.59887406492592	4.729937094715316	3782989	2	3578665	3	3757598	0.0499999301415471		178933	0	0	0	True	99.91756	0.44782162	magicc_v5	5.318685935074072	0.44782162	5.318685935074072	0.44782162	high	high
G_r057_uneven_coverage_10pct	57	21	uneven_coverage	0.1	10.0	lognormal_sigma1.0	RS_GCF_040746155.1	Bdellovibrionota	Bacteria	high	94.59887406492592	0.0	94.59887406492592	9.459874189430632	3782989	2	3578665	3	3936531	0.0999998602830943		357866	0	0	0	True	99.9655	0.849396	magicc_v5	5.366625935074083	0.849396	5.366625935074083	0.849396	high	high
G_r057_uneven_coverage_20pct	57	22	uneven_coverage	0.2	20.0	lognormal_sigma1.0	RS_GCF_040746155.1	Bdellovibrionota	Bacteria	high	94.59887406492592	0.0	94.59887406492592	18.91977481298518	3782989	2	3578665	4	4294398	0.2		715733	0	0	0	True	99.86937	3.158805	magicc_v5	5.270495935074081	3.158805	5.270495935074081	3.158805	high	high
G_r057_uneven_coverage_40pct	57	23	uneven_coverage	0.4	40.0	lognormal_sigma1.0	RS_GCF_040746155.1	Bdellovibrionota	Bacteria	high	94.59887406492592	0.0	94.59887406492592	37.83954962597036	3782989	2	3578665	4	5010131	0.4		1431466	0	0	0	True	89.44727	35.725075	magicc_v5	-5.15160406492592	35.725075	5.15160406492592	35.725075	low	high
G_r058_none_control	58	0	none	0.0	0.0	control	RS_GCF_001548675.1	Methanobacteriota	Archaea	highly_fragmented	87.32351616331529	0.0	87.32351616331529	0.0	2273296	41	1985122	41	1985122	0.0		0	0	0	0	True	85.20329	0.7526696	magicc_v5	-2.1202261633152943	0.7526696	2.1202261633152943	0.7526696	medium	medium
G_r058_substitution_0p1pct	58	1	substitution	0.001	0.1	uniform	RS_GCF_001548675.1	Methanobacteriota	Archaea	highly_fragmented	87.32351616331529	0.0	87.32351616331529	0.0	2273296	41	1985122	41	1985122	0.0010326821223078	0.0089640838741259	0	2050	0	0	True	84.94894	0.867182	magicc_v5	-2.3745761633152966	0.867182	2.3745761633152966	0.867182	medium	medium
G_r058_substitution_0p5pct	58	2	substitution	0.005	0.5	uniform	RS_GCF_001548675.1	Methanobacteriota	Archaea	highly_fragmented	87.32351616331529	0.0	87.32351616331529	0.0	2273296	41	1985122	41	1985122	0.0050107751563883	0.0441104216424403	0	9947	0	0	True	83.74945	1.7701745	magicc_v5	-3.574066163315294	1.7701745	3.574066163315294	1.7701745	medium	medium
G_r058_substitution_1pct	58	3	substitution	0.01	1.0	uniform	RS_GCF_001548675.1	Methanobacteriota	Archaea	highly_fragmented	87.32351616331529	0.0	87.32351616331529	0.0	2273296	41	1985122	41	1985122	0.009950521932657	0.0864827525163591	0	19753	0	0	True	82.80869	1.5364349	magicc_v5	-4.514826163315291	1.5364349	4.514826163315291	1.5364349	medium	medium
G_r058_substitution_2pct	58	4	substitution	0.02	2.0	uniform	RS_GCF_001548675.1	Methanobacteriota	Archaea	highly_fragmented	87.32351616331529	0.0	87.32351616331529	0.0	2273296	41	1985122	41	1985122	0.0199670347716664	0.1662522378698502	0	39637	0	0	True	79.907394	3.4683256	magicc_v5	-7.416122163315293	3.4683256	7.416122163315293	3.4683256	medium	medium
G_r058_substitution_5pct	58	5	substitution	0.05	5.0	uniform	RS_GCF_001548675.1	Methanobacteriota	Archaea	highly_fragmented	87.32351616331529	0.0	87.32351616331529	0.0	2273296	41	1985122	41	1985122	0.0500865941740608	0.3697505902753909	0	99428	0	0	True	66.02626	13.872877	magicc_v5	-21.297256163315296	13.872877	21.297256163315296	13.872877	low	medium
G_r058_substitution_titv_0p1pct	58	6	substitution_titv	0.001	0.1	titv_2	RS_GCF_001548675.1	Methanobacteriota	Archaea	highly_fragmented	87.32351616331529	0.0	87.32351616331529	0.0	2273296	41	1985122	41	1985122	0.0010034647744571	0.0089640838741259	0	1992	0	0	True	84.805725	0.9940237	magicc_v5	-2.5177911633152945	0.9940237	2.5177911633152945	0.9940237	medium	medium
G_r058_substitution_titv_0p5pct	58	7	substitution_titv	0.005	0.5	titv_2	RS_GCF_001548675.1	Methanobacteriota	Archaea	highly_fragmented	87.32351616331529	0.0	87.32351616331529	0.0	2273296	41	1985122	41	1985122	0.0050384812621088	0.0441104216424403	0	10002	0	0	True	84.878525	0.9958416	magicc_v5	-2.4449911633152936	0.9958416	2.4449911633152936	0.9958416	medium	medium
G_r058_substitution_titv_1pct	58	8	substitution_titv	0.01	1.0	titv_2	RS_GCF_001548675.1	Methanobacteriota	Archaea	highly_fragmented	87.32351616331529	0.0	87.32351616331529	0.0	2273296	41	1985122	41	1985122	0.0099646268592056	0.0864827525163591	0	19781	0	0	True	83.59872	1.4245003	magicc_v5	-3.7247961633152897	1.4245003	3.7247961633152897	1.4245003	medium	medium
G_r058_substitution_titv_2pct	58	9	substitution_titv	0.02	2.0	titv_2	RS_GCF_001548675.1	Methanobacteriota	Archaea	highly_fragmented	87.32351616331529	0.0	87.32351616331529	0.0	2273296	41	1985122	41	1985122	0.0199519223503643	0.1662522378698502	0	39607	0	0	True	80.40891	2.7265577	magicc_v5	-6.914606163315284	2.7265577	6.914606163315284	2.7265577	medium	medium
G_r058_substitution_titv_5pct	58	10	substitution_titv	0.05	5.0	titv_2	RS_GCF_001548675.1	Methanobacteriota	Archaea	highly_fragmented	87.32351616331529	0.0	87.32351616331529	0.0	2273296	41	1985122	41	1985122	0.0502231097131561	0.3697505902753909	0	99699	0	0	True	68.58788	10.147444	magicc_v5	-18.73563616331529	10.147444	18.73563616331529	10.147444	low	medium
G_r058_indel_0p1pct	58	11	indel	0.001	0.1	ins0.5_geom0.75	RS_GCF_001548675.1	Methanobacteriota	Archaea	highly_fragmented	87.32351616331529	0.0	87.32320824036994	0.0	2273296	41	1985122	41	1985115	0.0010069910060943		0	0	1999	0	True	84.79254	0.68016946	magicc_v5	-2.5309761633152874	0.68016946	2.5309761633152874	0.68016946	medium	medium
G_r058_indel_0p5pct	58	12	indel	0.005	0.5	ins0.5_geom0.75	RS_GCF_001548675.1	Methanobacteriota	Archaea	highly_fragmented	87.32351616331529	0.0	87.32597954687819	0.0	2273296	41	1985122	41	1985178	0.004996166482463		0	0	9918	0	True	83.576935	0.71991086	magicc_v5	-3.746581163315284	0.71991086	3.746581163315284	0.71991086	medium	medium
G_r058_indel_1pct	58	13	indel	0.01	1.0	ins0.5_geom0.75	RS_GCF_001548675.1	Methanobacteriota	Archaea	highly_fragmented	87.32351616331529	0.0	87.32320824036994	0.0	2273296	41	1985122	41	1985115	0.0100280990286743		0	0	19907	0	True	82.37123	2.0188093	magicc_v5	-4.952286163315293	2.0188093	4.952286163315293	2.0188093	medium	medium
G_r058_indel_2pct	58	14	indel	0.02	2.0	ins0.5_geom0.75	RS_GCF_001548675.1	Methanobacteriota	Archaea	highly_fragmented	87.32351616331529	0.0	87.31977709897875	0.0	2273296	41	1985122	41	1985037	0.0200053195722983		0	0	39713	0	True	78.71479	3.4104018	magicc_v5	-8.608726163315296	3.4104018	8.608726163315296	3.4104018	medium	medium
G_r058_indel_5pct	58	15	indel	0.05	5.0	ins0.5_geom0.75	RS_GCF_001548675.1	Methanobacteriota	Archaea	highly_fragmented	87.32351616331529	0.0	87.3152902217749	0.0	2273296	41	1985122	41	1984935	0.0499198537923613		0	0	99097	0	True	65.204094	12.625128	magicc_v5	-22.119422163315292	12.625128	22.119422163315292	12.625128	low	medium
G_r058_chimera_5pct	58	16	chimera	0.05	5.0	rc0.5	RS_GCF_001548675.1	Methanobacteriota	Archaea	highly_fragmented	87.32351616331529	0.0	87.32351616331529	0.0	2273296	41	1985122	40	1985122	0.048780487804878		0	0	0	1	True	85.20329	0.7526696	magicc_v5	-2.1202261633152943	0.7526696	2.1202261633152943	0.7526696	medium	medium
G_r058_chimera_10pct	58	17	chimera	0.1	10.0	rc0.5	RS_GCF_001548675.1	Methanobacteriota	Archaea	highly_fragmented	87.32351616331529	0.0	87.32351616331529	0.0	2273296	41	1985122	39	1985122	0.0975609756097561		0	0	0	2	True	85.200455	0.75598955	magicc_v5	-2.1230611633152847	0.75598955	2.1230611633152847	0.75598955	medium	medium
G_r058_chimera_20pct	58	18	chimera	0.2	20.0	rc0.5	RS_GCF_001548675.1	Methanobacteriota	Archaea	highly_fragmented	87.32351616331529	0.0	87.32351616331529	0.0	2273296	41	1985122	37	1985122	0.1951219512195122		0	0	0	4	True	85.20735	0.752756	magicc_v5	-2.1161661633152846	0.752756	2.1161661633152846	0.752756	medium	medium
G_r058_chimera_40pct	58	19	chimera	0.4	40.0	rc0.5	RS_GCF_001548675.1	Methanobacteriota	Archaea	highly_fragmented	87.32351616331529	0.0	87.32351616331529	0.0	2273296	41	1985122	32	1985122	0.4390243902439024		0	0	0	9	True	85.20581	0.754717	magicc_v5	-2.1177061633152903	0.754717	2.1177061633152903	0.754717	medium	medium
G_r058_uneven_coverage_5pct	58	20	uneven_coverage	0.05	5.0	lognormal_sigma1.0	RS_GCF_001548675.1	Methanobacteriota	Archaea	highly_fragmented	87.32351616331529	0.0	87.32351616331529	4.366171409266546	2273296	41	1985122	44	2084378	0.0499999496252623		99256	0	0	0	True	88.66774	0.64159036	magicc_v5	1.344223836684705	0.64159036	1.344223836684705	0.64159036	medium	medium
G_r058_uneven_coverage_10pct	58	21	uneven_coverage	0.1	10.0	lognormal_sigma1.0	RS_GCF_001548675.1	Methanobacteriota	Archaea	highly_fragmented	87.32351616331529	0.0	87.32351616331529	8.732342818533091	2273296	41	1985122	45	2183634	0.0999998992505246		198512	0	0	0	True	97.99414	0.3446102	magicc_v5	10.670623836684712	0.3446102	10.670623836684712	0.3446102	high	medium
G_r058_uneven_coverage_20pct	58	22	uneven_coverage	0.2	20.0	lognormal_sigma1.0	RS_GCF_001548675.1	Methanobacteriota	Archaea	highly_fragmented	87.32351616331529	0.0	87.32351616331529	17.464685637066182	2273296	41	1985122	54	2382146	0.1999997985010493		397024	0	0	0	True	99.932724	1.1658221	magicc_v5	12.609207836684703	1.1658221	12.609207836684703	1.1658221	high	medium
G_r058_uneven_coverage_40pct	58	23	uneven_coverage	0.4	40.0	lognormal_sigma1.0	RS_GCF_001548675.1	Methanobacteriota	Archaea	highly_fragmented	87.32351616331529	0.0	87.32351616331529	34.929415263124554	2273296	41	1985122	61	2779171	0.4000001007494753		794049	0	0	0	True	93.04877	34.351826	magicc_v5	5.725253836684715	34.351826	5.725253836684715	34.351826	low	medium
G_r059_none_control	59	0	none	0.0	0.0	control	RS_GCF_000017505.1	Myxococcota	Bacteria	highly_fragmented	69.98148916538304	1.9999848427147453	69.98148916538304	1.9999848427147453	5277990	320	3799175	320	3799175	0.0		0	0	0	0	True	74.840485	5.543131	magicc_v5	4.858995834616962	3.5431461572852543	4.858995834616962	3.5431461572852543	medium	medium
G_r059_substitution_0p1pct	59	1	substitution	0.001	0.1	uniform	RS_GCF_000017505.1	Myxococcota	Bacteria	highly_fragmented	69.98148916538304	1.9999848427147453	69.98148916538304	1.9999848427147453	5277990	320	3799175	320	3799175	0.0009970585719267	0.0089640838741259	0	3788	0	0	True	75.42193	5.3126693	magicc_v5	5.440440834616965	3.312684457285254	5.440440834616965	3.312684457285254	medium	medium
G_r059_substitution_0p5pct	59	2	substitution	0.005	0.5	uniform	RS_GCF_000017505.1	Myxococcota	Bacteria	highly_fragmented	69.98148916538304	1.9999848427147453	69.98148916538304	1.9999848427147453	5277990	320	3799175	320	3799175	0.0050008225470003	0.0441104216424403	0	18999	0	0	True	74.59062	5.904427	magicc_v5	4.609130834616963	3.9044421572852546	4.609130834616963	3.9044421572852546	medium	medium
G_r059_substitution_1pct	59	3	substitution	0.01	1.0	uniform	RS_GCF_000017505.1	Myxococcota	Bacteria	highly_fragmented	69.98148916538304	1.9999848427147453	69.98148916538304	1.9999848427147453	5277990	320	3799175	320	3799175	0.0100584995426638	0.0864827525163591	0	38214	0	0	True	67.91874	10.344994	magicc_v5	-2.062749165383039	8.345009157285254	2.062749165383039	8.345009157285254	low	medium
G_r059_substitution_2pct	59	4	substitution	0.02	2.0	uniform	RS_GCF_000017505.1	Myxococcota	Bacteria	highly_fragmented	69.98148916538304	1.9999848427147453	69.98148916538304	1.9999848427147453	5277990	320	3799175	320	3799175	0.0200317174123329	0.1662522378698502	0	76104	0	0	True	69.13123	11.102909	magicc_v5	-0.8502591653830365	9.102924157285255	0.8502591653830365	9.102924157285255	low	medium
G_r059_substitution_5pct	59	5	substitution	0.05	5.0	uniform	RS_GCF_000017505.1	Myxococcota	Bacteria	highly_fragmented	69.98148916538304	1.9999848427147453	69.98148916538304	1.9999848427147453	5277990	320	3799175	320	3799175	0.0499987497285594	0.3697505902753909	0	189954	0	0	True	66.562454	18.542206	magicc_v5	-3.419035165383036	16.542221157285255	3.419035165383036	16.542221157285255	low	medium
G_r059_substitution_titv_0p1pct	59	6	substitution_titv	0.001	0.1	titv_2	RS_GCF_000017505.1	Myxococcota	Bacteria	highly_fragmented	69.98148916538304	1.9999848427147453	69.98148916538304	1.9999848427147453	5277990	320	3799175	320	3799175	0.0010110089690524	0.0089640838741259	0	3841	0	0	True	75.183334	5.2731633	magicc_v5	5.2018448346169635	3.2731784572852547	5.2018448346169635	3.2731784572852547	medium	medium
G_r059_substitution_titv_0p5pct	59	7	substitution_titv	0.005	0.5	titv_2	RS_GCF_000017505.1	Myxococcota	Bacteria	highly_fragmented	69.98148916538304	1.9999848427147453	69.98148916538304	1.9999848427147453	5277990	320	3799175	320	3799175	0.0050071397079629	0.0441104216424403	0	19023	0	0	True	74.786896	7.322839	magicc_v5	4.80540683461696	5.322854157285255	4.80540683461696	5.322854157285255	medium	medium
G_r059_substitution_titv_1pct	59	8	substitution_titv	0.01	1.0	titv_2	RS_GCF_000017505.1	Myxococcota	Bacteria	highly_fragmented	69.98148916538304	1.9999848427147453	69.98148916538304	1.9999848427147453	5277990	320	3799175	320	3799175	0.0100484973711397	0.0864827525163591	0	38176	0	0	True	74.24006	9.13704	magicc_v5	4.258570834616961	7.137055157285255	4.258570834616961	7.137055157285255	medium	medium
G_r059_substitution_titv_2pct	59	9	substitution_titv	0.02	2.0	titv_2	RS_GCF_000017505.1	Myxococcota	Bacteria	highly_fragmented	69.98148916538304	1.9999848427147453	69.98148916538304	1.9999848427147453	5277990	320	3799175	320	3799175	0.0199306428369317	0.1662522378698502	0	75720	0	0	True	71.02954	15.331817	magicc_v5	1.0480508346169586	13.331832157285254	1.0480508346169586	13.331832157285254	low	medium
G_r059_substitution_titv_5pct	59	10	substitution_titv	0.05	5.0	titv_2	RS_GCF_000017505.1	Myxococcota	Bacteria	highly_fragmented	69.98148916538304	1.9999848427147453	69.98148916538304	1.9999848427147453	5277990	320	3799175	320	3799175	0.0501390433449367	0.3697505902753909	0	190487	0	0	True	76.25556	24.483166	magicc_v5	6.274070834616964	22.483181157285255	6.274070834616964	22.483181157285255	low	medium
G_r059_indel_0p1pct	59	11	indel	0.001	0.1	ins0.5_geom0.75	RS_GCF_000017505.1	Myxococcota	Bacteria	highly_fragmented	69.98148916538304	1.9999848427147453	69.98281541837741	1.9999848427147453	5277990	320	3799175	320	3799247	0.0010165364848947		0	0	3862	0	True	73.865234	6.3782096	magicc_v5	3.8837448346169623	4.378224757285254	3.8837448346169623	4.378224757285254	medium	medium
G_r059_indel_0p5pct	59	12	indel	0.005	0.5	ins0.5_geom0.75	RS_GCF_000017505.1	Myxococcota	Bacteria	highly_fragmented	69.98148916538304	1.9999848427147453	69.98211545151926	1.9999848427147453	5277990	320	3799175	320	3799209	0.004904485842321		0	0	18633	0	True	71.815575	6.3345375	magicc_v5	1.8340858346169568	4.334552657285254	1.8340858346169568	4.334552657285254	medium	medium
G_r059_indel_1pct	59	13	indel	0.01	1.0	ins0.5_geom0.75	RS_GCF_000017505.1	Myxococcota	Bacteria	highly_fragmented	69.98148916538304	1.9999848427147453	69.97268431911482	1.9999848427147453	5277990	320	3799175	320	3798697	0.0099921693525568		0	0	37962	0	True	70.418884	7.9794197	magicc_v5	0.43739483461696693	5.979434857285255	0.43739483461696693	5.979434857285255	medium	medium
G_r059_indel_2pct	59	14	indel	0.02	2.0	ins0.5_geom0.75	RS_GCF_000017505.1	Myxococcota	Bacteria	highly_fragmented	69.98148916538304	1.9999848427147453	69.97294220164149	1.9999848427147453	5277990	320	3799175	320	3798711	0.0199416978686162		0	0	75762	0	True	69.469376	6.2669725	magicc_v5	-0.5121131653830417	4.266987657285254	0.5121131653830417	4.266987657285254	medium	medium
G_r059_indel_5pct	59	15	indel	0.05	5.0	ins0.5_geom0.75	RS_GCF_000017505.1	Myxococcota	Bacteria	highly_fragmented	69.98148916538304	1.9999848427147453	70.01088777342504	1.9999848427147453	5277990	320	3799175	320	3800771	0.0497213210762862		0	0	188900	0	True	66.843025	9.647142	magicc_v5	-3.1384641653830414	7.647157157285255	3.1384641653830414	7.647157157285255	medium	medium
G_r059_chimera_5pct	59	16	chimera	0.05	5.0	rc0.5	RS_GCF_000017505.1	Myxococcota	Bacteria	highly_fragmented	69.98148916538304	1.9999848427147453	69.98148916538304	1.9999848427147453	5277990	320	3799175	312	3799175	0.05		0	0	0	8	True	74.847916	5.53773	magicc_v5	4.866426834616959	3.5377451572852543	4.866426834616959	3.5377451572852543	medium	medium
G_r059_chimera_10pct	59	17	chimera	0.1	10.0	rc0.5	RS_GCF_000017505.1	Myxococcota	Bacteria	highly_fragmented	69.98148916538304	1.9999848427147453	69.98148916538304	1.9999848427147453	5277990	320	3799175	304	3799175	0.1		0	0	0	16	True	74.807434	5.52032	magicc_v5	4.825944834616962	3.5203351572852544	4.825944834616962	3.5203351572852544	medium	medium
G_r059_chimera_20pct	59	18	chimera	0.2	20.0	rc0.5	RS_GCF_000017505.1	Myxococcota	Bacteria	highly_fragmented	69.98148916538304	1.9999848427147453	69.98148916538304	1.9999848427147453	5277990	320	3799175	288	3799175	0.2		0	0	0	32	True	74.81446	5.550358	magicc_v5	4.832970834616958	3.5503731572852546	4.832970834616958	3.5503731572852546	medium	medium
G_r059_chimera_40pct	59	19	chimera	0.4	40.0	rc0.5	RS_GCF_000017505.1	Myxococcota	Bacteria	highly_fragmented	69.98148916538304	1.9999848427147453	69.98148916538304	1.9999848427147453	5277990	320	3799175	256	3799175	0.4		0	0	0	64	True	74.8882	5.566639	magicc_v5	4.906710834616959	3.566654157285255	4.906710834616959	3.566654157285255	medium	medium
G_r059_uneven_coverage_5pct	59	20	uneven_coverage	0.05	5.0	lognormal_sigma1.0	RS_GCF_000017505.1	Myxococcota	Bacteria	highly_fragmented	69.98148916538304	1.9999848427147453	69.98148916538304	5.5990632797712765	5277990	320	3799175	339	3989134	0.05000006580376		189959	0	0	0	True	77.7635	5.3616195	magicc_v5	7.782010834616955	3.3616346572852542	7.782010834616955	3.3616346572852542	medium	medium
G_r059_uneven_coverage_10pct	59	21	uneven_coverage	0.1	10.0	lognormal_sigma1.0	RS_GCF_000017505.1	Myxococcota	Bacteria	highly_fragmented	69.98148916538304	1.9999848427147453	69.98148916538304	9.198141716827807	5277990	320	3799175	353	4179093	0.10000013160752		379918	0	0	0	True	83.95965	5.770743	magicc_v5	13.978160834616958	3.770758157285255	13.978160834616958	3.770758157285255	medium	medium
G_r059_uneven_coverage_20pct	59	22	uneven_coverage	0.2	20.0	lognormal_sigma1.0	RS_GCF_000017505.1	Myxococcota	Bacteria	highly_fragmented	69.98148916538304	1.9999848427147453	69.98148916538304	16.396279644334303	5277990	320	3799175	395	4559010	0.2		759835	0	0	0	True	96.725716	4.290515	magicc_v5	26.744226834616967	2.2905301572852546	26.744226834616967	2.2905301572852546	high	medium
G_r059_uneven_coverage_40pct	59	23	uneven_coverage	0.4	40.0	lognormal_sigma1.0	RS_GCF_000017505.1	Myxococcota	Bacteria	highly_fragmented	69.98148916538304	1.9999848427147453	69.98148916538304	30.792574445953857	5277990	320	3799175	462	5318845	0.4		1519670	0	0	0	True	99.52687	6.1731043	magicc_v5	29.545380834616964	4.173119457285255	29.545380834616964	4.173119457285255	medium	medium
G_r060_none_control	60	0	none	0.0	0.0	control	RS_GCF_902387285.1	Thermoplasmatota	Archaea	highly_fragmented	59.90058765475058	8.393233721003483	59.90058765475058	8.393233721003483	1666795	69	1138318	69	1138318	0.0		0	0	0	0	True	59.6618	9.476164	magicc_v5	-0.23878765475058117	1.0829302789965176	0.23878765475058117	1.0829302789965176	medium	medium
G_r060_substitution_0p1pct	60	1	substitution	0.001	0.1	uniform	RS_GCF_902387285.1	Thermoplasmatota	Archaea	highly_fragmented	59.90058765475058	8.393233721003483	59.90058765475058	8.393233721003483	1666795	69	1138318	69	1138318	0.0009935738350105	0.0089640838741259	0	1131	0	0	True	59.140015	9.564039	magicc_v5	-0.7605726547505824	1.1708052789965162	0.7605726547505824	1.1708052789965162	medium	medium
G_r060_substitution_0p5pct	60	2	substitution	0.005	0.5	uniform	RS_GCF_902387285.1	Thermoplasmatota	Archaea	highly_fragmented	59.90058765475058	8.393233721003483	59.90058765475058	8.393233721003483	1666795	69	1138318	69	1138318	0.0049037392988759	0.0441104216424403	0	5582	0	0	True	58.653812	9.637579	magicc_v5	-1.2467756547505786	1.2443452789965175	1.2467756547505786	1.2443452789965175	medium	medium
G_r060_substitution_1pct	60	3	substitution	0.01	1.0	uniform	RS_GCF_902387285.1	Thermoplasmatota	Archaea	highly_fragmented	59.90058765475058	8.393233721003483	59.90058765475058	8.393233721003483	1666795	69	1138318	69	1138318	0.0100394003417331	0.0864827525163591	0	11428	0	0	True	57.11213	9.927997	magicc_v5	-2.78845765475058	1.5347632789965164	2.78845765475058	1.5347632789965164	medium	medium
G_r060_substitution_2pct	60	4	substitution	0.02	2.0	uniform	RS_GCF_902387285.1	Thermoplasmatota	Archaea	highly_fragmented	59.90058765475058	8.393233721003483	59.90058765475058	8.393233721003483	1666795	69	1138318	69	1138318	0.019798561909489	0.1662522378698502	0	22537	0	0	True	55.853558	10.280707	magicc_v5	-4.047029654750581	1.8874732789965165	4.047029654750581	1.8874732789965165	low	medium
G_r060_substitution_5pct	60	5	substitution	0.05	5.0	uniform	RS_GCF_902387285.1	Thermoplasmatota	Archaea	highly_fragmented	59.90058765475058	8.393233721003483	59.90058765475058	8.393233721003483	1666795	69	1138318	69	1138318	0.0499808928108651	0.3697505902753909	0	56894	0	0	True	52.56581	13.337814	magicc_v5	-7.334777654750582	4.944580278996517	7.334777654750582	4.944580278996517	low	medium
G_r060_substitution_titv_0p1pct	60	6	substitution_titv	0.001	0.1	titv_2	RS_GCF_902387285.1	Thermoplasmatota	Archaea	highly_fragmented	59.90058765475058	8.393233721003483	59.90058765475058	8.393233721003483	1666795	69	1138318	69	1138318	0.0009417428391965	0.0089640838741259	0	1072	0	0	True	59.466858	9.4676075	magicc_v5	-0.4337296547505787	1.0743737789965166	0.4337296547505787	1.0743737789965166	medium	medium
G_r060_substitution_titv_0p5pct	60	7	substitution_titv	0.005	0.5	titv_2	RS_GCF_902387285.1	Thermoplasmatota	Archaea	highly_fragmented	59.90058765475058	8.393233721003483	59.90058765475058	8.393233721003483	1666795	69	1138318	69	1138318	0.0050688956923171	0.0441104216424403	0	5770	0	0	True	58.60008	10.030323	magicc_v5	-1.3005076547505823	1.6370892789965161	1.3005076547505823	1.6370892789965161	low	medium
G_r060_substitution_titv_1pct	60	8	substitution_titv	0.01	1.0	titv_2	RS_GCF_902387285.1	Thermoplasmatota	Archaea	highly_fragmented	59.90058765475058	8.393233721003483	59.90058765475058	8.393233721003483	1666795	69	1138318	69	1138318	0.0100437927990055	0.0864827525163591	0	11433	0	0	True	56.67324	10.588765	magicc_v5	-3.227347654750581	2.1955312789965173	3.227347654750581	2.1955312789965173	low	medium
G_r060_substitution_titv_2pct	60	9	substitution_titv	0.02	2.0	titv_2	RS_GCF_902387285.1	Thermoplasmatota	Archaea	highly_fragmented	59.90058765475058	8.393233721003483	59.90058765475058	8.393233721003483	1666795	69	1138318	69	1138318	0.0198662057514835	0.1662522378698502	0	22614	0	0	True	56.310867	10.776758	magicc_v5	-3.589720654750579	2.383524278996516	3.589720654750579	2.383524278996516	low	medium
G_r060_substitution_titv_5pct	60	10	substitution_titv	0.05	5.0	titv_2	RS_GCF_902387285.1	Thermoplasmatota	Archaea	highly_fragmented	59.90058765475058	8.393233721003483	59.90058765475058	8.393233721003483	1666795	69	1138318	69	1138318	0.0497691763703368	0.3697505902753909	0	56653	0	0	True	53.825275	12.271565	magicc_v5	-6.075312654750583	3.8783312789965176	6.075312654750583	3.8783312789965176	low	medium
G_r060_indel_0p1pct	60	11	indel	0.001	0.1	ins0.5_geom0.75	RS_GCF_902387285.1	Thermoplasmatota	Archaea	highly_fragmented	59.90058765475058	8.393233721003483	59.89869326218579	8.393233721003483	1666795	69	1138318	69	1138282	0.0010243183363524		0	0	1166	0	True	58.945694	9.45048	magicc_v5	-0.9548936547505775	1.0572462789965176	0.9548936547505775	1.0572462789965176	medium	medium
G_r060_indel_0p5pct	60	12	indel	0.005	0.5	ins0.5_geom0.75	RS_GCF_902387285.1	Thermoplasmatota	Archaea	highly_fragmented	59.90058765475058	8.393233721003483	59.896483137526864	8.393233721003483	1666795	69	1138318	69	1138240	0.0050513125506229		0	0	5750	0	True	58.701298	9.451207	magicc_v5	-1.1992896547505794	1.057973278996517	1.1992896547505794	1.057973278996517	medium	medium
G_r060_indel_1pct	60	13	indel	0.01	1.0	ins0.5_geom0.75	RS_GCF_902387285.1	Thermoplasmatota	Archaea	highly_fragmented	59.90058765475058	8.393233721003483	59.89669362558961	8.393233721003483	1666795	69	1138318	69	1138244	0.0101026251012458		0	0	11500	0	True	58.15686	10.4062195	magicc_v5	-1.743727654750579	2.0129857789965175	1.743727654750579	2.0129857789965175	low	medium
G_r060_indel_2pct	60	14	indel	0.02	2.0	ins0.5_geom0.75	RS_GCF_902387285.1	Thermoplasmatota	Archaea	highly_fragmented	59.90058765475058	8.393233721003483	59.89395728077381	8.393233721003483	1666795	69	1138318	69	1138192	0.0200884111469729		0	0	22867	0	True	54.52564	11.054524	magicc_v5	-5.374947654750578	2.6612902789965176	5.374947654750578	2.6612902789965176	low	medium
G_r060_indel_5pct	60	15	indel	0.05	5.0	ins0.5_geom0.75	RS_GCF_902387285.1	Thermoplasmatota	Archaea	highly_fragmented	59.90058765475058	8.393233721003483	59.91237498626486	8.393233721003483	1666795	69	1138318	69	1138542	0.0500343489253442		0	0	56955	0	True	52.239014	13.126567	magicc_v5	-7.661573654750583	4.733333278996517	7.661573654750583	4.733333278996517	low	medium
G_r060_chimera_5pct	60	16	chimera	0.05	5.0	rc0.5	RS_GCF_902387285.1	Thermoplasmatota	Archaea	highly_fragmented	59.90058765475058	8.393233721003483	59.90058765475058	8.393233721003483	1666795	69	1138318	67	1138318	0.0579710144927536		0	0	0	2	True	59.659348	9.4773445	magicc_v5	-0.2412396547505793	1.084110778996516	0.2412396547505793	1.084110778996516	medium	medium
G_r060_chimera_10pct	60	17	chimera	0.1	10.0	rc0.5	RS_GCF_902387285.1	Thermoplasmatota	Archaea	highly_fragmented	59.90058765475058	8.393233721003483	59.90058765475058	8.393233721003483	1666795	69	1138318	65	1138318	0.1159420289855072		0	0	0	4	True	59.668823	9.473408	magicc_v5	-0.2317646547505774	1.080174278996516	0.2317646547505774	1.080174278996516	medium	medium
G_r060_chimera_20pct	60	18	chimera	0.2	20.0	rc0.5	RS_GCF_902387285.1	Thermoplasmatota	Archaea	highly_fragmented	59.90058765475058	8.393233721003483	59.90058765475058	8.393233721003483	1666795	69	1138318	62	1138318	0.2028985507246377		0	0	0	7	True	59.680214	9.484631	magicc_v5	-0.22037365475058124	1.0913972789965172	0.22037365475058124	1.0913972789965172	medium	medium
G_r060_chimera_40pct	60	19	chimera	0.4	40.0	rc0.5	RS_GCF_902387285.1	Thermoplasmatota	Archaea	highly_fragmented	59.90058765475058	8.393233721003483	59.90058765475058	8.393233721003483	1666795	69	1138318	56	1138318	0.3768115942028985		0	0	0	13	True	59.680218	9.470579	magicc_v5	-0.22036965475057713	1.0773452789965177	0.22036965475057713	1.0773452789965177	medium	medium
G_r060_uneven_coverage_5pct	60	20	uneven_coverage	0.05	5.0	lognormal_sigma1.0	RS_GCF_902387285.1	Thermoplasmatota	Archaea	highly_fragmented	59.90058765475058	8.393233721003483	59.90058765475058	11.80793078932922	1666795	69	1138318	73	1195234	0.0500000878489139		56916	0	0	0	True	60.975285	11.190918	magicc_v5	1.0746973452494188	2.797684278996517	1.0746973452494188	2.797684278996517	low	medium
G_r060_uneven_coverage_10pct	60	21	uneven_coverage	0.1	10.0	lognormal_sigma1.0	RS_GCF_902387285.1	Thermoplasmatota	Archaea	highly_fragmented	59.90058765475058	8.393233721003483	59.90058765475058	15.22262785765496	1666795	69	1138318	82	1252150	0.1000001756978278		113832	0	0	0	True	65.17078	10.600864	magicc_v5	5.270192345249413	2.2076302789965165	5.270192345249413	2.2076302789965165	low	medium
G_r060_uneven_coverage_20pct	60	22	uneven_coverage	0.2	20.0	lognormal_sigma1.0	RS_GCF_902387285.1	Thermoplasmatota	Archaea	highly_fragmented	59.90058765475058	8.393233721003483	59.90058765475058	22.05202199430644	1666795	69	1138318	84	1365982	0.2000003513956557		227664	0	0	0	True	67.063934	15.317479	magicc_v5	7.163346345249423	6.924245278996517	7.163346345249423	6.924245278996517	low	medium
G_r060_uneven_coverage_40pct	60	23	uneven_coverage	0.4	40.0	lognormal_sigma1.0	RS_GCF_902387285.1	Thermoplasmatota	Archaea	highly_fragmented	59.90058765475058	8.393233721003483	59.90058765475058	35.710750272229035	1666795	69	1138318	106	1593645	0.3999998243021722		455327	0	0	0	True	84.00673	7.3245735	magicc_v5	24.106142345249424	-1.0686602210034835	24.106142345249424	1.0686602210034835	medium	medium
G_r061_none_control	61	0	none	0.0	0.0	control	GB_GCA_963677495.1	Cloacimonadota	Bacteria	medium	83.55392487662326	8.740706401506927	83.55392487662326	8.740706401506927	3408260	5	3145641	5	3145641	0.0		0	0	0	0	True	93.162445	4.746217	magicc_v5	9.60852012337675	-3.994489401506927	9.60852012337675	3.994489401506927	high	medium
G_r061_substitution_0p1pct	61	1	substitution	0.001	0.1	uniform	GB_GCA_963677495.1	Cloacimonadota	Bacteria	medium	83.55392487662326	8.740706401506927	83.55392487662326	8.740706401506927	3408260	5	3145641	5	3145641	0.0009988425252595	0.0089640838741259	0	3142	0	0	True	93.8013	5.1814823	magicc_v5	10.247375123376742	-3.559224101506927	10.247375123376742	3.559224101506927	medium	medium
G_r061_substitution_0p5pct	61	2	substitution	0.005	0.5	uniform	GB_GCA_963677495.1	Cloacimonadota	Bacteria	medium	83.55392487662326	8.740706401506927	83.55392487662326	8.740706401506927	3408260	5	3145641	5	3145641	0.005023141547303	0.0441104216424403	0	15801	0	0	True	93.539566	4.7586174	magicc_v5	9.985641123376737	-3.9820890015069264	9.985641123376737	3.9820890015069264	high	medium
G_r061_substitution_1pct	61	3	substitution	0.01	1.0	uniform	GB_GCA_963677495.1	Cloacimonadota	Bacteria	medium	83.55392487662326	8.740706401506927	83.55392487662326	8.740706401506927	3408260	5	3145641	5	3145641	0.0100173541736008	0.0864827525163591	0	31511	0	0	True	85.45474	7.4181886	magicc_v5	1.900815123376745	-1.322517801506927	1.900815123376745	1.322517801506927	medium	medium
G_r061_substitution_2pct	61	4	substitution	0.02	2.0	uniform	GB_GCA_963677495.1	Cloacimonadota	Bacteria	medium	83.55392487662326	8.740706401506927	83.55392487662326	8.740706401506927	3408260	5	3145641	5	3145641	0.0200521928598972	0.1662522378698502	0	63077	0	0	True	82.603424	8.939963	magicc_v5	-0.9505008766232521	0.19925659849307387	0.9505008766232521	0.19925659849307387	medium	medium
G_r061_substitution_5pct	61	5	substitution	0.05	5.0	uniform	GB_GCA_963677495.1	Cloacimonadota	Bacteria	medium	83.55392487662326	8.740706401506927	83.55392487662326	8.740706401506927	3408260	5	3145641	5	3145641	0.0501153818887787	0.3697505902753909	0	157645	0	0	True	75.37601	16.927713	magicc_v5	-8.177914876623262	8.187006598493074	8.177914876623262	8.187006598493074	low	medium
G_r061_substitution_titv_0p1pct	61	6	substitution_titv	0.001	0.1	titv_2	GB_GCA_963677495.1	Cloacimonadota	Bacteria	medium	83.55392487662326	8.740706401506927	83.55392487662326	8.740706401506927	3408260	5	3145641	5	3145641	0.0009921666204121	0.0089640838741259	0	3121	0	0	True	91.32158	5.117032	magicc_v5	7.767655123376741	-3.6236744015069267	7.767655123376741	3.6236744015069267	medium	medium
G_r061_substitution_titv_0p5pct	61	7	substitution_titv	0.005	0.5	titv_2	GB_GCA_963677495.1	Cloacimonadota	Bacteria	medium	83.55392487662326	8.740706401506927	83.55392487662326	8.740706401506927	3408260	5	3145641	5	3145641	0.0049951663269902	0.0441104216424403	0	15713	0	0	True	88.19777	5.9474854	magicc_v5	4.6438451233767495	-2.793221001506927	4.6438451233767495	2.793221001506927	medium	medium
G_r061_substitution_titv_1pct	61	8	substitution_titv	0.01	1.0	titv_2	GB_GCA_963677495.1	Cloacimonadota	Bacteria	medium	83.55392487662326	8.740706401506927	83.55392487662326	8.740706401506927	3408260	5	3145641	5	3145641	0.010098100832231	0.0864827525163591	0	31765	0	0	True	88.94771	7.7504454	magicc_v5	5.393785123376745	-0.9902610015069264	5.393785123376745	0.9902610015069264	medium	medium
G_r061_substitution_titv_2pct	61	9	substitution_titv	0.02	2.0	titv_2	GB_GCA_963677495.1	Cloacimonadota	Bacteria	medium	83.55392487662326	8.740706401506927	83.55392487662326	8.740706401506927	3408260	5	3145641	5	3145641	0.0200490138575889	0.1662522378698502	0	63067	0	0	True	80.37059	10.620156	magicc_v5	-3.183334876623249	1.879449598493073	3.183334876623249	1.879449598493073	low	medium
G_r061_substitution_titv_5pct	61	10	substitution_titv	0.05	5.0	titv_2	GB_GCA_963677495.1	Cloacimonadota	Bacteria	medium	83.55392487662326	8.740706401506927	83.55392487662326	8.740706401506927	3408260	5	3145641	5	3145641	0.0499707372837523	0.3697505902753909	0	157190	0	0	True	70.93795	18.19245	magicc_v5	-12.615974876623255	9.451743598493074	12.615974876623255	9.451743598493074	low	medium
G_r061_indel_0p1pct	61	11	indel	0.001	0.1	ins0.5_geom0.75	GB_GCA_963677495.1	Cloacimonadota	Bacteria	medium	83.55392487662326	8.740706401506927	83.55177336985088	8.740706401506927	3408260	5	3145641	5	3145560	0.0010036110287219		0	0	3157	0	True	92.92526	4.8824577	magicc_v5	9.371335123376738	-3.858248701506927	9.371335123376738	3.858248701506927	high	medium
G_r061_indel_0p5pct	61	12	indel	0.005	0.5	ins0.5_geom0.75	GB_GCA_963677495.1	Cloacimonadota	Bacteria	medium	83.55392487662326	8.740706401506927	83.55692636137981	8.740706401506927	3408260	5	3145641	5	3145754	0.0050275921505346		0	0	15815	0	True	89.975075	5.7527275	magicc_v5	6.421150123376748	-2.987978901506927	6.421150123376748	2.987978901506927	medium	medium
G_r061_indel_1pct	61	13	indel	0.01	1.0	ins0.5_geom0.75	GB_GCA_963677495.1	Cloacimonadota	Bacteria	medium	83.55392487662326	8.740706401506927	83.5618668584127	8.740706401506927	3408260	5	3145641	5	3145940	0.0100055918650602		0	0	31474	0	True	83.052475	5.805364	magicc_v5	-0.5014498766232549	-2.9353424015069267	0.5014498766232549	2.9353424015069267	medium	medium
G_r061_indel_2pct	61	14	indel	0.02	2.0	ins0.5_geom0.75	GB_GCA_963677495.1	Cloacimonadota	Bacteria	medium	83.55392487662326	8.740706401506927	83.54547822040573	8.740706401506927	3408260	5	3145641	5	3145323	0.0199323444728753		0	0	62700	0	True	81.94672	9.325391	magicc_v5	-1.607204876623257	0.5846845984930731	1.607204876623257	0.5846845984930731	medium	medium
G_r061_indel_5pct	61	15	indel	0.05	5.0	ins0.5_geom0.75	GB_GCA_963677495.1	Cloacimonadota	Bacteria	medium	83.55392487662326	8.740706401506927	83.55254366239902	8.740706401506927	3408260	5	3145641	5	3145589	0.0498877653235064		0	0	156929	0	True	78.987495	9.828692	magicc_v5	-4.5664298766232605	1.0879855984930735	4.5664298766232605	1.0879855984930735	medium	medium
G_r061_chimera_5pct	61	16	chimera	0.05	5.0	rc0.5	GB_GCA_963677495.1	Cloacimonadota	Bacteria	medium	83.55392487662326	8.740706401506927	83.55392487662326	8.740706401506927	3408260	5	3145641	5	3145641	0.0		0	0	0	0	True	93.162445	4.746217	magicc_v5	9.60852012337675	-3.994489401506927	9.60852012337675	3.994489401506927	high	medium
G_r061_chimera_10pct	61	17	chimera	0.1	10.0	rc0.5	GB_GCA_963677495.1	Cloacimonadota	Bacteria	medium	83.55392487662326	8.740706401506927	83.55392487662326	8.740706401506927	3408260	5	3145641	5	3145641	0.0		0	0	0	0	True	93.162445	4.746217	magicc_v5	9.60852012337675	-3.994489401506927	9.60852012337675	3.994489401506927	high	medium
G_r061_chimera_20pct	61	18	chimera	0.2	20.0	rc0.5	GB_GCA_963677495.1	Cloacimonadota	Bacteria	medium	83.55392487662326	8.740706401506927	83.55392487662326	8.740706401506927	3408260	5	3145641	5	3145641	0.0		0	0	0	0	True	93.162445	4.746217	magicc_v5	9.60852012337675	-3.994489401506927	9.60852012337675	3.994489401506927	high	medium
G_r061_chimera_40pct	61	19	chimera	0.4	40.0	rc0.5	GB_GCA_963677495.1	Cloacimonadota	Bacteria	medium	83.55392487662326	8.740706401506927	83.55392487662326	8.740706401506927	3408260	5	3145641	4	3145641	0.4		0	0	0	1	True	93.162445	4.746217	magicc_v5	9.60852012337675	-3.994489401506927	9.60852012337675	3.994489401506927	high	medium
G_r061_uneven_coverage_5pct	61	20	uneven_coverage	0.05	5.0	lognormal_sigma1.0	GB_GCA_963677495.1	Cloacimonadota	Bacteria	medium	83.55392487662326	8.740706401506927	83.55392487662326	13.355436498389208	3408260	5	3145641	6	3302923	0.0499999841049884		157282	0	0	0	True	99.13061	3.6495657	magicc_v5	15.576685123376748	-5.0911407015069265	15.576685123376748	5.0911407015069265	high	medium
G_r061_uneven_coverage_10pct	61	21	uneven_coverage	0.1	10.0	lognormal_sigma1.0	GB_GCA_963677495.1	Cloacimonadota	Bacteria	medium	83.55392487662326	8.740706401506927	83.55392487662326	17.970166595271486	3408260	5	3145641	6	3460205	0.0999999682099769		314564	0	0	0	True	99.719284	4.648039	magicc_v5	16.165359123376746	-4.092667401506927	16.165359123376746	4.092667401506927	high	medium
G_r061_uneven_coverage_20pct	61	22	uneven_coverage	0.2	20.0	lognormal_sigma1.0	GB_GCA_963677495.1	Cloacimonadota	Bacteria	medium	83.55392487662326	8.740706401506927	83.55392487662326	27.19962678903605	3408260	5	3145641	7	3774769	0.1999999364199538		629128	0	0	0	True	99.82913	6.8665085	magicc_v5	16.27520512337675	-1.8741979015069266	16.27520512337675	1.8741979015069266	medium	medium
G_r061_uneven_coverage_40pct	61	23	uneven_coverage	0.4	40.0	lognormal_sigma1.0	GB_GCA_963677495.1	Cloacimonadota	Bacteria	medium	83.55392487662326	8.740706401506927	83.55392487662326	45.658547176565165	3408260	5	3145641	7	4403897	0.3999998728399077		1258256	0	0	0	True	99.53205	14.116326	magicc_v5	15.978125123376742	5.375619598493074	15.978125123376742	5.375619598493074	low	medium
G_r062_none_control	62	0	none	0.0	0.0	control	RS_GCF_000024905.1	Synergistota	Bacteria	low	80.77576422497692	4.999962130925293	80.77576422497692	4.999962130925293	1848474	13	1585542	13	1585542	0.0		0	0	0	0	True	84.26726	3.9427786	magicc_v5	3.4914957750230684	-1.0571835309252928	3.4914957750230684	1.0571835309252928	medium	medium
G_r062_substitution_0p1pct	62	1	substitution	0.001	0.1	uniform	RS_GCF_000024905.1	Synergistota	Bacteria	low	80.77576422497692	4.999962130925293	80.77576422497692	4.999962130925293	1848474	13	1585542	13	1585542	0.0010475912968562	0.0089640838741259	0	1661	0	0	True	84.509766	3.931901	magicc_v5	3.7340017750230743	-1.068061130925293	3.7340017750230743	1.068061130925293	medium	medium
G_r062_substitution_0p5pct	62	2	substitution	0.005	0.5	uniform	RS_GCF_000024905.1	Synergistota	Bacteria	low	80.77576422497692	4.999962130925293	80.77576422497692	4.999962130925293	1848474	13	1585542	13	1585542	0.0049490962711804	0.0441104216424403	0	7847	0	0	True	83.57472	3.7617624	magicc_v5	2.7989557750230745	-1.238199730925293	2.7989557750230745	1.238199730925293	medium	medium
G_r062_substitution_1pct	62	3	substitution	0.01	1.0	uniform	RS_GCF_000024905.1	Synergistota	Bacteria	low	80.77576422497692	4.999962130925293	80.77576422497692	4.999962130925293	1848474	13	1585542	13	1585542	0.0099410800849173	0.0864827525163591	0	15762	0	0	True	83.21709	4.332143	magicc_v5	2.441325775023074	-0.6678191309252925	2.441325775023074	0.6678191309252925	medium	medium
G_r062_substitution_2pct	62	4	substitution	0.02	2.0	uniform	RS_GCF_000024905.1	Synergistota	Bacteria	low	80.77576422497692	4.999962130925293	80.77576422497692	4.999962130925293	1848474	13	1585542	13	1585542	0.0199149565259072	0.1662522378698502	0	31576	0	0	True	80.97926	3.9911957	magicc_v5	0.2034957750230717	-1.0087664309252928	0.2034957750230717	1.0087664309252928	medium	medium
G_r062_substitution_5pct	62	5	substitution	0.05	5.0	uniform	RS_GCF_000024905.1	Synergistota	Bacteria	low	80.77576422497692	4.999962130925293	80.77576422497692	4.999962130925293	1848474	13	1585542	13	1585542	0.0498889338787619	0.3697505902753909	0	79101	0	0	True	72.24898	8.012504	magicc_v5	-8.526784224976922	3.012541869074707	8.526784224976922	3.012541869074707	medium	medium
G_r062_substitution_titv_0p1pct	62	6	substitution_titv	0.001	0.1	titv_2	RS_GCF_000024905.1	Synergistota	Bacteria	low	80.77576422497692	4.999962130925293	80.77576422497692	4.999962130925293	1848474	13	1585542	13	1585542	0.0009832599830215	0.0089640838741259	0	1559	0	0	True	84.10989	3.8147597	magicc_v5	3.334125775023068	-1.1852024309252926	3.334125775023068	1.1852024309252926	medium	medium
G_r062_substitution_titv_0p5pct	62	7	substitution_titv	0.005	0.5	titv_2	RS_GCF_000024905.1	Synergistota	Bacteria	low	80.77576422497692	4.999962130925293	80.77576422497692	4.999962130925293	1848474	13	1585542	13	1585542	0.0050411783478457	0.0441104216424403	0	7993	0	0	True	81.674515	4.549032	magicc_v5	0.8987507750230748	-0.45093013092529244	0.8987507750230748	0.45093013092529244	medium	medium
G_r062_substitution_titv_1pct	62	8	substitution_titv	0.01	1.0	titv_2	RS_GCF_000024905.1	Synergistota	Bacteria	low	80.77576422497692	4.999962130925293	80.77576422497692	4.999962130925293	1848474	13	1585542	13	1585542	0.0101593019926309	0.0864827525163591	0	16108	0	0	True	83.08524	4.3755083	magicc_v5	2.309475775023074	-0.6244538309252929	2.309475775023074	0.6244538309252929	medium	medium
G_r062_substitution_titv_2pct	62	9	substitution_titv	0.02	2.0	titv_2	RS_GCF_000024905.1	Synergistota	Bacteria	low	80.77576422497692	4.999962130925293	80.77576422497692	4.999962130925293	1848474	13	1585542	13	1585542	0.019925047712391	0.1662522378698502	0	31592	0	0	True	83.06432	5.624971	magicc_v5	2.2885557750230703	0.6250088690747075	2.2885557750230703	0.6250088690747075	medium	medium
G_r062_substitution_titv_5pct	62	10	substitution_titv	0.05	5.0	titv_2	RS_GCF_000024905.1	Synergistota	Bacteria	low	80.77576422497692	4.999962130925293	80.77576422497692	4.999962130925293	1848474	13	1585542	13	1585542	0.049972816866409	0.3697505902753909	0	79234	0	0	True	74.92016	7.6223555	magicc_v5	-5.855604224976929	2.6223933690747074	5.855604224976929	2.6223933690747074	medium	medium
G_r062_indel_0p1pct	62	11	indel	0.001	0.1	ins0.5_geom0.75	RS_GCF_000024905.1	Synergistota	Bacteria	low	80.77576422497692	4.999962130925293	80.7756623345644	4.999962130925293	1848474	13	1585542	13	1585540	0.0010059651526102		0	0	1595	0	True	84.011566	4.1091976	magicc_v5	3.235801775023077	-0.890764530925293	3.235801775023077	0.890764530925293	medium	medium
G_r062_indel_0p5pct	62	12	indel	0.005	0.5	ins0.5_geom0.75	RS_GCF_000024905.1	Synergistota	Bacteria	low	80.77576422497692	4.999962130925293	80.78844958133583	4.999962130925293	1848474	13	1585542	13	1585791	0.004997660106134		0	0	7924	0	True	83.389755	4.155183	magicc_v5	2.613990775023069	-0.8447791309252928	2.613990775023069	0.8447791309252928	medium	medium
G_r062_indel_1pct	62	13	indel	0.01	1.0	ins0.5_geom0.75	RS_GCF_000024905.1	Synergistota	Bacteria	low	80.77576422497692	4.999962130925293	80.79181196494903	4.999962130925293	1848474	13	1585542	13	1585857	0.0100218095767882		0	0	15890	0	True	83.609886	4.3354063	magicc_v5	2.8341217750230783	-0.664555830925293	2.8341217750230783	0.664555830925293	medium	medium
G_r062_indel_2pct	62	14	indel	0.02	2.0	ins0.5_geom0.75	RS_GCF_000024905.1	Synergistota	Bacteria	low	80.77576422497692	4.999962130925293	80.79079306082384	4.999962130925293	1848474	13	1585542	13	1585837	0.0201659747896933		0	0	31974	0	True	78.36071	5.58646	magicc_v5	-2.4150542249769273	0.5864978690747069	2.4150542249769273	0.5864978690747069	medium	medium
G_r062_indel_5pct	62	15	indel	0.05	5.0	ins0.5_geom0.75	RS_GCF_000024905.1	Synergistota	Bacteria	low	80.77576422497692	4.999962130925293	80.78467963607254	4.999962130925293	1848474	13	1585542	13	1585717	0.0499444354044232		0	0	79189	0	True	73.13338	5.4956913	magicc_v5	-7.642384224976922	0.495729169074707	7.642384224976922	0.495729169074707	medium	medium
G_r062_chimera_5pct	62	16	chimera	0.05	5.0	rc0.5	RS_GCF_000024905.1	Synergistota	Bacteria	low	80.77576422497692	4.999962130925293	80.77576422497692	4.999962130925293	1848474	13	1585542	13	1585542	0.0		0	0	0	0	True	84.26726	3.9427786	magicc_v5	3.4914957750230684	-1.0571835309252928	3.4914957750230684	1.0571835309252928	medium	medium
G_r062_chimera_10pct	62	17	chimera	0.1	10.0	rc0.5	RS_GCF_000024905.1	Synergistota	Bacteria	low	80.77576422497692	4.999962130925293	80.77576422497692	4.999962130925293	1848474	13	1585542	12	1585542	0.1538461538461538		0	0	0	1	True	84.26715	3.9420514	magicc_v5	3.491385775023076	-1.0579107309252929	3.491385775023076	1.0579107309252929	medium	medium
G_r062_chimera_20pct	62	18	chimera	0.2	20.0	rc0.5	RS_GCF_000024905.1	Synergistota	Bacteria	low	80.77576422497692	4.999962130925293	80.77576422497692	4.999962130925293	1848474	13	1585542	12	1585542	0.1538461538461538		0	0	0	1	True	84.26715	3.9420514	magicc_v5	3.491385775023076	-1.0579107309252929	3.491385775023076	1.0579107309252929	medium	medium
G_r062_chimera_40pct	62	19	chimera	0.4	40.0	rc0.5	RS_GCF_000024905.1	Synergistota	Bacteria	low	80.77576422497692	4.999962130925293	80.77576422497692	4.999962130925293	1848474	13	1585542	10	1585542	0.4615384615384615		0	0	0	3	True	84.267944	3.943026	magicc_v5	3.492179775023075	-1.0569361309252927	3.492179775023075	1.0569361309252927	medium	medium
G_r062_uneven_coverage_5pct	62	20	uneven_coverage	0.05	5.0	lognormal_sigma1.0	RS_GCF_000024905.1	Synergistota	Bacteria	low	80.77576422497692	4.999962130925293	80.77576422497692	9.288743038852587	1848474	13	1585542	14	1664819	0.0499999369300844		79277	0	0	0	True	94.32686	2.9172869	magicc_v5	13.551095775023072	-2.0826752309252927	13.551095775023072	2.0826752309252927	high	medium
G_r062_uneven_coverage_10pct	62	21	uneven_coverage	0.1	10.0	lognormal_sigma1.0	RS_GCF_000024905.1	Synergistota	Bacteria	low	80.77576422497692	4.999962130925293	80.77576422497692	13.577523946779884	1848474	13	1585542	16	1744096	0.0999998738601689		158554	0	0	0	True	97.197464	3.9582312	magicc_v5	16.42169977502307	-1.0417309309252927	16.42169977502307	1.0417309309252927	high	medium
G_r062_uneven_coverage_20pct	62	22	uneven_coverage	0.2	20.0	lognormal_sigma1.0	RS_GCF_000024905.1	Synergistota	Bacteria	low	80.77576422497692	4.999962130925293	80.77576422497692	22.155085762634474	1848474	13	1585542	16	1902650	0.1999997477203379		317108	0	0	0	True	99.874985	2.578181	magicc_v5	19.09922077502307	-2.421781130925293	19.09922077502307	2.421781130925293	high	medium
G_r062_uneven_coverage_40pct	62	23	uneven_coverage	0.4	40.0	lognormal_sigma1.0	RS_GCF_000024905.1	Synergistota	Bacteria	low	80.77576422497692	4.999962130925293	80.77576422497692	39.31026349302181	1848474	13	1585542	21	2219759	0.400000126139831		634217	0	0	0	True	98.44181	17.418476	magicc_v5	17.66604577502308	12.418513869074705	17.66604577502308	12.418513869074705	low	medium
G_r063_none_control	63	0	none	0.0	0.0	control	GB_GCA_951812745.1	Nitrospirota	Bacteria	high	100.0	0.0	100.0	0.0	2346994	2	2346994	2	2346994	0.0		0	0	0	0	True	85.936905	1.7845035	magicc_v5	-14.063095000000004	1.7845035	14.063095000000004	1.7845035	medium	high
G_r063_substitution_0p1pct	63	1	substitution	0.001	0.1	uniform	GB_GCA_951812745.1	Nitrospirota	Bacteria	high	100.0	0.0	100.0	0.0	2346994	2	2346994	2	2346994	0.0010161934798299	0.0089640838741259	0	2385	0	0	True	87.45725	2.011603	magicc_v5	-12.542749999999998	2.011603	12.542749999999998	2.011603	medium	high
G_r063_substitution_0p5pct	63	2	substitution	0.005	0.5	uniform	GB_GCA_951812745.1	Nitrospirota	Bacteria	high	100.0	0.0	100.0	0.0	2346994	2	2346994	2	2346994	0.0049753003203246	0.0441104216424403	0	11677	0	0	True	87.69759	2.1239161	magicc_v5	-12.302409999999995	2.1239161	12.302409999999995	2.1239161	medium	high
G_r063_substitution_1pct	63	3	substitution	0.01	1.0	uniform	GB_GCA_951812745.1	Nitrospirota	Bacteria	high	100.0	0.0	100.0	0.0	2346994	2	2346994	2	2346994	0.0099565657176797	0.0864827525163591	0	23368	0	0	True	83.98714	3.1486988	magicc_v5	-16.012860000000003	3.1486988	16.012860000000003	3.1486988	medium	high
G_r063_substitution_2pct	63	4	substitution	0.02	2.0	uniform	GB_GCA_951812745.1	Nitrospirota	Bacteria	high	100.0	0.0	100.0	0.0	2346994	2	2346994	2	2346994	0.0200528846686442	0.1662522378698502	0	47064	0	0	True	80.98455	6.8095536	magicc_v5	-19.01545	6.8095536	19.01545	6.8095536	medium	high
G_r063_substitution_5pct	63	5	substitution	0.05	5.0	uniform	GB_GCA_951812745.1	Nitrospirota	Bacteria	high	100.0	0.0	100.0	0.0	2346994	2	2346994	2	2346994	0.0500137622848631	0.3697505902753909	0	117382	0	0	True	69.99134	10.030034	magicc_v5	-30.008660000000006	10.030034	30.008660000000006	10.030034	low	high
G_r063_substitution_titv_0p1pct	63	6	substitution_titv	0.001	0.1	titv_2	GB_GCA_951812745.1	Nitrospirota	Bacteria	high	100.0	0.0	100.0	0.0	2346994	2	2346994	2	2346994	0.0010012807872538	0.0089640838741259	0	2350	0	0	True	85.66008	1.7737955	magicc_v5	-14.339920000000006	1.7737955	14.339920000000006	1.7737955	medium	high
G_r063_substitution_titv_0p5pct	63	7	substitution_titv	0.005	0.5	titv_2	GB_GCA_951812745.1	Nitrospirota	Bacteria	high	100.0	0.0	100.0	0.0	2346994	2	2346994	2	2346994	0.0050196123211222	0.0441104216424403	0	11781	0	0	True	86.37495	3.583774	magicc_v5	-13.625050000000002	3.583774	13.625050000000002	3.583774	medium	high
G_r063_substitution_titv_1pct	63	8	substitution_titv	0.01	1.0	titv_2	GB_GCA_951812745.1	Nitrospirota	Bacteria	high	100.0	0.0	100.0	0.0	2346994	2	2346994	2	2346994	0.0099714784102558	0.0864827525163591	0	23403	0	0	True	83.6043	3.6179633	magicc_v5	-16.395700000000005	3.6179633	16.395700000000005	3.6179633	medium	high
G_r063_substitution_titv_2pct	63	9	substitution_titv	0.02	2.0	titv_2	GB_GCA_951812745.1	Nitrospirota	Bacteria	high	100.0	0.0	100.0	0.0	2346994	2	2346994	2	2346994	0.0199957903599242	0.1662522378698502	0	46930	0	0	True	80.70981	6.6842647	magicc_v5	-19.290189999999996	6.6842647	19.290189999999996	6.6842647	medium	high
G_r063_substitution_titv_5pct	63	10	substitution_titv	0.05	5.0	titv_2	GB_GCA_951812745.1	Nitrospirota	Bacteria	high	100.0	0.0	100.0	0.0	2346994	2	2346994	2	2346994	0.0499754153610959	0.3697505902753909	0	117292	0	0	True	68.77048	7.1103306	magicc_v5	-31.229519999999994	7.1103306	31.229519999999994	7.1103306	medium	high
G_r063_indel_0p1pct	63	11	indel	0.001	0.1	ins0.5_geom0.75	GB_GCA_951812745.1	Nitrospirota	Bacteria	high	100.0	0.0	99.9986365538216	0.0	2346994	2	2346994	2	2346962	0.0010396277110209		0	0	2440	0	True	84.98596	1.9213945	magicc_v5	-15.014039999999994	1.9213945	15.014039999999994	1.9213945	medium	high
G_r063_indel_0p5pct	63	12	indel	0.005	0.5	ins0.5_geom0.75	GB_GCA_951812745.1	Nitrospirota	Bacteria	high	100.0	0.0	100.01533876950688	0.0	2346994	2	2346994	2	2347354	0.005041768321521		0	0	11833	0	True	85.26033	2.5446892	magicc_v5	-14.739670000000004	2.5446892	14.739670000000004	2.5446892	medium	high
G_r063_indel_1pct	63	13	indel	0.01	1.0	ins0.5_geom0.75	GB_GCA_951812745.1	Nitrospirota	Bacteria	high	100.0	0.0	99.9922880075535	0.0	2346994	2	2346994	2	2346813	0.0100451897192749		0	0	23576	0	True	83.43787	3.1178384	magicc_v5	-16.562129999999996	3.1178384	16.562129999999996	3.1178384	medium	high
G_r063_indel_2pct	63	14	indel	0.02	2.0	ins0.5_geom0.75	GB_GCA_951812745.1	Nitrospirota	Bacteria	high	100.0	0.0	100.00298253851524	0.0	2346994	2	2346994	2	2347064	0.0199962164368549		0	0	46931	0	True	82.37366	7.3007436	magicc_v5	-17.62634	7.3007436	17.62634	7.3007436	medium	high
G_r063_indel_5pct	63	15	indel	0.05	5.0	ins0.5_geom0.75	GB_GCA_951812745.1	Nitrospirota	Bacteria	high	100.0	0.0	99.99518533068256	0.0	2346994	2	2346994	2	2346881	0.0500597785933837		0	0	117490	0	True	72.61895	7.5637074	magicc_v5	-27.381050000000002	7.5637074	27.381050000000002	7.5637074	medium	high
G_r063_chimera_5pct	63	16	chimera	0.05	5.0	rc0.5	GB_GCA_951812745.1	Nitrospirota	Bacteria	high	100.0	0.0	100.0	0.0	2346994	2	2346994	1	2346994	1.0		0	0	0	1	True	85.9344	1.7838806	magicc_v5	-14.065600000000003	1.7838806	14.065600000000003	1.7838806	medium	high
G_r063_chimera_10pct	63	17	chimera	0.1	10.0	rc0.5	GB_GCA_951812745.1	Nitrospirota	Bacteria	high	100.0	0.0	100.0	0.0	2346994	2	2346994	2	2346994	0.0		0	0	0	0	True	85.936905	1.7845035	magicc_v5	-14.063095000000004	1.7845035	14.063095000000004	1.7845035	medium	high
G_r063_chimera_20pct	63	18	chimera	0.2	20.0	rc0.5	GB_GCA_951812745.1	Nitrospirota	Bacteria	high	100.0	0.0	100.0	0.0	2346994	2	2346994	2	2346994	0.0		0	0	0	0	True	85.936905	1.7845035	magicc_v5	-14.063095000000004	1.7845035	14.063095000000004	1.7845035	medium	high
G_r063_chimera_40pct	63	19	chimera	0.4	40.0	rc0.5	GB_GCA_951812745.1	Nitrospirota	Bacteria	high	100.0	0.0	100.0	0.0	2346994	2	2346994	2	2346994	0.0		0	0	0	0	True	85.936905	1.7845035	magicc_v5	-14.063095000000004	1.7845035	14.063095000000004	1.7845035	medium	high
G_r063_uneven_coverage_5pct	63	20	uneven_coverage	0.05	5.0	lognormal_sigma1.0	GB_GCA_951812745.1	Nitrospirota	Bacteria	high	100.0	0.0	100.0	5.000012782307922	2346994	2	2346994	3	2464344	0.0500001278230792		117350	0	0	0	True	95.59387	1.5201777	magicc_v5	-4.4061300000000045	1.5201777	4.4061300000000045	1.5201777	high	high
G_r063_uneven_coverage_10pct	63	21	uneven_coverage	0.1	10.0	lognormal_sigma1.0	GB_GCA_951812745.1	Nitrospirota	Bacteria	high	100.0	0.0	100.0	9.99998295692277	2346994	2	2346994	3	2581693	0.0999998295692277		234699	0	0	0	True	99.74537	1.0648519	magicc_v5	-0.2546300000000059	1.0648519	0.2546300000000059	1.0648519	high	high
G_r063_uneven_coverage_20pct	63	22	uneven_coverage	0.2	20.0	lognormal_sigma1.0	GB_GCA_951812745.1	Nitrospirota	Bacteria	high	100.0	0.0	100.0	20.00000852153861	2346994	2	2346994	3	2816393	0.2000000852153861		469399	0	0	0	True	99.964874	1.8450975	magicc_v5	-0.03512600000000532	1.8450975	0.03512600000000532	1.8450975	high	high
G_r063_uneven_coverage_40pct	63	23	uneven_coverage	0.4	40.0	lognormal_sigma1.0	GB_GCA_951812745.1	Nitrospirota	Bacteria	high	100.0	0.0	100.0	40.00001704307723	2346994	2	2346994	3	3285792	0.4000001704307723		938798	0	0	0	True	99.67308	8.616346	magicc_v5	-0.3269200000000012	8.616346	0.3269200000000012	8.616346	medium	high
G_r064_none_control	64	0	none	0.0	0.0	control	RS_GCF_016615815.1	Pseudomonadota	Bacteria	medium	100.0	1.999989406485085	100.0	1.999989406485085	3020716	6	3081130	6	3081130	0.0		0	0	0	0	True	99.918335	0.7173091	magicc_v5	-0.08166500000000099	-1.282680306485085	0.08166500000000099	1.282680306485085	high	high
G_r064_substitution_0p1pct	64	1	substitution	0.001	0.1	uniform	RS_GCF_016615815.1	Pseudomonadota	Bacteria	medium	100.0	1.999989406485085	100.0	1.999989406485085	3020716	6	3081130	6	3081130	0.0010223521889696	0.0089640838741259	0	3150	0	0	True	99.92303	0.70838034	magicc_v5	-0.07697000000000287	-1.2916090664850848	0.07697000000000287	1.2916090664850848	high	high
G_r064_substitution_0p5pct	64	2	substitution	0.005	0.5	uniform	RS_GCF_016615815.1	Pseudomonadota	Bacteria	medium	100.0	1.999989406485085	100.0	1.999989406485085	3020716	6	3081130	6	3081130	0.0049900523509232	0.0441104216424403	0	15375	0	0	True	99.90199	0.86777806	magicc_v5	-0.09801000000000215	-1.132211346485085	0.09801000000000215	1.132211346485085	high	high
G_r064_substitution_1pct	64	3	substitution	0.01	1.0	uniform	RS_GCF_016615815.1	Pseudomonadota	Bacteria	medium	100.0	1.999989406485085	100.0	1.999989406485085	3020716	6	3081130	6	3081130	0.0100784452457377	0.0864827525163591	0	31053	0	0	True	99.6026	1.2401372	magicc_v5	-0.39740000000000464	-0.759852206485085	0.39740000000000464	0.759852206485085	high	high
G_r064_substitution_2pct	64	4	substitution	0.02	2.0	uniform	RS_GCF_016615815.1	Pseudomonadota	Bacteria	medium	100.0	1.999989406485085	100.0	1.999989406485085	3020716	6	3081130	6	3081130	0.0199955860349936	0.1662522378698502	0	61609	0	0	True	95.96159	2.1964102	magicc_v5	-4.038409999999999	0.19642079351491493	4.038409999999999	0.19642079351491493	high	high
G_r064_substitution_5pct	64	5	substitution	0.05	5.0	uniform	RS_GCF_016615815.1	Pseudomonadota	Bacteria	medium	100.0	1.999989406485085	100.0	1.999989406485085	3020716	6	3081130	6	3081130	0.0501884049033958	0.3697505902753909	0	154637	0	0	True	87.02864	5.7908683	magicc_v5	-12.971360000000004	3.7908788935149147	12.971360000000004	3.7908788935149147	medium	high
G_r064_substitution_titv_0p1pct	64	6	substitution_titv	0.001	0.1	titv_2	RS_GCF_016615815.1	Pseudomonadota	Bacteria	medium	100.0	1.999989406485085	100.0	1.999989406485085	3020716	6	3081130	6	3081130	0.0009915193451753	0.0089640838741259	0	3055	0	0	True	99.93364	0.76538026	magicc_v5	-0.06636000000000308	-1.2346091464850848	0.06636000000000308	1.2346091464850848	high	high
G_r064_substitution_titv_0p5pct	64	7	substitution_titv	0.005	0.5	titv_2	RS_GCF_016615815.1	Pseudomonadota	Bacteria	medium	100.0	1.999989406485085	100.0	1.999989406485085	3020716	6	3081130	6	3081130	0.0049306585570878	0.0441104216424403	0	15192	0	0	True	99.85762	1.1576682	magicc_v5	-0.14238000000000284	-0.8423212064850849	0.14238000000000284	0.8423212064850849	high	high
G_r064_substitution_titv_1pct	64	8	substitution_titv	0.01	1.0	titv_2	RS_GCF_016615815.1	Pseudomonadota	Bacteria	medium	100.0	1.999989406485085	100.0	1.999989406485085	3020716	6	3081130	6	3081130	0.0100372266019285	0.0864827525163591	0	30926	0	0	True	99.85718	1.1786491	magicc_v5	-0.1428200000000004	-0.821340306485085	0.1428200000000004	0.821340306485085	high	high
G_r064_substitution_titv_2pct	64	9	substitution_titv	0.02	2.0	titv_2	RS_GCF_016615815.1	Pseudomonadota	Bacteria	medium	100.0	1.999989406485085	100.0	1.999989406485085	3020716	6	3081130	6	3081130	0.0199595602911918	0.1662522378698502	0	61498	0	0	True	99.879944	2.0454435	magicc_v5	-0.12005600000000527	0.04545409351491525	0.12005600000000527	0.04545409351491525	high	high
G_r064_substitution_titv_5pct	64	10	substitution_titv	0.05	5.0	titv_2	RS_GCF_016615815.1	Pseudomonadota	Bacteria	medium	100.0	1.999989406485085	100.0	1.999989406485085	3020716	6	3081130	6	3081130	0.0500757838844839	0.3697505902753909	0	154290	0	0	True	84.92018	5.221504	magicc_v5	-15.079819999999998	3.2215145935149154	15.079819999999998	3.2215145935149154	medium	high
G_r064_indel_0p1pct	64	11	indel	0.001	0.1	ins0.5_geom0.75	RS_GCF_016615815.1	Pseudomonadota	Bacteria	medium	100.0	1.999989406485085	100.0018175150026	1.999989406485085	3020716	6	3081130	6	3081186	0.0010096944952014		0	0	3111	0	True	99.89679	0.7731974	magicc_v5	-0.10321000000000424	-1.226792006485085	0.10321000000000424	1.226792006485085	high	high
G_r064_indel_0p5pct	64	12	indel	0.005	0.5	ins0.5_geom0.75	RS_GCF_016615815.1	Pseudomonadota	Bacteria	medium	100.0	1.999989406485085	100.00714023751028	1.999989406485085	3020716	6	3081130	6	3081350	0.0050095257259511		0	0	15435	0	True	99.72817	0.91712177	magicc_v5	-0.27182999999999424	-1.0828676364850849	0.27182999999999424	1.0828676364850849	high	high
G_r064_indel_1pct	64	13	indel	0.01	1.0	ins0.5_geom0.75	RS_GCF_016615815.1	Pseudomonadota	Bacteria	medium	100.0	1.999989406485085	100.0024990831286	1.999989406485085	3020716	6	3081130	6	3081207	0.0100446913956892		0	0	30949	0	True	95.58806	1.2322992	magicc_v5	-4.411940000000001	-0.767690206485085	4.411940000000001	0.767690206485085	high	high
G_r064_indel_2pct	64	14	indel	0.02	2.0	ins0.5_geom0.75	RS_GCF_016615815.1	Pseudomonadota	Bacteria	medium	100.0	1.999989406485085	100.00379730813049	1.999989406485085	3020716	6	3081130	6	3081247	0.020093926578885		0	0	61912	0	True	97.19608	1.5466094	magicc_v5	-2.803920000000005	-0.45338000648508503	2.803920000000005	0.45338000648508503	high	high
G_r064_indel_5pct	64	15	indel	0.05	5.0	ins0.5_geom0.75	RS_GCF_016615815.1	Pseudomonadota	Bacteria	medium	100.0	1.999989406485085	99.99474218874244	1.999989406485085	3020716	6	3081130	6	3080968	0.0500585824032092		0	0	154237	0	True	76.76541	3.6177187	magicc_v5	-23.234589999999997	1.6177292935149152	23.234589999999997	1.6177292935149152	medium	high
G_r064_chimera_5pct	64	16	chimera	0.05	5.0	rc0.5	RS_GCF_016615815.1	Pseudomonadota	Bacteria	medium	100.0	1.999989406485085	100.0	1.999989406485085	3020716	6	3081130	6	3081130	0.0		0	0	0	0	True	99.918335	0.7173091	magicc_v5	-0.08166500000000099	-1.282680306485085	0.08166500000000099	1.282680306485085	high	high
G_r064_chimera_10pct	64	17	chimera	0.1	10.0	rc0.5	RS_GCF_016615815.1	Pseudomonadota	Bacteria	medium	100.0	1.999989406485085	100.0	1.999989406485085	3020716	6	3081130	6	3081130	0.0		0	0	0	0	True	99.918335	0.7173091	magicc_v5	-0.08166500000000099	-1.282680306485085	0.08166500000000099	1.282680306485085	high	high
G_r064_chimera_20pct	64	18	chimera	0.2	20.0	rc0.5	RS_GCF_016615815.1	Pseudomonadota	Bacteria	medium	100.0	1.999989406485085	100.0	1.999989406485085	3020716	6	3081130	6	3081130	0.0		0	0	0	0	True	99.918335	0.7173091	magicc_v5	-0.08166500000000099	-1.282680306485085	0.08166500000000099	1.282680306485085	high	high
G_r064_chimera_40pct	64	19	chimera	0.4	40.0	rc0.5	RS_GCF_016615815.1	Pseudomonadota	Bacteria	medium	100.0	1.999989406485085	100.0	1.999989406485085	3020716	6	3081130	5	3081130	0.3333333333333333		0	0	0	1	True	99.918335	0.7173091	magicc_v5	-0.08166500000000099	-1.282680306485085	0.08166500000000099	1.282680306485085	high	high
G_r064_uneven_coverage_5pct	64	20	uneven_coverage	0.05	5.0	lognormal_sigma1.0	RS_GCF_016615815.1	Pseudomonadota	Bacteria	medium	100.0	1.999989406485085	100.0	7.099972324442285	3020716	6	3081130	7	3235186	0.0499998377218747		154056	0	0	0	True	99.96272	0.8064121	magicc_v5	-0.03727999999999554	-1.193577306485085	0.03727999999999554	1.193577306485085	high	high
G_r064_uneven_coverage_10pct	64	21	uneven_coverage	0.1	10.0	lognormal_sigma1.0	RS_GCF_016615815.1	Pseudomonadota	Bacteria	medium	100.0	1.999989406485085	100.0	12.199988347133594	3020716	6	3081130	7	3389243	0.1		308113	0	0	0	True	99.96416	0.9694129	magicc_v5	-0.03583999999999321	-1.030576506485085	0.03583999999999321	1.030576506485085	high	high
G_r064_uneven_coverage_20pct	64	22	uneven_coverage	0.2	20.0	lognormal_sigma1.0	RS_GCF_016615815.1	Pseudomonadota	Bacteria	medium	100.0	1.999989406485085	100.0	22.399987287782103	3020716	6	3081130	9	3697356	0.2		616226	0	0	0	True	99.96403	1.2841374	magicc_v5	-0.03597000000000605	-0.7158520064850848	0.03597000000000605	0.7158520064850848	high	high
G_r064_uneven_coverage_40pct	64	23	uneven_coverage	0.4	40.0	lognormal_sigma1.0	RS_GCF_016615815.1	Pseudomonadota	Bacteria	medium	100.0	1.999989406485085	100.0	42.79998516907912	3020716	6	3081130	8	4313582	0.4		1232452	0	0	0	True	99.754135	8.846199	magicc_v5	-0.2458649999999949	6.846209593514915	0.2458649999999949	6.846209593514915	medium	high
G_r065_none_control	65	0	none	0.0	0.0	control	RS_GCF_033344055.1	Bacillota	Bacteria	medium	100.0	1.6243791856648486	100.0	1.6243791856648486	1985497	8	2017749	8	2017749	0.0		0	0	0	0	True	99.92452	2.004364	magicc_v5	-0.07547999999999888	0.3799848143351512	0.07547999999999888	0.3799848143351512	high	high
G_r065_substitution_0p1pct	65	1	substitution	0.001	0.1	uniform	RS_GCF_033344055.1	Bacillota	Bacteria	medium	100.0	1.6243791856648486	100.0	1.6243791856648486	1985497	8	2017749	8	2017749	0.0010179660601987	0.0089640838741259	0	2054	0	0	True	99.91086	2.0336568	magicc_v5	-0.08914000000000044	0.40927761433515153	0.08914000000000044	0.40927761433515153	high	high
G_r065_substitution_0p5pct	65	2	substitution	0.005	0.5	uniform	RS_GCF_033344055.1	Bacillota	Bacteria	medium	100.0	1.6243791856648486	100.0	1.6243791856648486	1985497	8	2017749	8	2017749	0.0050209416532978	0.0441104216424403	0	10131	0	0	True	99.86658	1.9598663	magicc_v5	-0.13342000000000098	0.33548711433515144	0.13342000000000098	0.33548711433515144	high	high
G_r065_substitution_1pct	65	3	substitution	0.01	1.0	uniform	RS_GCF_033344055.1	Bacillota	Bacteria	medium	100.0	1.6243791856648486	100.0	1.6243791856648486	1985497	8	2017749	8	2017749	0.009956639800094	0.0864827525163591	0	20090	0	0	True	99.43855	3.2289119	magicc_v5	-0.5614499999999936	1.6045327143351513	0.5614499999999936	1.6045327143351513	high	high
G_r065_substitution_2pct	65	4	substitution	0.02	2.0	uniform	RS_GCF_033344055.1	Bacillota	Bacteria	medium	100.0	1.6243791856648486	100.0	1.6243791856648486	1985497	8	2017749	8	2017749	0.0199212092286999	0.1662522378698502	0	40196	0	0	True	87.586136	10.788661	magicc_v5	-12.413864000000004	9.164281814335151	12.413864000000004	9.164281814335151	low	high
G_r065_substitution_5pct	65	5	substitution	0.05	5.0	uniform	RS_GCF_033344055.1	Bacillota	Bacteria	medium	100.0	1.6243791856648486	100.0	1.6243791856648486	1985497	8	2017749	8	2017749	0.0495700902342164	0.3697505902753909	0	100020	0	0	True	71.76546	21.682102	magicc_v5	-28.234539999999996	20.05772281433515	28.234539999999996	20.05772281433515	low	high
G_r065_substitution_titv_0p1pct	65	6	substitution_titv	0.001	0.1	titv_2	RS_GCF_033344055.1	Bacillota	Bacteria	medium	100.0	1.6243791856648486	100.0	1.6243791856648486	1985497	8	2017749	8	2017749	0.0010397725386061	0.0089640838741259	0	2098	0	0	True	99.883896	2.2302895	magicc_v5	-0.11610400000000709	0.6059103143351514	0.11610400000000709	0.6059103143351514	high	high
G_r065_substitution_titv_0p5pct	65	7	substitution_titv	0.005	0.5	titv_2	RS_GCF_033344055.1	Bacillota	Bacteria	medium	100.0	1.6243791856648486	100.0	1.6243791856648486	1985497	8	2017749	8	2017749	0.0049654342537154	0.0441104216424403	0	10019	0	0	True	99.57478	3.0753164	magicc_v5	-0.42521999999999593	1.4509372143351515	0.42521999999999593	1.4509372143351515	high	high
G_r065_substitution_titv_1pct	65	8	substitution_titv	0.01	1.0	titv_2	RS_GCF_033344055.1	Bacillota	Bacteria	medium	100.0	1.6243791856648486	100.0	1.6243791856648486	1985497	8	2017749	8	2017749	0.0100557601564912	0.0864827525163591	0	20290	0	0	True	98.72352	4.142639	magicc_v5	-1.2764800000000065	2.5182598143351513	1.2764800000000065	2.5182598143351513	high	high
G_r065_substitution_titv_2pct	65	9	substitution_titv	0.02	2.0	titv_2	RS_GCF_033344055.1	Bacillota	Bacteria	medium	100.0	1.6243791856648486	100.0	1.6243791856648486	1985497	8	2017749	8	2017749	0.0198751182629752	0.1662522378698502	0	40103	0	0	True	87.27829	9.475488	magicc_v5	-12.721710000000002	7.851108814335152	12.721710000000002	7.851108814335152	medium	high
G_r065_substitution_titv_5pct	65	10	substitution_titv	0.05	5.0	titv_2	RS_GCF_033344055.1	Bacillota	Bacteria	medium	100.0	1.6243791856648486	100.0	1.6243791856648486	1985497	8	2017749	8	2017749	0.0500533019716525	0.3697505902753909	0	100995	0	0	True	71.63168	23.429754	magicc_v5	-28.368319999999997	21.80537481433515	28.368319999999997	21.80537481433515	low	high
G_r065_indel_0p1pct	65	11	indel	0.001	0.1	ins0.5_geom0.75	RS_GCF_033344055.1	Bacillota	Bacteria	medium	100.0	1.6243791856648486	99.99573782467492	1.6243791856648486	1985497	8	2017749	8	2017663	0.0009867431479336		0	0	1991	0	True	99.91739	1.963982	magicc_v5	-0.08261000000000251	0.33960281433515127	0.08261000000000251	0.33960281433515127	high	high
G_r065_indel_0p5pct	65	12	indel	0.005	0.5	ins0.5_geom0.75	RS_GCF_033344055.1	Bacillota	Bacteria	medium	100.0	1.6243791856648486	100.006987985126	1.6243791856648486	1985497	8	2017749	8	2017890	0.0049054664380951		0	0	9898	0	True	99.83731	2.7540505	magicc_v5	-0.16268999999999778	1.1296713143351513	0.16268999999999778	1.1296713143351513	high	high
G_r065_indel_1pct	65	13	indel	0.01	1.0	ins0.5_geom0.75	RS_GCF_033344055.1	Bacillota	Bacteria	medium	100.0	1.6243791856648486	99.999752199109	1.6243791856648486	1985497	8	2017749	8	2017744	0.0100245372442261		0	0	20227	0	True	98.92194	2.8518586	magicc_v5	-1.0780599999999936	1.2274794143351513	1.0780599999999936	1.2274794143351513	high	high
G_r065_indel_2pct	65	14	indel	0.02	2.0	ins0.5_geom0.75	RS_GCF_033344055.1	Bacillota	Bacteria	medium	100.0	1.6243791856648486	99.98072109068076	1.6243791856648486	1985497	8	2017749	8	2017360	0.0198671886344634		0	0	40087	0	True	87.094666	7.1761904	magicc_v5	-12.905333999999996	5.551811214335151	12.905333999999996	5.551811214335151	medium	high
G_r065_indel_5pct	65	15	indel	0.05	5.0	ins0.5_geom0.75	RS_GCF_033344055.1	Bacillota	Bacteria	medium	100.0	1.6243791856648486	99.9868665527774	1.6243791856648486	1985497	8	2017749	8	2017484	0.0500547887769985		0	0	100998	0	True	73.904976	15.983027	magicc_v5	-26.095023999999995	14.358647814335152	26.095023999999995	14.358647814335152	low	high
G_r065_chimera_5pct	65	16	chimera	0.05	5.0	rc0.5	RS_GCF_033344055.1	Bacillota	Bacteria	medium	100.0	1.6243791856648486	100.0	1.6243791856648486	1985497	8	2017749	8	2017749	0.0		0	0	0	0	True	99.92452	2.004364	magicc_v5	-0.07547999999999888	0.3799848143351512	0.07547999999999888	0.3799848143351512	high	high
G_r065_chimera_10pct	65	17	chimera	0.1	10.0	rc0.5	RS_GCF_033344055.1	Bacillota	Bacteria	medium	100.0	1.6243791856648486	100.0	1.6243791856648486	1985497	8	2017749	8	2017749	0.0		0	0	0	0	True	99.92452	2.004364	magicc_v5	-0.07547999999999888	0.3799848143351512	0.07547999999999888	0.3799848143351512	high	high
G_r065_chimera_20pct	65	18	chimera	0.2	20.0	rc0.5	RS_GCF_033344055.1	Bacillota	Bacteria	medium	100.0	1.6243791856648486	100.0	1.6243791856648486	1985497	8	2017749	7	2017749	0.25		0	0	0	1	True	99.92452	2.004364	magicc_v5	-0.07547999999999888	0.3799848143351512	0.07547999999999888	0.3799848143351512	high	high
G_r065_chimera_40pct	65	19	chimera	0.4	40.0	rc0.5	RS_GCF_033344055.1	Bacillota	Bacteria	medium	100.0	1.6243791856648486	100.0	1.6243791856648486	1985497	8	2017749	7	2017749	0.25		0	0	0	1	True	99.92406	2.0198493	magicc_v5	-0.07594000000000278	0.39547011433515156	0.07594000000000278	0.39547011433515156	high	high
G_r065_uneven_coverage_5pct	65	20	uneven_coverage	0.05	5.0	lognormal_sigma1.0	RS_GCF_033344055.1	Bacillota	Bacteria	medium	100.0	1.6243791856648486	100.0	6.705575480597553	1985497	8	2017749	9	2118636	0.0499997769791981		100887	0	0	0	True	99.94437	3.1248302	magicc_v5	-0.05562999999999363	1.5004510143351513	0.05562999999999363	1.5004510143351513	high	high
G_r065_uneven_coverage_10pct	65	21	uneven_coverage	0.1	10.0	lognormal_sigma1.0	RS_GCF_033344055.1	Bacillota	Bacteria	medium	100.0	1.6243791856648486	100.0	11.786822140753674	1985497	8	2017749	9	2219524	0.1000000495601782		201775	0	0	0	True	99.77521	5.832821	magicc_v5	-0.2247899999999987	4.208441814335151	0.2247899999999987	4.208441814335151	medium	high
G_r065_uneven_coverage_20pct	65	22	uneven_coverage	0.2	20.0	lognormal_sigma1.0	RS_GCF_033344055.1	Bacillota	Bacteria	medium	100.0	1.6243791856648486	100.0	21.949265095842502	1985497	8	2017749	10	2421299	0.2000000991203564		403550	0	0	0	True	92.16872	28.096815	magicc_v5	-7.831280000000007	26.47243581433515	7.831280000000007	26.47243581433515	low	high
G_r065_uneven_coverage_40pct	65	23	uneven_coverage	0.4	40.0	lognormal_sigma1.0	RS_GCF_033344055.1	Bacillota	Bacteria	medium	100.0	1.6243791856648486	100.0	42.27415100602016	1985497	8	2017749	12	2824849	0.4000001982407128		807100	0	0	0	True	84.77475	49.36049	magicc_v5	-15.225250000000003	47.73611081433515	15.225250000000003	47.73611081433515	low	high
G_r066_none_control	66	0	none	0.0	0.0	control	RS_GCF_000145235.1	Actinomycetota	Bacteria	low	86.47316177972458	4.602793884443928	86.47316177972458	4.602793884443928	7025559	210	6398595	210	6398595	0.0		0	0	0	0	True	85.11892	5.6287584	magicc_v5	-1.3542417797245747	1.0259645155560717	1.3542417797245747	1.0259645155560717	medium	medium
G_r066_substitution_0p1pct	66	1	substitution	0.001	0.1	uniform	RS_GCF_000145235.1	Actinomycetota	Bacteria	low	86.47316177972458	4.602793884443928	86.47316177972458	4.602793884443928	7025559	210	6398595	210	6398595	0.001013972598672	0.0089640838741259	0	6488	0	0	True	84.90875	5.5528045	magicc_v5	-1.5644117797245798	0.9500106155560717	1.5644117797245798	0.9500106155560717	medium	medium
G_r066_substitution_0p5pct	66	2	substitution	0.005	0.5	uniform	RS_GCF_000145235.1	Actinomycetota	Bacteria	low	86.47316177972458	4.602793884443928	86.47316177972458	4.602793884443928	7025559	210	6398595	210	6398595	0.005000160191417	0.0441104216424403	0	31994	0	0	True	84.48975	5.394265	magicc_v5	-1.9834117797245767	0.7914711155560719	1.9834117797245767	0.7914711155560719	medium	medium
G_r066_substitution_1pct	66	3	substitution	0.01	1.0	uniform	RS_GCF_000145235.1	Actinomycetota	Bacteria	low	86.47316177972458	4.602793884443928	86.47316177972458	4.602793884443928	7025559	210	6398595	210	6398595	0.0100522067735182	0.0864827525163591	0	64320	0	0	True	83.07271	6.183526	magicc_v5	-3.400451779724577	1.5807321155560716	3.400451779724577	1.5807321155560716	medium	medium
G_r066_substitution_2pct	66	4	substitution	0.02	2.0	uniform	RS_GCF_000145235.1	Actinomycetota	Bacteria	low	86.47316177972458	4.602793884443928	86.47316177972458	4.602793884443928	7025559	210	6398595	210	6398595	0.0199832932073369	0.1662522378698502	0	127865	0	0	True	81.45859	7.1148186	magicc_v5	-5.014571779724577	2.5120247155560724	5.014571779724577	2.5120247155560724	medium	medium
G_r066_substitution_5pct	66	5	substitution	0.05	5.0	uniform	RS_GCF_000145235.1	Actinomycetota	Bacteria	low	86.47316177972458	4.602793884443928	86.47316177972458	4.602793884443928	7025559	210	6398595	210	6398595	0.0499522160724346	0.3697505902753909	0	319624	0	0	True	70.931335	11.195949	magicc_v5	-15.541826779724573	6.593155115556073	15.541826779724573	6.593155115556073	low	medium
G_r066_substitution_titv_0p1pct	66	6	substitution_titv	0.001	0.1	titv_2	RS_GCF_000145235.1	Actinomycetota	Bacteria	low	86.47316177972458	4.602793884443928	86.47316177972458	4.602793884443928	7025559	210	6398595	210	6398595	0.0010117846183419	0.0089640838741259	0	6474	0	0	True	84.63556	5.584657	magicc_v5	-1.8376017797245794	0.981863115556072	1.8376017797245794	0.981863115556072	medium	medium
G_r066_substitution_titv_0p5pct	66	7	substitution_titv	0.005	0.5	titv_2	RS_GCF_000145235.1	Actinomycetota	Bacteria	low	86.47316177972458	4.602793884443928	86.47316177972458	4.602793884443928	7025559	210	6398595	210	6398595	0.0049940651033547	0.0441104216424403	0	31955	0	0	True	83.86185	5.8657856	magicc_v5	-2.6113117797245735	1.2629917155560717	2.6113117797245735	1.2629917155560717	medium	medium
G_r066_substitution_titv_1pct	66	8	substitution_titv	0.01	1.0	titv_2	RS_GCF_000145235.1	Actinomycetota	Bacteria	low	86.47316177972458	4.602793884443928	86.47316177972458	4.602793884443928	7025559	210	6398595	210	6398595	0.0099831291088121	0.0864827525163591	0	63878	0	0	True	82.76857	6.4400344	magicc_v5	-3.7045917797245806	1.837240515556072	3.7045917797245806	1.837240515556072	medium	medium
G_r066_substitution_titv_2pct	66	9	substitution_titv	0.02	2.0	titv_2	RS_GCF_000145235.1	Actinomycetota	Bacteria	low	86.47316177972458	4.602793884443928	86.47316177972458	4.602793884443928	7025559	210	6398595	210	6398595	0.0200445566565785	0.1662522378698502	0	128257	0	0	True	77.954834	6.9857	magicc_v5	-8.518327779724572	2.3829061155560716	8.518327779724572	2.3829061155560716	medium	medium
G_r066_substitution_titv_5pct	66	10	substitution_titv	0.05	5.0	titv_2	RS_GCF_000145235.1	Actinomycetota	Bacteria	low	86.47316177972458	4.602793884443928	86.47316177972458	4.602793884443928	7025559	210	6398595	210	6398595	0.0498454738891897	0.3697505902753909	0	318941	0	0	True	71.09158	10.537356	magicc_v5	-15.381581779724584	5.934562115556073	15.381581779724584	5.934562115556073	low	medium
G_r066_indel_0p1pct	66	11	indel	0.001	0.1	ins0.5_geom0.75	RS_GCF_000145235.1	Actinomycetota	Bacteria	low	86.47316177972458	4.602793884443928	86.47583763060003	4.602793884443928	7025559	210	6398595	210	6398793	0.0010030326970217		0	0	6418	0	True	84.38335	5.6263504	magicc_v5	-2.0898117797245845	1.0235565155560717	2.0898117797245845	1.0235565155560717	medium	medium
G_r066_indel_0p5pct	66	12	indel	0.005	0.5	ins0.5_geom0.75	RS_GCF_000145235.1	Actinomycetota	Bacteria	low	86.47316177972458	4.602793884443928	86.47879728384103	4.602793884443928	7025559	210	6398595	210	6399012	0.0050450137881831		0	0	32281	0	True	83.64669	5.5747004	magicc_v5	-2.826471779724571	0.9719065155560722	2.826471779724571	0.9719065155560722	medium	medium
G_r066_indel_1pct	66	13	indel	0.01	1.0	ins0.5_geom0.75	RS_GCF_000145235.1	Actinomycetota	Bacteria	low	86.47316177972458	4.602793884443928	86.47333746690327	4.602793884443928	7025559	210	6398595	210	6398608	0.0100043837748755		0	0	64014	0	True	82.57282	5.083519	magicc_v5	-3.9003417797245845	0.4807251155560719	3.9003417797245845	0.4807251155560719	medium	medium
G_r066_indel_2pct	66	14	indel	0.02	2.0	ins0.5_geom0.75	RS_GCF_000145235.1	Actinomycetota	Bacteria	low	86.47316177972458	4.602793884443928	86.48479767671326	4.602793884443928	7025559	210	6398595	210	6399456	0.0200181446083085		0	0	128088	0	True	77.10969	5.2343607	magicc_v5	-9.363471779724577	0.6315668155560719	9.363471779724577	0.6315668155560719	medium	medium
G_r066_indel_5pct	66	15	indel	0.05	5.0	ins0.5_geom0.75	RS_GCF_000145235.1	Actinomycetota	Bacteria	low	86.47316177972458	4.602793884443928	86.4963119441167	4.602793884443928	7025559	210	6398595	210	6400308	0.0499576860232597		0	0	319659	0	True	73.893936	4.9166203	magicc_v5	-12.579225779724581	0.31382641555607194	12.579225779724581	0.31382641555607194	medium	medium
G_r066_chimera_5pct	66	16	chimera	0.05	5.0	rc0.5	RS_GCF_000145235.1	Actinomycetota	Bacteria	low	86.47316177972458	4.602793884443928	86.47316177972458	4.602793884443928	7025559	210	6398595	205	6398595	0.0476190476190476		0	0	0	5	True	85.1467	5.6355386	magicc_v5	-1.326461779724582	1.0327447155560723	1.326461779724582	1.0327447155560723	medium	medium
G_r066_chimera_10pct	66	17	chimera	0.1	10.0	rc0.5	RS_GCF_000145235.1	Actinomycetota	Bacteria	low	86.47316177972458	4.602793884443928	86.47316177972458	4.602793884443928	7025559	210	6398595	200	6398595	0.0952380952380952		0	0	0	10	True	85.133026	5.624893	magicc_v5	-1.3401357797245765	1.0220991155560721	1.3401357797245765	1.0220991155560721	medium	medium
G_r066_chimera_20pct	66	18	chimera	0.2	20.0	rc0.5	RS_GCF_000145235.1	Actinomycetota	Bacteria	low	86.47316177972458	4.602793884443928	86.47316177972458	4.602793884443928	7025559	210	6398595	189	6398595	0.2		0	0	0	21	True	85.112595	5.6330624	magicc_v5	-1.3605667797245786	1.030268515556072	1.3605667797245786	1.030268515556072	medium	medium
G_r066_chimera_40pct	66	19	chimera	0.4	40.0	rc0.5	RS_GCF_000145235.1	Actinomycetota	Bacteria	low	86.47316177972458	4.602793884443928	86.47316177972458	4.602793884443928	7025559	210	6398595	168	6398595	0.4		0	0	0	42	True	85.11252	5.6241183	magicc_v5	-1.360641779724574	1.0213244155560721	1.360641779724574	1.0213244155560721	medium	medium
G_r066_uneven_coverage_5pct	66	20	uneven_coverage	0.05	5.0	lognormal_sigma1.0	RS_GCF_000145235.1	Actinomycetota	Bacteria	low	86.47316177972458	4.602793884443928	86.47316177972458	9.15659522608806	7025559	210	6398595	226	6718525	0.0500000390710773		319930	0	0	0	True	91.57449	6.2158017	magicc_v5	5.10132822027542	1.613007815556072	5.10132822027542	1.613007815556072	medium	medium
G_r066_uneven_coverage_10pct	66	21	uneven_coverage	0.1	10.0	lognormal_sigma1.0	RS_GCF_000145235.1	Actinomycetota	Bacteria	low	86.47316177972458	4.602793884443928	86.47316177972458	13.710396567732191	7025559	210	6398595	244	7038455	0.1000000781421546		639860	0	0	0	True	98.76847	4.7604055	magicc_v5	12.295308220275416	0.15761161555607206	12.295308220275416	0.15761161555607206	high	medium
G_r066_uneven_coverage_20pct	66	22	uneven_coverage	0.2	20.0	lognormal_sigma1.0	RS_GCF_000145235.1	Actinomycetota	Bacteria	low	86.47316177972458	4.602793884443928	86.47316177972458	22.81798501727763	7025559	210	6398595	249	7678314	0.2		1279719	0	0	0	True	99.93935	5.1824627	magicc_v5	13.466188220275427	0.5796688155560723	13.466188220275427	0.5796688155560723	medium	medium
G_r066_uneven_coverage_40pct	66	23	uneven_coverage	0.4	40.0	lognormal_sigma1.0	RS_GCF_000145235.1	Actinomycetota	Bacteria	low	86.47316177972458	4.602793884443928	86.47316177972458	41.03317615011133	7025559	210	6398595	316	8958033	0.4		2559438	0	0	0	True	99.64467	12.829081	magicc_v5	13.171508220275427	8.226287115556072	13.171508220275427	8.226287115556072	low	medium
G_r067_none_control	67	0	none	0.0	0.0	control	RS_GCF_001670625.2	Bacteroidota	Bacteria	high	100.0	9.999990709738794	100.0	9.999990709738794	2152792	3	2368071	3	2368071	0.0		0	0	0	0	True	99.53674	11.726999	magicc_v5	-0.46326000000000533	1.727008290261205	0.46326000000000533	1.727008290261205	low	medium
G_r067_substitution_0p1pct	67	1	substitution	0.001	0.1	uniform	RS_GCF_001670625.2	Bacteroidota	Bacteria	high	100.0	9.999990709738794	100.0	9.999990709738794	2152792	3	2368071	3	2368071	0.0009560524156581	0.0089640838741259	0	2264	0	0	True	99.22446	12.469307	magicc_v5	-0.7755400000000066	2.4693162902612062	0.7755400000000066	2.4693162902612062	low	medium
G_r067_substitution_0p5pct	67	2	substitution	0.005	0.5	uniform	RS_GCF_001670625.2	Bacteroidota	Bacteria	high	100.0	9.999990709738794	100.0	9.999990709738794	2152792	3	2368071	3	2368071	0.0049816918496109	0.0441104216424403	0	11797	0	0	True	96.71208	14.567765	magicc_v5	-3.2879199999999997	4.567774290261205	3.2879199999999997	4.567774290261205	low	medium
G_r067_substitution_1pct	67	3	substitution	0.01	1.0	uniform	RS_GCF_001670625.2	Bacteroidota	Bacteria	high	100.0	9.999990709738794	100.0	9.999990709738794	2152792	3	2368071	3	2368071	0.0100246149714261	0.0864827525163591	0	23739	0	0	True	92.31999	17.316025	magicc_v5	-7.680009999999996	7.316034290261205	7.680009999999996	7.316034290261205	low	medium
G_r067_substitution_2pct	67	4	substitution	0.02	2.0	uniform	RS_GCF_001670625.2	Bacteroidota	Bacteria	high	100.0	9.999990709738794	100.0	9.999990709738794	2152792	3	2368071	3	2368071	0.0198807383731315	0.1662522378698502	0	47079	0	0	True	84.54448	22.059319	magicc_v5	-15.455520000000007	12.059328290261204	15.455520000000007	12.059328290261204	low	medium
G_r067_substitution_5pct	67	5	substitution	0.05	5.0	uniform	RS_GCF_001670625.2	Bacteroidota	Bacteria	high	100.0	9.999990709738794	100.0	9.999990709738794	2152792	3	2368071	3	2368071	0.0501028051946077	0.3697505902753909	0	118647	0	0	True	73.91737	34.75682	magicc_v5	-26.082629999999995	24.7568292902612	26.082629999999995	24.7568292902612	low	medium
G_r067_substitution_titv_0p1pct	67	6	substitution_titv	0.001	0.1	titv_2	RS_GCF_001670625.2	Bacteroidota	Bacteria	high	100.0	9.999990709738794	100.0	9.999990709738794	2152792	3	2368071	3	2368071	0.0009923688943448	0.0089640838741259	0	2350	0	0	True	99.43994	12.015277	magicc_v5	-0.5600599999999929	2.015286290261205	0.5600599999999929	2.015286290261205	low	medium
G_r067_substitution_titv_0p5pct	67	7	substitution_titv	0.005	0.5	titv_2	RS_GCF_001670625.2	Bacteroidota	Bacteria	high	100.0	9.999990709738794	100.0	9.999990709738794	2152792	3	2368071	3	2368071	0.0049559324868215	0.0441104216424403	0	11736	0	0	True	97.18625	13.81132	magicc_v5	-2.813749999999999	3.811329290261206	2.813749999999999	3.811329290261206	low	medium
G_r067_substitution_titv_1pct	67	8	substitution_titv	0.01	1.0	titv_2	RS_GCF_001670625.2	Bacteroidota	Bacteria	high	100.0	9.999990709738794	100.0	9.999990709738794	2152792	3	2368071	3	2368071	0.010040239502954	0.0864827525163591	0	23776	0	0	True	95.50201	15.108302	magicc_v5	-4.4979900000000015	5.108311290261206	4.4979900000000015	5.108311290261206	low	medium
G_r067_substitution_titv_2pct	67	9	substitution_titv	0.02	2.0	titv_2	RS_GCF_001670625.2	Bacteroidota	Bacteria	high	100.0	9.999990709738794	100.0	9.999990709738794	2152792	3	2368071	3	2368071	0.0198938291968441	0.1662522378698502	0	47110	0	0	True	86.70427	19.163307	magicc_v5	-13.295730000000006	9.163316290261205	13.295730000000006	9.163316290261205	low	medium
G_r067_substitution_titv_5pct	67	10	substitution_titv	0.05	5.0	titv_2	RS_GCF_001670625.2	Bacteroidota	Bacteria	high	100.0	9.999990709738794	100.0	9.999990709738794	2152792	3	2368071	3	2368071	0.0500753566932748	0.3697505902753909	0	118582	0	0	True	72.72995	33.5737	magicc_v5	-27.270049999999998	23.573709290261206	27.270049999999998	23.573709290261206	low	medium
G_r067_indel_0p1pct	67	11	indel	0.001	0.1	ins0.5_geom0.75	RS_GCF_001670625.2	Bacteroidota	Bacteria	high	100.0	9.999990709738794	99.99679063676724	9.999990709738794	2152792	3	2368071	3	2367995	0.0009843454862628		0	0	2331	0	True	99.439926	11.909639	magicc_v5	-0.5600740000000002	1.909648290261206	0.5600740000000002	1.909648290261206	low	medium
G_r067_indel_0p5pct	67	12	indel	0.005	0.5	ins0.5_geom0.75	RS_GCF_001670625.2	Bacteroidota	Bacteria	high	100.0	9.999990709738794	100.00050674156306	9.999990709738794	2152792	3	2368071	3	2368083	0.0049791581417955		0	0	11791	0	True	98.20417	13.48013	magicc_v5	-1.7958299999999952	3.4801392902612065	1.7958299999999952	3.4801392902612065	low	medium
G_r067_indel_1pct	67	13	indel	0.01	1.0	ins0.5_geom0.75	RS_GCF_001670625.2	Bacteroidota	Bacteria	high	100.0	9.999990709738794	100.00329382015995	9.999990709738794	2152792	3	2368071	3	2368149	0.0100850016743585		0	0	23882	0	True	91.38849	15.911737	magicc_v5	-8.611509999999996	5.911746290261206	8.611509999999996	5.911746290261206	low	medium
G_r067_indel_2pct	67	14	indel	0.02	2.0	ins0.5_geom0.75	RS_GCF_001670625.2	Bacteroidota	Bacteria	high	100.0	9.999990709738794	99.99881760301948	9.999990709738794	2152792	3	2368071	3	2368043	0.0199018526049261		0	0	47129	0	True	86.869865	17.839293	magicc_v5	-13.130134999999996	7.839302290261207	13.130134999999996	7.839302290261207	low	medium
G_r067_indel_5pct	67	15	indel	0.05	5.0	ins0.5_geom0.75	RS_GCF_001670625.2	Bacteroidota	Bacteria	high	100.0	9.999990709738794	99.99328567428933	9.999990709738794	2152792	3	2368071	3	2367912	0.0502670739179695		0	0	119036	0	True	75.869484	25.260586	magicc_v5	-24.130516	15.260595290261206	24.130516	15.260595290261206	low	medium
G_r067_chimera_5pct	67	16	chimera	0.05	5.0	rc0.5	RS_GCF_001670625.2	Bacteroidota	Bacteria	high	100.0	9.999990709738794	100.0	9.999990709738794	2152792	3	2368071	3	2368071	0.0		0	0	0	0	True	99.53674	11.726999	magicc_v5	-0.46326000000000533	1.727008290261205	0.46326000000000533	1.727008290261205	low	medium
G_r067_chimera_10pct	67	17	chimera	0.1	10.0	rc0.5	RS_GCF_001670625.2	Bacteroidota	Bacteria	high	100.0	9.999990709738794	100.0	9.999990709738794	2152792	3	2368071	3	2368071	0.0		0	0	0	0	True	99.53674	11.726999	magicc_v5	-0.46326000000000533	1.727008290261205	0.46326000000000533	1.727008290261205	low	medium
G_r067_chimera_20pct	67	18	chimera	0.2	20.0	rc0.5	RS_GCF_001670625.2	Bacteroidota	Bacteria	high	100.0	9.999990709738794	100.0	9.999990709738794	2152792	3	2368071	2	2368071	0.6666666666666666		0	0	0	1	True	99.53674	11.726999	magicc_v5	-0.46326000000000533	1.727008290261205	0.46326000000000533	1.727008290261205	low	medium
G_r067_chimera_40pct	67	19	chimera	0.4	40.0	rc0.5	RS_GCF_001670625.2	Bacteroidota	Bacteria	high	100.0	9.999990709738794	100.0	9.999990709738794	2152792	3	2368071	2	2368071	0.6666666666666666		0	0	0	1	True	99.53674	11.726999	magicc_v5	-0.46326000000000533	1.727008290261205	0.46326000000000533	1.727008290261205	low	medium
G_r067_uneven_coverage_5pct	67	20	uneven_coverage	0.05	5.0	lognormal_sigma1.0	RS_GCF_001670625.2	Bacteroidota	Bacteria	high	100.0	9.999990709738794	100.0	15.500011148313446	2152792	3	2368071	4	2486475	0.0500001900280861		118404	0	0	0	True	99.89355	12.281948	magicc_v5	-0.10644999999999527	2.2819572902612055	0.10644999999999527	2.2819572902612055	low	medium
G_r067_uneven_coverage_10pct	67	21	uneven_coverage	0.1	10.0	lognormal_sigma1.0	RS_GCF_001670625.2	Bacteroidota	Bacteria	high	100.0	9.999990709738794	100.0	20.999985135582072	2152792	3	2368071	5	2604878	0.0999999577715364		236807	0	0	0	True	99.82713	18.483126	magicc_v5	-0.1728700000000032	8.483135290261204	0.1728700000000032	8.483135290261204	low	medium
G_r067_uneven_coverage_20pct	67	22	uneven_coverage	0.2	20.0	lognormal_sigma1.0	RS_GCF_001670625.2	Bacteroidota	Bacteria	high	100.0	9.999990709738794	100.0	31.99997956142535	2152792	3	2368071	4	2841685	0.1999999155430728		473614	0	0	0	True	99.03934	25.981846	magicc_v5	-0.9606600000000043	15.981855290261207	0.9606600000000043	15.981855290261207	low	medium
G_r067_uneven_coverage_40pct	67	23	uneven_coverage	0.4	40.0	lognormal_sigma1.0	RS_GCF_001670625.2	Bacteroidota	Bacteria	high	100.0	9.999990709738794	100.0	53.9999684131119	2152792	3	2368071	4	3315299	0.3999998310861456		947228	0	0	0	True	91.04619	53.50927	magicc_v5	-8.953810000000004	43.509279290261205	8.953810000000004	43.509279290261205	low	medium
G_r068_none_control	68	0	none	0.0	0.0	control	RS_GCF_037694895.1	Campylobacterota	Bacteria	high	85.72405712245289	0.0	85.72405712245289	0.0	1691524	1	1450043	1	1450043	0.0		0	0	0	0	True	84.22106	1.147157	magicc_v5	-1.5029971224528964	1.147157	1.5029971224528964	1.147157	medium	medium
G_r068_substitution_0p1pct	68	1	substitution	0.001	0.1	uniform	RS_GCF_037694895.1	Campylobacterota	Bacteria	high	85.72405712245289	0.0	85.72405712245289	0.0	1691524	1	1450043	1	1450043	0.0010110045012458	0.0089640838741259	0	1466	0	0	True	84.2587	0.75912476	magicc_v5	-1.465357122452886	0.75912476	1.465357122452886	0.75912476	medium	medium
G_r068_substitution_0p5pct	68	2	substitution	0.005	0.5	uniform	RS_GCF_037694895.1	Campylobacterota	Bacteria	high	85.72405712245289	0.0	85.72405712245289	0.0	1691524	1	1450043	1	1450043	0.0051474335588668	0.0441104216424403	0	7464	0	0	True	83.67637	0.6924689	magicc_v5	-2.047687122452885	0.6924689	2.047687122452885	0.6924689	medium	medium
G_r068_substitution_1pct	68	3	substitution	0.01	1.0	uniform	RS_GCF_037694895.1	Campylobacterota	Bacteria	high	85.72405712245289	0.0	85.72405712245289	0.0	1691524	1	1450043	1	1450043	0.0100824596236111	0.0864827525163591	0	14620	0	0	True	81.98025	1.2653768	magicc_v5	-3.7438071224528926	1.2653768	3.7438071224528926	1.2653768	medium	medium
G_r068_substitution_2pct	68	4	substitution	0.02	2.0	uniform	RS_GCF_037694895.1	Campylobacterota	Bacteria	high	85.72405712245289	0.0	85.72405712245289	0.0	1691524	1	1450043	1	1450043	0.0199683733516868	0.1662522378698502	0	28955	0	0	True	76.339035	7.295832	magicc_v5	-9.385022122452895	7.295832	9.385022122452895	7.295832	medium	medium
G_r068_substitution_5pct	68	5	substitution	0.05	5.0	uniform	RS_GCF_037694895.1	Campylobacterota	Bacteria	high	85.72405712245289	0.0	85.72405712245289	0.0	1691524	1	1450043	1	1450043	0.0498157640842375	0.3697505902753909	0	72235	0	0	True	59.07891	21.66037	magicc_v5	-26.64514712245289	21.66037	26.64514712245289	21.66037	low	medium
G_r068_substitution_titv_0p1pct	68	6	substitution_titv	0.001	0.1	titv_2	RS_GCF_037694895.1	Campylobacterota	Bacteria	high	85.72405712245289	0.0	85.72405712245289	0.0	1691524	1	1450043	1	1450043	0.0009985910762646	0.0089640838741259	0	1448	0	0	True	84.594185	0.66497624	magicc_v5	-1.1298721224528947	0.66497624	1.1298721224528947	0.66497624	medium	medium
G_r068_substitution_titv_0p5pct	68	7	substitution_titv	0.005	0.5	titv_2	RS_GCF_037694895.1	Campylobacterota	Bacteria	high	85.72405712245289	0.0	85.72405712245289	0.0	1691524	1	1450043	1	1450043	0.0050446779854114	0.0441104216424403	0	7315	0	0	True	83.19597	0.9352833	magicc_v5	-2.528087122452888	0.9352833	2.528087122452888	0.9352833	medium	medium
G_r068_substitution_titv_1pct	68	8	substitution_titv	0.01	1.0	titv_2	RS_GCF_037694895.1	Campylobacterota	Bacteria	high	85.72405712245289	0.0	85.72405712245289	0.0	1691524	1	1450043	1	1450043	0.0101424578443535	0.0864827525163591	0	14707	0	0	True	81.26717	2.4869978	magicc_v5	-4.456887122452898	2.4869978	4.456887122452898	2.4869978	medium	medium
G_r068_substitution_titv_2pct	68	9	substitution_titv	0.02	2.0	titv_2	RS_GCF_037694895.1	Campylobacterota	Bacteria	high	85.72405712245289	0.0	85.72405712245289	0.0	1691524	1	1450043	1	1450043	0.0201187137209034	0.1662522378698502	0	29173	0	0	True	76.16936	6.481594	magicc_v5	-9.554697122452893	6.481594	9.554697122452893	6.481594	medium	medium
G_r068_substitution_titv_5pct	68	10	substitution_titv	0.05	5.0	titv_2	RS_GCF_037694895.1	Campylobacterota	Bacteria	high	85.72405712245289	0.0	85.72405712245289	0.0	1691524	1	1450043	1	1450043	0.0500578258713707	0.3697505902753909	0	72586	0	0	True	58.802193	22.774199	magicc_v5	-26.921864122452888	22.774199	26.921864122452888	22.774199	low	medium
G_r068_indel_0p1pct	68	11	indel	0.001	0.1	ins0.5_geom0.75	RS_GCF_037694895.1	Campylobacterota	Bacteria	high	85.72405712245289	0.0	85.72399800416666	0.0	1691524	1	1450043	1	1450042	0.0010310039081599		0	0	1495	0	True	83.96451	1.1540264	magicc_v5	-1.7595471224528865	1.1540264	1.7595471224528865	1.1540264	medium	medium
G_r068_indel_0p5pct	68	12	indel	0.005	0.5	ins0.5_geom0.75	RS_GCF_037694895.1	Campylobacterota	Bacteria	high	85.72405712245289	0.0	85.72470742360144	0.0	1691524	1	1450043	1	1450054	0.0048653729579053		0	0	7055	0	True	83.36946	0.93152225	magicc_v5	-2.354597122452887	0.93152225	2.354597122452887	0.93152225	medium	medium
G_r068_indel_1pct	68	13	indel	0.01	1.0	ins0.5_geom0.75	RS_GCF_037694895.1	Campylobacterota	Bacteria	high	85.72405712245289	0.0	85.7354078334094	0.0	1691524	1	1450043	1	1450235	0.0098928100752874		0	0	14345	0	True	81.52395	0.70287585	magicc_v5	-4.200107122452891	0.70287585	4.200107122452891	0.70287585	medium	medium
G_r068_indel_2pct	68	14	indel	0.02	2.0	ins0.5_geom0.75	RS_GCF_037694895.1	Campylobacterota	Bacteria	high	85.72405712245289	0.0	85.75113329754707	0.0	1691524	1	1450043	1	1450501	0.0201862979235788		0	0	29271	0	True	77.53794	4.1951237	magicc_v5	-8.186117122452885	4.1951237	8.186117122452885	4.1951237	medium	medium
G_r068_indel_5pct	68	15	indel	0.05	5.0	ins0.5_geom0.75	RS_GCF_037694895.1	Campylobacterota	Bacteria	high	85.72405712245289	0.0	85.77625856919559	0.0	1691524	1	1450043	1	1450926	0.0499123129452023		0	0	72375	0	True	68.02816	9.922001	magicc_v5	-17.69589712245289	9.922001	17.69589712245289	9.922001	medium	medium
G_r068_chimera_5pct	68	16	chimera	0.05	5.0	rc0.5	RS_GCF_037694895.1	Campylobacterota	Bacteria	high	85.72405712245289	0.0	85.72405712245289	0.0	1691524	1	1450043	1	1450043	0.0		0	0	0	0	True	84.22106	1.147157	magicc_v5	-1.5029971224528964	1.147157	1.5029971224528964	1.147157	medium	medium
G_r068_chimera_10pct	68	17	chimera	0.1	10.0	rc0.5	RS_GCF_037694895.1	Campylobacterota	Bacteria	high	85.72405712245289	0.0	85.72405712245289	0.0	1691524	1	1450043	1	1450043	0.0		0	0	0	0	True	84.22106	1.147157	magicc_v5	-1.5029971224528964	1.147157	1.5029971224528964	1.147157	medium	medium
G_r068_chimera_20pct	68	18	chimera	0.2	20.0	rc0.5	RS_GCF_037694895.1	Campylobacterota	Bacteria	high	85.72405712245289	0.0	85.72405712245289	0.0	1691524	1	1450043	1	1450043	0.0		0	0	0	0	True	84.22106	1.147157	magicc_v5	-1.5029971224528964	1.147157	1.5029971224528964	1.147157	medium	medium
G_r068_chimera_40pct	68	19	chimera	0.4	40.0	rc0.5	RS_GCF_037694895.1	Campylobacterota	Bacteria	high	85.72405712245289	0.0	85.72405712245289	0.0	1691524	1	1450043	1	1450043	0.0		0	0	0	0	True	84.22106	1.147157	magicc_v5	-1.5029971224528964	1.147157	1.5029971224528964	1.147157	medium	medium
G_r068_uneven_coverage_5pct	68	20	uneven_coverage	0.05	5.0	lognormal_sigma1.0	RS_GCF_037694895.1	Campylobacterota	Bacteria	high	85.72405712245289	0.0	85.72405712245289	4.2861939883797096	1691524	1	1450043	2	1522545	0.0499998965547918		72502	0	0	0	True	84.00752	3.9729357	magicc_v5	-1.7165371224528911	3.9729357	1.7165371224528911	3.9729357	medium	medium
G_r068_uneven_coverage_10pct	68	21	uneven_coverage	0.1	10.0	lognormal_sigma1.0	RS_GCF_037694895.1	Campylobacterota	Bacteria	high	85.72405712245289	0.0	85.72405712245289	8.572387976759419	1691524	1	1450043	2	1595047	0.0999997931095836		145004	0	0	0	True	72.51689	14.676964	magicc_v5	-13.207167122452887	14.676964	13.207167122452887	14.676964	low	medium
G_r068_uneven_coverage_20pct	68	22	uneven_coverage	0.2	20.0	lognormal_sigma1.0	RS_GCF_037694895.1	Campylobacterota	Bacteria	high	85.72405712245289	0.0	85.72405712245289	17.14483507180507	1691524	1	1450043	2	1740052	0.2000002758538884		290009	0	0	0	True	62.5439	38.497753	magicc_v5	-23.18015712245289	38.497753	23.18015712245289	38.497753	low	medium
G_r068_uneven_coverage_40pct	68	23	uneven_coverage	0.4	40.0	lognormal_sigma1.0	RS_GCF_037694895.1	Campylobacterota	Bacteria	high	85.72405712245289	0.0	85.72405712245289	34.28961102532391	1691524	1	1450043	2	2030060	0.3999998620730557		580017	0	0	0	True	69.88631	49.701405	magicc_v5	-15.837747122452896	49.701405	15.837747122452896	49.701405	low	medium
G_r069_none_control	69	0	none	0.0	0.0	control	RS_GCF_001693295.1	Cyanobacteriota	Bacteria	low	69.94931733053114	9.999975787569822	69.94931733053114	9.999975787569822	3304088	44	2641595	44	2641595	0.0		0	0	0	0	True	68.17035	12.021232	magicc_v5	-1.7789673305311453	2.0212562124301776	1.7789673305311453	2.0212562124301776	low	medium
G_r069_substitution_0p1pct	69	1	substitution	0.001	0.1	uniform	RS_GCF_001693295.1	Cyanobacteriota	Bacteria	low	69.94931733053114	9.999975787569822	69.94931733053114	9.999975787569822	3304088	44	2641595	44	2641595	0.0009679757873557	0.0089640838741259	0	2557	0	0	True	67.6761	12.578901	magicc_v5	-2.273217330531139	2.5789252124301782	2.273217330531139	2.5789252124301782	low	medium
G_r069_substitution_0p5pct	69	2	substitution	0.005	0.5	uniform	RS_GCF_001693295.1	Cyanobacteriota	Bacteria	low	69.94931733053114	9.999975787569822	69.94931733053114	9.999975787569822	3304088	44	2641595	44	2641595	0.0050227230139366	0.0441104216424403	0	13268	0	0	True	67.13674	12.646135	magicc_v5	-2.8125773305311412	2.6461592124301774	2.8125773305311412	2.6461592124301774	low	medium
G_r069_substitution_1pct	69	3	substitution	0.01	1.0	uniform	RS_GCF_001693295.1	Cyanobacteriota	Bacteria	low	69.94931733053114	9.999975787569822	69.94931733053114	9.999975787569822	3304088	44	2641595	44	2641595	0.0099879050346476	0.0864827525163591	0	26384	0	0	True	64.18038	15.246281	magicc_v5	-5.768937330531145	5.246305212430178	5.768937330531145	5.246305212430178	low	medium
G_r069_substitution_2pct	69	4	substitution	0.02	2.0	uniform	RS_GCF_001693295.1	Cyanobacteriota	Bacteria	low	69.94931733053114	9.999975787569822	69.94931733053114	9.999975787569822	3304088	44	2641595	44	2641595	0.0199837598117803	0.1662522378698502	0	52789	0	0	True	62.974148	15.226451	magicc_v5	-6.975169330531145	5.226475212430179	6.975169330531145	5.226475212430179	low	medium
G_r069_substitution_5pct	69	5	substitution	0.05	5.0	uniform	RS_GCF_001693295.1	Cyanobacteriota	Bacteria	low	69.94931733053114	9.999975787569822	69.94931733053114	9.999975787569822	3304088	44	2641595	44	2641595	0.0499421750873998	0.3697505902753909	0	131927	0	0	True	60.553993	16.745481	magicc_v5	-9.395324330531146	6.74550521243018	9.395324330531146	6.74550521243018	low	medium
G_r069_substitution_titv_0p1pct	69	6	substitution_titv	0.001	0.1	titv_2	RS_GCF_001693295.1	Cyanobacteriota	Bacteria	low	69.94931733053114	9.999975787569822	69.94931733053114	9.999975787569822	3304088	44	2641595	44	2641595	0.0009963677248026	0.0089640838741259	0	2632	0	0	True	68.14438	12.363916	magicc_v5	-1.8049373305311462	2.363940212430178	1.8049373305311462	2.363940212430178	low	medium
G_r069_substitution_titv_0p5pct	69	7	substitution_titv	0.005	0.5	titv_2	RS_GCF_001693295.1	Cyanobacteriota	Bacteria	low	69.94931733053114	9.999975787569822	69.94931733053114	9.999975787569822	3304088	44	2641595	44	2641595	0.0050053092923025	0.0441104216424403	0	13222	0	0	True	67.32172	12.602711	magicc_v5	-2.6275973305311453	2.6027352124301775	2.6275973305311453	2.6027352124301775	low	medium
G_r069_substitution_titv_1pct	69	8	substitution_titv	0.01	1.0	titv_2	RS_GCF_001693295.1	Cyanobacteriota	Bacteria	low	69.94931733053114	9.999975787569822	69.94931733053114	9.999975787569822	3304088	44	2641595	44	2641595	0.0100189468862562	0.0864827525163591	0	26466	0	0	True	66.516525	13.321569	magicc_v5	-3.432792330531143	3.3215932124301784	3.432792330531143	3.3215932124301784	low	medium
G_r069_substitution_titv_2pct	69	9	substitution_titv	0.02	2.0	titv_2	RS_GCF_001693295.1	Cyanobacteriota	Bacteria	low	69.94931733053114	9.999975787569822	69.94931733053114	9.999975787569822	3304088	44	2641595	44	2641595	0.0200019306517463	0.1662522378698502	0	52837	0	0	True	63.332283	14.374206	magicc_v5	-6.617034330531148	4.374230212430177	6.617034330531148	4.374230212430177	low	medium
G_r069_substitution_titv_5pct	69	10	substitution_titv	0.05	5.0	titv_2	RS_GCF_001693295.1	Cyanobacteriota	Bacteria	low	69.94931733053114	9.999975787569822	69.94931733053114	9.999975787569822	3304088	44	2641595	44	2641595	0.0499175687416125	0.3697505902753909	0	131862	0	0	True	59.951183	17.677502	magicc_v5	-9.998134330531144	7.677526212430179	9.998134330531144	7.677526212430179	low	medium
G_r069_indel_0p1pct	69	11	indel	0.001	0.1	ins0.5_geom0.75	RS_GCF_001693295.1	Cyanobacteriota	Bacteria	low	69.94931733053114	9.999975787569822	69.94518645751559	9.999975787569822	3304088	44	2641595	44	2641439	0.0010126457689388		0	0	2675	0	True	67.758575	12.109548	magicc_v5	-2.190742330531151	2.1095722124301783	2.190742330531151	2.1095722124301783	low	medium
G_r069_indel_0p5pct	69	12	indel	0.005	0.5	ins0.5_geom0.75	RS_GCF_001693295.1	Cyanobacteriota	Bacteria	low	69.94931733053114	9.999975787569822	69.951621086636	9.999975787569822	3304088	44	2641595	44	2641682	0.0050390010580728		0	0	13311	0	True	66.703156	12.922701	magicc_v5	-3.2461613305311374	2.922725212430178	3.2461613305311374	2.922725212430178	low	medium
G_r069_indel_1pct	69	13	indel	0.01	1.0	ins0.5_geom0.75	RS_GCF_001693295.1	Cyanobacteriota	Bacteria	low	69.94931733053114	9.999975787569822	69.95056188842686	9.999975787569822	3304088	44	2641595	44	2641642	0.0100231110370817		0	0	26477	0	True	64.69568	13.17499	magicc_v5	-5.253637330531149	3.1750142124301775	5.253637330531149	3.1750142124301775	low	medium
G_r069_indel_2pct	69	14	indel	0.02	2.0	ins0.5_geom0.75	RS_GCF_001693295.1	Cyanobacteriota	Bacteria	low	69.94931733053114	9.999975787569822	69.95832051530867	9.999975787569822	3304088	44	2641595	44	2641935	0.0200064733617378		0	0	52849	0	True	65.04456	13.635039	magicc_v5	-4.90475733053114	3.635063212430179	4.90475733053114	3.635063212430179	low	medium
G_r069_indel_5pct	69	15	indel	0.05	5.0	ins0.5_geom0.75	RS_GCF_001693295.1	Cyanobacteriota	Bacteria	low	69.94931733053114	9.999975787569822	69.95440148193492	9.999975787569822	3304088	44	2641595	44	2641787	0.0498286073376123		0	0	131627	0	True	56.57302	20.02303	magicc_v5	-13.376297330531145	10.023054212430177	13.376297330531145	10.023054212430177	low	medium
G_r069_chimera_5pct	69	16	chimera	0.05	5.0	rc0.5	RS_GCF_001693295.1	Cyanobacteriota	Bacteria	low	69.94931733053114	9.999975787569822	69.94931733053114	9.999975787569822	3304088	44	2641595	43	2641595	0.0454545454545454		0	0	0	1	True	68.17035	12.021232	magicc_v5	-1.7789673305311453	2.0212562124301776	1.7789673305311453	2.0212562124301776	low	medium
G_r069_chimera_10pct	69	17	chimera	0.1	10.0	rc0.5	RS_GCF_001693295.1	Cyanobacteriota	Bacteria	low	69.94931733053114	9.999975787569822	69.94931733053114	9.999975787569822	3304088	44	2641595	42	2641595	0.0909090909090909		0	0	0	2	True	68.175026	12.018174	magicc_v5	-1.7742913305311419	2.0181982124301783	1.7742913305311419	2.0181982124301783	low	medium
G_r069_chimera_20pct	69	18	chimera	0.2	20.0	rc0.5	RS_GCF_001693295.1	Cyanobacteriota	Bacteria	low	69.94931733053114	9.999975787569822	69.94931733053114	9.999975787569822	3304088	44	2641595	40	2641595	0.1818181818181818		0	0	0	4	True	68.17035	12.021232	magicc_v5	-1.7789673305311453	2.0212562124301776	1.7789673305311453	2.0212562124301776	low	medium
G_r069_chimera_40pct	69	19	chimera	0.4	40.0	rc0.5	RS_GCF_001693295.1	Cyanobacteriota	Bacteria	low	69.94931733053114	9.999975787569822	69.94931733053114	9.999975787569822	3304088	44	2641595	35	2641595	0.4090909090909091		0	0	0	9	True	68.143936	12.028599	magicc_v5	-1.805381330531148	2.028623212430178	1.805381330531148	2.028623212430178	low	medium
G_r069_uneven_coverage_5pct	69	20	uneven_coverage	0.05	5.0	lognormal_sigma1.0	RS_GCF_001693295.1	Cyanobacteriota	Bacteria	low	69.94931733053114	9.999975787569822	69.94931733053114	13.9974480098593	3304088	44	2641595	48	2773675	0.0500000946397914		132080	0	0	0	True	72.06807	11.761719	magicc_v5	2.1187526694688614	1.7617432124301775	2.1187526694688614	1.7617432124301775	low	medium
G_r069_uneven_coverage_10pct	69	21	uneven_coverage	0.1	10.0	lognormal_sigma1.0	RS_GCF_001693295.1	Cyanobacteriota	Bacteria	low	69.94931733053114	9.999975787569822	69.94931733053114	17.99492023214878	3304088	44	2641595	52	2905755	0.1000001892795829		264160	0	0	0	True	75.78926	12.547559	magicc_v5	5.839942669468854	2.547583212430178	5.839942669468854	2.547583212430178	low	medium
G_r069_uneven_coverage_20pct	69	22	uneven_coverage	0.2	20.0	lognormal_sigma1.0	RS_GCF_001693295.1	Cyanobacteriota	Bacteria	low	69.94931733053114	9.999975787569822	69.94931733053114	25.989834411190017	3304088	44	2641595	59	3169914	0.2		528319	0	0	0	True	83.02393	11.745739	magicc_v5	13.074612669468848	1.7457632124301785	13.074612669468848	1.7457632124301785	low	medium
G_r069_uneven_coverage_40pct	69	23	uneven_coverage	0.4	40.0	lognormal_sigma1.0	RS_GCF_001693295.1	Cyanobacteriota	Bacteria	low	69.94931733053114	9.999975787569822	69.94931733053114	41.97969303481021	3304088	44	2641595	71	3698233	0.4		1056638	0	0	0	True	99.74405	7.8802767	magicc_v5	29.794732669468857	-2.1196990875698223	29.794732669468857	2.1196990875698223	medium	medium
G_r070_none_control	70	0	none	0.0	0.0	control	RS_GCF_000318565.1	Chlamydiota	Bacteria	low	58.00343955911279	9.883361109024897	58.00343955911279	9.883361109024897	1051879	17	714087	17	714087	0.0		0	0	0	0	True	57.422577	11.145502	magicc_v5	-0.5808625591127949	1.262140890975104	0.5808625591127949	1.262140890975104	low	medium
G_r070_substitution_0p1pct	70	1	substitution	0.001	0.1	uniform	RS_GCF_000318565.1	Chlamydiota	Bacteria	low	58.00343955911279	9.883361109024897	58.00343955911279	9.883361109024897	1051879	17	714087	17	714087	0.0010082889756204	0.0089640838741259	0	720	0	0	True	57.37491	11.476961	magicc_v5	-0.628529559112792	1.5935998909751028	0.628529559112792	1.5935998909751028	low	medium
G_r070_substitution_0p5pct	70	2	substitution	0.005	0.5	uniform	RS_GCF_000318565.1	Chlamydiota	Bacteria	low	58.00343955911279	9.883361109024897	58.00343955911279	9.883361109024897	1051879	17	714087	17	714087	0.0050834569187529	0.0441104216424403	0	3630	0	0	True	56.70861	11.520997	magicc_v5	-1.2948295591127916	1.637635890975103	1.2948295591127916	1.637635890975103	low	medium
G_r070_substitution_1pct	70	3	substitution	0.01	1.0	uniform	RS_GCF_000318565.1	Chlamydiota	Bacteria	low	58.00343955911279	9.883361109024897	58.00343955911279	9.883361109024897	1051879	17	714087	17	714087	0.0097706002540328	0.0864827525163591	0	6977	0	0	True	55.698616	12.093743	magicc_v5	-2.3048235591127906	2.2103818909751034	2.3048235591127906	2.2103818909751034	low	medium
G_r070_substitution_2pct	70	4	substitution	0.02	2.0	uniform	RS_GCF_000318565.1	Chlamydiota	Bacteria	low	58.00343955911279	9.883361109024897	58.00343955911279	9.883361109024897	1051879	17	714087	17	714087	0.0198814980373375	0.1662522378698502	0	14197	0	0	True	54.461124	14.488512	magicc_v5	-3.5423155591127937	4.6051508909751036	3.5423155591127937	4.6051508909751036	low	medium
G_r070_substitution_5pct	70	5	substitution	0.05	5.0	uniform	RS_GCF_000318565.1	Chlamydiota	Bacteria	low	58.00343955911279	9.883361109024897	58.00343955911279	9.883361109024897	1051879	17	714087	17	714087	0.0502646058360326	0.3697505902753909	0	35893	0	0	True	52.94663	16.737709	magicc_v5	-5.056809559112793	6.854347890975102	5.056809559112793	6.854347890975102	low	medium
G_r070_substitution_titv_0p1pct	70	6	substitution_titv	0.001	0.1	titv_2	RS_GCF_000318565.1	Chlamydiota	Bacteria	low	58.00343955911279	9.883361109024897	58.00343955911279	9.883361109024897	1051879	17	714087	17	714087	0.000939669309224	0.0089640838741259	0	671	0	0	True	57.360447	10.985032	magicc_v5	-0.6429925591127912	1.1016708909751038	0.6429925591127912	1.1016708909751038	low	medium
G_r070_substitution_titv_0p5pct	70	7	substitution_titv	0.005	0.5	titv_2	RS_GCF_000318565.1	Chlamydiota	Bacteria	low	58.00343955911279	9.883361109024897	58.00343955911279	9.883361109024897	1051879	17	714087	17	714087	0.004989630027966	0.0441104216424403	0	3563	0	0	True	56.3802	12.014884	magicc_v5	-1.6232395591127897	2.131522890975104	1.6232395591127897	2.131522890975104	low	medium
G_r070_substitution_titv_1pct	70	8	substitution_titv	0.01	1.0	titv_2	RS_GCF_000318565.1	Chlamydiota	Bacteria	low	58.00343955911279	9.883361109024897	58.00343955911279	9.883361109024897	1051879	17	714087	17	714087	0.0101389058104052	0.0864827525163591	0	7240	0	0	True	56.2248	12.375296	magicc_v5	-1.77863955911279	2.491934890975104	1.77863955911279	2.491934890975104	low	medium
G_r070_substitution_titv_2pct	70	9	substitution_titv	0.02	2.0	titv_2	RS_GCF_000318565.1	Chlamydiota	Bacteria	low	58.00343955911279	9.883361109024897	58.00343955911279	9.883361109024897	1051879	17	714087	17	714087	0.0198408863980416	0.1662522378698502	0	14168	0	0	True	54.35439	13.118085	magicc_v5	-3.6490495591127896	3.234723890975104	3.6490495591127896	3.234723890975104	low	medium
G_r070_substitution_titv_5pct	70	10	substitution_titv	0.05	5.0	titv_2	RS_GCF_000318565.1	Chlamydiota	Bacteria	low	58.00343955911279	9.883361109024897	58.00343955911279	9.883361109024897	1051879	17	714087	17	714087	0.0499761231568967	0.3697505902753909	0	35687	0	0	True	52.244423	18.578253	magicc_v5	-5.759016559112794	8.694891890975104	5.759016559112794	8.694891890975104	low	medium
G_r070_indel_0p1pct	70	11	indel	0.001	0.1	ins0.5_geom0.75	RS_GCF_000318565.1	Chlamydiota	Bacteria	low	58.00343955911279	9.883361109024897	58.00019046259883	9.883361109024897	1051879	17	714087	17	714047	0.0010418898537573		0	0	744	0	True	57.161423	11.448729	magicc_v5	-0.8420165591127926	1.5653678909751036	0.8420165591127926	1.5653678909751036	low	medium
G_r070_indel_0p5pct	70	12	indel	0.005	0.5	ins0.5_geom0.75	RS_GCF_000318565.1	Chlamydiota	Bacteria	low	58.00343955911279	9.883361109024897	58.00888179577367	9.883361109024897	1051879	17	714087	17	714154	0.0049489768053472		0	0	3534	0	True	56.39859	12.08103	magicc_v5	-1.6048495591127931	2.1976688909751037	1.6048495591127931	2.1976688909751037	low	medium
G_r070_indel_1pct	70	13	indel	0.01	1.0	ins0.5_geom0.75	RS_GCF_000318565.1	Chlamydiota	Bacteria	low	58.00343955911279	9.883361109024897	58.00953161507647	9.883361109024897	1051879	17	714087	17	714162	0.0100730023092424		0	0	7193	0	True	55.60969	12.704313	magicc_v5	-2.3937495591127913	2.8209518909751043	2.3937495591127913	2.8209518909751043	low	medium
G_r070_indel_2pct	70	14	indel	0.02	2.0	ins0.5_geom0.75	RS_GCF_000318565.1	Chlamydiota	Bacteria	low	58.00343955911279	9.883361109024897	58.02707673625184	9.883361109024897	1051879	17	714087	17	714378	0.0199303446218738		0	0	14232	0	True	55.661522	12.893549	magicc_v5	-2.341917559112794	3.0101878909751036	2.341917559112794	3.0101878909751036	low	medium
G_r070_indel_5pct	70	15	indel	0.05	5.0	ins0.5_geom0.75	RS_GCF_000318565.1	Chlamydiota	Bacteria	low	58.00343955911279	9.883361109024897	58.012293347113335	9.883361109024897	1051879	17	714087	17	714196	0.0504098240130404		0	0	35997	0	True	52.50049	14.8594885	magicc_v5	-5.502949559112793	4.976127390975103	5.502949559112793	4.976127390975103	low	medium
G_r070_chimera_5pct	70	16	chimera	0.05	5.0	rc0.5	RS_GCF_000318565.1	Chlamydiota	Bacteria	low	58.00343955911279	9.883361109024897	58.00343955911279	9.883361109024897	1051879	17	714087	17	714087	0.0		0	0	0	0	True	57.422577	11.145502	magicc_v5	-0.5808625591127949	1.262140890975104	0.5808625591127949	1.262140890975104	low	medium
G_r070_chimera_10pct	70	17	chimera	0.1	10.0	rc0.5	RS_GCF_000318565.1	Chlamydiota	Bacteria	low	58.00343955911279	9.883361109024897	58.00343955911279	9.883361109024897	1051879	17	714087	16	714087	0.1176470588235294		0	0	0	1	True	57.422577	11.145502	magicc_v5	-0.5808625591127949	1.262140890975104	0.5808625591127949	1.262140890975104	low	medium
G_r070_chimera_20pct	70	18	chimera	0.2	20.0	rc0.5	RS_GCF_000318565.1	Chlamydiota	Bacteria	low	58.00343955911279	9.883361109024897	58.00343955911279	9.883361109024897	1051879	17	714087	16	714087	0.1176470588235294		0	0	0	1	True	57.422577	11.145502	magicc_v5	-0.5808625591127949	1.262140890975104	0.5808625591127949	1.262140890975104	low	medium
G_r070_chimera_40pct	70	19	chimera	0.4	40.0	rc0.5	RS_GCF_000318565.1	Chlamydiota	Bacteria	low	58.00343955911279	9.883361109024897	58.00343955911279	9.883361109024897	1051879	17	714087	14	714087	0.3529411764705882		0	0	0	3	True	57.437435	11.124283	magicc_v5	-0.5660045591127911	1.2409218909751036	0.5660045591127911	1.2409218909751036	low	medium
G_r070_uneven_coverage_5pct	70	20	uneven_coverage	0.05	5.0	lognormal_sigma1.0	RS_GCF_000318565.1	Chlamydiota	Bacteria	low	58.00343955911279	9.883361109024897	58.00343955911279	13.277667868642686	1051879	17	714087	18	749791	0.049999509863644		35704	0	0	0	True	59.044407	12.162167	magicc_v5	1.0409674408872078	2.2788058909751037	1.0409674408872078	2.2788058909751037	low	medium
G_r070_uneven_coverage_10pct	70	21	uneven_coverage	0.1	10.0	lognormal_sigma1.0	RS_GCF_000318565.1	Chlamydiota	Bacteria	low	58.00343955911279	9.883361109024897	58.00343955911279	16.67206969622932	1051879	17	714087	19	785496	0.1000004201168765		71409	0	0	0	True	62.635498	11.097318	magicc_v5	4.6320584408872065	1.213956890975103	4.6320584408872065	1.213956890975103	low	medium
G_r070_uneven_coverage_20pct	70	22	uneven_coverage	0.2	20.0	lognormal_sigma1.0	RS_GCF_000318565.1	Chlamydiota	Bacteria	low	58.00343955911279	9.883361109024897	58.00343955911279	23.460683215464897	1051879	17	714087	21	856904	0.1999994398441646		142817	0	0	0	True	68.663	11.294421	magicc_v5	10.659560440887205	1.4110598909751033	10.659560440887205	1.4110598909751033	low	medium
G_r070_uneven_coverage_40pct	70	23	uneven_coverage	0.4	40.0	lognormal_sigma1.0	RS_GCF_000318565.1	Chlamydiota	Bacteria	low	58.00343955911279	9.883361109024897	58.00343955911279	37.03810038987374	1051879	17	714087	22	999722	0.4000002800779176		285635	0	0	0	True	76.35654	16.629564	magicc_v5	18.353100440887204	6.746202890975102	18.353100440887204	6.746202890975102	low	medium
G_r071_none_control	71	0	none	0.0	0.0	control	RS_GCF_016117655.1	Spirochaetota	Bacteria	highly_fragmented	77.64809175527544	0.0	77.64809175527544	0.0	2738066	116	2126056	116	2126056	0.0		0	0	0	0	True	87.579704	0.6558955	magicc_v5	9.931612244724562	0.6558955	9.931612244724562	0.6558955	medium	medium
G_r071_substitution_0p1pct	71	1	substitution	0.001	0.1	uniform	RS_GCF_016117655.1	Spirochaetota	Bacteria	highly_fragmented	77.64809175527544	0.0	77.64809175527544	0.0	2738066	116	2126056	116	2126056	0.0010074993320966	0.0089640838741259	0	2142	0	0	True	86.653694	0.6382704	magicc_v5	9.005602244724557	0.6382704	9.005602244724557	0.6382704	medium	medium
G_r071_substitution_0p5pct	71	2	substitution	0.005	0.5	uniform	RS_GCF_016117655.1	Spirochaetota	Bacteria	highly_fragmented	77.64809175527544	0.0	77.64809175527544	0.0	2738066	116	2126056	116	2126056	0.0049749395124117	0.0441104216424403	0	10577	0	0	True	86.64255	0.7439941	magicc_v5	8.994458244724555	0.7439941	8.994458244724555	0.7439941	medium	medium
G_r071_substitution_1pct	71	3	substitution	0.01	1.0	uniform	RS_GCF_016117655.1	Spirochaetota	Bacteria	highly_fragmented	77.64809175527544	0.0	77.64809175527544	0.0	2738066	116	2126056	116	2126056	0.0099066064111199	0.0864827525163591	0	21062	0	0	True	85.029434	1.0260224	magicc_v5	7.38134224472455	1.0260224	7.38134224472455	1.0260224	medium	medium
G_r071_substitution_2pct	71	4	substitution	0.02	2.0	uniform	RS_GCF_016117655.1	Spirochaetota	Bacteria	highly_fragmented	77.64809175527544	0.0	77.64809175527544	0.0	2738066	116	2126056	116	2126056	0.0201565716048871	0.1662522378698502	0	42854	0	0	True	82.81558	1.0932684	magicc_v5	5.167488244724552	1.0932684	5.167488244724552	1.0932684	medium	medium
G_r071_substitution_5pct	71	5	substitution	0.05	5.0	uniform	RS_GCF_016117655.1	Spirochaetota	Bacteria	highly_fragmented	77.64809175527544	0.0	77.64809175527544	0.0	2738066	116	2126056	116	2126056	0.0501957615415586	0.3697505902753909	0	106719	0	0	True	81.13957	1.4993906	magicc_v5	3.4914782447245614	1.4993906	3.4914782447245614	1.4993906	medium	medium
G_r071_substitution_titv_0p1pct	71	6	substitution_titv	0.001	0.1	titv_2	RS_GCF_016117655.1	Spirochaetota	Bacteria	highly_fragmented	77.64809175527544	0.0	77.64809175527544	0.0	2738066	116	2126056	116	2126056	0.001010791813574	0.0089640838741259	0	2149	0	0	True	87.35181	0.771752	magicc_v5	9.703718244724556	0.771752	9.703718244724556	0.771752	medium	medium
G_r071_substitution_titv_0p5pct	71	7	substitution_titv	0.005	0.5	titv_2	RS_GCF_016117655.1	Spirochaetota	Bacteria	highly_fragmented	77.64809175527544	0.0	77.64809175527544	0.0	2738066	116	2126056	116	2126056	0.0049645917134826	0.0441104216424403	0	10555	0	0	True	86.80038	0.65293014	magicc_v5	9.15228824472456	0.65293014	9.15228824472456	0.65293014	medium	medium
G_r071_substitution_titv_1pct	71	8	substitution_titv	0.01	1.0	titv_2	RS_GCF_016117655.1	Spirochaetota	Bacteria	highly_fragmented	77.64809175527544	0.0	77.64809175527544	0.0	2738066	116	2126056	116	2126056	0.0100425388606885	0.0864827525163591	0	21351	0	0	True	85.03397	0.7894069	magicc_v5	7.385878244724552	0.7894069	7.385878244724552	0.7894069	medium	medium
G_r071_substitution_titv_2pct	71	9	substitution_titv	0.02	2.0	titv_2	RS_GCF_016117655.1	Spirochaetota	Bacteria	highly_fragmented	77.64809175527544	0.0	77.64809175527544	0.0	2738066	116	2126056	116	2126056	0.0199510266897955	0.1662522378698502	0	42417	0	0	True	82.973495	1.3338864	magicc_v5	5.325403244724555	1.3338864	5.325403244724555	1.3338864	medium	medium
G_r071_substitution_titv_5pct	71	10	substitution_titv	0.05	5.0	titv_2	RS_GCF_016117655.1	Spirochaetota	Bacteria	highly_fragmented	77.64809175527544	0.0	77.64809175527544	0.0	2738066	116	2126056	116	2126056	0.0499262484149053	0.3697505902753909	0	106146	0	0	True	79.06308	1.9272387	magicc_v5	1.4149882447245545	1.9272387	1.4149882447245545	1.9272387	medium	medium
G_r071_indel_0p1pct	71	11	indel	0.001	0.1	ins0.5_geom0.75	RS_GCF_016117655.1	Spirochaetota	Bacteria	highly_fragmented	77.64809175527544	0.0	77.64900480850352	0.0	2738066	116	2126056	116	2126081	0.0010037364961223		0	0	2134	0	True	87.000565	0.7085979	magicc_v5	9.35247324472455	0.7085979	9.35247324472455	0.7085979	medium	medium
G_r071_indel_0p5pct	71	12	indel	0.005	0.5	ins0.5_geom0.75	RS_GCF_016117655.1	Spirochaetota	Bacteria	highly_fragmented	77.64809175527544	0.0	77.65514052619623	0.0	2738066	116	2126056	116	2126249	0.0050031607822183		0	0	10637	0	True	85.870544	0.6412089	magicc_v5	8.22245224472455	0.6412089	8.22245224472455	0.6412089	medium	medium
G_r071_indel_1pct	71	13	indel	0.01	1.0	ins0.5_geom0.75	RS_GCF_016117655.1	Spirochaetota	Bacteria	highly_fragmented	77.64809175527544	0.0	77.6522552779955	0.0	2738066	116	2126056	116	2126170	0.0099597564692557		0	0	21175	0	True	85.51584	0.6894082	magicc_v5	7.867748244724552	0.6894082	7.867748244724552	0.6894082	medium	medium
G_r071_indel_2pct	71	14	indel	0.02	2.0	ins0.5_geom0.75	RS_GCF_016117655.1	Spirochaetota	Bacteria	highly_fragmented	77.64809175527544	0.0	77.63424986833772	0.0	2738066	116	2126056	116	2125677	0.0201363463615257		0	0	42811	0	True	81.62943	1.1502534	magicc_v5	3.9813382447245544	1.1502534	3.9813382447245544	1.1502534	medium	medium
G_r071_indel_5pct	71	15	indel	0.05	5.0	ins0.5_geom0.75	RS_GCF_016117655.1	Spirochaetota	Bacteria	highly_fragmented	77.64809175527544	0.0	77.63213158484858	0.0	2738066	116	2126056	116	2125619	0.0501035720601903		0	0	106523	0	True	79.582054	0.89550316	magicc_v5	1.9339622447245546	0.89550316	1.9339622447245546	0.89550316	medium	medium
G_r071_chimera_5pct	71	16	chimera	0.05	5.0	rc0.5	RS_GCF_016117655.1	Spirochaetota	Bacteria	highly_fragmented	77.64809175527544	0.0	77.64809175527544	0.0	2738066	116	2126056	113	2126056	0.0517241379310344		0	0	0	3	True	87.579704	0.6558955	magicc_v5	9.931612244724562	0.6558955	9.931612244724562	0.6558955	medium	medium
G_r071_chimera_10pct	71	17	chimera	0.1	10.0	rc0.5	RS_GCF_016117655.1	Spirochaetota	Bacteria	highly_fragmented	77.64809175527544	0.0	77.64809175527544	0.0	2738066	116	2126056	111	2126056	0.0862068965517241		0	0	0	5	True	87.579704	0.6558955	magicc_v5	9.931612244724562	0.6558955	9.931612244724562	0.6558955	medium	medium
G_r071_chimera_20pct	71	18	chimera	0.2	20.0	rc0.5	RS_GCF_016117655.1	Spirochaetota	Bacteria	highly_fragmented	77.64809175527544	0.0	77.64809175527544	0.0	2738066	116	2126056	105	2126056	0.1896551724137931		0	0	0	11	True	87.579704	0.6558955	magicc_v5	9.931612244724562	0.6558955	9.931612244724562	0.6558955	medium	medium
G_r071_chimera_40pct	71	19	chimera	0.4	40.0	rc0.5	RS_GCF_016117655.1	Spirochaetota	Bacteria	highly_fragmented	77.64809175527544	0.0	77.64809175527544	0.0	2738066	116	2126056	93	2126056	0.396551724137931		0	0	0	23	True	87.56407	0.6605178	magicc_v5	9.915978244724556	0.6605178	9.915978244724556	0.6605178	medium	medium
G_r071_uneven_coverage_5pct	71	20	uneven_coverage	0.05	5.0	lognormal_sigma1.0	RS_GCF_016117655.1	Spirochaetota	Bacteria	highly_fragmented	77.64809175527544	0.0	77.64809175527544	3.8824118921895967	2738066	116	2126056	125	2232359	0.0500000940708993		106303	0	0	0	True	95.60712	0.5483389	magicc_v5	17.95902824472455	0.5483389	17.95902824472455	0.5483389	high	medium
G_r071_uneven_coverage_10pct	71	21	uneven_coverage	0.1	10.0	lognormal_sigma1.0	RS_GCF_016117655.1	Spirochaetota	Bacteria	highly_fragmented	77.64809175527544	0.0	77.64809175527544	7.764823784379193	2738066	116	2126056	126	2338662	0.1000001881417987		212606	0	0	0	True	99.925934	0.5007565	magicc_v5	22.277842244724553	0.5007565	22.277842244724553	0.5007565	high	medium
G_r071_uneven_coverage_20pct	71	22	uneven_coverage	0.2	20.0	lognormal_sigma1.0	RS_GCF_016117655.1	Spirochaetota	Bacteria	highly_fragmented	77.64809175527544	0.0	77.64809175527544	15.529611046629263	2738066	116	2126056	154	2551267	0.1999999059291006		425211	0	0	0	True	99.962395	1.1930496	magicc_v5	22.314303244724556	1.1930496	22.314303244724556	1.1930496	high	medium
G_r071_uneven_coverage_40pct	71	23	uneven_coverage	0.4	40.0	lognormal_sigma1.0	RS_GCF_016117655.1	Spirochaetota	Bacteria	highly_fragmented	77.64809175527544	0.0	77.64809175527544	31.059222093258526	2738066	116	2126056	178	2976478	0.3999998118582012		850422	0	0	0	True	95.996124	24.73967	magicc_v5	18.34803224472455	24.73967	18.34803224472455	24.73967	low	medium
G_r072_none_control	72	0	none	0.0	0.0	control	RS_GCF_902381645.1	Fusobacteriota	Bacteria	highly_fragmented	69.72920355230767	4.835927966310918	69.72920355230767	4.835927966310918	2268272	107	1691340	107	1691340	0.0		0	0	0	0	True	70.17823	6.693202	magicc_v5	0.4490264476923329	1.857274033689082	0.4490264476923329	1.857274033689082	medium	medium
G_r072_substitution_0p1pct	72	1	substitution	0.001	0.1	uniform	RS_GCF_902381645.1	Fusobacteriota	Bacteria	highly_fragmented	69.72920355230767	4.835927966310918	69.72920355230767	4.835927966310918	2268272	107	1691340	107	1691340	0.0009974339872527	0.0089640838741259	0	1687	0	0	True	69.65268	6.9803596	magicc_v5	-0.07652355230766261	2.1444316336890816	0.07652355230766261	2.1444316336890816	medium	medium
G_r072_substitution_0p5pct	72	2	substitution	0.005	0.5	uniform	RS_GCF_902381645.1	Fusobacteriota	Bacteria	highly_fragmented	69.72920355230767	4.835927966310918	69.72920355230767	4.835927966310918	2268272	107	1691340	107	1691340	0.0049363226790592	0.0441104216424403	0	8349	0	0	True	69.34166	7.6893	magicc_v5	-0.3875435523076618	2.853372033689082	0.3875435523076618	2.853372033689082	medium	medium
G_r072_substitution_1pct	72	3	substitution	0.01	1.0	uniform	RS_GCF_902381645.1	Fusobacteriota	Bacteria	highly_fragmented	69.72920355230767	4.835927966310918	69.72920355230767	4.835927966310918	2268272	107	1691340	107	1691340	0.0098454479879858	0.0864827525163591	0	16652	0	0	True	65.69681	9.675333	magicc_v5	-4.032393552307667	4.839405033689082	4.032393552307667	4.839405033689082	medium	medium
G_r072_substitution_2pct	72	4	substitution	0.02	2.0	uniform	RS_GCF_902381645.1	Fusobacteriota	Bacteria	highly_fragmented	69.72920355230767	4.835927966310918	69.72920355230767	4.835927966310918	2268272	107	1691340	107	1691340	0.0201402438303357	0.1662522378698502	0	34064	0	0	True	56.91063	14.412678	magicc_v5	-12.818573552307669	9.57675003368908	12.818573552307669	9.57675003368908	low	medium
G_r072_substitution_5pct	72	5	substitution	0.05	5.0	uniform	RS_GCF_902381645.1	Fusobacteriota	Bacteria	highly_fragmented	69.72920355230767	4.835927966310918	69.72920355230767	4.835927966310918	2268272	107	1691340	107	1691340	0.0498527794529781	0.3697505902753909	0	84318	0	0	True	52.725403	28.330126	magicc_v5	-17.003800552307666	23.49419803368908	17.003800552307666	23.49419803368908	low	medium
G_r072_substitution_titv_0p1pct	72	6	substitution_titv	0.001	0.1	titv_2	RS_GCF_902381645.1	Fusobacteriota	Bacteria	highly_fragmented	69.72920355230767	4.835927966310918	69.72920355230767	4.835927966310918	2268272	107	1691340	107	1691340	0.0010193101327941	0.0089640838741259	0	1724	0	0	True	69.515686	6.8893223	magicc_v5	-0.213517552307664	2.0533943336890816	0.213517552307664	2.0533943336890816	medium	medium
G_r072_substitution_titv_0p5pct	72	7	substitution_titv	0.005	0.5	titv_2	RS_GCF_902381645.1	Fusobacteriota	Bacteria	highly_fragmented	69.72920355230767	4.835927966310918	69.72920355230767	4.835927966310918	2268272	107	1691340	107	1691340	0.0049688412737829	0.0441104216424403	0	8404	0	0	True	67.59764	7.9447927	magicc_v5	-2.131563552307668	3.1088647336890816	2.131563552307668	3.1088647336890816	medium	medium
G_r072_substitution_titv_1pct	72	8	substitution_titv	0.01	1.0	titv_2	RS_GCF_902381645.1	Fusobacteriota	Bacteria	highly_fragmented	69.72920355230767	4.835927966310918	69.72920355230767	4.835927966310918	2268272	107	1691340	107	1691340	0.0099619236818144	0.0864827525163591	0	16849	0	0	True	63.923225	10.537478	magicc_v5	-5.805978552307664	5.701550033689082	5.805978552307664	5.701550033689082	low	medium
G_r072_substitution_titv_2pct	72	9	substitution_titv	0.02	2.0	titv_2	RS_GCF_902381645.1	Fusobacteriota	Bacteria	highly_fragmented	69.72920355230767	4.835927966310918	69.72920355230767	4.835927966310918	2268272	107	1691340	107	1691340	0.019767758108955	0.1662522378698502	0	33434	0	0	True	60.25253	13.744187	magicc_v5	-9.476673552307666	8.908259033689081	9.476673552307666	8.908259033689081	low	medium
G_r072_substitution_titv_5pct	72	10	substitution_titv	0.05	5.0	titv_2	RS_GCF_902381645.1	Fusobacteriota	Bacteria	highly_fragmented	69.72920355230767	4.835927966310918	69.72920355230767	4.835927966310918	2268272	107	1691340	107	1691340	0.0503441058568945	0.3697505902753909	0	85149	0	0	True	54.234634	24.182438	magicc_v5	-15.494569552307667	19.346510033689082	15.494569552307667	19.346510033689082	low	medium
G_r072_indel_0p1pct	72	11	indel	0.001	0.1	ins0.5_geom0.75	RS_GCF_902381645.1	Fusobacteriota	Bacteria	highly_fragmented	69.72920355230767	4.835927966310918	69.72611151270213	4.835927966310918	2268272	107	1691340	107	1691265	0.0010039377061974		0	0	1698	0	True	69.88508	6.6407113	magicc_v5	0.15587644769233577	1.8047833336890822	0.15587644769233577	1.8047833336890822	medium	medium
G_r072_indel_0p5pct	72	12	indel	0.005	0.5	ins0.5_geom0.75	RS_GCF_902381645.1	Fusobacteriota	Bacteria	highly_fragmented	69.72920355230767	4.835927966310918	69.72182388444912	4.835927966310918	2268272	107	1691340	107	1691161	0.0050930031809098		0	0	8614	0	True	67.72392	7.2484612	magicc_v5	-2.0052835523076595	2.412533233689082	2.0052835523076595	2.412533233689082	medium	medium
G_r072_indel_1pct	72	13	indel	0.01	1.0	ins0.5_geom0.75	RS_GCF_902381645.1	Fusobacteriota	Bacteria	highly_fragmented	69.72920355230767	4.835927966310918	69.72285456431763	4.835927966310918	2268272	107	1691340	107	1691186	0.010089633072002		0	0	17065	0	True	63.476524	9.226629	magicc_v5	-6.252679552307669	4.390701033689083	6.252679552307669	4.390701033689083	medium	medium
G_r072_indel_2pct	72	14	indel	0.02	2.0	ins0.5_geom0.75	RS_GCF_902381645.1	Fusobacteriota	Bacteria	highly_fragmented	69.72920355230767	4.835927966310918	69.74045857647181	4.835927966310918	2268272	107	1691340	107	1691613	0.020107725235612		0	0	34009	0	True	63.05081	9.457961	magicc_v5	-6.678393552307668	4.622033033689081	6.678393552307668	4.622033033689081	medium	medium
G_r072_indel_5pct	72	15	indel	0.05	5.0	ins0.5_geom0.75	RS_GCF_902381645.1	Fusobacteriota	Bacteria	highly_fragmented	69.72920355230767	4.835927966310918	69.72652378464953	4.835927966310918	2268272	107	1691340	107	1691275	0.0498037059373041		0	0	84235	0	True	53.075798	16.05492	magicc_v5	-16.653405552307667	11.21899203368908	16.653405552307667	11.21899203368908	low	medium
G_r072_chimera_5pct	72	16	chimera	0.05	5.0	rc0.5	RS_GCF_902381645.1	Fusobacteriota	Bacteria	highly_fragmented	69.72920355230767	4.835927966310918	69.72920355230767	4.835927966310918	2268272	107	1691340	104	1691340	0.0560747663551401		0	0	0	3	True	70.17768	6.6933126	magicc_v5	0.44847644769232886	1.8573846336890814	0.44847644769232886	1.8573846336890814	medium	medium
G_r072_chimera_10pct	72	17	chimera	0.1	10.0	rc0.5	RS_GCF_902381645.1	Fusobacteriota	Bacteria	highly_fragmented	69.72920355230767	4.835927966310918	69.72920355230767	4.835927966310918	2268272	107	1691340	101	1691340	0.1121495327102803		0	0	0	6	True	70.14291	6.7285357	magicc_v5	0.4137064476923342	1.8926077336890819	0.4137064476923342	1.8926077336890819	medium	medium
G_r072_chimera_20pct	72	18	chimera	0.2	20.0	rc0.5	RS_GCF_902381645.1	Fusobacteriota	Bacteria	highly_fragmented	69.72920355230767	4.835927966310918	69.72920355230767	4.835927966310918	2268272	107	1691340	97	1691340	0.1869158878504672		0	0	0	10	True	70.19117	6.719658	magicc_v5	0.4619664476923333	1.8837300336890817	0.4619664476923333	1.8837300336890817	medium	medium
G_r072_chimera_40pct	72	19	chimera	0.4	40.0	rc0.5	RS_GCF_902381645.1	Fusobacteriota	Bacteria	highly_fragmented	69.72920355230767	4.835927966310918	69.72920355230767	4.835927966310918	2268272	107	1691340	85	1691340	0.411214953271028		0	0	0	22	True	70.19724	6.694761	magicc_v5	0.46803644769232733	1.8588330336890815	0.46803644769232733	1.8588330336890815	medium	medium
G_r072_uneven_coverage_5pct	72	20	uneven_coverage	0.05	5.0	lognormal_sigma1.0	RS_GCF_902381645.1	Fusobacteriota	Bacteria	highly_fragmented	69.72920355230767	4.835927966310918	69.72920355230767	8.564184542241847	2268272	107	1691340	114	1775907	0.05		84567	0	0	0	True	72.93335	7.4712663	magicc_v5	3.204146447692338	2.6353383336890817	3.204146447692338	2.6353383336890817	medium	medium
G_r072_uneven_coverage_10pct	72	21	uneven_coverage	0.1	10.0	lognormal_sigma1.0	RS_GCF_902381645.1	Fusobacteriota	Bacteria	highly_fragmented	69.72920355230767	4.835927966310918	69.72920355230767	12.292441118172777	2268272	107	1691340	120	1860474	0.1		169134	0	0	0	True	78.500916	6.3066063	magicc_v5	8.771712447692337	1.470678333689082	8.771712447692337	1.470678333689082	medium	medium
G_r072_uneven_coverage_20pct	72	22	uneven_coverage	0.2	20.0	lognormal_sigma1.0	RS_GCF_902381645.1	Fusobacteriota	Bacteria	highly_fragmented	69.72920355230767	4.835927966310918	69.72920355230767	19.748954270034638	2268272	107	1691340	130	2029608	0.2		338268	0	0	0	True	84.16698	6.390601	magicc_v5	14.437776447692329	1.554673033689082	14.437776447692329	1.554673033689082	medium	medium
G_r072_uneven_coverage_40pct	72	23	uneven_coverage	0.4	40.0	lognormal_sigma1.0	RS_GCF_902381645.1	Fusobacteriota	Bacteria	highly_fragmented	69.72920355230767	4.835927966310918	69.72920355230767	34.66198057375835	2268272	107	1691340	161	2367876	0.4		676536	0	0	0	True	99.605576	6.931451	magicc_v5	29.876372447692333	2.0955230336890818	29.876372447692333	2.0955230336890818	medium	medium
G_r073_none_control	73	0	none	0.0	0.0	control	RS_GCF_000243255.1	Halobacteriota	Archaea	medium	83.8626456053929	9.99998125554133	83.8626456053929	9.99998125554133	3200946	18	3004492	18	3004492	0.0		0	0	0	0	True	93.02167	12.53643	magicc_v5	9.159024394607101	2.536448744458669	9.159024394607101	2.536448744458669	low	medium
G_r073_substitution_0p1pct	73	1	substitution	0.001	0.1	uniform	RS_GCF_000243255.1	Halobacteriota	Archaea	medium	83.8626456053929	9.99998125554133	83.8626456053929	9.99998125554133	3200946	18	3004492	18	3004492	0.0010067274964444	0.0089640838741259	0	3024	0	0	True	90.60416	13.24113	magicc_v5	6.741514394607094	3.2411487444586697	6.741514394607094	3.2411487444586697	low	medium
G_r073_substitution_0p5pct	73	2	substitution	0.005	0.5	uniform	RS_GCF_000243255.1	Halobacteriota	Archaea	medium	83.8626456053929	9.99998125554133	83.8626456053929	9.99998125554133	3200946	18	3004492	18	3004492	0.0049853651650979	0.0441104216424403	0	14975	0	0	True	87.87521	15.468538	magicc_v5	4.012564394607097	5.46855674445867	4.012564394607097	5.46855674445867	low	medium
G_r073_substitution_1pct	73	3	substitution	0.01	1.0	uniform	RS_GCF_000243255.1	Halobacteriota	Archaea	medium	83.8626456053929	9.99998125554133	83.8626456053929	9.99998125554133	3200946	18	3004492	18	3004492	0.0101032295178893	0.0864827525163591	0	30348	0	0	True	85.30898	16.780811	magicc_v5	1.4463343946071063	6.78082974445867	1.4463343946071063	6.78082974445867	low	medium
G_r073_substitution_2pct	73	4	substitution	0.02	2.0	uniform	RS_GCF_000243255.1	Halobacteriota	Archaea	medium	83.8626456053929	9.99998125554133	83.8626456053929	9.99998125554133	3200946	18	3004492	18	3004492	0.019900512418969	0.1662522378698502	0	59777	0	0	True	83.70946	17.288069	magicc_v5	-0.15318560539289194	7.28808774445867	0.15318560539289194	7.28808774445867	low	medium
G_r073_substitution_5pct	73	5	substitution	0.05	5.0	uniform	RS_GCF_000243255.1	Halobacteriota	Archaea	medium	83.8626456053929	9.99998125554133	83.8626456053929	9.99998125554133	3200946	18	3004492	18	3004492	0.0499944736519705	0.3697505902753909	0	150173	0	0	True	79.08311	21.342701	magicc_v5	-4.779535605392894	11.342719744458671	4.779535605392894	11.342719744458671	low	medium
G_r073_substitution_titv_0p1pct	73	6	substitution_titv	0.001	0.1	titv_2	RS_GCF_000243255.1	Halobacteriota	Archaea	medium	83.8626456053929	9.99998125554133	83.8626456053929	9.99998125554133	3200946	18	3004492	18	3004492	0.0010227072979753	0.0089640838741259	0	3072	0	0	True	93.030235	12.724167	magicc_v5	9.167589394607106	2.7241857444586692	9.167589394607106	2.7241857444586692	low	medium
G_r073_substitution_titv_0p5pct	73	7	substitution_titv	0.005	0.5	titv_2	RS_GCF_000243255.1	Halobacteriota	Archaea	medium	83.8626456053929	9.99998125554133	83.8626456053929	9.99998125554133	3200946	18	3004492	18	3004492	0.0049900259405444	0.0441104216424403	0	14989	0	0	True	93.96834	11.952525	magicc_v5	10.105694394607099	1.9525437444586693	10.105694394607099	1.9525437444586693	low	medium
G_r073_substitution_titv_1pct	73	8	substitution_titv	0.01	1.0	titv_2	RS_GCF_000243255.1	Halobacteriota	Archaea	medium	83.8626456053929	9.99998125554133	83.8626456053929	9.99998125554133	3200946	18	3004492	18	3004492	0.0100492976877227	0.0864827525163591	0	30186	0	0	True	86.7335	15.388208	magicc_v5	2.8708543946071075	5.38822674445867	2.8708543946071075	5.38822674445867	low	medium
G_r073_substitution_titv_2pct	73	9	substitution_titv	0.02	2.0	titv_2	RS_GCF_000243255.1	Halobacteriota	Archaea	medium	83.8626456053929	9.99998125554133	83.8626456053929	9.99998125554133	3200946	18	3004492	18	3004492	0.0200253546184289	0.1662522378698502	0	60152	0	0	True	82.60629	17.912853	magicc_v5	-1.2563556053928977	7.912871744458668	1.2563556053928977	7.912871744458668	low	medium
G_r073_substitution_titv_5pct	73	10	substitution_titv	0.05	5.0	titv_2	RS_GCF_000243255.1	Halobacteriota	Archaea	medium	83.8626456053929	9.99998125554133	83.8626456053929	9.99998125554133	3200946	18	3004492	18	3004492	0.0499481988100374	0.3697505902753909	0	150034	0	0	True	76.970505	22.834146	magicc_v5	-6.892140605392896	12.83416474445867	6.892140605392896	12.83416474445867	low	medium
G_r073_indel_0p1pct	73	11	indel	0.001	0.1	ins0.5_geom0.75	RS_GCF_000243255.1	Halobacteriota	Archaea	medium	83.8626456053929	9.99998125554133	83.8626456053929	9.99998125554133	3200946	18	3004492	18	3004492	0.0010124839739962		0	0	3042	0	True	92.424194	13.1077585	magicc_v5	8.561548394607101	3.107777244458669	8.561548394607101	3.107777244458669	low	medium
G_r073_indel_0p5pct	73	12	indel	0.005	0.5	ins0.5_geom0.75	RS_GCF_000243255.1	Halobacteriota	Archaea	medium	83.8626456053929	9.99998125554133	83.86038469929163	9.99998125554133	3200946	18	3004492	18	3004411	0.0050091662750308		0	0	15050	0	True	91.79128	13.026044	magicc_v5	7.928634394607101	3.0260627444586703	7.928634394607101	3.0260627444586703	low	medium
G_r073_indel_1pct	73	13	indel	0.01	1.0	ins0.5_geom0.75	RS_GCF_000243255.1	Halobacteriota	Archaea	medium	83.8626456053929	9.99998125554133	83.87107515653592	9.99998125554133	3200946	18	3004492	18	3004794	0.010019331054967		0	0	30103	0	True	87.26991	15.564072	magicc_v5	3.407264394607097	5.564090744458669	3.407264394607097	5.564090744458669	low	medium
G_r073_indel_2pct	73	14	indel	0.02	2.0	ins0.5_geom0.75	RS_GCF_000243255.1	Halobacteriota	Archaea	medium	83.8626456053929	9.99998125554133	83.87205209127104	9.99998125554133	3200946	18	3004492	18	3004829	0.0199384787844334		0	0	59905	0	True	82.920044	16.568884	magicc_v5	-0.9426016053928947	6.56890274445867	0.9426016053928947	6.56890274445867	low	medium
G_r073_indel_5pct	73	15	indel	0.05	5.0	ins0.5_geom0.75	RS_GCF_000243255.1	Halobacteriota	Archaea	medium	83.8626456053929	9.99998125554133	83.85798423108534	9.99998125554133	3200946	18	3004492	18	3004325	0.050027092766431		0	0	150306	0	True	76.45653	16.706879	magicc_v5	-7.406115605392898	6.70689774445867	7.406115605392898	6.70689774445867	low	medium
G_r073_chimera_5pct	73	16	chimera	0.05	5.0	rc0.5	RS_GCF_000243255.1	Halobacteriota	Archaea	medium	83.8626456053929	9.99998125554133	83.8626456053929	9.99998125554133	3200946	18	3004492	17	3004492	0.1111111111111111		0	0	0	1	True	93.016174	12.5328865	magicc_v5	9.153528394607108	2.5329052444586697	9.153528394607108	2.5329052444586697	low	medium
G_r073_chimera_10pct	73	17	chimera	0.1	10.0	rc0.5	RS_GCF_000243255.1	Halobacteriota	Archaea	medium	83.8626456053929	9.99998125554133	83.8626456053929	9.99998125554133	3200946	18	3004492	17	3004492	0.1111111111111111		0	0	0	1	True	93.02167	12.53643	magicc_v5	9.159024394607101	2.536448744458669	9.159024394607101	2.536448744458669	low	medium
G_r073_chimera_20pct	73	18	chimera	0.2	20.0	rc0.5	RS_GCF_000243255.1	Halobacteriota	Archaea	medium	83.8626456053929	9.99998125554133	83.8626456053929	9.99998125554133	3200946	18	3004492	16	3004492	0.2222222222222222		0	0	0	2	True	92.98314	12.552598	magicc_v5	9.120494394607107	2.5526167444586694	9.120494394607107	2.5526167444586694	low	medium
G_r073_chimera_40pct	73	19	chimera	0.4	40.0	rc0.5	RS_GCF_000243255.1	Halobacteriota	Archaea	medium	83.8626456053929	9.99998125554133	83.8626456053929	9.99998125554133	3200946	18	3004492	14	3004492	0.4444444444444444		0	0	0	4	True	93.016174	12.5328865	magicc_v5	9.153528394607108	2.5329052444586697	9.153528394607108	2.5329052444586697	low	medium
G_r073_uneven_coverage_5pct	73	20	uneven_coverage	0.05	5.0	lognormal_sigma1.0	RS_GCF_000243255.1	Halobacteriota	Archaea	medium	83.8626456053929	9.99998125554133	83.8626456053929	14.693125094893825	3200946	18	3004492	19	3154717	0.0500001331339873		150225	0	0	0	True	98.50244	10.834622	magicc_v5	14.639794394607108	0.8346407444586692	14.639794394607108	0.8346407444586692	low	medium
G_r073_uneven_coverage_10pct	73	21	uneven_coverage	0.1	10.0	lognormal_sigma1.0	RS_GCF_000243255.1	Halobacteriota	Archaea	medium	83.8626456053929	9.99998125554133	83.8626456053929	19.386237693481863	3200946	18	3004492	21	3304941	0.0999999334330063		300449	0	0	0	True	98.64589	16.008436	magicc_v5	14.783244394607095	6.008454744458669	14.783244394607095	6.008454744458669	low	medium
G_r073_uneven_coverage_20pct	73	22	uneven_coverage	0.2	20.0	lognormal_sigma1.0	RS_GCF_000243255.1	Halobacteriota	Archaea	medium	83.8626456053929	9.99998125554133	83.8626456053929	28.7724941314224	3200946	18	3004492	27	3605390	0.1999998668660126		600898	0	0	0	True	98.77938	21.151785	magicc_v5	14.916734394607104	11.15180374445867	14.916734394607104	11.15180374445867	low	medium
G_r073_uneven_coverage_40pct	73	23	uneven_coverage	0.4	40.0	lognormal_sigma1.0	RS_GCF_000243255.1	Halobacteriota	Archaea	medium	83.8626456053929	9.99998125554133	83.8626456053929	47.54503824806792	3200946	18	3004492	25	4206289	0.4000000665669936		1201797	0	0	0	True	92.70859	41.37678	magicc_v5	8.845944394607102	31.376798744458668	8.845944394607102	31.376798744458668	low	medium
G_r074_none_control	74	0	none	0.0	0.0	control	GB_GCA_016766715.1	Verrucomicrobiota	Bacteria	high	100.0	20.0	100.0	20.0	917845	2	1101414	2	1101414	0.0		0	0	0	0	True	99.74357	19.859615	magicc_v5	-0.2564299999999946	-0.14038499999999843	0.2564299999999946	0.14038499999999843	low	low
G_r074_substitution_0p1pct	74	1	substitution	0.001	0.1	uniform	GB_GCA_016766715.1	Verrucomicrobiota	Bacteria	high	100.0	20.0	100.0	20.0	917845	2	1101414	2	1101414	0.0010232319967459	0.0089640838741259	0	1127	0	0	True	99.740845	19.638315	magicc_v5	-0.2591550000000069	-0.36168500000000137	0.2591550000000069	0.36168500000000137	low	low
G_r074_substitution_0p5pct	74	2	substitution	0.005	0.5	uniform	GB_GCA_016766715.1	Verrucomicrobiota	Bacteria	high	100.0	20.0	100.0	20.0	917845	2	1101414	2	1101414	0.0051561087040998	0.0441104216424403	0	5679	0	0	True	99.63248	21.182514	magicc_v5	-0.36751999999999896	1.1825140000000012	0.36751999999999896	1.1825140000000012	low	low
G_r074_substitution_1pct	74	3	substitution	0.01	1.0	uniform	GB_GCA_016766715.1	Verrucomicrobiota	Bacteria	high	100.0	20.0	100.0	20.0	917845	2	1101414	2	1101414	0.0100416556202402	0.0864827525163591	0	11060	0	0	True	98.45882	19.792675	magicc_v5	-1.541179999999997	-0.20732500000000087	1.541179999999997	0.20732500000000087	low	low
G_r074_substitution_2pct	74	4	substitution	0.02	2.0	uniform	GB_GCA_016766715.1	Verrucomicrobiota	Bacteria	high	100.0	20.0	100.0	20.0	917845	2	1101414	2	1101414	0.02005244177474	0.1662522378698502	0	22086	0	0	True	91.36669	23.920887	magicc_v5	-8.633309999999994	3.9208870000000005	8.633309999999994	3.9208870000000005	low	low
G_r074_substitution_5pct	74	5	substitution	0.05	5.0	uniform	GB_GCA_016766715.1	Verrucomicrobiota	Bacteria	high	100.0	20.0	100.0	20.0	917845	2	1101414	2	1101414	0.0502872676164777	0.3697505902753909	0	55387	0	0	True	88.68625	20.6613	magicc_v5	-11.313749999999999	0.6613000000000007	11.313749999999999	0.6613000000000007	low	low
G_r074_substitution_titv_0p1pct	74	6	substitution_titv	0.001	0.1	titv_2	GB_GCA_016766715.1	Verrucomicrobiota	Bacteria	high	100.0	20.0	100.0	20.0	917845	2	1101414	2	1101414	0.0010005338601722	0.0089640838741259	0	1102	0	0	True	99.712265	20.618353	magicc_v5	-0.28773499999999785	0.618352999999999	0.28773499999999785	0.618352999999999	low	low
G_r074_substitution_titv_0p5pct	74	7	substitution_titv	0.005	0.5	titv_2	GB_GCA_016766715.1	Verrucomicrobiota	Bacteria	high	100.0	20.0	100.0	20.0	917845	2	1101414	2	1101414	0.0049118767545659	0.0441104216424403	0	5410	0	0	True	99.53904	20.223656	magicc_v5	-0.46096000000000004	0.2236559999999983	0.46096000000000004	0.2236559999999983	low	low
G_r074_substitution_titv_1pct	74	8	substitution_titv	0.01	1.0	titv_2	GB_GCA_016766715.1	Verrucomicrobiota	Bacteria	high	100.0	20.0	100.0	20.0	917845	2	1101414	2	1101414	0.0100480110984808	0.0864827525163591	0	11067	0	0	True	99.113716	19.644018	magicc_v5	-0.8862840000000034	-0.3559820000000009	0.8862840000000034	0.3559820000000009	low	low
G_r074_substitution_titv_2pct	74	9	substitution_titv	0.02	2.0	titv_2	GB_GCA_016766715.1	Verrucomicrobiota	Bacteria	high	100.0	20.0	100.0	20.0	917845	2	1101414	2	1101414	0.0197628135520586	0.1662522378698502	0	21767	0	0	True	98.85239	21.337593	magicc_v5	-1.1476100000000002	1.3375929999999983	1.1476100000000002	1.3375929999999983	low	low
G_r074_substitution_titv_5pct	74	10	substitution_titv	0.05	5.0	titv_2	GB_GCA_016766715.1	Verrucomicrobiota	Bacteria	high	100.0	20.0	100.0	20.0	917845	2	1101414	2	1101414	0.0500103503502776	0.3697505902753909	0	55082	0	0	True	82.477554	21.203943	magicc_v5	-17.522446000000002	1.2039429999999989	17.522446000000002	1.2039429999999989	low	low
G_r074_indel_0p1pct	74	11	indel	0.001	0.1	ins0.5_geom0.75	GB_GCA_016766715.1	Verrucomicrobiota	Bacteria	high	100.0	20.0	99.99909207618568	20.0	917845	2	1101414	2	1101404	0.0009905448813979		0	0	1091	0	True	99.72464	19.35924	magicc_v5	-0.27536000000000627	-0.6407600000000002	0.27536000000000627	0.6407600000000002	low	low
G_r074_indel_0p5pct	74	12	indel	0.005	0.5	ins0.5_geom0.75	GB_GCA_016766715.1	Verrucomicrobiota	Bacteria	high	100.0	20.0	100.0030869409686	20.0	917845	2	1101414	2	1101448	0.0050090156834759		0	0	5517	0	True	99.637115	20.064545	magicc_v5	-0.3628850000000057	0.06454499999999896	0.3628850000000057	0.06454499999999896	low	low
G_r074_indel_1pct	74	13	indel	0.01	1.0	ins0.5_geom0.75	GB_GCA_016766715.1	Verrucomicrobiota	Bacteria	high	100.0	20.0	100.00726339051435	20.0	917845	2	1101414	2	1101494	0.0099935174239659		0	0	11007	0	True	99.34956	17.020086	magicc_v5	-0.6504400000000032	-2.979914000000001	0.6504400000000032	2.979914000000001	low	low
G_r074_indel_2pct	74	14	indel	0.02	2.0	ins0.5_geom0.75	GB_GCA_016766715.1	Verrucomicrobiota	Bacteria	high	100.0	20.0	99.9874706513627	20.0	917845	2	1101414	2	1101276	0.0200033774765891		0	0	22032	0	True	93.26622	23.167944	magicc_v5	-6.733779999999996	3.1679439999999985	6.733779999999996	3.1679439999999985	low	low
G_r074_indel_5pct	74	15	indel	0.05	5.0	ins0.5_geom0.75	GB_GCA_016766715.1	Verrucomicrobiota	Bacteria	high	100.0	20.0	99.9743057560554	20.0	917845	2	1101414	2	1101131	0.0500583795012592		0	0	55135	0	True	83.8313	19.525242	magicc_v5	-16.1687	-0.47475800000000135	16.1687	0.47475800000000135	low	low
G_r074_chimera_5pct	74	16	chimera	0.05	5.0	rc0.5	GB_GCA_016766715.1	Verrucomicrobiota	Bacteria	high	100.0	20.0	100.0	20.0	917845	2	1101414	2	1101414	0.0		0	0	0	0	True	99.74357	19.859615	magicc_v5	-0.2564299999999946	-0.14038499999999843	0.2564299999999946	0.14038499999999843	low	low
G_r074_chimera_10pct	74	17	chimera	0.1	10.0	rc0.5	GB_GCA_016766715.1	Verrucomicrobiota	Bacteria	high	100.0	20.0	100.0	20.0	917845	2	1101414	2	1101414	0.0		0	0	0	0	True	99.74357	19.859615	magicc_v5	-0.2564299999999946	-0.14038499999999843	0.2564299999999946	0.14038499999999843	low	low
G_r074_chimera_20pct	74	18	chimera	0.2	20.0	rc0.5	GB_GCA_016766715.1	Verrucomicrobiota	Bacteria	high	100.0	20.0	100.0	20.0	917845	2	1101414	2	1101414	0.0		0	0	0	0	True	99.74357	19.859615	magicc_v5	-0.2564299999999946	-0.14038499999999843	0.2564299999999946	0.14038499999999843	low	low
G_r074_chimera_40pct	74	19	chimera	0.4	40.0	rc0.5	GB_GCA_016766715.1	Verrucomicrobiota	Bacteria	high	100.0	20.0	100.0	20.0	917845	2	1101414	2	1101414	0.0		0	0	0	0	True	99.74357	19.859615	magicc_v5	-0.2564299999999946	-0.14038499999999843	0.2564299999999946	0.14038499999999843	low	low
G_r074_uneven_coverage_5pct	74	20	uneven_coverage	0.05	5.0	lognormal_sigma1.0	GB_GCA_016766715.1	Verrucomicrobiota	Bacteria	high	100.0	20.0	100.0	26.000032685257317	917845	2	1101414	3	1156485	0.0500002723771442		55071	0	0	0	True	99.56857	26.24467	magicc_v5	-0.431430000000006	6.244669999999999	0.431430000000006	6.244669999999999	low	low
G_r074_uneven_coverage_10pct	74	21	uneven_coverage	0.1	10.0	lognormal_sigma1.0	GB_GCA_016766715.1	Verrucomicrobiota	Bacteria	high	100.0	20.0	100.0	31.999956419656915	917845	2	1101414	4	1211555	0.0999996368304742		110141	0	0	0	True	99.574196	32.60991	magicc_v5	-0.4258039999999994	12.60991	0.4258039999999994	12.60991	low	low
G_r074_uneven_coverage_20pct	74	22	uneven_coverage	0.2	20.0	lognormal_sigma1.0	GB_GCA_016766715.1	Verrucomicrobiota	Bacteria	high	100.0	20.0	100.0	44.00002179017154	917845	2	1101414	3	1321697	0.2000001815847628		220283	0	0	0	True	99.933655	31.296003	magicc_v5	-0.06634499999999832	11.296002999999999	0.06634499999999832	11.296002999999999	low	low
G_r074_uneven_coverage_40pct	74	23	uneven_coverage	0.4	40.0	lognormal_sigma1.0	GB_GCA_016766715.1	Verrucomicrobiota	Bacteria	high	100.0	20.0	100.0	68.00004358034309	917845	2	1101414	4	1541980	0.4000003631695257		440566	0	0	0	True	99.72618	57.54764	magicc_v5	-0.2738200000000006	37.54764	0.2738200000000006	37.54764	low	low
G_r075_none_control	75	0	none	0.0	0.0	control	RS_GCF_001719125.1	Thermoproteota	Archaea	medium	83.298249425198	1.999987352681994	83.298249425198	1.999987352681994	2688317	6	2293087	6	2293087	0.0		0	0	0	0	True	81.08761	3.6254196	magicc_v5	-2.2106394251979964	1.6254322473180058	2.2106394251979964	1.6254322473180058	medium	medium
G_r075_substitution_0p1pct	75	1	substitution	0.001	0.1	uniform	RS_GCF_001719125.1	Thermoproteota	Archaea	medium	83.298249425198	1.999987352681994	83.298249425198	1.999987352681994	2688317	6	2293087	6	2293087	0.0009990898731709	0.0089640838741259	0	2291	0	0	True	78.95304	5.193776	magicc_v5	-4.345209425197993	3.193788647318006	4.345209425197993	3.193788647318006	medium	medium
G_r075_substitution_0p5pct	75	2	substitution	0.005	0.5	uniform	RS_GCF_001719125.1	Thermoproteota	Archaea	medium	83.298249425198	1.999987352681994	83.298249425198	1.999987352681994	2688317	6	2293087	6	2293087	0.004992832805733	0.0441104216424403	0	11449	0	0	True	74.293076	8.165654	magicc_v5	-9.005173425197995	6.165666647318006	9.005173425197995	6.165666647318006	medium	medium
G_r075_substitution_1pct	75	3	substitution	0.01	1.0	uniform	RS_GCF_001719125.1	Thermoproteota	Archaea	medium	83.298249425198	1.999987352681994	83.298249425198	1.999987352681994	2688317	6	2293087	6	2293087	0.0099551390767118	0.0864827525163591	0	22828	0	0	True	76.07598	7.0252123	magicc_v5	-7.222269425197993	5.025224947318006	7.222269425197993	5.025224947318006	medium	medium
G_r075_substitution_2pct	75	4	substitution	0.02	2.0	uniform	RS_GCF_001719125.1	Thermoproteota	Archaea	medium	83.298249425198	1.999987352681994	83.298249425198	1.999987352681994	2688317	6	2293087	6	2293087	0.0200602942670731	0.1662522378698502	0	46000	0	0	True	66.916985	16.86922	magicc_v5	-16.381264425197998	14.869232647318004	16.381264425197998	14.869232647318004	low	medium
G_r075_substitution_5pct	75	5	substitution	0.05	5.0	uniform	RS_GCF_001719125.1	Thermoproteota	Archaea	medium	83.298249425198	1.999987352681994	83.298249425198	1.999987352681994	2688317	6	2293087	6	2293087	0.0500460732628112	0.3697505902753909	0	114760	0	0	True	64.084625	17.936062	magicc_v5	-19.21362442519799	15.936074647318005	19.21362442519799	15.936074647318005	low	medium
G_r075_substitution_titv_0p1pct	75	6	substitution_titv	0.001	0.1	titv_2	RS_GCF_001719125.1	Thermoproteota	Archaea	medium	83.298249425198	1.999987352681994	83.298249425198	1.999987352681994	2688317	6	2293087	6	2293087	0.0009825183257329	0.0089640838741259	0	2253	0	0	True	80.291885	4.4673977	magicc_v5	-3.006364425198001	2.4674103473180065	3.006364425198001	2.4674103473180065	medium	medium
G_r075_substitution_titv_0p5pct	75	7	substitution_titv	0.005	0.5	titv_2	RS_GCF_001719125.1	Thermoproteota	Archaea	medium	83.298249425198	1.999987352681994	83.298249425198	1.999987352681994	2688317	6	2293087	6	2293087	0.0050421113546934	0.0441104216424403	0	11562	0	0	True	76.533966	7.4189754	magicc_v5	-6.764283425197988	5.418988047318006	6.764283425197988	5.418988047318006	medium	medium
G_r075_substitution_titv_1pct	75	8	substitution_titv	0.01	1.0	titv_2	RS_GCF_001719125.1	Thermoproteota	Archaea	medium	83.298249425198	1.999987352681994	83.298249425198	1.999987352681994	2688317	6	2293087	6	2293087	0.0100427938407919	0.0864827525163591	0	23029	0	0	True	75.11814	7.973087	magicc_v5	-8.180109425197998	5.973099647318006	8.180109425197998	5.973099647318006	medium	medium
G_r075_substitution_titv_2pct	75	9	substitution_titv	0.02	2.0	titv_2	RS_GCF_001719125.1	Thermoproteota	Archaea	medium	83.298249425198	1.999987352681994	83.298249425198	1.999987352681994	2688317	6	2293087	6	2293087	0.0199299023543371	0.1662522378698502	0	45701	0	0	True	69.85818	13.124153	magicc_v5	-13.44006942519799	11.124165647318005	13.44006942519799	11.124165647318005	low	medium
G_r075_substitution_titv_5pct	75	10	substitution_titv	0.05	5.0	titv_2	RS_GCF_001719125.1	Thermoproteota	Archaea	medium	83.298249425198	1.999987352681994	83.298249425198	1.999987352681994	2688317	6	2293087	6	2293087	0.0500674418371391	0.3697505902753909	0	114809	0	0	True	68.237076	10.59672	magicc_v5	-15.061173425197993	8.596732647318005	15.061173425197993	8.596732647318005	low	medium
G_r075_indel_0p1pct	75	11	indel	0.001	0.1	ins0.5_geom0.75	RS_GCF_001719125.1	Thermoproteota	Archaea	medium	83.298249425198	1.999987352681994	83.29806779613327	1.999987352681994	2688317	6	2293087	6	2293082	0.0009764130187821		0	0	2239	0	True	81.10039	3.689307	magicc_v5	-2.19785942519799	1.6893196473180059	2.19785942519799	1.6893196473180059	medium	medium
G_r075_indel_0p5pct	75	12	indel	0.005	0.5	ins0.5_geom0.75	RS_GCF_001719125.1	Thermoproteota	Archaea	medium	83.298249425198	1.999987352681994	83.30053795141343	1.999987352681994	2688317	6	2293087	6	2293150	0.0050207427803655		0	0	11513	0	True	80.01671	3.971088	magicc_v5	-3.281539425197991	1.971100647318006	3.281539425197991	1.971100647318006	medium	medium
G_r075_indel_1pct	75	13	indel	0.01	1.0	ins0.5_geom0.75	RS_GCF_001719125.1	Thermoproteota	Archaea	medium	83.298249425198	1.999987352681994	83.30195465811822	1.999987352681994	2688317	6	2293087	6	2293189	0.0099852295181124		0	0	22897	0	True	79.55019	4.0619793	magicc_v5	-3.7480594251979937	2.061991947318006	3.7480594251979937	2.061991947318006	medium	medium
G_r075_indel_2pct	75	14	indel	0.02	2.0	ins0.5_geom0.75	RS_GCF_001719125.1	Thermoproteota	Archaea	medium	83.298249425198	1.999987352681994	83.32040817109355	1.999987352681994	2688317	6	2293087	6	2293697	0.0201017231356682		0	0	46095	0	True	74.46614	6.0561447	magicc_v5	-8.832109425197999	4.056157347318006	8.832109425197999	4.056157347318006	medium	medium
G_r075_indel_5pct	75	15	indel	0.05	5.0	ins0.5_geom0.75	RS_GCF_001719125.1	Thermoproteota	Archaea	medium	83.298249425198	1.999987352681994	83.3136152440731	1.999987352681994	2688317	6	2293087	6	2293510	0.0499906894068999		0	0	114633	0	True	73.01332	4.399556	magicc_v5	-10.284929425198001	2.399568647318006	10.284929425198001	2.399568647318006	medium	medium
G_r075_chimera_5pct	75	16	chimera	0.05	5.0	rc0.5	RS_GCF_001719125.1	Thermoproteota	Archaea	medium	83.298249425198	1.999987352681994	83.298249425198	1.999987352681994	2688317	6	2293087	6	2293087	0.0		0	0	0	0	True	81.08761	3.6254196	magicc_v5	-2.2106394251979964	1.6254322473180058	2.2106394251979964	1.6254322473180058	medium	medium
G_r075_chimera_10pct	75	17	chimera	0.1	10.0	rc0.5	RS_GCF_001719125.1	Thermoproteota	Archaea	medium	83.298249425198	1.999987352681994	83.298249425198	1.999987352681994	2688317	6	2293087	5	2293087	0.3333333333333333		0	0	0	1	True	81.08761	3.6254196	magicc_v5	-2.2106394251979964	1.6254322473180058	2.2106394251979964	1.6254322473180058	medium	medium
G_r075_chimera_20pct	75	18	chimera	0.2	20.0	rc0.5	RS_GCF_001719125.1	Thermoproteota	Archaea	medium	83.298249425198	1.999987352681994	83.298249425198	1.999987352681994	2688317	6	2293087	5	2293087	0.3333333333333333		0	0	0	1	True	81.08761	3.6254196	magicc_v5	-2.2106394251979964	1.6254322473180058	2.2106394251979964	1.6254322473180058	medium	medium
G_r075_chimera_40pct	75	19	chimera	0.4	40.0	rc0.5	RS_GCF_001719125.1	Thermoproteota	Archaea	medium	83.298249425198	1.999987352681994	83.298249425198	1.999987352681994	2688317	6	2293087	5	2293087	0.3333333333333333		0	0	0	1	True	81.08761	3.6254196	magicc_v5	-2.2106394251979964	1.6254322473180058	2.2106394251979964	1.6254322473180058	medium	medium
G_r075_uneven_coverage_5pct	75	20	uneven_coverage	0.05	5.0	lognormal_sigma1.0	RS_GCF_001719125.1	Thermoproteota	Archaea	medium	83.298249425198	1.999987352681994	83.298249425198	6.264886172278046	2688317	6	2293087	7	2407741	0.0499998473673262		114654	0	0	0	True	85.068985	2.6575894	magicc_v5	1.7707355748020035	0.657602047318006	1.7707355748020035	0.657602047318006	medium	medium
G_r075_uneven_coverage_10pct	75	21	uneven_coverage	0.1	10.0	lognormal_sigma1.0	RS_GCF_001719125.1	Thermoproteota	Archaea	medium	83.298249425198	1.999987352681994	83.298249425198	10.529822189868234	2688317	6	2293087	7	2522396	0.100000130828006		229309	0	0	0	True	95.19002	1.0006994	magicc_v5	11.89177057480201	-0.999287952681994	11.89177057480201	0.999287952681994	high	medium
G_r075_uneven_coverage_20pct	75	22	uneven_coverage	0.2	20.0	lognormal_sigma1.0	RS_GCF_001719125.1	Thermoproteota	Archaea	medium	83.298249425198	1.999987352681994	83.298249425198	19.05961982906034	2688317	6	2293087	9	2751704	0.1999998255626585		458617	0	0	0	True	99.71007	0.9046793	magicc_v5	16.411820574802007	-1.095308052681994	16.411820574802007	1.095308052681994	high	medium
G_r075_uneven_coverage_40pct	75	23	uneven_coverage	0.4	40.0	lognormal_sigma1.0	RS_GCF_001719125.1	Thermoproteota	Archaea	medium	83.298249425198	1.999987352681994	83.298249425198	36.11928950343282	2688317	6	2293087	10	3210322	0.4000000872186707		917235	0	0	0	True	79.52244	44.255005	magicc_v5	-3.7758094251979912	42.255017647318006	3.7758094251979912	42.255017647318006	low	medium
G_r076_none_control	76	0	none	0.0	0.0	control	GB_GCA_963663615.1	Bacteroidota_A	Bacteria	low	90.1594500831497	1.9999800782261647	90.1594500831497	1.9999800782261647	4216492	127	3885895	127	3885895	0.0		0	0	0	0	True	98.777626	0.04260838	magicc_v5	8.618175916850305	-1.9573716982261646	8.618175916850305	1.9573716982261646	high	high
G_r076_substitution_0p1pct	76	1	substitution	0.001	0.1	uniform	GB_GCA_963663615.1	Bacteroidota_A	Bacteria	low	90.1594500831497	1.9999800782261647	90.1594500831497	1.9999800782261647	4216492	127	3885895	127	3885895	0.0009917921096684	0.0089640838741259	0	3854	0	0	True	98.89273	0.040063262	magicc_v5	8.733279916850307	-1.9599168162261646	8.733279916850307	1.9599168162261646	high	high
G_r076_substitution_0p5pct	76	2	substitution	0.005	0.5	uniform	GB_GCA_963663615.1	Bacteroidota_A	Bacteria	low	90.1594500831497	1.9999800782261647	90.1594500831497	1.9999800782261647	4216492	127	3885895	127	3885895	0.0050407949777335	0.0441104216424403	0	19588	0	0	True	98.38068	0.052031875	magicc_v5	8.221229916850305	-1.9479482032261648	8.221229916850305	1.9479482032261648	high	high
G_r076_substitution_1pct	76	3	substitution	0.01	1.0	uniform	GB_GCA_963663615.1	Bacteroidota_A	Bacteria	low	90.1594500831497	1.9999800782261647	90.1594500831497	1.9999800782261647	4216492	127	3885895	127	3885895	0.0099642424718115	0.0864827525163591	0	38720	0	0	True	98.87815	0.07443726	magicc_v5	8.718699916850312	-1.9255428182261647	8.718699916850312	1.9255428182261647	high	high
G_r076_substitution_2pct	76	4	substitution	0.02	2.0	uniform	GB_GCA_963663615.1	Bacteroidota_A	Bacteria	low	90.1594500831497	1.9999800782261647	90.1594500831497	1.9999800782261647	4216492	127	3885895	127	3885895	0.0200419723126847	0.1662522378698502	0	77881	0	0	True	98.67456	0.143224	magicc_v5	8.515109916850307	-1.8567560782261647	8.515109916850307	1.8567560782261647	high	high
G_r076_substitution_5pct	76	5	substitution	0.05	5.0	uniform	GB_GCA_963663615.1	Bacteroidota_A	Bacteria	low	90.1594500831497	1.9999800782261647	90.1594500831497	1.9999800782261647	4216492	127	3885895	127	3885895	0.0498711365078057	0.3697505902753909	0	193794	0	0	True	98.94397	0.3998816	magicc_v5	8.7845199168503	-1.6000984782261647	8.7845199168503	1.6000984782261647	high	high
G_r076_substitution_titv_0p1pct	76	6	substitution_titv	0.001	0.1	titv_2	GB_GCA_963663615.1	Bacteroidota_A	Bacteria	low	90.1594500831497	1.9999800782261647	90.1594500831497	1.9999800782261647	4216492	127	3885895	127	3885895	0.0010010563846938	0.0089640838741259	0	3890	0	0	True	98.39996	0.04374087	magicc_v5	8.2405099168503	-1.9562392082261648	8.2405099168503	1.9562392082261648	high	high
G_r076_substitution_titv_0p5pct	76	7	substitution_titv	0.005	0.5	titv_2	GB_GCA_963663615.1	Bacteroidota_A	Bacteria	low	90.1594500831497	1.9999800782261647	90.1594500831497	1.9999800782261647	4216492	127	3885895	127	3885895	0.0050171196082241	0.0441104216424403	0	19496	0	0	True	98.01509	0.051754713	magicc_v5	7.855639916850308	-1.9482253652261647	7.855639916850308	1.9482253652261647	high	high
G_r076_substitution_titv_1pct	76	8	substitution_titv	0.01	1.0	titv_2	GB_GCA_963663615.1	Bacteroidota_A	Bacteria	low	90.1594500831497	1.9999800782261647	90.1594500831497	1.9999800782261647	4216492	127	3885895	127	3885895	0.0099969247753734	0.0864827525163591	0	38847	0	0	True	99.30693	0.13694167	magicc_v5	9.147479916850301	-1.8630384082261648	9.147479916850301	1.8630384082261648	high	high
G_r076_substitution_titv_2pct	76	9	substitution_titv	0.02	2.0	titv_2	GB_GCA_963663615.1	Bacteroidota_A	Bacteria	low	90.1594500831497	1.9999800782261647	90.1594500831497	1.9999800782261647	4216492	127	3885895	127	3885895	0.0199503589263219	0.1662522378698502	0	77525	0	0	True	97.20035	0.123912096	magicc_v5	7.040899916850307	-1.8760679822261648	7.040899916850307	1.8760679822261648	high	high
G_r076_substitution_titv_5pct	76	10	substitution_titv	0.05	5.0	titv_2	GB_GCA_963663615.1	Bacteroidota_A	Bacteria	low	90.1594500831497	1.9999800782261647	90.1594500831497	1.9999800782261647	4216492	127	3885895	127	3885895	0.0501081475438734	0.3697505902753909	0	194715	0	0	True	97.904526	0.26407242	magicc_v5	7.745075916850311	-1.7359076582261648	7.745075916850311	1.7359076582261648	high	high
G_r076_indel_0p1pct	76	11	indel	0.001	0.1	ins0.5_geom0.75	GB_GCA_963663615.1	Bacteroidota_A	Bacteria	low	90.1594500831497	1.9999800782261647	90.15571460613258	1.9999800782261647	4216492	127	3885895	127	3885734	0.000996681588154		0	0	3873	0	True	98.705246	0.04146695	magicc_v5	8.54579591685031	-1.9585131282261647	8.54579591685031	1.9585131282261647	high	high
G_r076_indel_0p5pct	76	12	indel	0.005	0.5	ins0.5_geom0.75	GB_GCA_963663615.1	Bacteroidota_A	Bacteria	low	90.1594500831497	1.9999800782261647	90.1550881596763	1.9999800782261647	4216492	127	3885895	127	3885707	0.0049911281699582		0	0	19395	0	True	98.227615	0.047135353	magicc_v5	8.068164916850307	-1.9528447252261647	8.068164916850307	1.9528447252261647	high	high
G_r076_indel_1pct	76	13	indel	0.01	1.0	ins0.5_geom0.75	GB_GCA_963663615.1	Bacteroidota_A	Bacteria	low	90.1594500831497	1.9999800782261647	90.16084218638588	1.9999800782261647	4216492	127	3885895	127	3885955	0.010027548351152		0	0	38966	0	True	97.4445	0.06328225	magicc_v5	7.285049916850312	-1.9366978282261647	7.285049916850312	1.9366978282261647	high	high
G_r076_indel_2pct	76	14	indel	0.02	2.0	ins0.5_geom0.75	GB_GCA_963663615.1	Bacteroidota_A	Bacteria	low	90.1594500831497	1.9999800782261647	90.16578415287437	1.9999800782261647	4216492	127	3885895	127	3886168	0.0200437736994952		0	0	77888	0	True	95.34431	0.11176467	magicc_v5	5.1848599168503	-1.8882154082261648	5.1848599168503	1.8882154082261648	high	high
G_r076_indel_5pct	76	15	indel	0.05	5.0	ins0.5_geom0.75	GB_GCA_963663615.1	Bacteroidota_A	Bacteria	low	90.1594500831497	1.9999800782261647	90.14051747913751	1.9999800782261647	4216492	127	3885895	127	3885079	0.0500075272234581		0	0	194324	0	True	95.82564	0.31416118	magicc_v5	5.666189916850314	-1.6858188982261648	5.666189916850314	1.6858188982261648	high	high
G_r076_chimera_5pct	76	16	chimera	0.05	5.0	rc0.5	GB_GCA_963663615.1	Bacteroidota_A	Bacteria	low	90.1594500831497	1.9999800782261647	90.1594500831497	1.9999800782261647	4216492	127	3885895	124	3885895	0.0472440944881889		0	0	0	3	True	98.777626	0.04260838	magicc_v5	8.618175916850305	-1.9573716982261646	8.618175916850305	1.9573716982261646	high	high
G_r076_chimera_10pct	76	17	chimera	0.1	10.0	rc0.5	GB_GCA_963663615.1	Bacteroidota_A	Bacteria	low	90.1594500831497	1.9999800782261647	90.1594500831497	1.9999800782261647	4216492	127	3885895	121	3885895	0.0944881889763779		0	0	0	6	True	98.778854	0.0425905	magicc_v5	8.619403916850302	-1.9573895782261648	8.619403916850302	1.9573895782261648	high	high
G_r076_chimera_20pct	76	18	chimera	0.2	20.0	rc0.5	GB_GCA_963663615.1	Bacteroidota_A	Bacteria	low	90.1594500831497	1.9999800782261647	90.1594500831497	1.9999800782261647	4216492	127	3885895	114	3885895	0.2047244094488189		0	0	0	13	True	98.77554	0.0425905	magicc_v5	8.616089916850314	-1.9573895782261648	8.616089916850314	1.9573895782261648	high	high
G_r076_chimera_40pct	76	19	chimera	0.4	40.0	rc0.5	GB_GCA_963663615.1	Bacteroidota_A	Bacteria	low	90.1594500831497	1.9999800782261647	90.1594500831497	1.9999800782261647	4216492	127	3885895	101	3885895	0.4094488188976378		0	0	0	26	True	98.77597	0.042429566	magicc_v5	8.616519916850308	-1.9575505122261647	8.616519916850308	1.9575505122261647	high	high
G_r076_uneven_coverage_5pct	76	20	uneven_coverage	0.05	5.0	lognormal_sigma1.0	GB_GCA_963663615.1	Bacteroidota_A	Bacteria	low	90.1594500831497	1.9999800782261647	90.1594500831497	6.607957515394314	4216492	127	3885895	133	4080190	0.0500000643352432		194295	0	0	0	True	99.51568	0.05978942	magicc_v5	9.35622991685031	-1.9401906582261648	9.35622991685031	1.9401906582261648	high	high
G_r076_uneven_coverage_10pct	76	21	uneven_coverage	0.1	10.0	lognormal_sigma1.0	GB_GCA_963663615.1	Bacteroidota_A	Bacteria	low	90.1594500831497	1.9999800782261647	90.1594500831497	11.215934952562462	4216492	127	3885895	139	4274485	0.1000001286704864		388590	0	0	0	True	99.82881	0.078713894	magicc_v5	9.669359916850311	-1.9212661842261647	9.669359916850311	1.9212661842261647	high	high
G_r076_uneven_coverage_20pct	76	22	uneven_coverage	0.2	20.0	lognormal_sigma1.0	GB_GCA_963663615.1	Bacteroidota_A	Bacteria	low	90.1594500831497	1.9999800782261647	90.1594500831497	20.431866110501332	4216492	127	3885895	147	4663074	0.2		777179	0	0	0	True	99.785736	1.5663654	magicc_v5	9.626285916850307	-0.43361467822616473	9.626285916850307	0.43361467822616473	high	high
G_r076_uneven_coverage_40pct	76	23	uneven_coverage	0.4	40.0	lognormal_sigma1.0	GB_GCA_963663615.1	Bacteroidota_A	Bacteria	low	90.1594500831497	1.9999800782261647	90.1594500831497	38.863752142776505	4216492	127	3885895	165	5440253	0.4		1554358	0	0	0	True	99.90501	1.5065819	magicc_v5	9.745559916850311	-0.4933981782261647	9.745559916850311	0.4933981782261647	high	high
G_r077_none_control	77	0	none	0.0	0.0	control	GB_GCA_016700095.1	Patescibacteriota	Bacteria	high	100.0	9.999937217380111	100.0	9.999937217380111	1274238	4	1401661	4	1401661	0.0		0	0	0	0	True	99.8923	9.360516	magicc_v5	-0.10769999999999413	-0.6394212173801108	0.10769999999999413	0.6394212173801108	medium	medium
G_r077_substitution_0p1pct	77	1	substitution	0.001	0.1	uniform	GB_GCA_016700095.1	Patescibacteriota	Bacteria	high	100.0	9.999937217380111	100.0	9.999937217380111	1274238	4	1401661	4	1401661	0.0010273525481553	0.0089640838741259	0	1440	0	0	True	99.884155	9.877202	magicc_v5	-0.11584499999999309	-0.12273521738011084	0.11584499999999309	0.12273521738011084	medium	medium
G_r077_substitution_0p5pct	77	2	substitution	0.005	0.5	uniform	GB_GCA_016700095.1	Patescibacteriota	Bacteria	high	100.0	9.999937217380111	100.0	9.999937217380111	1274238	4	1401661	4	1401661	0.0050433021964654	0.0441104216424403	0	7069	0	0	True	99.88229	10.485548	magicc_v5	-0.11771000000000242	0.4856107826198883	0.11771000000000242	0.4856107826198883	low	medium
G_r077_substitution_1pct	77	3	substitution	0.01	1.0	uniform	GB_GCA_016700095.1	Patescibacteriota	Bacteria	high	100.0	9.999937217380111	100.0	9.999937217380111	1274238	4	1401661	4	1401661	0.0099917169700804	0.0864827525163591	0	14005	0	0	True	99.90518	9.255603	magicc_v5	-0.09481999999999857	-0.7443342173801106	0.09481999999999857	0.7443342173801106	medium	medium
G_r077_substitution_2pct	77	4	substitution	0.02	2.0	uniform	GB_GCA_016700095.1	Patescibacteriota	Bacteria	high	100.0	9.999937217380111	100.0	9.999937217380111	1274238	4	1401661	4	1401661	0.0198742777319194	0.1662522378698502	0	27857	0	0	True	99.908325	7.783657	magicc_v5	-0.09167499999999507	-2.2162802173801115	0.09167499999999507	2.2162802173801115	medium	medium
G_r077_substitution_5pct	77	5	substitution	0.05	5.0	uniform	GB_GCA_016700095.1	Patescibacteriota	Bacteria	high	100.0	9.999937217380111	100.0	9.999937217380111	1274238	4	1401661	4	1401661	0.050129810275095	0.3697505902753909	0	70265	0	0	True	99.57999	9.097719	magicc_v5	-0.4200100000000049	-0.9022182173801117	0.4200100000000049	0.9022182173801117	medium	medium
G_r077_substitution_titv_0p1pct	77	6	substitution_titv	0.001	0.1	titv_2	GB_GCA_016700095.1	Patescibacteriota	Bacteria	high	100.0	9.999937217380111	100.0	9.999937217380111	1274238	4	1401661	4	1401661	0.0009781252385562	0.0089640838741259	0	1371	0	0	True	99.89186	9.306523	magicc_v5	-0.1081400000000059	-0.693414217380111	0.1081400000000059	0.693414217380111	medium	medium
G_r077_substitution_titv_0p5pct	77	7	substitution_titv	0.005	0.5	titv_2	GB_GCA_016700095.1	Patescibacteriota	Bacteria	high	100.0	9.999937217380111	100.0	9.999937217380111	1274238	4	1401661	4	1401661	0.0049655373160842	0.0441104216424403	0	6960	0	0	True	99.88199	9.706351	magicc_v5	-0.11800999999999817	-0.2935862173801116	0.11800999999999817	0.2935862173801116	medium	medium
G_r077_substitution_titv_1pct	77	8	substitution_titv	0.01	1.0	titv_2	GB_GCA_016700095.1	Patescibacteriota	Bacteria	high	100.0	9.999937217380111	100.0	9.999937217380111	1274238	4	1401661	4	1401661	0.0100074126340106	0.0864827525163591	0	14027	0	0	True	99.903915	8.486613	magicc_v5	-0.0960850000000022	-1.5133242173801111	0.0960850000000022	1.5133242173801111	medium	medium
G_r077_substitution_titv_2pct	77	9	substitution_titv	0.02	2.0	titv_2	GB_GCA_016700095.1	Patescibacteriota	Bacteria	high	100.0	9.999937217380111	100.0	9.999937217380111	1274238	4	1401661	4	1401661	0.0198236235437812	0.1662522378698502	0	27786	0	0	True	99.87339	10.742506	magicc_v5	-0.12660999999999945	0.7425687826198892	0.12660999999999945	0.7425687826198892	low	medium
G_r077_substitution_titv_5pct	77	10	substitution_titv	0.05	5.0	titv_2	GB_GCA_016700095.1	Patescibacteriota	Bacteria	high	100.0	9.999937217380111	100.0	9.999937217380111	1274238	4	1401661	4	1401661	0.0499749939536021	0.3697505902753909	0	70048	0	0	True	99.83615	7.108894	magicc_v5	-0.1638499999999965	-2.891043217380111	0.1638499999999965	2.891043217380111	medium	medium
G_r077_indel_0p1pct	77	11	indel	0.001	0.1	ins0.5_geom0.75	GB_GCA_016700095.1	Patescibacteriota	Bacteria	high	100.0	9.999937217380111	100.00370988420168	9.999937217380111	1274238	4	1401661	4	1401713	0.0010038090522601		0	0	1407	0	True	99.89011	9.258178	magicc_v5	-0.10988999999999294	-0.7417592173801122	0.10988999999999294	0.7417592173801122	medium	medium
G_r077_indel_0p5pct	77	12	indel	0.005	0.5	ins0.5_geom0.75	GB_GCA_016700095.1	Patescibacteriota	Bacteria	high	100.0	9.999937217380111	100.0055648263025	9.999937217380111	1274238	4	1401661	4	1401739	0.0049990689617532		0	0	7007	0	True	99.892784	8.825522	magicc_v5	-0.10721599999999398	-1.174415217380112	0.10721599999999398	1.174415217380112	medium	medium
G_r077_indel_1pct	77	13	indel	0.01	1.0	ins0.5_geom0.75	GB_GCA_016700095.1	Patescibacteriota	Bacteria	high	100.0	9.999937217380111	99.98858497168716	9.999937217380111	1274238	4	1401661	4	1401501	0.0099674600349157		0	0	13971	0	True	99.83664	10.492123	magicc_v5	-0.16335999999999729	0.4921857826198881	0.16335999999999729	0.4921857826198881	low	medium
G_r077_indel_2pct	77	14	indel	0.02	2.0	ins0.5_geom0.75	GB_GCA_016700095.1	Patescibacteriota	Bacteria	high	100.0	9.999937217380111	99.97652784803174	9.999937217380111	1274238	4	1401661	4	1401332	0.0199713054725786		0	0	27993	0	True	99.85862	7.8997493	magicc_v5	-0.14137999999999806	-2.1001879173801115	0.14137999999999806	2.1001879173801115	medium	medium
G_r077_indel_5pct	77	15	indel	0.05	5.0	ins0.5_geom0.75	GB_GCA_016700095.1	Patescibacteriota	Bacteria	high	100.0	9.999937217380111	99.97716994337432	9.999937217380111	1274238	4	1401661	4	1401341	0.0500862904796523		0	0	70204	0	True	99.59338	10.735631	magicc_v5	-0.40662000000000376	0.7356937826198884	0.40662000000000376	0.7356937826198884	low	medium
G_r077_chimera_5pct	77	16	chimera	0.05	5.0	rc0.5	GB_GCA_016700095.1	Patescibacteriota	Bacteria	high	100.0	9.999937217380111	100.0	9.999937217380111	1274238	4	1401661	4	1401661	0.0		0	0	0	0	True	99.8923	9.360516	magicc_v5	-0.10769999999999413	-0.6394212173801108	0.10769999999999413	0.6394212173801108	medium	medium
G_r077_chimera_10pct	77	17	chimera	0.1	10.0	rc0.5	GB_GCA_016700095.1	Patescibacteriota	Bacteria	high	100.0	9.999937217380111	100.0	9.999937217380111	1274238	4	1401661	4	1401661	0.0		0	0	0	0	True	99.8923	9.360516	magicc_v5	-0.10769999999999413	-0.6394212173801108	0.10769999999999413	0.6394212173801108	medium	medium
G_r077_chimera_20pct	77	18	chimera	0.2	20.0	rc0.5	GB_GCA_016700095.1	Patescibacteriota	Bacteria	high	100.0	9.999937217380111	100.0	9.999937217380111	1274238	4	1401661	4	1401661	0.0		0	0	0	0	True	99.8923	9.360516	magicc_v5	-0.10769999999999413	-0.6394212173801108	0.10769999999999413	0.6394212173801108	medium	medium
G_r077_chimera_40pct	77	19	chimera	0.4	40.0	rc0.5	GB_GCA_016700095.1	Patescibacteriota	Bacteria	high	100.0	9.999937217380111	100.0	9.999937217380111	1274238	4	1401661	4	1401661	0.0		0	0	0	0	True	99.8923	9.360516	magicc_v5	-0.10769999999999413	-0.6394212173801108	0.10769999999999413	0.6394212173801108	medium	medium
G_r077_uneven_coverage_5pct	77	20	uneven_coverage	0.05	5.0	lognormal_sigma1.0	GB_GCA_016700095.1	Patescibacteriota	Bacteria	high	100.0	9.999937217380111	100.0	15.499930154335376	1274238	4	1401661	5	1471744	0.0499999643280365		70083	0	0	0	True	99.83418	13.487837	magicc_v5	-0.16581999999999653	3.4878997826198894	0.16581999999999653	3.4878997826198894	low	medium
G_r077_uneven_coverage_10pct	77	21	uneven_coverage	0.1	10.0	lognormal_sigma1.0	GB_GCA_016700095.1	Patescibacteriota	Bacteria	high	100.0	9.999937217380111	100.0	20.99992309129064	1274238	4	1401661	5	1541827	0.099999928656073		140166	0	0	0	True	99.70418	20.089603	magicc_v5	-0.2958200000000062	10.089665782619889	0.2958200000000062	10.089665782619889	low	medium
G_r077_uneven_coverage_20pct	77	22	uneven_coverage	0.2	20.0	lognormal_sigma1.0	GB_GCA_016700095.1	Patescibacteriota	Bacteria	high	100.0	9.999937217380111	100.0	31.999908965201165	1274238	4	1401661	12	1681993	0.1999998573121461		280332	0	0	0	True	99.72232	25.04984	magicc_v5	-0.2776800000000037	15.049902782619888	0.2776800000000037	15.049902782619888	low	medium
G_r077_uneven_coverage_40pct	77	23	uneven_coverage	0.4	40.0	lognormal_sigma1.0	GB_GCA_016700095.1	Patescibacteriota	Bacteria	high	100.0	9.999937217380111	100.0	53.999880713022215	1274238	4	1401661	5	1962325	0.3999997146242922		560664	0	0	0	True	94.87517	66.169174	magicc_v5	-5.124830000000003	56.16923678261989	5.124830000000003	56.16923678261989	low	medium
G_r078_none_control	78	0	none	0.0	0.0	control	RS_GCF_007182855.1	Deinococcota	Bacteria	highly_fragmented	69.93828042535343	0.0	69.93828042535343	0.0	2169490	69	1517304	69	1517304	0.0		0	0	0	0	True	71.86653	0.2733469	magicc_v5	1.9282495746465713	0.2733469	1.9282495746465713	0.2733469	medium	medium
G_r078_substitution_0p1pct	78	1	substitution	0.001	0.1	uniform	RS_GCF_007182855.1	Deinococcota	Bacteria	highly_fragmented	69.93828042535343	0.0	69.93828042535343	0.0	2169490	69	1517304	69	1517304	0.0009740961600312	0.0089640838741259	0	1478	0	0	True	71.82529	0.2891451	magicc_v5	1.8870095746465694	0.2891451	1.8870095746465694	0.2891451	medium	medium
G_r078_substitution_0p5pct	78	2	substitution	0.005	0.5	uniform	RS_GCF_007182855.1	Deinococcota	Bacteria	highly_fragmented	69.93828042535343	0.0	69.93828042535343	0.0	2169490	69	1517304	69	1517304	0.0050352467270896	0.0441104216424403	0	7640	0	0	True	71.87547	0.3501743	magicc_v5	1.937189574646581	0.3501743	1.937189574646581	0.3501743	medium	medium
G_r078_substitution_1pct	78	3	substitution	0.01	1.0	uniform	RS_GCF_007182855.1	Deinococcota	Bacteria	highly_fragmented	69.93828042535343	0.0	69.93828042535343	0.0	2169490	69	1517304	69	1517304	0.0099268175658931	0.0864827525163591	0	15062	0	0	True	68.39224	0.5709171	magicc_v5	-1.546040425353425	0.5709171	1.546040425353425	0.5709171	medium	medium
G_r078_substitution_2pct	78	4	substitution	0.02	2.0	uniform	RS_GCF_007182855.1	Deinococcota	Bacteria	highly_fragmented	69.93828042535343	0.0	69.93828042535343	0.0	2169490	69	1517304	69	1517304	0.0200665127093845	0.1662522378698502	0	30447	0	0	True	66.19277	1.1705577	magicc_v5	-3.74551042535343	1.1705577	3.74551042535343	1.1705577	medium	medium
G_r078_substitution_5pct	78	5	substitution	0.05	5.0	uniform	RS_GCF_007182855.1	Deinococcota	Bacteria	highly_fragmented	69.93828042535343	0.0	69.93828042535343	0.0	2169490	69	1517304	69	1517304	0.0501007049345417	0.3697505902753909	0	76018	0	0	True	58.253048	3.0952902	magicc_v5	-11.685232425353426	3.0952902	11.685232425353426	3.0952902	medium	medium
G_r078_substitution_titv_0p1pct	78	6	substitution_titv	0.001	0.1	titv_2	RS_GCF_007182855.1	Deinococcota	Bacteria	highly_fragmented	69.93828042535343	0.0	69.93828042535343	0.0	2169490	69	1517304	69	1517304	0.0009984815172173	0.0089640838741259	0	1515	0	0	True	71.097244	0.2526015	magicc_v5	1.1589635746465774	0.2526015	1.1589635746465774	0.2526015	medium	medium
G_r078_substitution_titv_0p5pct	78	7	substitution_titv	0.005	0.5	titv_2	RS_GCF_007182855.1	Deinococcota	Bacteria	highly_fragmented	69.93828042535343	0.0	69.93828042535343	0.0	2169490	69	1517304	69	1517304	0.0050840174414619	0.0441104216424403	0	7714	0	0	True	71.20922	0.28562844	magicc_v5	1.270939574646576	0.28562844	1.270939574646576	0.28562844	medium	medium
G_r078_substitution_titv_1pct	78	8	substitution_titv	0.01	1.0	titv_2	RS_GCF_007182855.1	Deinococcota	Bacteria	highly_fragmented	69.93828042535343	0.0	69.93828042535343	0.0	2169490	69	1517304	69	1517304	0.0099202269288158	0.0864827525163591	0	15052	0	0	True	69.103645	0.45431852	magicc_v5	-0.8346354253534258	0.45431852	0.8346354253534258	0.45431852	medium	medium
G_r078_substitution_titv_2pct	78	9	substitution_titv	0.02	2.0	titv_2	RS_GCF_007182855.1	Deinococcota	Bacteria	highly_fragmented	69.93828042535343	0.0	69.93828042535343	0.0	2169490	69	1517304	69	1517304	0.0198193638189842	0.1662522378698502	0	30072	0	0	True	68.18675	0.6165683	magicc_v5	-1.7515304253534225	0.6165683	1.7515304253534225	0.6165683	medium	medium
G_r078_substitution_titv_5pct	78	10	substitution_titv	0.05	5.0	titv_2	RS_GCF_007182855.1	Deinococcota	Bacteria	highly_fragmented	69.93828042535343	0.0	69.93828042535343	0.0	2169490	69	1517304	69	1517304	0.0500407301371379	0.3697505902753909	0	75927	0	0	True	62.77895	2.9774399	magicc_v5	-7.159330425353424	2.9774399	7.159330425353424	2.9774399	medium	medium
G_r078_indel_0p1pct	78	11	indel	0.001	0.1	ins0.5_geom0.75	RS_GCF_007182855.1	Deinococcota	Bacteria	highly_fragmented	69.93828042535343	0.0	69.93772729996451	0.0	2169490	69	1517304	69	1517292	0.0010030949631715		0	0	1522	0	True	71.400925	0.27389526	magicc_v5	1.4626445746465748	0.27389526	1.4626445746465748	0.27389526	medium	medium
G_r078_indel_0p5pct	78	12	indel	0.005	0.5	ins0.5_geom0.75	RS_GCF_007182855.1	Deinococcota	Bacteria	highly_fragmented	69.93828042535343	0.0	69.9367593305339	0.0	2169490	69	1517304	69	1517271	0.0049884532038404		0	0	7569	0	True	70.054955	0.29765964	magicc_v5	0.11667457464658071	0.29765964	0.11667457464658071	0.29765964	medium	medium
G_r078_indel_1pct	78	13	indel	0.01	1.0	ins0.5_geom0.75	RS_GCF_007182855.1	Deinococcota	Bacteria	highly_fragmented	69.93828042535343	0.0	69.93542261084403	0.0	2169490	69	1517304	69	1517242	0.0100138139753141		0	0	15194	0	True	68.39096	0.34342408	magicc_v5	-1.5473204253534192	0.34342408	1.5473204253534192	0.34342408	medium	medium
G_r078_indel_2pct	78	14	indel	0.02	2.0	ins0.5_geom0.75	RS_GCF_007182855.1	Deinococcota	Bacteria	highly_fragmented	69.93828042535343	0.0	69.92316166472304	0.0	2169490	69	1517304	69	1516976	0.0199867660007486		0	0	30326	0	True	64.55189	0.549078	magicc_v5	-5.386390425353426	0.549078	5.386390425353426	0.549078	medium	medium
G_r078_indel_5pct	78	15	indel	0.05	5.0	ins0.5_geom0.75	RS_GCF_007182855.1	Deinococcota	Bacteria	highly_fragmented	69.93828042535343	0.0	69.94593199323343	0.0	2169490	69	1517304	69	1517470	0.0500097541428744		0	0	75880	0	True	58.3767	0.26642382	magicc_v5	-11.561580425353426	0.26642382	11.561580425353426	0.26642382	medium	medium
G_r078_chimera_5pct	78	16	chimera	0.05	5.0	rc0.5	RS_GCF_007182855.1	Deinococcota	Bacteria	highly_fragmented	69.93828042535343	0.0	69.93828042535343	0.0	2169490	69	1517304	67	1517304	0.0579710144927536		0	0	0	2	True	71.86653	0.2733469	magicc_v5	1.9282495746465713	0.2733469	1.9282495746465713	0.2733469	medium	medium
G_r078_chimera_10pct	78	17	chimera	0.1	10.0	rc0.5	RS_GCF_007182855.1	Deinococcota	Bacteria	highly_fragmented	69.93828042535343	0.0	69.93828042535343	0.0	2169490	69	1517304	65	1517304	0.1159420289855072		0	0	0	4	True	71.88039	0.2729863	magicc_v5	1.9421095746465795	0.2729863	1.9421095746465795	0.2729863	medium	medium
G_r078_chimera_20pct	78	18	chimera	0.2	20.0	rc0.5	RS_GCF_007182855.1	Deinococcota	Bacteria	highly_fragmented	69.93828042535343	0.0	69.93828042535343	0.0	2169490	69	1517304	62	1517304	0.2028985507246377		0	0	0	7	True	71.86653	0.2733469	magicc_v5	1.9282495746465713	0.2733469	1.9282495746465713	0.2733469	medium	medium
G_r078_chimera_40pct	78	19	chimera	0.4	40.0	rc0.5	RS_GCF_007182855.1	Deinococcota	Bacteria	highly_fragmented	69.93828042535343	0.0	69.93828042535343	0.0	2169490	69	1517304	56	1517304	0.3768115942028985		0	0	0	13	True	71.86609	0.27384162	magicc_v5	1.9278095746465738	0.27384162	1.9278095746465738	0.27384162	medium	medium
G_r078_uneven_coverage_5pct	78	20	uneven_coverage	0.05	5.0	lognormal_sigma1.0	RS_GCF_007182855.1	Deinococcota	Bacteria	highly_fragmented	69.93828042535343	0.0	69.93828042535343	3.4969048025111893	2169490	69	1517304	73	1593169	0.0499998681872584		75865	0	0	0	True	75.749695	0.28826892	magicc_v5	5.811414574646577	0.28826892	5.811414574646577	0.28826892	medium	medium
G_r078_uneven_coverage_10pct	78	21	uneven_coverage	0.1	10.0	lognormal_sigma1.0	RS_GCF_007182855.1	Deinococcota	Bacteria	highly_fragmented	69.93828042535343	0.0	69.93828042535343	6.993809605022379	2169490	69	1517304	77	1669034	0.0999997363745169		151730	0	0	0	True	80.36983	0.3386289	magicc_v5	10.431549574646567	0.3386289	10.431549574646567	0.3386289	medium	medium
G_r078_uneven_coverage_20pct	78	22	uneven_coverage	0.2	20.0	lognormal_sigma1.0	RS_GCF_007182855.1	Deinococcota	Bacteria	highly_fragmented	69.93828042535343	0.0	69.93828042535343	13.987665303827166	2169490	69	1517304	91	1820765	0.2000001318127415		303461	0	0	0	True	85.16803	0.25942326	magicc_v5	15.229749574646576	0.25942326	15.229749574646576	0.25942326	medium	medium
G_r078_uneven_coverage_40pct	78	23	uneven_coverage	0.4	40.0	lognormal_sigma1.0	RS_GCF_007182855.1	Deinococcota	Bacteria	highly_fragmented	69.93828042535343	0.0	69.93828042535343	27.97533060765433	2169490	69	1517304	100	2124226	0.4000002636254831		606922	0	0	0	True	99.42293	0.24332702	magicc_v5	29.484649574646568	0.24332702	29.484649574646568	0.24332702	high	medium
G_r079_none_control	79	0	none	0.0	0.0	control	RS_GCF_011066545.1	Planctomycetota	Bacteria	medium	100.0	4.999986158952436	100.0	4.999986158952436	4334932	3	4551678	3	4551678	0.0		0	0	0	0	True	99.46675	11.492911	magicc_v5	-0.5332499999999953	6.4929248410475635	0.5332499999999953	6.4929248410475635	low	high
G_r079_substitution_0p1pct	79	1	substitution	0.001	0.1	uniform	RS_GCF_011066545.1	Planctomycetota	Bacteria	medium	100.0	4.999986158952436	100.0	4.999986158952436	4334932	3	4551678	3	4551678	0.00101457089012	0.0089640838741259	0	4618	0	0	True	99.469315	11.209765	magicc_v5	-0.5306850000000054	6.209778841047565	0.5306850000000054	6.209778841047565	low	high
G_r079_substitution_0p5pct	79	2	substitution	0.005	0.5	uniform	RS_GCF_011066545.1	Planctomycetota	Bacteria	medium	100.0	4.999986158952436	100.0	4.999986158952436	4334932	3	4551678	3	4551678	0.005018149350635	0.0441104216424403	0	22841	0	0	True	99.412384	13.062286	magicc_v5	-0.587615999999997	8.062299841047565	0.587615999999997	8.062299841047565	low	high
G_r079_substitution_1pct	79	3	substitution	0.01	1.0	uniform	RS_GCF_011066545.1	Planctomycetota	Bacteria	medium	100.0	4.999986158952436	100.0	4.999986158952436	4334932	3	4551678	3	4551678	0.009912827752754	0.0864827525163591	0	45120	0	0	True	99.45622	11.437264	magicc_v5	-0.5437799999999982	6.437277841047565	0.5437799999999982	6.437277841047565	low	high
G_r079_substitution_2pct	79	4	substitution	0.02	2.0	uniform	RS_GCF_011066545.1	Planctomycetota	Bacteria	medium	100.0	4.999986158952436	100.0	4.999986158952436	4334932	3	4551678	3	4551678	0.0199669220889526	0.1662522378698502	0	90883	0	0	True	98.38782	14.987117	magicc_v5	-1.612179999999995	9.987130841047563	1.612179999999995	9.987130841047563	low	high
G_r079_substitution_5pct	79	5	substitution	0.05	5.0	uniform	RS_GCF_011066545.1	Planctomycetota	Bacteria	medium	100.0	4.999986158952436	100.0	4.999986158952436	4334932	3	4551678	3	4551678	0.0499446577723643	0.3697505902753909	0	227332	0	0	True	97.89546	15.262592	magicc_v5	-2.10454	10.262605841047563	2.10454	10.262605841047563	low	high
G_r079_substitution_titv_0p1pct	79	6	substitution_titv	0.001	0.1	titv_2	RS_GCF_011066545.1	Planctomycetota	Bacteria	medium	100.0	4.999986158952436	100.0	4.999986158952436	4334932	3	4551678	3	4551678	0.0009827145066061	0.0089640838741259	0	4473	0	0	True	99.452484	12.210518	magicc_v5	-0.5475160000000017	7.2105318410475645	0.5475160000000017	7.2105318410475645	low	high
G_r079_substitution_titv_0p5pct	79	7	substitution_titv	0.005	0.5	titv_2	RS_GCF_011066545.1	Planctomycetota	Bacteria	medium	100.0	4.999986158952436	100.0	4.999986158952436	4334932	3	4551678	3	4551678	0.0050631876859479	0.0441104216424403	0	23046	0	0	True	99.418755	12.449765	magicc_v5	-0.5812449999999956	7.449778841047563	0.5812449999999956	7.449778841047563	low	high
G_r079_substitution_titv_1pct	79	8	substitution_titv	0.01	1.0	titv_2	RS_GCF_011066545.1	Planctomycetota	Bacteria	medium	100.0	4.999986158952436	100.0	4.999986158952436	4334932	3	4551678	3	4551678	0.0100644201984411	0.0864827525163591	0	45810	0	0	True	99.51984	10.780698	magicc_v5	-0.4801599999999979	5.780711841047563	0.4801599999999979	5.780711841047563	low	high
G_r079_substitution_titv_2pct	79	9	substitution_titv	0.02	2.0	titv_2	RS_GCF_011066545.1	Planctomycetota	Bacteria	medium	100.0	4.999986158952436	100.0	4.999986158952436	4334932	3	4551678	3	4551678	0.0199029896227281	0.1662522378698502	0	90592	0	0	True	99.3303	14.355096	magicc_v5	-0.669700000000006	9.355109841047565	0.669700000000006	9.355109841047565	low	high
G_r079_substitution_titv_5pct	79	10	substitution_titv	0.05	5.0	titv_2	RS_GCF_011066545.1	Planctomycetota	Bacteria	medium	100.0	4.999986158952436	100.0	4.999986158952436	4334932	3	4551678	3	4551678	0.0501035002915408	0.3697505902753909	0	228055	0	0	True	98.83858	12.005583	magicc_v5	-1.1614200000000068	7.005596841047564	1.1614200000000068	7.005596841047564	low	high
G_r079_indel_0p1pct	79	11	indel	0.001	0.1	ins0.5_geom0.75	RS_GCF_011066545.1	Planctomycetota	Bacteria	medium	100.0	4.999986158952436	100.00087879678658	4.999986158952436	4334932	3	4551678	3	4551718	0.0009930403688485		0	0	4520	0	True	99.456	11.659307	magicc_v5	-0.5439999999999969	6.659320841047564	0.5439999999999969	6.659320841047564	low	high
G_r079_indel_0p5pct	79	12	indel	0.005	0.5	ins0.5_geom0.75	RS_GCF_011066545.1	Planctomycetota	Bacteria	medium	100.0	4.999986158952436	99.99833028610549	4.999986158952436	4334932	3	4551678	3	4551602	0.0049911263494473		0	0	22718	0	True	99.464264	10.883844	magicc_v5	-0.535736	5.883857841047564	0.535736	5.883857841047564	low	high
G_r079_indel_1pct	79	13	indel	0.01	1.0	ins0.5_geom0.75	RS_GCF_011066545.1	Planctomycetota	Bacteria	medium	100.0	4.999986158952436	99.98901504016762	4.999986158952436	4334932	3	4551678	3	4551178	0.0100395941892198		0	0	45697	0	True	99.52249	10.656953	magicc_v5	-0.4775099999999952	5.656966841047564	0.4775099999999952	5.656966841047564	low	high
G_r079_indel_2pct	79	14	indel	0.02	2.0	ins0.5_geom0.75	RS_GCF_011066545.1	Planctomycetota	Bacteria	medium	100.0	4.999986158952436	100.00248260092212	4.999986158952436	4334932	3	4551678	3	4551791	0.0199269368351627		0	0	90701	0	True	99.22692	12.623948	magicc_v5	-0.7730799999999931	7.6239618410475645	0.7730799999999931	7.6239618410475645	low	high
G_r079_indel_5pct	79	15	indel	0.05	5.0	ins0.5_geom0.75	RS_GCF_011066545.1	Planctomycetota	Bacteria	medium	100.0	4.999986158952436	100.0101720728048	4.999986158952436	4334932	3	4551678	3	4552141	0.0499574003257699		0	0	227390	0	True	98.15255	13.613335	magicc_v5	-1.847449999999995	8.613348841047564	1.847449999999995	8.613348841047564	low	high
G_r079_chimera_5pct	79	16	chimera	0.05	5.0	rc0.5	RS_GCF_011066545.1	Planctomycetota	Bacteria	medium	100.0	4.999986158952436	100.0	4.999986158952436	4334932	3	4551678	2	4551678	0.6666666666666666		0	0	0	1	True	99.46675	11.492911	magicc_v5	-0.5332499999999953	6.4929248410475635	0.5332499999999953	6.4929248410475635	low	high
G_r079_chimera_10pct	79	17	chimera	0.1	10.0	rc0.5	RS_GCF_011066545.1	Planctomycetota	Bacteria	medium	100.0	4.999986158952436	100.0	4.999986158952436	4334932	3	4551678	3	4551678	0.0		0	0	0	0	True	99.46675	11.492911	magicc_v5	-0.5332499999999953	6.4929248410475635	0.5332499999999953	6.4929248410475635	low	high
G_r079_chimera_20pct	79	18	chimera	0.2	20.0	rc0.5	RS_GCF_011066545.1	Planctomycetota	Bacteria	medium	100.0	4.999986158952436	100.0	4.999986158952436	4334932	3	4551678	2	4551678	0.6666666666666666		0	0	0	1	True	99.46689	11.489609	magicc_v5	-0.5331099999999935	6.489622841047564	0.5331099999999935	6.489622841047564	low	high
G_r079_chimera_40pct	79	19	chimera	0.4	40.0	rc0.5	RS_GCF_011066545.1	Planctomycetota	Bacteria	medium	100.0	4.999986158952436	100.0	4.999986158952436	4334932	3	4551678	2	4551678	0.6666666666666666		0	0	0	1	True	99.46675	11.492911	magicc_v5	-0.5332499999999953	6.4929248410475635	0.5332499999999953	6.4929248410475635	low	high
G_r079_uneven_coverage_5pct	79	20	uneven_coverage	0.05	5.0	lognormal_sigma1.0	RS_GCF_011066545.1	Planctomycetota	Bacteria	medium	100.0	4.999986158952436	100.0	10.24998777374132	4334932	3	4551678	4	4779262	0.0500000219699196		227584	0	0	0	True	99.1797	15.751693	magicc_v5	-0.8203000000000031	10.751706841047564	0.8203000000000031	10.751706841047564	low	high
G_r079_uneven_coverage_10pct	79	21	uneven_coverage	0.1	10.0	lognormal_sigma1.0	RS_GCF_011066545.1	Planctomycetota	Bacteria	medium	100.0	4.999986158952436	100.0	15.4999893885302	4334932	3	4551678	4	5006846	0.1000000439398393		455168	0	0	0	True	98.391205	19.515804	magicc_v5	-1.6087950000000006	14.515817841047564	1.6087950000000006	14.515817841047564	low	high
G_r079_uneven_coverage_20pct	79	22	uneven_coverage	0.2	20.0	lognormal_sigma1.0	RS_GCF_011066545.1	Planctomycetota	Bacteria	medium	100.0	4.999986158952436	100.0	25.999992618107967	4334932	3	4551678	5	5462014	0.2000000878796786		910336	0	0	0	True	93.54485	39.78591	magicc_v5	-6.455150000000003	34.78592384104756	6.455150000000003	34.78592384104756	low	high
G_r079_uneven_coverage_40pct	79	23	uneven_coverage	0.4	40.0	lognormal_sigma1.0	RS_GCF_011066545.1	Planctomycetota	Bacteria	medium	100.0	4.999986158952436	100.0	46.999976008850886	4334932	3	4551678	5	6372349	0.3999999560601606		1820671	0	0	0	True	90.220375	58.697258	magicc_v5	-9.779624999999996	53.69727184104756	9.779624999999996	53.69727184104756	low	high
G_r000_none_control	0	0	none	0.0	0.0	control	RS_GCF_029718665.1	Pseudomonadota	Bacteria	medium	59.8421580699521	19.999987171755283	59.8421580699521	19.999987171755283	6236239	19	4979147	19	4979147	0.0		0	0	0	0	True	82.59	12.96	checkm2	22.747841930047905	-7.039987171755282	22.747841930047905	7.039987171755282	low	low
G_r000_substitution_0p1pct	0	1	substitution	0.001	0.1	uniform	RS_GCF_029718665.1	Pseudomonadota	Bacteria	medium	59.8421580699521	19.999987171755283	59.8421580699521	19.999987171755283	6236239	19	4979147	19	4979147	0.0010174433492323	0.0089640838741259	0	5066	0	0	True	83.11	13.64	checkm2	23.2678419300479	-6.359987171755282	23.2678419300479	6.359987171755282	low	low
G_r000_substitution_0p5pct	0	2	substitution	0.005	0.5	uniform	RS_GCF_029718665.1	Pseudomonadota	Bacteria	medium	59.8421580699521	19.999987171755283	59.8421580699521	19.999987171755283	6236239	19	4979147	19	4979147	0.005006680863208	0.0441104216424403	0	24929	0	0	True	81.19	12.96	checkm2	21.3478419300479	-7.039987171755282	21.3478419300479	7.039987171755282	low	low
G_r000_substitution_1pct	0	3	substitution	0.01	1.0	uniform	RS_GCF_029718665.1	Pseudomonadota	Bacteria	medium	59.8421580699521	19.999987171755283	59.8421580699521	19.999987171755283	6236239	19	4979147	19	4979147	0.0100288262226441	0.0864827525163591	0	49935	0	0	True	75.23	11.07	checkm2	15.387841930047905	-8.929987171755283	15.387841930047905	8.929987171755283	low	low
G_r000_substitution_2pct	0	4	substitution	0.02	2.0	uniform	RS_GCF_029718665.1	Pseudomonadota	Bacteria	medium	59.8421580699521	19.999987171755283	59.8421580699521	19.999987171755283	6236239	19	4979147	19	4979147	0.0199825391778953	0.1662522378698502	0	99496	0	0	True	69.81	9.85	checkm2	9.967841930047904	-10.149987171755283	9.967841930047904	10.149987171755283	medium	low
G_r000_substitution_5pct	0	5	substitution	0.05	5.0	uniform	RS_GCF_029718665.1	Pseudomonadota	Bacteria	medium	59.8421580699521	19.999987171755283	59.8421580699521	19.999987171755283	6236239	19	4979147	19	4979147	0.0500808672650154	0.3697505902753909	0	249360	0	0	True	53.33	4.4	checkm2	-6.5121580699521004	-15.599987171755282	6.5121580699521004	15.599987171755282	medium	low
G_r000_substitution_titv_0p1pct	0	6	substitution_titv	0.001	0.1	titv_2	RS_GCF_029718665.1	Pseudomonadota	Bacteria	medium	59.8421580699521	19.999987171755283	59.8421580699521	19.999987171755283	6236239	19	4979147	19	4979147	0.0010319036573935	0.0089640838741259	0	5138	0	0	True	81.36	13.02	checkm2	21.5178419300479	-6.979987171755283	21.5178419300479	6.979987171755283	low	low
G_r000_substitution_titv_0p5pct	0	7	substitution_titv	0.005	0.5	titv_2	RS_GCF_029718665.1	Pseudomonadota	Bacteria	medium	59.8421580699521	19.999987171755283	59.8421580699521	19.999987171755283	6236239	19	4979147	19	4979147	0.0049763543835922	0.0441104216424403	0	24778	0	0	True	81.19	13.21	checkm2	21.3478419300479	-6.789987171755282	21.3478419300479	6.789987171755282	low	low
G_r000_substitution_titv_1pct	0	8	substitution_titv	0.01	1.0	titv_2	RS_GCF_029718665.1	Pseudomonadota	Bacteria	medium	59.8421580699521	19.999987171755283	59.8421580699521	19.999987171755283	6236239	19	4979147	19	4979147	0.0100834540534754	0.0864827525163591	0	50207	0	0	True	76.91	13.0	checkm2	17.067841930047898	-6.999987171755283	17.067841930047898	6.999987171755283	low	low
G_r000_substitution_titv_2pct	0	9	substitution_titv	0.02	2.0	titv_2	RS_GCF_029718665.1	Pseudomonadota	Bacteria	medium	59.8421580699521	19.999987171755283	59.8421580699521	19.999987171755283	6236239	19	4979147	19	4979147	0.0200196941363651	0.1662522378698502	0	99681	0	0	True	75.01	14.13	checkm2	15.167841930047906	-5.869987171755282	15.167841930047906	5.869987171755282	low	low
G_r000_substitution_titv_5pct	0	10	substitution_titv	0.05	5.0	titv_2	RS_GCF_029718665.1	Pseudomonadota	Bacteria	medium	59.8421580699521	19.999987171755283	59.8421580699521	19.999987171755283	6236239	19	4979147	19	4979147	0.0499320465935229	0.3697505902753909	0	248619	0	0	True	59.06	8.55	checkm2	-0.7821580699520965	-11.449987171755282	0.7821580699520965	11.449987171755282	medium	low
G_r000_indel_0p1pct	0	11	indel	0.001	0.1	ins0.5_geom0.75	RS_GCF_029718665.1	Pseudomonadota	Bacteria	medium	59.8421580699521	19.999987171755283	59.8442853544003	19.999987171755283	6236239	19	4979147	19	4979324	0.0010059956052713		0	0	5009	0	True	62.64	12.47	checkm2	2.797841930047902	-7.529987171755282	2.797841930047902	7.529987171755282	low	low
G_r000_indel_0p5pct	0	12	indel	0.005	0.5	ins0.5_geom0.75	RS_GCF_029718665.1	Pseudomonadota	Bacteria	medium	59.8421580699521	19.999987171755283	59.84474205953607	19.999987171755283	6236239	19	4979147	19	4979362	0.0050004548971942		0	0	24898	0	True	41.63	1.81	checkm2	-18.212158069952096	-18.189987171755284	18.212158069952096	18.189987171755284	low	low
G_r000_indel_1pct	0	13	indel	0.01	1.0	ins0.5_geom0.75	RS_GCF_029718665.1	Pseudomonadota	Bacteria	medium	59.8421580699521	19.999987171755283	59.839862525717045	19.999987171755283	6236239	19	4979147	19	4978956	0.0099976963925748		0	0	49780	0	True	36.04	1.66	checkm2	-23.8021580699521	-18.339987171755283	23.8021580699521	18.339987171755283	low	low
G_r000_indel_2pct	0	14	indel	0.02	2.0	ins0.5_geom0.75	RS_GCF_029718665.1	Pseudomonadota	Bacteria	medium	59.8421580699521	19.999987171755283	59.84547519146453	19.999987171755283	6236239	19	4979147	19	4979423	0.0201018367202253		0	0	100090	0	True	47.89	6.82	checkm2	-11.952158069952098	-13.179987171755283	11.952158069952098	13.179987171755283	low	low
G_r000_indel_5pct	0	15	indel	0.05	5.0	ins0.5_geom0.75	RS_GCF_029718665.1	Pseudomonadota	Bacteria	medium	59.8421580699521	19.999987171755283	59.83076447867023	19.999987171755283	6236239	19	4979147	19	4978199	0.0501796793707837		0	0	249852	0	True	56.41	8.56	checkm2	-3.432158069952102	-11.439987171755282	3.432158069952102	11.439987171755282	medium	low
G_r000_chimera_5pct	0	16	chimera	0.05	5.0	rc0.5	RS_GCF_029718665.1	Pseudomonadota	Bacteria	medium	59.8421580699521	19.999987171755283	59.8421580699521	19.999987171755283	6236239	19	4979147	19	4979147	0.0		0	0	0	0	True	82.59	12.96	checkm2	22.747841930047905	-7.039987171755282	22.747841930047905	7.039987171755282	low	low
G_r000_chimera_10pct	0	17	chimera	0.1	10.0	rc0.5	RS_GCF_029718665.1	Pseudomonadota	Bacteria	medium	59.8421580699521	19.999987171755283	59.8421580699521	19.999987171755283	6236239	19	4979147	18	4979147	0.1052631578947368		0	0	0	1	True	82.58	12.96	checkm2	22.7378419300479	-7.039987171755282	22.7378419300479	7.039987171755282	low	low
G_r000_chimera_20pct	0	18	chimera	0.2	20.0	rc0.5	RS_GCF_029718665.1	Pseudomonadota	Bacteria	medium	59.8421580699521	19.999987171755283	59.8421580699521	19.999987171755283	6236239	19	4979147	17	4979147	0.2105263157894736		0	0	0	2	True	82.58	12.96	checkm2	22.7378419300479	-7.039987171755282	22.7378419300479	7.039987171755282	low	low
G_r000_chimera_40pct	0	19	chimera	0.4	40.0	rc0.5	RS_GCF_029718665.1	Pseudomonadota	Bacteria	medium	59.8421580699521	19.999987171755283	59.8421580699521	19.999987171755283	6236239	19	4979147	15	4979147	0.4210526315789473		0	0	0	4	True	82.59	12.96	checkm2	22.747841930047905	-7.039987171755282	22.747841930047905	7.039987171755282	low	low
G_r000_uneven_coverage_5pct	0	20	uneven_coverage	0.05	5.0	lognormal_sigma1.0	RS_GCF_029718665.1	Pseudomonadota	Bacteria	medium	59.8421580699521	19.999987171755283	59.8421580699521	23.99208882148359	6236239	19	4979147	21	5228104	0.0499999297068353		248957	0	0	0	True	82.52	16.51	checkm2	22.677841930047897	-3.4899871717552813	22.677841930047897	3.4899871717552813	low	low
G_r000_uneven_coverage_10pct	0	21	uneven_coverage	0.1	10.0	lognormal_sigma1.0	RS_GCF_029718665.1	Pseudomonadota	Bacteria	medium	59.8421580699521	19.999987171755283	59.8421580699521	27.98420650651779	6236239	19	4979147	23	5477062	0.100000060251284		497915	0	0	0	True	81.68	19.79	checkm2	21.837841930047908	-0.2099871717552837	21.837841930047908	0.2099871717552837	low	low
G_r000_uneven_coverage_20pct	0	22	uneven_coverage	0.2	20.0	lognormal_sigma1.0	RS_GCF_029718665.1	Pseudomonadota	Bacteria	medium	59.8421580699521	19.999987171755283	59.8421580699521	35.9684098059744	6236239	19	4979147	25	5974976	0.1999999196649546		995829	0	0	0	True	78.53	28.09	checkm2	18.687841930047902	8.090012828244717	18.687841930047902	8.090012828244717	low	low
G_r000_uneven_coverage_40pct	0	23	uneven_coverage	0.4	40.0	lognormal_sigma1.0	RS_GCF_029718665.1	Pseudomonadota	Bacteria	medium	59.8421580699521	19.999987171755283	59.8421580699521	51.93684847549942	6236239	19	4979147	26	6970806	0.4000000401675226		1991659	0	0	0	True	79.48	31.39	checkm2	19.637841930047905	11.390012828244718	19.637841930047905	11.390012828244718	low	low
G_r001_none_control	1	0	none	0.0	0.0	control	RS_GCF_029925445.1	Bacillota	Bacteria	low	69.09442327577179	4.999967803584241	69.09442327577179	4.999967803584241	2950639	40	2186258	40	2186258	0.0		0	0	0	0	True	70.28	0.91	checkm2	1.1855767242282127	-4.089967803584241	1.1855767242282127	4.089967803584241	medium	medium
G_r001_substitution_0p1pct	1	1	substitution	0.001	0.1	uniform	RS_GCF_029925445.1	Bacillota	Bacteria	low	69.09442327577179	4.999967803584241	69.09442327577179	4.999967803584241	2950639	40	2186258	40	2186258	0.0009889043287663	0.0089640838741259	0	2162	0	0	True	68.78	1.21	checkm2	-0.3144232757717873	-3.789967803584241	0.3144232757717873	3.789967803584241	medium	medium
G_r001_substitution_0p5pct	1	2	substitution	0.005	0.5	uniform	RS_GCF_029925445.1	Bacillota	Bacteria	low	69.09442327577179	4.999967803584241	69.09442327577179	4.999967803584241	2950639	40	2186258	40	2186258	0.0050602444908148	0.0441104216424403	0	11063	0	0	True	66.93	3.99	checkm2	-2.1644232757717816	-1.0099678035842405	2.1644232757717816	1.0099678035842405	medium	medium
G_r001_substitution_1pct	1	3	substitution	0.01	1.0	uniform	RS_GCF_029925445.1	Bacillota	Bacteria	low	69.09442327577179	4.999967803584241	69.09442327577179	4.999967803584241	2950639	40	2186258	40	2186258	0.0099421019843037	0.0864827525163591	0	21736	0	0	True	69.67	2.12	checkm2	0.5755767242282133	-2.8799678035842406	0.5755767242282133	2.8799678035842406	medium	medium
G_r001_substitution_2pct	1	4	substitution	0.02	2.0	uniform	RS_GCF_029925445.1	Bacillota	Bacteria	low	69.09442327577179	4.999967803584241	69.09442327577179	4.999967803584241	2950639	40	2186258	40	2186258	0.0201032997935284	0.1662522378698502	0	43951	0	0	True	56.55	6.39	checkm2	-12.544423275771791	1.390032196415759	12.544423275771791	1.390032196415759	medium	medium
G_r001_substitution_5pct	1	5	substitution	0.05	5.0	uniform	RS_GCF_029925445.1	Bacillota	Bacteria	low	69.09442327577179	4.999967803584241	69.09442327577179	4.999967803584241	2950639	40	2186258	40	2186258	0.0500535618394535	0.3697505902753909	0	109430	0	0	True	47.66	3.97	checkm2	-21.434423275771792	-1.0299678035842406	21.434423275771792	1.0299678035842406	low	medium
G_r001_substitution_titv_0p1pct	1	6	substitution_titv	0.001	0.1	titv_2	RS_GCF_029925445.1	Bacillota	Bacteria	low	69.09442327577179	4.999967803584241	69.09442327577179	4.999967803584241	2950639	40	2186258	40	2186258	0.0010090300412851	0.0089640838741259	0	2206	0	0	True	70.99	0.96	checkm2	1.8955767242282064	-4.039967803584241	1.8955767242282064	4.039967803584241	medium	medium
G_r001_substitution_titv_0p5pct	1	7	substitution_titv	0.005	0.5	titv_2	RS_GCF_029925445.1	Bacillota	Bacteria	low	69.09442327577179	4.999967803584241	69.09442327577179	4.999967803584241	2950639	40	2186258	40	2186258	0.0049577863179917	0.0441104216424403	0	10839	0	0	True	67.65	1.46	checkm2	-1.4444232757717828	-3.539967803584241	1.4444232757717828	3.539967803584241	medium	medium
G_r001_substitution_titv_1pct	1	8	substitution_titv	0.01	1.0	titv_2	RS_GCF_029925445.1	Bacillota	Bacteria	low	69.09442327577179	4.999967803584241	69.09442327577179	4.999967803584241	2950639	40	2186258	40	2186258	0.0099411871791892	0.0864827525163591	0	21734	0	0	True	66.56	3.0	checkm2	-2.534423275771786	-1.9999678035842408	2.534423275771786	1.9999678035842408	medium	medium
G_r001_substitution_titv_2pct	1	9	substitution_titv	0.02	2.0	titv_2	RS_GCF_029925445.1	Bacillota	Bacteria	low	69.09442327577179	4.999967803584241	69.09442327577179	4.999967803584241	2950639	40	2186258	40	2186258	0.0198489839716995	0.1662522378698502	0	43395	0	0	True	66.46	2.92	checkm2	-2.6344232757717947	-2.079967803584241	2.6344232757717947	2.079967803584241	medium	medium
G_r001_substitution_titv_5pct	1	10	substitution_titv	0.05	5.0	titv_2	RS_GCF_029925445.1	Bacillota	Bacteria	low	69.09442327577179	4.999967803584241	69.09442327577179	4.999967803584241	2950639	40	2186258	40	2186258	0.0500069067786144	0.3697505902753909	0	109328	0	0	True	56.84	2.23	checkm2	-12.254423275771785	-2.7699678035842408	12.254423275771785	2.7699678035842408	medium	medium
G_r001_indel_0p1pct	1	11	indel	0.001	0.1	ins0.5_geom0.75	RS_GCF_029925445.1	Bacillota	Bacteria	low	69.09442327577179	4.999967803584241	69.090030324512	4.999967803584241	2950639	40	2186258	40	2186119	0.0010328149742619		0	0	2258	0	True	58.43	4.01	checkm2	-10.664423275771789	-0.989967803584241	10.664423275771789	0.989967803584241	medium	medium
G_r001_indel_0p5pct	1	12	indel	0.005	0.5	ins0.5_geom0.75	RS_GCF_029925445.1	Bacillota	Bacteria	low	69.09442327577179	4.999967803584241	69.0987846230657	4.999967803584241	2950639	40	2186258	40	2186396	0.004986145276541		0	0	10901	0	True	36.16	3.09	checkm2	-32.93442327577179	-1.909967803584241	32.93442327577179	1.909967803584241	low	medium
G_r001_indel_1pct	1	13	indel	0.01	1.0	ins0.5_geom0.75	RS_GCF_029925445.1	Bacillota	Bacteria	low	69.09442327577179	4.999967803584241	69.10017519756519	4.999967803584241	2950639	40	2186258	40	2186440	0.0099960754860588		0	0	21854	0	True	31.3	1.39	checkm2	-37.79442327577179	-3.609967803584241	37.79442327577179	3.609967803584241	low	medium
G_r001_indel_2pct	1	14	indel	0.02	2.0	ins0.5_geom0.75	RS_GCF_029925445.1	Bacillota	Bacteria	low	69.09442327577179	4.999967803584241	69.0856373732522	4.999967803584241	2950639	40	2186258	40	2185980	0.0199569309752096		0	0	43631	0	True	17.73	5.45	checkm2	-51.364423275771784	0.4500321964157594	51.364423275771784	0.4500321964157594	low	medium
G_r001_indel_5pct	1	15	indel	0.05	5.0	ins0.5_geom0.75	RS_GCF_029925445.1	Bacillota	Bacteria	low	69.09442327577179	4.999967803584241	69.09328553299946	4.999967803584241	2950639	40	2186258	40	2186222	0.0502186841626194		0	0	109791	0	True	11.02	3.69	checkm2	-58.07442327577179	-1.3099678035842408	58.07442327577179	1.3099678035842408	low	medium
G_r001_chimera_5pct	1	16	chimera	0.05	5.0	rc0.5	RS_GCF_029925445.1	Bacillota	Bacteria	low	69.09442327577179	4.999967803584241	69.09442327577179	4.999967803584241	2950639	40	2186258	39	2186258	0.05		0	0	0	1	True	70.29	0.91	checkm2	1.1955767242282178	-4.089967803584241	1.1955767242282178	4.089967803584241	medium	medium
G_r001_chimera_10pct	1	17	chimera	0.1	10.0	rc0.5	RS_GCF_029925445.1	Bacillota	Bacteria	low	69.09442327577179	4.999967803584241	69.09442327577179	4.999967803584241	2950639	40	2186258	38	2186258	0.1		0	0	0	2	True	70.29	0.91	checkm2	1.1955767242282178	-4.089967803584241	1.1955767242282178	4.089967803584241	medium	medium
G_r001_chimera_20pct	1	18	chimera	0.2	20.0	rc0.5	RS_GCF_029925445.1	Bacillota	Bacteria	low	69.09442327577179	4.999967803584241	69.09442327577179	4.999967803584241	2950639	40	2186258	36	2186258	0.2		0	0	0	4	True	70.28	0.91	checkm2	1.1855767242282127	-4.089967803584241	1.1855767242282127	4.089967803584241	medium	medium
G_r001_chimera_40pct	1	19	chimera	0.4	40.0	rc0.5	RS_GCF_029925445.1	Bacillota	Bacteria	low	69.09442327577179	4.999967803584241	69.09442327577179	4.999967803584241	2950639	40	2186258	32	2186258	0.4		0	0	0	8	True	70.3	0.91	checkm2	1.2055767242282087	-4.089967803584241	1.2055767242282087	4.089967803584241	medium	medium
G_r001_uneven_coverage_5pct	1	20	uneven_coverage	0.05	5.0	lognormal_sigma1.0	RS_GCF_029925445.1	Bacillota	Bacteria	low	69.09442327577179	4.999967803584241	69.09442327577179	8.704690746648438	2950639	40	2186258	44	2295571	0.0500000457402557		109313	0	0	0	True	70.22	3.27	checkm2	1.1255767242282104	-1.7299678035842407	1.1255767242282104	1.7299678035842407	medium	medium
G_r001_uneven_coverage_10pct	1	21	uneven_coverage	0.1	10.0	lognormal_sigma1.0	RS_GCF_029925445.1	Bacillota	Bacteria	low	69.09442327577179	4.999967803584241	69.09442327577179	12.409413689712634	2950639	40	2186258	44	2404884	0.1000000914805114		218626	0	0	0	True	68.7	8.05	checkm2	-0.3944232757717856	3.05003219641576	0.3944232757717856	3.05003219641576	medium	medium
G_r001_uneven_coverage_20pct	1	22	uneven_coverage	0.2	20.0	lognormal_sigma1.0	RS_GCF_029925445.1	Bacillota	Bacteria	low	69.09442327577179	4.999967803584241	69.09442327577179	19.818859575841028	2950639	40	2186258	47	2623510	0.2000001829610229		437252	0	0	0	True	73.0	17.15	checkm2	3.9055767242282116	12.150032196415758	3.9055767242282116	12.150032196415758	low	medium
G_r001_uneven_coverage_40pct	1	23	uneven_coverage	0.4	40.0	lognormal_sigma1.0	RS_GCF_029925445.1	Bacillota	Bacteria	low	69.09442327577179	4.999967803584241	69.09442327577179	34.63771745713386	2950639	40	2186258	52	3060761	0.3999999085194886		874503	0	0	0	True	71.49	28.08	checkm2	2.3955767242282064	23.080032196415758	2.3955767242282064	23.080032196415758	low	medium
G_r002_none_control	2	0	none	0.0	0.0	control	RS_GCF_020096995.1	Actinomycetota	Bacteria	low	81.496887067733	1.9999827521314977	81.496887067733	1.9999827521314977	3246778	153	2710958	153	2710958	0.0		0	0	0	0	True	79.6	0.05	checkm2	-1.8968870677330045	-1.9499827521314976	1.8968870677330045	1.9499827521314976	medium	medium
G_r002_substitution_0p1pct	2	1	substitution	0.001	0.1	uniform	RS_GCF_020096995.1	Actinomycetota	Bacteria	low	81.496887067733	1.9999827521314977	81.496887067733	1.9999827521314977	3246778	153	2710958	153	2710958	0.0009937446467263	0.0089640838741259	0	2694	0	0	True	78.35	0.1	checkm2	-3.1468870677330045	-1.8999827521314976	3.1468870677330045	1.8999827521314976	medium	medium
G_r002_substitution_0p5pct	2	2	substitution	0.005	0.5	uniform	RS_GCF_020096995.1	Actinomycetota	Bacteria	low	81.496887067733	1.9999827521314977	81.496887067733	1.9999827521314977	3246778	153	2710958	153	2710958	0.0049949132373131	0.0441104216424403	0	13541	0	0	True	79.57	0.71	checkm2	-1.9268870677330057	-1.2899827521314977	1.9268870677330057	1.2899827521314977	medium	medium
G_r002_substitution_1pct	2	3	substitution	0.01	1.0	uniform	RS_GCF_020096995.1	Actinomycetota	Bacteria	low	81.496887067733	1.9999827521314977	81.496887067733	1.9999827521314977	3246778	153	2710958	153	2710958	0.0098773201207838	0.0864827525163591	0	26777	0	0	True	71.43	0.63	checkm2	-10.066887067732992	-1.3699827521314978	10.066887067732992	1.3699827521314978	medium	medium
G_r002_substitution_2pct	2	4	substitution	0.02	2.0	uniform	RS_GCF_020096995.1	Actinomycetota	Bacteria	low	81.496887067733	1.9999827521314977	81.496887067733	1.9999827521314977	3246778	153	2710958	153	2710958	0.0199143623766948	0.1662522378698502	0	53987	0	0	True	68.73	1.0	checkm2	-12.766887067732995	-0.9999827521314977	12.766887067732995	0.9999827521314977	medium	medium
G_r002_substitution_5pct	2	5	substitution	0.05	5.0	uniform	RS_GCF_020096995.1	Actinomycetota	Bacteria	low	81.496887067733	1.9999827521314977	81.496887067733	1.9999827521314977	3246778	153	2710958	153	2710958	0.0499380661743929	0.3697505902753909	0	135380	0	0	True	51.1	2.95	checkm2	-30.396887067732997	0.9500172478685025	30.396887067732997	0.9500172478685025	medium	medium
G_r002_substitution_titv_0p1pct	2	6	substitution_titv	0.001	0.1	titv_2	RS_GCF_020096995.1	Actinomycetota	Bacteria	low	81.496887067733	1.9999827521314977	81.496887067733	1.9999827521314977	3246778	153	2710958	153	2710958	0.0009815718281138	0.0089640838741259	0	2661	0	0	True	78.82	0.13	checkm2	-2.6768870677330057	-1.8699827521314978	2.6768870677330057	1.8699827521314978	medium	medium
G_r002_substitution_titv_0p5pct	2	7	substitution_titv	0.005	0.5	titv_2	RS_GCF_020096995.1	Actinomycetota	Bacteria	low	81.496887067733	1.9999827521314977	81.496887067733	1.9999827521314977	3246778	153	2710958	153	2710958	0.0049185564660168	0.0441104216424403	0	13334	0	0	True	76.76	0.17	checkm2	-4.736887067732994	-1.8299827521314977	4.736887067732994	1.8299827521314977	medium	medium
G_r002_substitution_titv_1pct	2	8	substitution_titv	0.01	1.0	titv_2	RS_GCF_020096995.1	Actinomycetota	Bacteria	low	81.496887067733	1.9999827521314977	81.496887067733	1.9999827521314977	3246778	153	2710958	153	2710958	0.0099356021008071	0.0864827525163591	0	26935	0	0	True	74.0	1.88	checkm2	-7.496887067732999	-0.11998275213149778	7.496887067732999	0.11998275213149778	medium	medium
G_r002_substitution_titv_2pct	2	9	substitution_titv	0.02	2.0	titv_2	RS_GCF_020096995.1	Actinomycetota	Bacteria	low	81.496887067733	1.9999827521314977	81.496887067733	1.9999827521314977	3246778	153	2710958	153	2710958	0.0201128162074071	0.1662522378698502	0	54525	0	0	True	66.54	1.91	checkm2	-14.956887067732993	-0.08998275213149776	14.956887067732993	0.08998275213149776	medium	medium
G_r002_substitution_titv_5pct	2	10	substitution_titv	0.05	5.0	titv_2	RS_GCF_020096995.1	Actinomycetota	Bacteria	low	81.496887067733	1.9999827521314977	81.496887067733	1.9999827521314977	3246778	153	2710958	153	2710958	0.0500826645045773	0.3697505902753909	0	135772	0	0	True	56.42	1.77	checkm2	-25.076887067732997	-0.22998275213149766	25.076887067732997	0.22998275213149766	medium	medium
G_r002_indel_0p1pct	2	11	indel	0.001	0.1	ins0.5_geom0.75	RS_GCF_020096995.1	Actinomycetota	Bacteria	low	81.496887067733	1.9999827521314977	81.49309925258774	1.9999827521314977	3246778	153	2710958	153	2710832	0.0009978022529305		0	0	2705	0	True	60.36	0.71	checkm2	-21.136887067733	-1.2899827521314977	21.136887067733	1.2899827521314977	medium	medium
G_r002_indel_0p5pct	2	12	indel	0.005	0.5	ins0.5_geom0.75	RS_GCF_020096995.1	Actinomycetota	Bacteria	low	81.496887067733	1.9999827521314977	81.496887067733	1.9999827521314977	3246778	153	2710958	153	2710958	0.0049414266100765		0	0	13396	0	True	39.49	1.9	checkm2	-42.006887067733	-0.09998275213149777	42.006887067733	0.09998275213149777	low	medium
G_r002_indel_1pct	2	13	indel	0.01	1.0	ins0.5_geom0.75	RS_GCF_020096995.1	Actinomycetota	Bacteria	low	81.496887067733	1.9999827521314977	81.48988261591678	1.9999827521314977	3246778	153	2710958	153	2710725	0.0100016304199474		0	0	27114	0	True	31.54	4.25	checkm2	-49.956887067733	2.2500172478685023	49.956887067733	2.2500172478685023	low	medium
G_r002_indel_2pct	2	14	indel	0.02	2.0	ins0.5_geom0.75	RS_GCF_020096995.1	Actinomycetota	Bacteria	low	81.496887067733	1.9999827521314977	81.49412136143646	1.9999827521314977	3246778	153	2710958	153	2710866	0.0200910526832212		0	0	54466	0	True	41.35	13.78	checkm2	-40.146887067733	11.780017247868502	40.146887067733	11.780017247868502	low	medium
G_r002_indel_5pct	2	15	indel	0.05	5.0	ins0.5_geom0.75	RS_GCF_020096995.1	Actinomycetota	Bacteria	low	81.496887067733	1.9999827521314977	81.49709750190775	1.9999827521314977	3246778	153	2710958	153	2710965	0.0498668736291746		0	0	135187	0	True	55.12	15.02	checkm2	-26.376887067733	13.020017247868502	26.376887067733	13.020017247868502	low	medium
G_r002_chimera_5pct	2	16	chimera	0.05	5.0	rc0.5	RS_GCF_020096995.1	Actinomycetota	Bacteria	low	81.496887067733	1.9999827521314977	81.496887067733	1.9999827521314977	3246778	153	2710958	149	2710958	0.0522875816993464		0	0	0	4	True	79.6	0.05	checkm2	-1.8968870677330045	-1.9499827521314976	1.8968870677330045	1.9499827521314976	medium	medium
G_r002_chimera_10pct	2	17	chimera	0.1	10.0	rc0.5	RS_GCF_020096995.1	Actinomycetota	Bacteria	low	81.496887067733	1.9999827521314977	81.496887067733	1.9999827521314977	3246778	153	2710958	146	2710958	0.0915032679738562		0	0	0	7	True	79.6	0.05	checkm2	-1.8968870677330045	-1.9499827521314976	1.8968870677330045	1.9499827521314976	medium	medium
G_r002_chimera_20pct	2	18	chimera	0.2	20.0	rc0.5	RS_GCF_020096995.1	Actinomycetota	Bacteria	low	81.496887067733	1.9999827521314977	81.496887067733	1.9999827521314977	3246778	153	2710958	138	2710958	0.196078431372549		0	0	0	15	True	79.6	0.04	checkm2	-1.8968870677330045	-1.9599827521314976	1.8968870677330045	1.9599827521314976	medium	medium
G_r002_chimera_40pct	2	19	chimera	0.4	40.0	rc0.5	RS_GCF_020096995.1	Actinomycetota	Bacteria	low	81.496887067733	1.9999827521314977	81.496887067733	1.9999827521314977	3246778	153	2710958	123	2710958	0.392156862745098		0	0	0	30	True	78.76	0.04	checkm2	-2.7368870677329937	-1.9599827521314976	2.7368870677329937	1.9599827521314976	medium	medium
G_r002_uneven_coverage_5pct	2	20	uneven_coverage	0.05	5.0	lognormal_sigma1.0	RS_GCF_020096995.1	Actinomycetota	Bacteria	low	81.496887067733	1.9999827521314977	81.496887067733	6.174829323101241	3246778	153	2710958	163	2846506	0.0500000368873291		135548	0	0	0	True	80.62	4.06	checkm2	-0.8768870677329943	2.060017247868502	0.8768870677329943	2.060017247868502	medium	medium
G_r002_uneven_coverage_10pct	2	21	uneven_coverage	0.1	10.0	lognormal_sigma1.0	RS_GCF_020096995.1	Actinomycetota	Bacteria	low	81.496887067733	1.9999827521314977	81.496887067733	10.349675894070984	3246778	153	2710958	164	2982054	0.1000000737746582		271096	0	0	0	True	80.47	5.81	checkm2	-1.026887067733	3.810017247868502	1.026887067733	3.810017247868502	medium	medium
G_r002_uneven_coverage_20pct	2	22	uneven_coverage	0.2	20.0	lognormal_sigma1.0	RS_GCF_020096995.1	Actinomycetota	Bacteria	low	81.496887067733	1.9999827521314977	81.496887067733	18.69936903601047	3246778	153	2710958	181	3253150	0.2000001475493165		542192	0	0	0	True	81.58	16.74	checkm2	0.08311293226699945	14.7400172478685	0.08311293226699945	14.7400172478685	low	medium
G_r002_uneven_coverage_40pct	2	23	uneven_coverage	0.4	40.0	lognormal_sigma1.0	RS_GCF_020096995.1	Actinomycetota	Bacteria	low	81.496887067733	1.9999827521314977	81.496887067733	35.39872452012426	3246778	153	2710958	210	3795341	0.3999999262253417		1084383	0	0	0	True	79.57	25.5	checkm2	-1.9268870677330057	23.500017247868502	1.9268870677330057	23.500017247868502	low	medium
G_r003_none_control	3	0	none	0.0	0.0	control	RS_GCF_963675585.1	Bacteroidota	Bacteria	low	69.81887252003206	4.999988404978969	69.81887252003206	4.999988404978969	6037074	164	4516870	164	4516870	0.0		0	0	0	0	True	78.11	4.69	checkm2	8.29112747996794	-0.3099884049789683	8.29112747996794	0.3099884049789683	medium	medium
G_r003_substitution_0p1pct	3	1	substitution	0.001	0.1	uniform	RS_GCF_963675585.1	Bacteroidota	Bacteria	low	69.81887252003206	4.999988404978969	69.81887252003206	4.999988404978969	6037074	164	4516870	164	4516870	0.0010124267468401	0.0089640838741259	0	4573	0	0	True	77.47	4.97	checkm2	7.65112747996794	-0.02998840497896893	7.65112747996794	0.02998840497896893	medium	medium
G_r003_substitution_0p5pct	3	2	substitution	0.005	0.5	uniform	RS_GCF_963675585.1	Bacteroidota	Bacteria	low	69.81887252003206	4.999988404978969	69.81887252003206	4.999988404978969	6037074	164	4516870	164	4516870	0.0050382233714939	0.0441104216424403	0	22757	0	0	True	68.56	5.86	checkm2	-1.2588725200320567	0.8600115950210316	1.2588725200320567	0.8600115950210316	medium	medium
G_r003_substitution_1pct	3	3	substitution	0.01	1.0	uniform	RS_GCF_963675585.1	Bacteroidota	Bacteria	low	69.81887252003206	4.999988404978969	69.81887252003206	4.999988404978969	6037074	164	4516870	164	4516870	0.0100020589478997	0.0864827525163591	0	45178	0	0	True	70.03	6.0	checkm2	0.21112747996794212	1.0000115950210313	0.21112747996794212	1.0000115950210313	medium	medium
G_r003_substitution_2pct	3	4	substitution	0.02	2.0	uniform	RS_GCF_963675585.1	Bacteroidota	Bacteria	low	69.81887252003206	4.999988404978969	69.81887252003206	4.999988404978969	6037074	164	4516870	164	4516870	0.0199334937689152	0.1662522378698502	0	90037	0	0	True	54.28	8.73	checkm2	-15.538872520032058	3.7300115950210317	15.538872520032058	3.7300115950210317	medium	medium
G_r003_substitution_5pct	3	5	substitution	0.05	5.0	uniform	RS_GCF_963675585.1	Bacteroidota	Bacteria	low	69.81887252003206	4.999988404978969	69.81887252003206	4.999988404978969	6037074	164	4516870	164	4516870	0.0498736957229231	0.3697505902753909	0	225273	0	0	True	40.49	1.99	checkm2	-29.328872520032057	-3.0099884049789685	29.328872520032057	3.0099884049789685	low	medium
G_r003_substitution_titv_0p1pct	3	6	substitution_titv	0.001	0.1	titv_2	RS_GCF_963675585.1	Bacteroidota	Bacteria	low	69.81887252003206	4.999988404978969	69.81887252003206	4.999988404978969	6037074	164	4516870	164	4516870	0.0009630562756953	0.0089640838741259	0	4350	0	0	True	77.6	5.01	checkm2	7.781127479967935	0.010011595021031106	7.781127479967935	0.010011595021031106	medium	medium
G_r003_substitution_titv_0p5pct	3	7	substitution_titv	0.005	0.5	titv_2	RS_GCF_963675585.1	Bacteroidota	Bacteria	low	69.81887252003206	4.999988404978969	69.81887252003206	4.999988404978969	6037074	164	4516870	164	4516870	0.004971805697308	0.0441104216424403	0	22457	0	0	True	70.29	6.28	checkm2	0.47112747996794724	1.2800115950210316	0.47112747996794724	1.2800115950210316	medium	medium
G_r003_substitution_titv_1pct	3	8	substitution_titv	0.01	1.0	titv_2	RS_GCF_963675585.1	Bacteroidota	Bacteria	low	69.81887252003206	4.999988404978969	69.81887252003206	4.999988404978969	6037074	164	4516870	164	4516870	0.0100589567554523	0.0864827525163591	0	45435	0	0	True	65.61	4.77	checkm2	-4.20887252003206	-0.2299884049789691	4.20887252003206	0.2299884049789691	medium	medium
G_r003_substitution_titv_2pct	3	9	substitution_titv	0.02	2.0	titv_2	RS_GCF_963675585.1	Bacteroidota	Bacteria	low	69.81887252003206	4.999988404978969	69.81887252003206	4.999988404978969	6037074	164	4516870	164	4516870	0.0198648621722564	0.1662522378698502	0	89727	0	0	True	55.59	8.57	checkm2	-14.228872520032056	3.5700115950210316	14.228872520032056	3.5700115950210316	medium	medium
G_r003_substitution_titv_5pct	3	10	substitution_titv	0.05	5.0	titv_2	RS_GCF_963675585.1	Bacteroidota	Bacteria	low	69.81887252003206	4.999988404978969	69.81887252003206	4.999988404978969	6037074	164	4516870	164	4516870	0.0500840183578451	0.3697505902753909	0	226223	0	0	True	43.15	3.66	checkm2	-26.66887252003206	-1.3399884049789685	26.66887252003206	1.3399884049789685	low	medium
G_r003_indel_0p1pct	3	11	indel	0.001	0.1	ins0.5_geom0.75	RS_GCF_963675585.1	Bacteroidota	Bacteria	low	69.81887252003206	4.999988404978969	69.81962993052949	4.999988404978969	6037074	164	4516870	164	4516919	0.0009774467717689		0	0	4415	0	True	64.89	5.18	checkm2	-4.9288725200320584	0.18001159502103103	4.9288725200320584	0.18001159502103103	medium	medium
G_r003_indel_0p5pct	3	12	indel	0.005	0.5	ins0.5_geom0.75	RS_GCF_963675585.1	Bacteroidota	Bacteria	low	69.81887252003206	4.999988404978969	69.82287597551841	4.999988404978969	6037074	164	4516870	164	4517129	0.0049704773438243		0	0	22451	0	True	46.36	3.26	checkm2	-23.45887252003206	-1.739988404978969	23.45887252003206	1.739988404978969	low	medium
G_r003_indel_1pct	3	13	indel	0.01	1.0	ins0.5_geom0.75	RS_GCF_963675585.1	Bacteroidota	Bacteria	low	69.81887252003206	4.999988404978969	69.82480814515469	4.999988404978969	6037074	164	4516870	164	4517254	0.0099369696271975		0	0	44884	0	True	55.28	2.28	checkm2	-14.538872520032058	-2.719988404978969	14.538872520032058	2.719988404978969	medium	medium
G_r003_indel_2pct	3	14	indel	0.02	2.0	ins0.5_geom0.75	RS_GCF_963675585.1	Bacteroidota	Bacteria	low	69.81887252003206	4.999988404978969	69.82170121637957	4.999988404978969	6037074	164	4516870	164	4517053	0.0199058197380044		0	0	89912	0	True	35.64	10.46	checkm2	-34.17887252003206	5.460011595021032	34.17887252003206	5.460011595021032	low	medium
G_r003_indel_5pct	3	15	indel	0.05	5.0	ins0.5_geom0.75	RS_GCF_963675585.1	Bacteroidota	Bacteria	low	69.81887252003206	4.999988404978969	69.80347699237021	4.999988404978969	6037074	164	4516870	164	4515874	0.0500731701377281		0	0	226174	0	True	24.25	8.17	checkm2	-45.56887252003206	3.1700115950210312	45.56887252003206	3.1700115950210312	low	medium
G_r003_chimera_5pct	3	16	chimera	0.05	5.0	rc0.5	RS_GCF_963675585.1	Bacteroidota	Bacteria	low	69.81887252003206	4.999988404978969	69.81887252003206	4.999988404978969	6037074	164	4516870	160	4516870	0.048780487804878		0	0	0	4	True	78.2	4.61	checkm2	8.381127479967944	-0.38998840497896836	8.381127479967944	0.38998840497896836	medium	medium
G_r003_chimera_10pct	3	17	chimera	0.1	10.0	rc0.5	RS_GCF_963675585.1	Bacteroidota	Bacteria	low	69.81887252003206	4.999988404978969	69.81887252003206	4.999988404978969	6037074	164	4516870	156	4516870	0.0975609756097561		0	0	0	8	True	78.08	4.55	checkm2	8.26112747996794	-0.44998840497896886	8.26112747996794	0.44998840497896886	medium	medium
G_r003_chimera_20pct	3	18	chimera	0.2	20.0	rc0.5	RS_GCF_963675585.1	Bacteroidota	Bacteria	low	69.81887252003206	4.999988404978969	69.81887252003206	4.999988404978969	6037074	164	4516870	147	4516870	0.2073170731707317		0	0	0	17	True	78.03	4.6	checkm2	8.211127479967942	-0.39998840497896904	8.211127479967942	0.39998840497896904	medium	medium
G_r003_chimera_40pct	3	19	chimera	0.4	40.0	rc0.5	RS_GCF_963675585.1	Bacteroidota	Bacteria	low	69.81887252003206	4.999988404978969	69.81887252003206	4.999988404978969	6037074	164	4516870	131	4516870	0.4024390243902439		0	0	0	33	True	78.08	4.75	checkm2	8.26112747996794	-0.24998840497896868	8.26112747996794	0.24998840497896868	medium	medium
G_r003_uneven_coverage_5pct	3	20	uneven_coverage	0.05	5.0	lognormal_sigma1.0	RS_GCF_963675585.1	Bacteroidota	Bacteria	low	69.81887252003206	4.999988404978969	69.81887252003206	8.7409397333874	6037074	164	4516870	174	4742714	0.0500001106961236		225844	0	0	0	True	78.65	8.47	checkm2	8.831127479967947	3.470011595021032	8.831127479967947	3.470011595021032	medium	medium
G_r003_uneven_coverage_10pct	3	21	uneven_coverage	0.1	10.0	lognormal_sigma1.0	RS_GCF_963675585.1	Bacteroidota	Bacteria	low	69.81887252003206	4.999988404978969	69.81887252003206	12.48187449748007	6037074	164	4516870	185	4968557	0.1		451687	0	0	0	True	76.97	9.19	checkm2	7.15112747996794	4.190011595021031	7.15112747996794	4.190011595021031	medium	medium
G_r003_uneven_coverage_20pct	3	22	uneven_coverage	0.2	20.0	lognormal_sigma1.0	RS_GCF_963675585.1	Bacteroidota	Bacteria	low	69.81887252003206	4.999988404978969	69.81887252003206	19.96376058998117	6037074	164	4516870	196	5420244	0.2		903374	0	0	0	True	66.52	16.84	checkm2	-3.298872520032063	11.840011595021032	3.298872520032063	11.840011595021032	low	medium
G_r003_uneven_coverage_40pct	3	23	uneven_coverage	0.4	40.0	lognormal_sigma1.0	RS_GCF_963675585.1	Bacteroidota	Bacteria	low	69.81887252003206	4.999988404978969	69.81887252003206	34.927532774983376	6037074	164	4516870	230	6323618	0.4		1806748	0	0	0	True	60.34	31.43	checkm2	-9.478872520032056	26.430011595021032	9.478872520032056	26.430011595021032	low	medium
G_r004_none_control	4	0	none	0.0	0.0	control	RS_GCF_030323385.1	Campylobacterota	Bacteria	highly_fragmented	82.53028281605829	0.0	82.53028281605829	0.0	1662494	127	1372061	127	1372061	0.0		0	0	0	0	True	81.97	1.16	checkm2	-0.5602828160582902	1.16	0.5602828160582902	1.16	medium	medium
G_r004_substitution_0p1pct	4	1	substitution	0.001	0.1	uniform	RS_GCF_030323385.1	Campylobacterota	Bacteria	highly_fragmented	82.53028281605829	0.0	82.53028281605829	0.0	1662494	127	1372061	127	1372061	0.0010189051361419	0.0089640838741259	0	1398	0	0	True	80.75	1.35	checkm2	-1.780282816058289	1.35	1.780282816058289	1.35	medium	medium
G_r004_substitution_0p5pct	4	2	substitution	0.005	0.5	uniform	RS_GCF_030323385.1	Campylobacterota	Bacteria	highly_fragmented	82.53028281605829	0.0	82.53028281605829	0.0	1662494	127	1372061	127	1372061	0.005066830119069	0.0441104216424403	0	6952	0	0	True	77.6	2.33	checkm2	-4.930282816058295	2.33	4.930282816058295	2.33	medium	medium
G_r004_substitution_1pct	4	3	substitution	0.01	1.0	uniform	RS_GCF_030323385.1	Campylobacterota	Bacteria	highly_fragmented	82.53028281605829	0.0	82.53028281605829	0.0	1662494	127	1372061	127	1372061	0.0098654505885671	0.0864827525163591	0	13536	0	0	True	69.57	3.68	checkm2	-12.960282816058296	3.68	12.960282816058296	3.68	medium	medium
G_r004_substitution_2pct	4	4	substitution	0.02	2.0	uniform	RS_GCF_030323385.1	Campylobacterota	Bacteria	highly_fragmented	82.53028281605829	0.0	82.53028281605829	0.0	1662494	127	1372061	127	1372061	0.019929871922604	0.1662522378698502	0	27345	0	0	True	61.18	3.65	checkm2	-21.35028281605829	3.65	21.35028281605829	3.65	medium	medium
G_r004_substitution_5pct	4	5	substitution	0.05	5.0	uniform	RS_GCF_030323385.1	Campylobacterota	Bacteria	highly_fragmented	82.53028281605829	0.0	82.53028281605829	0.0	1662494	127	1372061	127	1372061	0.0501712387423008	0.3697505902753909	0	68838	0	0	True	47.56	0.92	checkm2	-34.97028281605829	0.92	34.97028281605829	0.92	low	medium
G_r004_substitution_titv_0p1pct	4	6	substitution_titv	0.001	0.1	titv_2	RS_GCF_030323385.1	Campylobacterota	Bacteria	highly_fragmented	82.53028281605829	0.0	82.53028281605829	0.0	1662494	127	1372061	127	1372061	0.0009693446574168	0.0089640838741259	0	1330	0	0	True	81.92	1.25	checkm2	-0.6102828160582874	1.25	0.6102828160582874	1.25	medium	medium
G_r004_substitution_titv_0p5pct	4	7	substitution_titv	0.005	0.5	titv_2	RS_GCF_030323385.1	Campylobacterota	Bacteria	highly_fragmented	82.53028281605829	0.0	82.53028281605829	0.0	1662494	127	1372061	127	1372061	0.0050362192351506	0.0441104216424403	0	6910	0	0	True	76.43	1.65	checkm2	-6.100282816058282	1.65	6.100282816058282	1.65	medium	medium
G_r004_substitution_titv_1pct	4	8	substitution_titv	0.01	1.0	titv_2	RS_GCF_030323385.1	Campylobacterota	Bacteria	highly_fragmented	82.53028281605829	0.0	82.53028281605829	0.0	1662494	127	1372061	127	1372061	0.0100746249620097	0.0864827525163591	0	13823	0	0	True	76.38	3.71	checkm2	-6.150282816058294	3.71	6.150282816058294	3.71	medium	medium
G_r004_substitution_titv_2pct	4	9	substitution_titv	0.02	2.0	titv_2	RS_GCF_030323385.1	Campylobacterota	Bacteria	highly_fragmented	82.53028281605829	0.0	82.53028281605829	0.0	1662494	127	1372061	127	1372061	0.0201733013328124	0.1662522378698502	0	27679	0	0	True	66.94	3.27	checkm2	-15.590282816058291	3.27	15.590282816058291	3.27	medium	medium
G_r004_substitution_titv_5pct	4	10	substitution_titv	0.05	5.0	titv_2	RS_GCF_030323385.1	Campylobacterota	Bacteria	highly_fragmented	82.53028281605829	0.0	82.53028281605829	0.0	1662494	127	1372061	127	1372061	0.0502725461914594	0.3697505902753909	0	68977	0	0	True	47.83	2.99	checkm2	-34.70028281605829	2.99	34.70028281605829	2.99	low	medium
G_r004_indel_0p1pct	4	11	indel	0.001	0.1	ins0.5_geom0.75	RS_GCF_030323385.1	Campylobacterota	Bacteria	highly_fragmented	82.53028281605829	0.0	82.53022266546526	0.0	1662494	127	1372061	127	1372060	0.0010108879998775		0	0	1387	0	True	72.98	7.34	checkm2	-9.550282816058285	7.34	9.550282816058285	7.34	medium	medium
G_r004_indel_0p5pct	4	12	indel	0.005	0.5	ins0.5_geom0.75	RS_GCF_030323385.1	Campylobacterota	Bacteria	highly_fragmented	82.53028281605829	0.0	82.52420760616279	0.0	1662494	127	1372061	127	1371960	0.004934911785992		0	0	6771	0	True	33.98	1.75	checkm2	-48.55028281605829	1.75	48.55028281605829	1.75	low	medium
G_r004_indel_1pct	4	13	indel	0.01	1.0	ins0.5_geom0.75	RS_GCF_030323385.1	Campylobacterota	Bacteria	highly_fragmented	82.53028281605829	0.0	82.53076402080248	0.0	1662494	127	1372061	127	1372069	0.0101926955142664		0	0	13985	0	True	27.63	2.89	checkm2	-54.900282816058294	2.89	54.900282816058294	2.89	low	medium
G_r004_indel_2pct	4	14	indel	0.02	2.0	ins0.5_geom0.75	RS_GCF_030323385.1	Campylobacterota	Bacteria	highly_fragmented	82.53028281605829	0.0	82.53280914096533	0.0	1662494	127	1372061	127	1372103	0.0201856914524937		0	0	27696	0	True	18.32	4.74	checkm2	-64.21028281605828	4.74	64.21028281605828	4.74	low	medium
G_r004_indel_5pct	4	15	indel	0.05	5.0	ins0.5_geom0.75	RS_GCF_030323385.1	Campylobacterota	Bacteria	highly_fragmented	82.53028281605829	0.0	82.54441820541909	0.0	1662494	127	1372061	127	1372296	0.0499358264683567		0	0	68515	0	True	5.86	0.66	checkm2	-76.67028281605829	0.66	76.67028281605829	0.66	low	medium
G_r004_chimera_5pct	4	16	chimera	0.05	5.0	rc0.5	RS_GCF_030323385.1	Campylobacterota	Bacteria	highly_fragmented	82.53028281605829	0.0	82.53028281605829	0.0	1662494	127	1372061	124	1372061	0.0472440944881889		0	0	0	3	True	81.97	1.16	checkm2	-0.5602828160582902	1.16	0.5602828160582902	1.16	medium	medium
G_r004_chimera_10pct	4	17	chimera	0.1	10.0	rc0.5	RS_GCF_030323385.1	Campylobacterota	Bacteria	highly_fragmented	82.53028281605829	0.0	82.53028281605829	0.0	1662494	127	1372061	120	1372061	0.1102362204724409		0	0	0	7	True	81.97	1.16	checkm2	-0.5602828160582902	1.16	0.5602828160582902	1.16	medium	medium
G_r004_chimera_20pct	4	18	chimera	0.2	20.0	rc0.5	RS_GCF_030323385.1	Campylobacterota	Bacteria	highly_fragmented	82.53028281605829	0.0	82.53028281605829	0.0	1662494	127	1372061	114	1372061	0.2047244094488189		0	0	0	13	True	81.9	1.16	checkm2	-0.6302828160582834	1.16	0.6302828160582834	1.16	medium	medium
G_r004_chimera_40pct	4	19	chimera	0.4	40.0	rc0.5	RS_GCF_030323385.1	Campylobacterota	Bacteria	highly_fragmented	82.53028281605829	0.0	82.53028281605829	0.0	1662494	127	1372061	101	1372061	0.4094488188976378		0	0	0	26	True	81.85	1.15	checkm2	-0.6802828160582948	1.15	0.6802828160582948	1.15	medium	medium
G_r004_uneven_coverage_5pct	4	20	uneven_coverage	0.05	5.0	lognormal_sigma1.0	RS_GCF_030323385.1	Campylobacterota	Bacteria	highly_fragmented	82.53028281605829	0.0	82.53028281605829	4.126511133273263	1662494	127	1372061	131	1440664	0.0499999635584715		68603	0	0	0	True	82.16	6.79	checkm2	-0.3702828160582925	6.79	0.3702828160582925	6.79	medium	medium
G_r004_uneven_coverage_10pct	4	21	uneven_coverage	0.1	10.0	lognormal_sigma1.0	RS_GCF_030323385.1	Campylobacterota	Bacteria	highly_fragmented	82.53028281605829	0.0	82.53028281605829	8.253022266546527	1662494	127	1372061	142	1509267	0.099999927116943		137206	0	0	0	True	81.59	11.96	checkm2	-0.9402828160582857	11.96	0.9402828160582857	11.96	low	medium
G_r004_uneven_coverage_20pct	4	22	uneven_coverage	0.2	20.0	lognormal_sigma1.0	RS_GCF_030323385.1	Campylobacterota	Bacteria	highly_fragmented	82.53028281605829	0.0	82.53028281605829	16.506044533093053	1662494	127	1372061	155	1646473	0.1999998542338861		274412	0	0	0	True	81.79	18.76	checkm2	-0.7402828160582828	18.76	0.7402828160582828	18.76	low	medium
G_r004_uneven_coverage_40pct	4	23	uneven_coverage	0.4	40.0	lognormal_sigma1.0	RS_GCF_030323385.1	Campylobacterota	Bacteria	highly_fragmented	82.53028281605829	0.0	82.53028281605829	33.01208906618611	1662494	127	1372061	175	1920885	0.3999997084677722		548824	0	0	0	True	83.45	26.16	checkm2	0.9197171839417138	26.16	0.9197171839417138	26.16	low	medium
G_r005_none_control	5	0	none	0.0	0.0	control	RS_GCF_036630095.1	Cyanobacteriota	Bacteria	highly_fragmented	59.26823325524292	0.0	59.26823325524292	0.0	2803161	39	1661384	39	1661384	0.0		0	0	0	0	True	60.45	0.19	checkm2	1.181766744757084	0.19	1.181766744757084	0.19	medium	medium
G_r005_substitution_0p1pct	5	1	substitution	0.001	0.1	uniform	RS_GCF_036630095.1	Cyanobacteriota	Bacteria	highly_fragmented	59.26823325524292	0.0	59.26823325524292	0.0	2803161	39	1661384	39	1661384	0.0010244470874885	0.0089640838741259	0	1702	0	0	True	60.54	0.74	checkm2	1.2717667447570804	0.74	1.2717667447570804	0.74	medium	medium
G_r005_substitution_0p5pct	5	2	substitution	0.005	0.5	uniform	RS_GCF_036630095.1	Cyanobacteriota	Bacteria	highly_fragmented	59.26823325524292	0.0	59.26823325524292	0.0	2803161	39	1661384	39	1661384	0.0049964367057826	0.0441104216424403	0	8301	0	0	True	56.69	1.34	checkm2	-2.578233255242921	1.34	2.578233255242921	1.34	medium	medium
G_r005_substitution_1pct	5	3	substitution	0.01	1.0	uniform	RS_GCF_036630095.1	Cyanobacteriota	Bacteria	highly_fragmented	59.26823325524292	0.0	59.26823325524292	0.0	2803161	39	1661384	39	1661384	0.0100404241283171	0.0864827525163591	0	16681	0	0	True	53.76	2.2	checkm2	-5.508233255242921	2.2	5.508233255242921	2.2	medium	medium
G_r005_substitution_2pct	5	4	substitution	0.02	2.0	uniform	RS_GCF_036630095.1	Cyanobacteriota	Bacteria	highly_fragmented	59.26823325524292	0.0	59.26823325524292	0.0	2803161	39	1661384	39	1661384	0.0200856635190901	0.1662522378698502	0	33370	0	0	True	50.11	2.19	checkm2	-9.15823325524292	2.19	9.15823325524292	2.19	medium	medium
G_r005_substitution_5pct	5	5	substitution	0.05	5.0	uniform	RS_GCF_036630095.1	Cyanobacteriota	Bacteria	highly_fragmented	59.26823325524292	0.0	59.26823325524292	0.0	2803161	39	1661384	39	1661384	0.0501304936125543	0.3697505902753909	0	83286	0	0	True	36.73	0.37	checkm2	-22.538233255242922	0.37	22.538233255242922	0.37	low	medium
G_r005_substitution_titv_0p1pct	5	6	substitution_titv	0.001	0.1	titv_2	RS_GCF_036630095.1	Cyanobacteriota	Bacteria	highly_fragmented	59.26823325524292	0.0	59.26823325524292	0.0	2803161	39	1661384	39	1661384	0.0009498105194223	0.0089640838741259	0	1578	0	0	True	61.6	0.2	checkm2	2.3317667447570827	0.2	2.3317667447570827	0.2	medium	medium
G_r005_substitution_titv_0p5pct	5	7	substitution_titv	0.005	0.5	titv_2	RS_GCF_036630095.1	Cyanobacteriota	Bacteria	highly_fragmented	59.26823325524292	0.0	59.26823325524292	0.0	2803161	39	1661384	39	1661384	0.0049735642091172	0.0441104216424403	0	8263	0	0	True	55.44	0.4	checkm2	-3.828233255242921	0.4	3.828233255242921	0.4	medium	medium
G_r005_substitution_titv_1pct	5	8	substitution_titv	0.01	1.0	titv_2	RS_GCF_036630095.1	Cyanobacteriota	Bacteria	highly_fragmented	59.26823325524292	0.0	59.26823325524292	0.0	2803161	39	1661384	39	1661384	0.0100566756391057	0.0864827525163591	0	16708	0	0	True	55.8	1.58	checkm2	-3.4682332552429216	1.58	3.4682332552429216	1.58	medium	medium
G_r005_substitution_titv_2pct	5	9	substitution_titv	0.02	2.0	titv_2	RS_GCF_036630095.1	Cyanobacteriota	Bacteria	highly_fragmented	59.26823325524292	0.0	59.26823325524292	0.0	2803161	39	1661384	39	1661384	0.0200447337882151	0.1662522378698502	0	33302	0	0	True	50.66	3.62	checkm2	-8.608233255242922	3.62	8.608233255242922	3.62	medium	medium
G_r005_substitution_titv_5pct	5	10	substitution_titv	0.05	5.0	titv_2	RS_GCF_036630095.1	Cyanobacteriota	Bacteria	highly_fragmented	59.26823325524292	0.0	59.26823325524292	0.0	2803161	39	1661384	39	1661384	0.0498722751633577	0.3697505902753909	0	82857	0	0	True	35.16	3.43	checkm2	-24.108233255242922	3.43	24.108233255242922	3.43	low	medium
G_r005_indel_0p1pct	5	11	indel	0.001	0.1	ins0.5_geom0.75	RS_GCF_036630095.1	Cyanobacteriota	Bacteria	highly_fragmented	59.26823325524292	0.0	59.269267801599696	0.0	2803161	39	1661384	39	1661413	0.0009811097253855		0	0	1630	0	True	43.1	3.44	checkm2	-16.168233255242917	3.44	16.168233255242917	3.44	low	medium
G_r005_indel_0p5pct	5	12	indel	0.005	0.5	ins0.5_geom0.75	RS_GCF_036630095.1	Cyanobacteriota	Bacteria	highly_fragmented	59.26823325524292	0.0	59.27511833961731	0.0	2803161	39	1661384	39	1661577	0.0050277359117458		0	0	8353	0	True	30.83	1.44	checkm2	-28.43823325524292	1.44	28.43823325524292	1.44	low	medium
G_r005_indel_1pct	5	13	indel	0.01	1.0	ins0.5_geom0.75	RS_GCF_036630095.1	Cyanobacteriota	Bacteria	highly_fragmented	59.26823325524292	0.0	59.27090880616561	0.0	2803161	39	1661384	39	1661459	0.010041627943931		0	0	16683	0	True	12.5	4.15	checkm2	-46.76823325524292	4.15	46.76823325524292	4.15	low	medium
G_r005_indel_2pct	5	14	indel	0.02	2.0	ins0.5_geom0.75	RS_GCF_036630095.1	Cyanobacteriota	Bacteria	highly_fragmented	59.26823325524292	0.0	59.27251413671922	0.0	2803161	39	1661384	39	1661504	0.0200688101004945		0	0	33342	0	True	11.85	5.1	checkm2	-47.41823325524292	5.1	47.41823325524292	5.1	low	medium
G_r005_indel_5pct	5	15	indel	0.05	5.0	ins0.5_geom0.75	RS_GCF_036630095.1	Cyanobacteriota	Bacteria	highly_fragmented	59.26823325524292	0.0	59.25742402951525	0.0	2803161	39	1661384	39	1661081	0.0497362439989791		0	0	82631	0	True	13.96	4.47	checkm2	-45.30823325524292	4.47	45.30823325524292	4.47	low	medium
G_r005_chimera_5pct	5	16	chimera	0.05	5.0	rc0.5	RS_GCF_036630095.1	Cyanobacteriota	Bacteria	highly_fragmented	59.26823325524292	0.0	59.26823325524292	0.0	2803161	39	1661384	38	1661384	0.0512820512820512		0	0	0	1	True	60.45	0.19	checkm2	1.181766744757084	0.19	1.181766744757084	0.19	medium	medium
G_r005_chimera_10pct	5	17	chimera	0.1	10.0	rc0.5	RS_GCF_036630095.1	Cyanobacteriota	Bacteria	highly_fragmented	59.26823325524292	0.0	59.26823325524292	0.0	2803161	39	1661384	37	1661384	0.1025641025641025		0	0	0	2	True	60.16	0.19	checkm2	0.8917667447570778	0.19	0.8917667447570778	0.19	medium	medium
G_r005_chimera_20pct	5	18	chimera	0.2	20.0	rc0.5	RS_GCF_036630095.1	Cyanobacteriota	Bacteria	highly_fragmented	59.26823325524292	0.0	59.26823325524292	0.0	2803161	39	1661384	35	1661384	0.2051282051282051		0	0	0	4	True	60.15	0.19	checkm2	0.8817667447570798	0.19	0.8817667447570798	0.19	medium	medium
G_r005_chimera_40pct	5	19	chimera	0.4	40.0	rc0.5	RS_GCF_036630095.1	Cyanobacteriota	Bacteria	highly_fragmented	59.26823325524292	0.0	59.26823325524292	0.0	2803161	39	1661384	31	1661384	0.4102564102564102		0	0	0	8	True	60.44	0.19	checkm2	1.171766744757079	0.19	1.171766744757079	0.19	medium	medium
G_r005_uneven_coverage_5pct	5	20	uneven_coverage	0.05	5.0	lognormal_sigma1.0	RS_GCF_036630095.1	Cyanobacteriota	Bacteria	highly_fragmented	59.26823325524292	0.0	59.26823325524292	2.963404527959685	2803161	39	1661384	41	1744453	0.0499998796184386		83069	0	0	0	True	60.46	4.92	checkm2	1.191766744757082	4.92	1.191766744757082	4.92	medium	medium
G_r005_uneven_coverage_10pct	5	21	uneven_coverage	0.1	10.0	lognormal_sigma1.0	RS_GCF_036630095.1	Cyanobacteriota	Bacteria	highly_fragmented	59.26823325524292	0.0	59.26823325524292	5.926809055919371	2803161	39	1661384	45	1827522	0.0999997592368772		166138	0	0	0	True	59.86	4.83	checkm2	0.5917667447570807	4.83	0.5917667447570807	4.83	medium	medium
G_r005_uneven_coverage_20pct	5	22	uneven_coverage	0.2	20.0	lognormal_sigma1.0	RS_GCF_036630095.1	Cyanobacteriota	Bacteria	highly_fragmented	59.26823325524292	0.0	59.26823325524292	11.853653785851044	2803161	39	1661384	47	1993661	0.2000001203815614		332277	0	0	0	True	56.17	14.06	checkm2	-3.098233255242917	14.06	3.098233255242917	14.06	low	medium
G_r005_uneven_coverage_40pct	5	23	uneven_coverage	0.4	40.0	lognormal_sigma1.0	RS_GCF_036630095.1	Cyanobacteriota	Bacteria	highly_fragmented	59.26823325524292	0.0	59.26823325524292	23.70730757170209	2803161	39	1661384	49	2325938	0.4000002407631228		664554	0	0	0	True	51.05	15.22	checkm2	-8.218233255242922	15.22	8.218233255242922	15.22	low	medium
G_r006_none_control	6	0	none	0.0	0.0	control	RS_GCF_000298475.2	Chlamydiota	Bacteria	high	100.0	0.0	100.0	0.0	1148342	1	1148342	1	1148342	0.0		0	0	0	0	True	98.74	0.11	checkm2	-1.2600000000000051	0.11	1.2600000000000051	0.11	high	high
G_r006_substitution_0p1pct	6	1	substitution	0.001	0.1	uniform	RS_GCF_000298475.2	Chlamydiota	Bacteria	high	100.0	0.0	100.0	0.0	1148342	1	1148342	1	1148342	0.0010362766492908	0.0089640838741259	0	1190	0	0	True	97.01	0.09	checkm2	-2.989999999999995	0.09	2.989999999999995	0.09	high	high
G_r006_substitution_0p5pct	6	2	substitution	0.005	0.5	uniform	RS_GCF_000298475.2	Chlamydiota	Bacteria	high	100.0	0.0	100.0	0.0	1148342	1	1148342	1	1148342	0.0050838513265211	0.0441104216424403	0	5838	0	0	True	92.6	3.06	checkm2	-7.400000000000006	3.06	7.400000000000006	3.06	high	high
G_r006_substitution_1pct	6	3	substitution	0.01	1.0	uniform	RS_GCF_000298475.2	Chlamydiota	Bacteria	high	100.0	0.0	100.0	0.0	1148342	1	1148342	1	1148342	0.0100118257452919	0.0864827525163591	0	11497	0	0	True	83.24	2.17	checkm2	-16.760000000000005	2.17	16.760000000000005	2.17	medium	high
G_r006_substitution_2pct	6	4	substitution	0.02	2.0	uniform	RS_GCF_000298475.2	Chlamydiota	Bacteria	high	100.0	0.0	100.0	0.0	1148342	1	1148342	1	1148342	0.0200375846220028	0.1662522378698502	0	23010	0	0	True	75.67	3.4	checkm2	-24.33	3.4	24.33	3.4	medium	high
G_r006_substitution_5pct	6	5	substitution	0.05	5.0	uniform	RS_GCF_000298475.2	Chlamydiota	Bacteria	high	100.0	0.0	100.0	0.0	1148342	1	1148342	1	1148342	0.0498649357073067	0.3697505902753909	0	57262	0	0	True	54.94	3.45	checkm2	-45.06	3.45	45.06	3.45	medium	high
G_r006_substitution_titv_0p1pct	6	6	substitution_titv	0.001	0.1	titv_2	RS_GCF_000298475.2	Chlamydiota	Bacteria	high	100.0	0.0	100.0	0.0	1148342	1	1148342	1	1148342	0.0010092812071665	0.0089640838741259	0	1159	0	0	True	95.51	0.14	checkm2	-4.489999999999995	0.14	4.489999999999995	0.14	high	high
G_r006_substitution_titv_0p5pct	6	7	substitution_titv	0.005	0.5	titv_2	RS_GCF_000298475.2	Chlamydiota	Bacteria	high	100.0	0.0	100.0	0.0	1148342	1	1148342	1	1148342	0.0050882054300896	0.0441104216424403	0	5843	0	0	True	92.37	1.7	checkm2	-7.6299999999999955	1.7	7.6299999999999955	1.7	high	high
G_r006_substitution_titv_1pct	6	8	substitution_titv	0.01	1.0	titv_2	RS_GCF_000298475.2	Chlamydiota	Bacteria	high	100.0	0.0	100.0	0.0	1148342	1	1148342	1	1148342	0.0099099397217901	0.0864827525163591	0	11380	0	0	True	84.52	0.91	checkm2	-15.480000000000004	0.91	15.480000000000004	0.91	medium	high
G_r006_substitution_titv_2pct	6	9	substitution_titv	0.02	2.0	titv_2	RS_GCF_000298475.2	Chlamydiota	Bacteria	high	100.0	0.0	100.0	0.0	1148342	1	1148342	1	1148342	0.0198033338500202	0.1662522378698502	0	22741	0	0	True	78.39	4.08	checkm2	-21.61	4.08	21.61	4.08	medium	high
G_r006_substitution_titv_5pct	6	10	substitution_titv	0.05	5.0	titv_2	RS_GCF_000298475.2	Chlamydiota	Bacteria	high	100.0	0.0	100.0	0.0	1148342	1	1148342	1	1148342	0.0503848156733795	0.3697505902753909	0	57859	0	0	True	51.71	2.62	checkm2	-48.29	2.62	48.29	2.62	medium	high
G_r006_indel_0p1pct	6	11	indel	0.001	0.1	ins0.5_geom0.75	RS_GCF_000298475.2	Chlamydiota	Bacteria	high	100.0	0.0	100.00383161114024	0.0	1148342	1	1148342	1	1148386	0.0009666109921957		0	0	1110	0	True	79.11	4.27	checkm2	-20.89	4.27	20.89	4.27	medium	high
G_r006_indel_0p5pct	6	12	indel	0.005	0.5	ins0.5_geom0.75	RS_GCF_000298475.2	Chlamydiota	Bacteria	high	100.0	0.0	100.01550060870368	0.0	1148342	1	1148342	1	1148520	0.0050289896215587		0	0	5775	0	True	32.81	2.62	checkm2	-67.19	2.62	67.19	2.62	low	high
G_r006_indel_1pct	6	13	indel	0.01	1.0	ins0.5_geom0.75	RS_GCF_000298475.2	Chlamydiota	Bacteria	high	100.0	0.0	100.01271398241988	0.0	1148342	1	1148342	1	1148488	0.0099935385103044		0	0	11476	0	True	28.0	4.65	checkm2	-72.0	4.65	72.0	4.65	low	high
G_r006_indel_2pct	6	14	indel	0.02	2.0	ins0.5_geom0.75	RS_GCF_000298475.2	Chlamydiota	Bacteria	high	100.0	0.0	100.01654559356012	0.0	1148342	1	1148342	1	1148532	0.0201978156333217		0	0	23194	0	True	18.61	6.6	checkm2	-81.39	6.6	81.39	6.6	low	high
G_r006_indel_5pct	6	15	indel	0.05	5.0	ins0.5_geom0.75	RS_GCF_000298475.2	Chlamydiota	Bacteria	high	100.0	0.0	99.96891170052128	0.0	1148342	1	1148342	1	1147985	0.0498501317551739		0	0	57245	0	True	5.78	0.65	checkm2	-94.22	0.65	94.22	0.65	low	high
G_r006_chimera_5pct	6	16	chimera	0.05	5.0	rc0.5	RS_GCF_000298475.2	Chlamydiota	Bacteria	high	100.0	0.0	100.0	0.0	1148342	1	1148342	1	1148342	0.0		0	0	0	0	True	98.74	0.11	checkm2	-1.2600000000000051	0.11	1.2600000000000051	0.11	high	high
G_r006_chimera_10pct	6	17	chimera	0.1	10.0	rc0.5	RS_GCF_000298475.2	Chlamydiota	Bacteria	high	100.0	0.0	100.0	0.0	1148342	1	1148342	1	1148342	0.0		0	0	0	0	True	98.74	0.11	checkm2	-1.2600000000000051	0.11	1.2600000000000051	0.11	high	high
G_r006_chimera_20pct	6	18	chimera	0.2	20.0	rc0.5	RS_GCF_000298475.2	Chlamydiota	Bacteria	high	100.0	0.0	100.0	0.0	1148342	1	1148342	1	1148342	0.0		0	0	0	0	True	98.74	0.11	checkm2	-1.2600000000000051	0.11	1.2600000000000051	0.11	high	high
G_r006_chimera_40pct	6	19	chimera	0.4	40.0	rc0.5	RS_GCF_000298475.2	Chlamydiota	Bacteria	high	100.0	0.0	100.0	0.0	1148342	1	1148342	1	1148342	0.0		0	0	0	0	True	98.74	0.11	checkm2	-1.2600000000000051	0.11	1.2600000000000051	0.11	high	high
G_r006_uneven_coverage_5pct	6	20	uneven_coverage	0.05	5.0	lognormal_sigma1.0	RS_GCF_000298475.2	Chlamydiota	Bacteria	high	100.0	0.0	100.0	4.999991291792863	1148342	1	1148342	2	1205759	0.0499999129179286		57417	0	0	0	True	98.28	0.41	checkm2	-1.7199999999999989	0.41	1.7199999999999989	0.41	high	high
G_r006_uneven_coverage_10pct	6	21	uneven_coverage	0.1	10.0	lognormal_sigma1.0	RS_GCF_000298475.2	Chlamydiota	Bacteria	high	100.0	0.0	100.0	9.999982583585728	1148342	1	1148342	2	1263176	0.0999998258358572		114834	0	0	0	True	98.92	7.37	checkm2	-1.0799999999999983	7.37	1.0799999999999983	7.37	medium	high
G_r006_uneven_coverage_20pct	6	22	uneven_coverage	0.2	20.0	lognormal_sigma1.0	RS_GCF_000298475.2	Chlamydiota	Bacteria	high	100.0	0.0	100.0	19.999965167171453	1148342	1	1148342	2	1378010	0.1999996516717145		229668	0	0	0	True	97.54	21.3	checkm2	-2.4599999999999937	21.3	2.4599999999999937	21.3	low	high
G_r006_uneven_coverage_40pct	6	23	uneven_coverage	0.4	40.0	lognormal_sigma1.0	RS_GCF_000298475.2	Chlamydiota	Bacteria	high	100.0	0.0	100.0	40.00001741641427	1148342	1	1148342	2	1607679	0.4000001741641427		459337	0	0	0	True	99.86	38.62	checkm2	-0.14000000000000057	38.62	0.14000000000000057	38.62	low	high
G_r007_none_control	7	0	none	0.0	0.0	control	RS_GCF_004353465.2	Spirochaetota	Bacteria	low	87.2465151903287	4.999961186452519	87.2465151903287	4.999961186452519	1545852	12	1425994	12	1425994	0.0		0	0	0	0	True	77.57	0.22	checkm2	-9.6765151903287	-4.779961186452519	9.6765151903287	4.779961186452519	medium	medium
G_r007_substitution_0p1pct	7	1	substitution	0.001	0.1	uniform	RS_GCF_004353465.2	Spirochaetota	Bacteria	low	87.2465151903287	4.999961186452519	87.2465151903287	4.999961186452519	1545852	12	1425994	12	1425994	0.0010504953036268	0.0089640838741259	0	1498	0	0	True	75.84	0.42	checkm2	-11.40651519032869	-4.579961186452519	11.40651519032869	4.579961186452519	medium	medium
G_r007_substitution_0p5pct	7	2	substitution	0.005	0.5	uniform	RS_GCF_004353465.2	Spirochaetota	Bacteria	low	87.2465151903287	4.999961186452519	87.2465151903287	4.999961186452519	1545852	12	1425994	12	1425994	0.0050413956860968	0.0441104216424403	0	7189	0	0	True	73.51	3.97	checkm2	-13.736515190328689	-1.0299611864525189	13.736515190328689	1.0299611864525189	medium	medium
G_r007_substitution_1pct	7	3	substitution	0.01	1.0	uniform	RS_GCF_004353465.2	Spirochaetota	Bacteria	low	87.2465151903287	4.999961186452519	87.2465151903287	4.999961186452519	1545852	12	1425994	12	1425994	0.0101122445115477	0.0864827525163591	0	14420	0	0	True	69.92	3.8	checkm2	-17.326515190328692	-1.1999611864525193	17.326515190328692	1.1999611864525193	medium	medium
G_r007_substitution_2pct	7	4	substitution	0.02	2.0	uniform	RS_GCF_004353465.2	Spirochaetota	Bacteria	low	87.2465151903287	4.999961186452519	87.2465151903287	4.999961186452519	1545852	12	1425994	12	1425994	0.0199481905253458	0.1662522378698502	0	28446	0	0	True	56.37	0.99	checkm2	-30.876515190328696	-4.009961186452519	30.876515190328696	4.009961186452519	medium	medium
G_r007_substitution_5pct	7	5	substitution	0.05	5.0	uniform	RS_GCF_004353465.2	Spirochaetota	Bacteria	low	87.2465151903287	4.999961186452519	87.2465151903287	4.999961186452519	1545852	12	1425994	12	1425994	0.0500584153930521	0.3697505902753909	0	71383	0	0	True	50.03	3.75	checkm2	-37.21651519032869	-1.249961186452519	37.21651519032869	1.249961186452519	medium	medium
G_r007_substitution_titv_0p1pct	7	6	substitution_titv	0.001	0.1	titv_2	RS_GCF_004353465.2	Spirochaetota	Bacteria	low	87.2465151903287	4.999961186452519	87.2465151903287	4.999961186452519	1545852	12	1425994	12	1425994	0.0009691485377918	0.0089640838741259	0	1382	0	0	True	76.67	0.15	checkm2	-10.576515190328692	-4.849961186452519	10.576515190328692	4.849961186452519	medium	medium
G_r007_substitution_titv_0p5pct	7	7	substitution_titv	0.005	0.5	titv_2	RS_GCF_004353465.2	Spirochaetota	Bacteria	low	87.2465151903287	4.999961186452519	87.2465151903287	4.999961186452519	1545852	12	1425994	12	1425994	0.0050070336901838	0.0441104216424403	0	7140	0	0	True	74.6	0.32	checkm2	-12.6465151903287	-4.679961186452519	12.6465151903287	4.679961186452519	medium	medium
G_r007_substitution_titv_1pct	7	8	substitution_titv	0.01	1.0	titv_2	RS_GCF_004353465.2	Spirochaetota	Bacteria	low	87.2465151903287	4.999961186452519	87.2465151903287	4.999961186452519	1545852	12	1425994	12	1425994	0.0100280926848219	0.0864827525163591	0	14300	0	0	True	72.34	2.66	checkm2	-14.90651519032869	-2.339961186452519	14.90651519032869	2.339961186452519	medium	medium
G_r007_substitution_titv_2pct	7	9	substitution_titv	0.02	2.0	titv_2	RS_GCF_004353465.2	Spirochaetota	Bacteria	low	87.2465151903287	4.999961186452519	87.2465151903287	4.999961186452519	1545852	12	1425994	12	1425994	0.0200638992870937	0.1662522378698502	0	28611	0	0	True	60.08	2.03	checkm2	-27.166515190328695	-2.9699611864525193	27.166515190328695	2.9699611864525193	medium	medium
G_r007_substitution_titv_5pct	7	10	substitution_titv	0.05	5.0	titv_2	RS_GCF_004353465.2	Spirochaetota	Bacteria	low	87.2465151903287	4.999961186452519	87.2465151903287	4.999961186452519	1545852	12	1425994	12	1425994	0.049960238261872	0.3697505902753909	0	71243	0	0	True	59.47	1.09	checkm2	-27.776515190328695	-3.909961186452519	27.776515190328695	3.909961186452519	medium	medium
G_r007_indel_0p1pct	7	11	indel	0.001	0.1	ins0.5_geom0.75	RS_GCF_004353465.2	Spirochaetota	Bacteria	low	87.2465151903287	4.999961186452519	87.24847304462969	4.999961186452519	1545852	12	1425994	12	1426026	0.0009523181724467		0	0	1358	0	True	65.01	3.55	checkm2	-22.23651519032869	-1.4499611864525193	22.23651519032869	1.4499611864525193	medium	medium
G_r007_indel_0p5pct	7	12	indel	0.005	0.5	ins0.5_geom0.75	RS_GCF_004353465.2	Spirochaetota	Bacteria	low	87.2465151903287	4.999961186452519	87.25073681366523	4.999961186452519	1545852	12	1425994	12	1426063	0.0050175526685245		0	0	7155	0	True	33.67	1.85	checkm2	-53.57651519032869	-3.149961186452519	53.57651519032869	3.149961186452519	low	medium
G_r007_indel_1pct	7	13	indel	0.01	1.0	ins0.5_geom0.75	RS_GCF_004353465.2	Spirochaetota	Bacteria	low	87.2465151903287	4.999961186452519	87.24988025240852	4.999961186452519	1545852	12	1425994	12	1426049	0.0100035484020269		0	0	14265	0	True	26.81	4.2	checkm2	-60.43651519032869	-0.7999611864525189	60.43651519032869	0.7999611864525189	low	medium
G_r007_indel_2pct	7	14	indel	0.02	2.0	ins0.5_geom0.75	RS_GCF_004353465.2	Spirochaetota	Bacteria	low	87.2465151903287	4.999961186452519	87.2140882284685	4.999961186452519	1545852	12	1425994	12	1425464	0.0201284156875835		0	0	28703	0	True	6.82	0.01	checkm2	-80.4265151903287	-4.989961186452519	80.4265151903287	4.989961186452519	low	medium
G_r007_indel_5pct	7	15	indel	0.05	5.0	ins0.5_geom0.75	RS_GCF_004353465.2	Spirochaetota	Bacteria	low	87.2465151903287	4.999961186452519	87.2373989312397	4.999961186452519	1545852	12	1425994	12	1425845	0.0501902532549225		0	0	71571	0	True	2.93	0.01	checkm2	-84.31651519032869	-4.989961186452519	84.31651519032869	4.989961186452519	low	medium
G_r007_chimera_5pct	7	16	chimera	0.05	5.0	rc0.5	RS_GCF_004353465.2	Spirochaetota	Bacteria	low	87.2465151903287	4.999961186452519	87.2465151903287	4.999961186452519	1545852	12	1425994	12	1425994	0.0		0	0	0	0	True	77.57	0.22	checkm2	-9.6765151903287	-4.779961186452519	9.6765151903287	4.779961186452519	medium	medium
G_r007_chimera_10pct	7	17	chimera	0.1	10.0	rc0.5	RS_GCF_004353465.2	Spirochaetota	Bacteria	low	87.2465151903287	4.999961186452519	87.2465151903287	4.999961186452519	1545852	12	1425994	11	1425994	0.1666666666666666		0	0	0	1	True	77.63	0.2	checkm2	-9.616515190328698	-4.799961186452519	9.616515190328698	4.799961186452519	medium	medium
G_r007_chimera_20pct	7	18	chimera	0.2	20.0	rc0.5	RS_GCF_004353465.2	Spirochaetota	Bacteria	low	87.2465151903287	4.999961186452519	87.2465151903287	4.999961186452519	1545852	12	1425994	11	1425994	0.1666666666666666		0	0	0	1	True	77.57	0.22	checkm2	-9.6765151903287	-4.779961186452519	9.6765151903287	4.779961186452519	medium	medium
G_r007_chimera_40pct	7	19	chimera	0.4	40.0	rc0.5	RS_GCF_004353465.2	Spirochaetota	Bacteria	low	87.2465151903287	4.999961186452519	87.2465151903287	4.999961186452519	1545852	12	1425994	10	1425994	0.3333333333333333		0	0	0	2	True	77.57	0.22	checkm2	-9.6765151903287	-4.779961186452519	9.6765151903287	4.779961186452519	medium	medium
G_r007_uneven_coverage_5pct	7	20	uneven_coverage	0.05	5.0	lognormal_sigma1.0	RS_GCF_004353465.2	Spirochaetota	Bacteria	low	87.2465151903287	4.999961186452519	87.2465151903287	9.61230441206532	1545852	12	1425994	13	1497294	0.0500002103795668		71300	0	0	0	True	78.31	8.78	checkm2	-8.936515190328691	3.7800388135474803	8.936515190328691	3.7800388135474803	medium	medium
G_r007_uneven_coverage_10pct	7	21	uneven_coverage	0.1	10.0	lognormal_sigma1.0	RS_GCF_004353465.2	Spirochaetota	Bacteria	low	87.2465151903287	4.999961186452519	87.2465151903287	14.22458294843232	1545852	12	1425994	13	1568593	0.0999997194939109		142599	0	0	0	True	78.74	12.61	checkm2	-8.506515190328699	7.61003881354748	8.506515190328699	7.61003881354748	low	medium
G_r007_uneven_coverage_20pct	7	22	uneven_coverage	0.2	20.0	lognormal_sigma1.0	RS_GCF_004353465.2	Spirochaetota	Bacteria	low	87.2465151903287	4.999961186452519	87.2465151903287	23.44926939965792	1545852	12	1425994	16	1711193	0.2000001402530445		285199	0	0	0	True	78.81	3.05	checkm2	-8.436515190328691	-1.9499611864525193	8.436515190328691	1.9499611864525193	medium	medium
G_r007_uneven_coverage_40pct	7	23	uneven_coverage	0.4	40.0	lognormal_sigma1.0	RS_GCF_004353465.2	Spirochaetota	Bacteria	low	87.2465151903287	4.999961186452519	87.2465151903287	41.89857761286333	1545852	12	1425994	20	1996392	0.4000002805060891		570398	0	0	0	True	79.74	21.44	checkm2	-7.506515190328699	16.44003881354748	7.506515190328699	16.44003881354748	low	medium
G_r008_none_control	8	0	none	0.0	0.0	control	RS_GCF_037911965.1	Fusobacteriota	Bacteria	low	77.41032781884593	19.99997013074148	77.41032781884593	19.99997013074148	2678339	51	2608978	51	2608978	0.0		0	0	0	0	True	79.08	0.87	checkm2	1.6696721811540698	-19.12997013074148	1.6696721811540698	19.12997013074148	medium	low
G_r008_substitution_0p1pct	8	1	substitution	0.001	0.1	uniform	RS_GCF_037911965.1	Fusobacteriota	Bacteria	low	77.41032781884593	19.99997013074148	77.41032781884593	19.99997013074148	2678339	51	2608978	51	2608978	0.0009750963310084	0.0089640838741259	0	2544	0	0	True	78.08	0.41	checkm2	0.6696721811540698	-19.58997013074148	0.6696721811540698	19.58997013074148	medium	low
G_r008_substitution_0p5pct	8	2	substitution	0.005	0.5	uniform	RS_GCF_037911965.1	Fusobacteriota	Bacteria	low	77.41032781884593	19.99997013074148	77.41032781884593	19.99997013074148	2678339	51	2608978	51	2608978	0.0050632950206843	0.0441104216424403	0	13210	0	0	True	71.66	3.01	checkm2	-5.750327818845932	-16.989970130741483	5.750327818845932	16.989970130741483	medium	low
G_r008_substitution_1pct	8	3	substitution	0.01	1.0	uniform	RS_GCF_037911965.1	Fusobacteriota	Bacteria	low	77.41032781884593	19.99997013074148	77.41032781884593	19.99997013074148	2678339	51	2608978	51	2608978	0.0098843491289484	0.0864827525163591	0	25788	0	0	True	68.33	3.74	checkm2	-9.08032781884593	-16.25997013074148	9.08032781884593	16.25997013074148	medium	low
G_r008_substitution_2pct	8	4	substitution	0.02	2.0	uniform	RS_GCF_037911965.1	Fusobacteriota	Bacteria	low	77.41032781884593	19.99997013074148	77.41032781884593	19.99997013074148	2678339	51	2608978	51	2608978	0.0199860251524258	0.1662522378698502	0	52143	0	0	True	60.83	6.18	checkm2	-16.58032781884593	-13.819970130741481	16.58032781884593	13.819970130741481	medium	low
G_r008_substitution_5pct	8	5	substitution	0.05	5.0	uniform	RS_GCF_037911965.1	Fusobacteriota	Bacteria	low	77.41032781884593	19.99997013074148	77.41032781884593	19.99997013074148	2678339	51	2608978	51	2608978	0.0498667483335396	0.3697505902753909	0	130101	0	0	True	42.32	1.71	checkm2	-35.09032781884593	-18.28997013074148	35.09032781884593	18.28997013074148	low	low
G_r008_substitution_titv_0p1pct	8	6	substitution_titv	0.001	0.1	titv_2	RS_GCF_037911965.1	Fusobacteriota	Bacteria	low	77.41032781884593	19.99997013074148	77.41032781884593	19.99997013074148	2678339	51	2608978	51	2608978	0.000998093885985	0.0089640838741259	0	2604	0	0	True	79.03	0.97	checkm2	1.6196721811540726	-19.029970130741482	1.6196721811540726	19.029970130741482	medium	low
G_r008_substitution_titv_0p5pct	8	7	substitution_titv	0.005	0.5	titv_2	RS_GCF_037911965.1	Fusobacteriota	Bacteria	low	77.41032781884593	19.99997013074148	77.41032781884593	19.99997013074148	2678339	51	2608978	51	2608978	0.0049440910273889	0.0441104216424403	0	12899	0	0	True	76.84	2.18	checkm2	-0.5703278188459251	-17.81997013074148	0.5703278188459251	17.81997013074148	medium	low
G_r008_substitution_titv_1pct	8	8	substitution_titv	0.01	1.0	titv_2	RS_GCF_037911965.1	Fusobacteriota	Bacteria	low	77.41032781884593	19.99997013074148	77.41032781884593	19.99997013074148	2678339	51	2608978	51	2608978	0.009818806097265	0.0864827525163591	0	25617	0	0	True	68.75	3.84	checkm2	-8.660327818845929	-16.15997013074148	8.660327818845929	16.15997013074148	medium	low
G_r008_substitution_titv_2pct	8	9	substitution_titv	0.02	2.0	titv_2	RS_GCF_037911965.1	Fusobacteriota	Bacteria	low	77.41032781884593	19.99997013074148	77.41032781884593	19.99997013074148	2678339	51	2608978	51	2608978	0.0200101725851513	0.1662522378698502	0	52206	0	0	True	64.13	3.14	checkm2	-13.280327818845933	-16.85997013074148	13.280327818845933	16.85997013074148	medium	low
G_r008_substitution_titv_5pct	8	10	substitution_titv	0.05	5.0	titv_2	RS_GCF_037911965.1	Fusobacteriota	Bacteria	low	77.41032781884593	19.99997013074148	77.41032781884593	19.99997013074148	2678339	51	2608978	51	2608978	0.0499284584393935	0.3697505902753909	0	130262	0	0	True	45.02	1.25	checkm2	-32.390327818845925	-18.74997013074148	32.390327818845925	18.74997013074148	low	low
G_r008_indel_0p1pct	8	11	indel	0.001	0.1	ins0.5_geom0.75	RS_GCF_037911965.1	Fusobacteriota	Bacteria	low	77.41032781884593	19.99997013074148	77.41240477118026	19.99997013074148	2678339	51	2608978	51	2609048	0.0009950256383917		0	0	2596	0	True	61.41	5.08	checkm2	-16.000327818845932	-14.919970130741481	16.000327818845932	14.919970130741481	medium	low
G_r008_indel_0p5pct	8	12	indel	0.005	0.5	ins0.5_geom0.75	RS_GCF_037911965.1	Fusobacteriota	Bacteria	low	77.41032781884593	19.99997013074148	77.41086189230333	19.99997013074148	2678339	51	2608978	51	2608996	0.0049689955223846		0	0	12964	0	True	40.77	1.5	checkm2	-36.640327818845925	-18.49997013074148	36.640327818845925	18.49997013074148	low	low
G_r008_indel_1pct	8	13	indel	0.01	1.0	ins0.5_geom0.75	RS_GCF_037911965.1	Fusobacteriota	Bacteria	low	77.41032781884593	19.99997013074148	77.42424339948595	19.99997013074148	2678339	51	2608978	51	2609447	0.0100154159981418		0	0	26130	0	True	27.82	4.19	checkm2	-49.59032781884593	-15.80997013074148	49.59032781884593	15.80997013074148	low	low
G_r008_indel_2pct	8	14	indel	0.02	2.0	ins0.5_geom0.75	RS_GCF_037911965.1	Fusobacteriota	Bacteria	low	77.41032781884593	19.99997013074148	77.41115859977967	19.99997013074148	2678339	51	2608978	51	2609006	0.0200791267691793		0	0	52386	0	True	9.05	3.92	checkm2	-68.36032781884593	-16.07997013074148	68.36032781884593	16.07997013074148	low	low
G_r008_indel_5pct	8	15	indel	0.05	5.0	ins0.5_geom0.75	RS_GCF_037911965.1	Fusobacteriota	Bacteria	low	77.41032781884593	19.99997013074148	77.39780676334468	19.99997013074148	2678339	51	2608978	51	2608556	0.0500069375824556		0	0	130467	0	True	7.38	3.26	checkm2	-70.03032781884593	-16.739970130741483	70.03032781884593	16.739970130741483	low	low
G_r008_chimera_5pct	8	16	chimera	0.05	5.0	rc0.5	RS_GCF_037911965.1	Fusobacteriota	Bacteria	low	77.41032781884593	19.99997013074148	77.41032781884593	19.99997013074148	2678339	51	2608978	50	2608978	0.0392156862745098		0	0	0	1	True	79.09	0.87	checkm2	1.679672181154075	-19.12997013074148	1.679672181154075	19.12997013074148	medium	low
G_r008_chimera_10pct	8	17	chimera	0.1	10.0	rc0.5	RS_GCF_037911965.1	Fusobacteriota	Bacteria	low	77.41032781884593	19.99997013074148	77.41032781884593	19.99997013074148	2678339	51	2608978	48	2608978	0.1176470588235294		0	0	0	3	True	79.08	0.87	checkm2	1.6696721811540698	-19.12997013074148	1.6696721811540698	19.12997013074148	medium	low
G_r008_chimera_20pct	8	18	chimera	0.2	20.0	rc0.5	RS_GCF_037911965.1	Fusobacteriota	Bacteria	low	77.41032781884593	19.99997013074148	77.41032781884593	19.99997013074148	2678339	51	2608978	46	2608978	0.196078431372549		0	0	0	5	True	79.08	0.87	checkm2	1.6696721811540698	-19.12997013074148	1.6696721811540698	19.12997013074148	medium	low
G_r008_chimera_40pct	8	19	chimera	0.4	40.0	rc0.5	RS_GCF_037911965.1	Fusobacteriota	Bacteria	low	77.41032781884593	19.99997013074148	77.41032781884593	19.99997013074148	2678339	51	2608978	41	2608978	0.392156862745098		0	0	0	10	True	78.94	0.85	checkm2	1.5296721811540692	-19.14997013074148	1.5296721811540692	19.14997013074148	medium	low
G_r008_uneven_coverage_5pct	8	20	uneven_coverage	0.05	5.0	lognormal_sigma1.0	RS_GCF_037911965.1	Fusobacteriota	Bacteria	low	77.41032781884593	19.99997013074148	77.41032781884593	24.870488761878164	2678339	51	2608978	57	2739427	0.0500000383291848		130449	0	0	0	True	79.05	4.32	checkm2	1.6396721811540687	-15.67997013074148	1.6396721811540687	15.67997013074148	medium	low
G_r008_uneven_coverage_10pct	8	21	uneven_coverage	0.1	10.0	lognormal_sigma1.0	RS_GCF_037911965.1	Fusobacteriota	Bacteria	low	77.41032781884593	19.99997013074148	77.41032781884593	29.74100739301485	2678339	51	2608978	60	2869876	0.1000000766583696		260898	0	0	0	True	78.18	8.65	checkm2	0.7696721811540783	-11.34997013074148	0.7696721811540783	11.34997013074148	medium	low
G_r008_uneven_coverage_20pct	8	22	uneven_coverage	0.2	20.0	lognormal_sigma1.0	RS_GCF_037911965.1	Fusobacteriota	Bacteria	low	77.41032781884593	19.99997013074148	77.41032781884593	39.48204465528822	2678339	51	2608978	69	3130774	0.2000001533167393		521796	0	0	0	True	76.01	12.74	checkm2	-1.4003278188459234	-7.259970130741481	1.4003278188459234	7.259970130741481	low	low
G_r008_uneven_coverage_40pct	8	23	uneven_coverage	0.4	40.0	lognormal_sigma1.0	RS_GCF_037911965.1	Fusobacteriota	Bacteria	low	77.41032781884593	19.99997013074148	77.41032781884593	58.964081843261816	2678339	51	2608978	83	3652569	0.3999999233416303		1043591	0	0	0	True	77.07	27.61	checkm2	-0.3403278188459353	7.610029869258518	0.3403278188459353	7.610029869258518	low	low
G_r009_none_control	9	0	none	0.0	0.0	control	RS_GCF_000328665.1	Halobacteriota	Archaea	high	72.32968301920441	1.9999904200901024	72.32968301920441	1.9999904200901024	2714013	5	2017317	5	2017317	0.0		0	0	0	0	True	71.52	0.2	checkm2	-0.8096830192044138	-1.7999904200901025	0.8096830192044138	1.7999904200901025	medium	medium
G_r009_substitution_0p1pct	9	1	substitution	0.001	0.1	uniform	RS_GCF_000328665.1	Halobacteriota	Archaea	high	72.32968301920441	1.9999904200901024	72.32968301920441	1.9999904200901024	2714013	5	2017317	5	2017317	0.0010127312663304	0.0089640838741259	0	2043	0	0	True	70.73	0.53	checkm2	-1.5996830192044058	-1.4699904200901024	1.5996830192044058	1.4699904200901024	medium	medium
G_r009_substitution_0p5pct	9	2	substitution	0.005	0.5	uniform	RS_GCF_000328665.1	Halobacteriota	Archaea	high	72.32968301920441	1.9999904200901024	72.32968301920441	1.9999904200901024	2714013	5	2017317	5	2017317	0.0050269739460877	0.0441104216424403	0	10141	0	0	True	66.03	1.38	checkm2	-6.299683019204409	-0.6199904200901025	6.299683019204409	0.6199904200901025	medium	medium
G_r009_substitution_1pct	9	3	substitution	0.01	1.0	uniform	RS_GCF_000328665.1	Halobacteriota	Archaea	high	72.32968301920441	1.9999904200901024	72.32968301920441	1.9999904200901024	2714013	5	2017317	5	2017317	0.010004377100872	0.0864827525163591	0	20182	0	0	True	63.46	0.52	checkm2	-8.869683019204409	-1.4799904200901024	8.869683019204409	1.4799904200901024	medium	medium
G_r009_substitution_2pct	9	4	substitution	0.02	2.0	uniform	RS_GCF_000328665.1	Halobacteriota	Archaea	high	72.32968301920441	1.9999904200901024	72.32968301920441	1.9999904200901024	2714013	5	2017317	5	2017317	0.0198808615601811	0.1662522378698502	0	40106	0	0	True	54.09	2.16	checkm2	-18.239683019204406	0.16000957990989773	18.239683019204406	0.16000957990989773	medium	medium
G_r009_substitution_5pct	9	5	substitution	0.05	5.0	uniform	RS_GCF_000328665.1	Halobacteriota	Archaea	high	72.32968301920441	1.9999904200901024	72.32968301920441	1.9999904200901024	2714013	5	2017317	5	2017317	0.049930675248362	0.3697505902753909	0	100726	0	0	True	44.61	0.97	checkm2	-27.71968301920441	-1.0299904200901024	27.71968301920441	1.0299904200901024	low	medium
G_r009_substitution_titv_0p1pct	9	6	substitution_titv	0.001	0.1	titv_2	RS_GCF_000328665.1	Halobacteriota	Archaea	high	72.32968301920441	1.9999904200901024	72.32968301920441	1.9999904200901024	2714013	5	2017317	5	2017317	0.0009626647671139	0.0089640838741259	0	1942	0	0	True	70.32	0.19	checkm2	-2.0096830192044166	-1.8099904200901025	2.0096830192044166	1.8099904200901025	medium	medium
G_r009_substitution_titv_0p5pct	9	7	substitution_titv	0.005	0.5	titv_2	RS_GCF_000328665.1	Halobacteriota	Archaea	high	72.32968301920441	1.9999904200901024	72.32968301920441	1.9999904200901024	2714013	5	2017317	5	2017317	0.0048926371016553	0.0441104216424403	0	9870	0	0	True	67.89	0.33	checkm2	-4.439683019204409	-1.6699904200901023	4.439683019204409	1.6699904200901023	medium	medium
G_r009_substitution_titv_1pct	9	8	substitution_titv	0.01	1.0	titv_2	RS_GCF_000328665.1	Halobacteriota	Archaea	high	72.32968301920441	1.9999904200901024	72.32968301920441	1.9999904200901024	2714013	5	2017317	5	2017317	0.010130782618696	0.0864827525163591	0	20437	0	0	True	63.61	2.76	checkm2	-8.71968301920441	0.7600095799098974	8.71968301920441	0.7600095799098974	medium	medium
G_r009_substitution_titv_2pct	9	9	substitution_titv	0.02	2.0	titv_2	RS_GCF_000328665.1	Halobacteriota	Archaea	high	72.32968301920441	1.9999904200901024	72.32968301920441	1.9999904200901024	2714013	5	2017317	5	2017317	0.0199091169112241	0.1662522378698502	0	40163	0	0	True	61.78	1.43	checkm2	-10.549683019204409	-0.5699904200901025	10.549683019204409	0.5699904200901025	medium	medium
G_r009_substitution_titv_5pct	9	10	substitution_titv	0.05	5.0	titv_2	RS_GCF_000328665.1	Halobacteriota	Archaea	high	72.32968301920441	1.9999904200901024	72.32968301920441	1.9999904200901024	2714013	5	2017317	5	2017317	0.0498528491060155	0.3697505902753909	0	100569	0	0	True	45.79	1.27	checkm2	-26.53968301920441	-0.7299904200901024	26.53968301920441	0.7299904200901024	low	medium
G_r009_indel_0p1pct	9	11	indel	0.001	0.1	ins0.5_geom0.75	RS_GCF_000328665.1	Halobacteriota	Archaea	high	72.32968301920441	1.9999904200901024	72.32903764007244	1.9999904200901024	2714013	5	2017317	5	2017299	0.0010320638749388		0	0	2082	0	True	56.22	1.1	checkm2	-16.10968301920441	-0.8999904200901023	16.10968301920441	0.8999904200901023	medium	medium
G_r009_indel_0p5pct	9	12	indel	0.005	0.5	ins0.5_geom0.75	RS_GCF_000328665.1	Halobacteriota	Archaea	high	72.32968301920441	1.9999904200901024	72.33029254394015	1.9999904200901024	2714013	5	2017317	5	2017334	0.0049927701000883		0	0	10072	0	True	29.01	3.19	checkm2	-43.319683019204405	1.1900095799098975	43.319683019204405	1.1900095799098975	low	medium
G_r009_indel_1pct	9	13	indel	0.01	1.0	ins0.5_geom0.75	RS_GCF_000328665.1	Halobacteriota	Archaea	high	72.32968301920441	1.9999904200901024	72.3438813601075	1.9999904200901024	2714013	5	2017317	5	2017713	0.0098982956074826		0	0	19968	0	True	29.51	5.58	checkm2	-42.819683019204405	3.5800095799098974	42.819683019204405	3.5800095799098974	low	medium
G_r009_indel_2pct	9	14	indel	0.02	2.0	ins0.5_geom0.75	RS_GCF_000328665.1	Halobacteriota	Archaea	high	72.32968301920441	1.9999904200901024	72.32416144218654	1.9999904200901024	2714013	5	2017317	5	2017163	0.0200642734880041		0	0	40476	0	True	21.35	7.08	checkm2	-50.97968301920441	5.080009579909897	50.97968301920441	5.080009579909897	low	medium
G_r009_indel_5pct	9	15	indel	0.05	5.0	ins0.5_geom0.75	RS_GCF_000328665.1	Halobacteriota	Archaea	high	72.32968301920441	1.9999904200901024	72.31774350526317	1.9999904200901024	2714013	5	2017317	5	2016984	0.0499703318814048		0	0	100806	0	True	13.27	4.7	checkm2	-59.059683019204414	2.7000095799098975	59.059683019204414	2.7000095799098975	low	medium
G_r009_chimera_5pct	9	16	chimera	0.05	5.0	rc0.5	RS_GCF_000328665.1	Halobacteriota	Archaea	high	72.32968301920441	1.9999904200901024	72.32968301920441	1.9999904200901024	2714013	5	2017317	5	2017317	0.0		0	0	0	0	True	71.52	0.2	checkm2	-0.8096830192044138	-1.7999904200901025	0.8096830192044138	1.7999904200901025	medium	medium
G_r009_chimera_10pct	9	17	chimera	0.1	10.0	rc0.5	RS_GCF_000328665.1	Halobacteriota	Archaea	high	72.32968301920441	1.9999904200901024	72.32968301920441	1.9999904200901024	2714013	5	2017317	5	2017317	0.0		0	0	0	0	True	71.52	0.2	checkm2	-0.8096830192044138	-1.7999904200901025	0.8096830192044138	1.7999904200901025	medium	medium
G_r009_chimera_20pct	9	18	chimera	0.2	20.0	rc0.5	RS_GCF_000328665.1	Halobacteriota	Archaea	high	72.32968301920441	1.9999904200901024	72.32968301920441	1.9999904200901024	2714013	5	2017317	5	2017317	0.0		0	0	0	0	True	71.52	0.2	checkm2	-0.8096830192044138	-1.7999904200901025	0.8096830192044138	1.7999904200901025	medium	medium
G_r009_chimera_40pct	9	19	chimera	0.4	40.0	rc0.5	RS_GCF_000328665.1	Halobacteriota	Archaea	high	72.32968301920441	1.9999904200901024	72.32968301920441	1.9999904200901024	2714013	5	2017317	4	2017317	0.4		0	0	0	1	True	71.29	0.19	checkm2	-1.0396830192044035	-1.8099904200901025	1.0396830192044035	1.8099904200901025	medium	medium
G_r009_uneven_coverage_5pct	9	20	uneven_coverage	0.05	5.0	lognormal_sigma1.0	RS_GCF_000328665.1	Halobacteriota	Archaea	high	72.32968301920441	1.9999904200901024	72.32968301920441	5.716479618925923	2714013	5	2017317	6	2118183	0.0500000743561869		100866	0	0	0	True	71.23	1.95	checkm2	-1.0996830192044058	-0.04999042009010246	1.0996830192044058	0.04999042009010246	medium	medium
G_r009_uneven_coverage_10pct	9	21	uneven_coverage	0.1	10.0	lognormal_sigma1.0	RS_GCF_000328665.1	Halobacteriota	Archaea	high	72.32968301920441	1.9999904200901024	72.32968301920441	9.432968817761742	2714013	5	2017317	7	2219049	0.1000001487123739		201732	0	0	0	True	73.45	1.39	checkm2	1.120316980795593	-0.6099904200901025	1.120316980795593	0.6099904200901025	medium	medium
G_r009_uneven_coverage_20pct	9	22	uneven_coverage	0.2	20.0	lognormal_sigma1.0	RS_GCF_000328665.1	Halobacteriota	Archaea	high	72.32968301920441	1.9999904200901024	72.32968301920441	16.865910369626086	2714013	5	2017317	8	2420780	0.1999998017168348		403463	0	0	0	True	71.23	25.19	checkm2	-1.0996830192044058	23.190009579909898	1.0996830192044058	23.190009579909898	low	medium
G_r009_uneven_coverage_40pct	9	23	uneven_coverage	0.4	40.0	lognormal_sigma1.0	RS_GCF_000328665.1	Halobacteriota	Archaea	high	72.32968301920441	1.9999904200901024	72.32968301920441	31.73186716496937	2714013	5	2017317	9	2824244	0.4000000991415826		806927	0	0	0	True	72.86	36.69	checkm2	0.5303169807955896	34.6900095799099	0.5303169807955896	34.6900095799099	low	medium
G_r010_none_control	10	0	none	0.0	0.0	control	RS_GCF_010230725.1	Verrucomicrobiota	Bacteria	medium	90.15522021430704	1.9999669572204977	90.15522021430704	1.9999669572204977	2844797	5	2621628	5	2621628	0.0		0	0	0	0	True	93.74	5.84	checkm2	3.584779785692959	3.840033042779502	3.584779785692959	3.840033042779502	medium	high
G_r010_substitution_0p1pct	10	1	substitution	0.001	0.1	uniform	RS_GCF_010230725.1	Verrucomicrobiota	Bacteria	medium	90.15522021430704	1.9999669572204977	90.15522021430704	1.9999669572204977	2844797	5	2621628	5	2621628	0.001004719205013	0.0089640838741259	0	2634	0	0	True	92.45	6.12	checkm2	2.294779785692967	4.120033042779502	2.294779785692967	4.120033042779502	medium	high
G_r010_substitution_0p5pct	10	2	substitution	0.005	0.5	uniform	RS_GCF_010230725.1	Verrucomicrobiota	Bacteria	medium	90.15522021430704	1.9999669572204977	90.15522021430704	1.9999669572204977	2844797	5	2621628	5	2621628	0.0050258846792908	0.0441104216424403	0	13176	0	0	True	89.81	6.82	checkm2	-0.34522021430703376	4.820033042779503	0.34522021430703376	4.820033042779503	medium	high
G_r010_substitution_1pct	10	3	substitution	0.01	1.0	uniform	RS_GCF_010230725.1	Verrucomicrobiota	Bacteria	medium	90.15522021430704	1.9999669572204977	90.15522021430704	1.9999669572204977	2844797	5	2621628	5	2621628	0.0099789138657353	0.0864827525163591	0	26161	0	0	True	83.64	6.28	checkm2	-6.5152202143070355	4.280033042779502	6.5152202143070355	4.280033042779502	medium	high
G_r010_substitution_2pct	10	4	substitution	0.02	2.0	uniform	RS_GCF_010230725.1	Verrucomicrobiota	Bacteria	medium	90.15522021430704	1.9999669572204977	90.15522021430704	1.9999669572204977	2844797	5	2621628	5	2621628	0.0199845286974353	0.1662522378698502	0	52392	0	0	True	74.25	4.79	checkm2	-15.905220214307036	2.7900330427795024	15.905220214307036	2.7900330427795024	medium	high
G_r010_substitution_5pct	10	5	substitution	0.05	5.0	uniform	RS_GCF_010230725.1	Verrucomicrobiota	Bacteria	medium	90.15522021430704	1.9999669572204977	90.15522021430704	1.9999669572204977	2844797	5	2621628	5	2621628	0.0501287749444238	0.3697505902753909	0	131419	0	0	True	64.38	3.67	checkm2	-25.77522021430704	1.6700330427795023	25.77522021430704	1.6700330427795023	medium	high
G_r010_substitution_titv_0p1pct	10	6	substitution_titv	0.001	0.1	titv_2	RS_GCF_010230725.1	Verrucomicrobiota	Bacteria	medium	90.15522021430704	1.9999669572204977	90.15522021430704	1.9999669572204977	2844797	5	2621628	5	2621628	0.0009692450645171	0.0089640838741259	0	2541	0	0	True	94.14	6.3	checkm2	3.9847797856929645	4.300033042779502	3.9847797856929645	4.300033042779502	medium	high
G_r010_substitution_titv_0p5pct	10	7	substitution_titv	0.005	0.5	titv_2	RS_GCF_010230725.1	Verrucomicrobiota	Bacteria	medium	90.15522021430704	1.9999669572204977	90.15522021430704	1.9999669572204977	2844797	5	2621628	5	2621628	0.005010245542083	0.0441104216424403	0	13135	0	0	True	87.83	5.49	checkm2	-2.3252202143070377	3.4900330427795025	2.3252202143070377	3.4900330427795025	medium	high
G_r010_substitution_titv_1pct	10	8	substitution_titv	0.01	1.0	titv_2	RS_GCF_010230725.1	Verrucomicrobiota	Bacteria	medium	90.15522021430704	1.9999669572204977	90.15522021430704	1.9999669572204977	2844797	5	2621628	5	2621628	0.0100559652246619	0.0864827525163591	0	26363	0	0	True	85.78	5.94	checkm2	-4.375220214307035	3.9400330427795027	4.375220214307035	3.9400330427795027	medium	high
G_r010_substitution_titv_2pct	10	9	substitution_titv	0.02	2.0	titv_2	RS_GCF_010230725.1	Verrucomicrobiota	Bacteria	medium	90.15522021430704	1.9999669572204977	90.15522021430704	1.9999669572204977	2844797	5	2621628	5	2621628	0.019975755522904	0.1662522378698502	0	52369	0	0	True	80.92	6.99	checkm2	-9.235220214307034	4.990033042779503	9.235220214307034	4.990033042779503	medium	high
G_r010_substitution_titv_5pct	10	10	substitution_titv	0.05	5.0	titv_2	RS_GCF_010230725.1	Verrucomicrobiota	Bacteria	medium	90.15522021430704	1.9999669572204977	90.15522021430704	1.9999669572204977	2844797	5	2621628	5	2621628	0.0499586516469918	0.3697505902753909	0	130973	0	0	True	70.74	4.38	checkm2	-19.41522021430704	2.3800330427795022	19.41522021430704	2.3800330427795022	medium	high
G_r010_indel_0p1pct	10	11	indel	0.001	0.1	ins0.5_geom0.75	RS_GCF_010230725.1	Verrucomicrobiota	Bacteria	medium	90.15522021430704	1.9999669572204977	90.15714599948022	1.9999669572204977	2844797	5	2621628	5	2621684	0.001029894401494		0	0	2700	0	True	79.75	4.84	checkm2	-10.405220214307036	2.840033042779502	10.405220214307036	2.840033042779502	medium	high
G_r010_indel_0p5pct	10	12	indel	0.005	0.5	ins0.5_geom0.75	RS_GCF_010230725.1	Verrucomicrobiota	Bacteria	medium	90.15522021430704	1.9999669572204977	90.1540165985738	1.9999669572204977	2844797	5	2621628	5	2621593	0.0050327506419675		0	0	13194	0	True	37.16	3.92	checkm2	-52.99522021430704	1.9200330427795023	52.99522021430704	1.9200330427795023	low	high
G_r010_indel_1pct	10	13	indel	0.01	1.0	ins0.5_geom0.75	RS_GCF_010230725.1	Verrucomicrobiota	Bacteria	medium	90.15522021430704	1.9999669572204977	90.15037136235313	1.9999669572204977	2844797	5	2621628	5	2621487	0.0099869241555247		0	0	26182	0	True	33.12	6.32	checkm2	-57.03522021430704	4.320033042779503	57.03522021430704	4.320033042779503	low	high
G_r010_indel_2pct	10	14	indel	0.02	2.0	ins0.5_geom0.75	RS_GCF_010230725.1	Verrucomicrobiota	Bacteria	medium	90.15522021430704	1.9999669572204977	90.14215238634614	1.9999669572204977	2844797	5	2621628	5	2621248	0.0200226729345277		0	0	52492	0	True	36.92	10.63	checkm2	-53.235220214307034	8.630033042779504	53.235220214307034	8.630033042779504	low	high
G_r010_indel_5pct	10	15	indel	0.05	5.0	ins0.5_geom0.75	RS_GCF_010230725.1	Verrucomicrobiota	Bacteria	medium	90.15522021430704	1.9999669572204977	90.14541934333636	1.9999669572204977	2844797	5	2621628	5	2621343	0.0499613217435883		0	0	130980	0	True	40.29	12.05	checkm2	-49.86522021430704	10.050033042779503	49.86522021430704	10.050033042779503	low	high
G_r010_chimera_5pct	10	16	chimera	0.05	5.0	rc0.5	RS_GCF_010230725.1	Verrucomicrobiota	Bacteria	medium	90.15522021430704	1.9999669572204977	90.15522021430704	1.9999669572204977	2844797	5	2621628	5	2621628	0.0		0	0	0	0	True	93.74	5.84	checkm2	3.584779785692959	3.840033042779502	3.584779785692959	3.840033042779502	medium	high
G_r010_chimera_10pct	10	17	chimera	0.1	10.0	rc0.5	RS_GCF_010230725.1	Verrucomicrobiota	Bacteria	medium	90.15522021430704	1.9999669572204977	90.15522021430704	1.9999669572204977	2844797	5	2621628	4	2621628	0.4		0	0	0	1	True	94.29	6.03	checkm2	4.13477978569297	4.030033042779502	4.13477978569297	4.030033042779502	medium	high
G_r010_chimera_20pct	10	18	chimera	0.2	20.0	rc0.5	RS_GCF_010230725.1	Verrucomicrobiota	Bacteria	medium	90.15522021430704	1.9999669572204977	90.15522021430704	1.9999669572204977	2844797	5	2621628	4	2621628	0.4		0	0	0	1	True	93.74	5.84	checkm2	3.584779785692959	3.840033042779502	3.584779785692959	3.840033042779502	medium	high
G_r010_chimera_40pct	10	19	chimera	0.4	40.0	rc0.5	RS_GCF_010230725.1	Verrucomicrobiota	Bacteria	medium	90.15522021430704	1.9999669572204977	90.15522021430704	1.9999669572204977	2844797	5	2621628	4	2621628	0.4		0	0	0	1	True	93.74	5.96	checkm2	3.584779785692959	3.9600330427795023	3.584779785692959	3.9600330427795023	medium	high
G_r010_uneven_coverage_5pct	10	20	uneven_coverage	0.05	5.0	lognormal_sigma1.0	RS_GCF_010230725.1	Verrucomicrobiota	Bacteria	medium	90.15522021430704	1.9999669572204977	90.15522021430704	6.607712255039639	2844797	5	2621628	6	2752709	0.0499998474230516		131081	0	0	0	True	93.32	10.85	checkm2	3.164779785692957	8.850033042779502	3.164779785692957	8.850033042779502	low	high
G_r010_uneven_coverage_10pct	10	21	uneven_coverage	0.1	10.0	lognormal_sigma1.0	RS_GCF_010230725.1	Verrucomicrobiota	Bacteria	medium	90.15522021430704	1.9999669572204977	90.15522021430704	11.215492704751869	2844797	5	2621628	6	2883791	0.1000000762884741		262163	0	0	0	True	93.79	11.85	checkm2	3.63477978569297	9.850033042779502	3.63477978569297	9.850033042779502	low	high
G_r010_uneven_coverage_20pct	10	22	uneven_coverage	0.2	20.0	lognormal_sigma1.0	RS_GCF_010230725.1	Verrucomicrobiota	Bacteria	medium	90.15522021430704	1.9999669572204977	90.15522021430704	20.43101845228324	2844797	5	2621628	7	3145954	0.2000001525769483		524326	0	0	0	True	92.65	22.52	checkm2	2.4947797856929697	20.520033042779502	2.4947797856929697	20.520033042779502	low	high
G_r010_uneven_coverage_40pct	10	23	uneven_coverage	0.4	40.0	lognormal_sigma1.0	RS_GCF_010230725.1	Verrucomicrobiota	Bacteria	medium	90.15522021430704	1.9999669572204977	90.15522021430704	38.86203479545289	2844797	5	2621628	10	3670279	0.3999999237115258		1048651	0	0	0	True	89.58	36.1	checkm2	-0.5752202143070377	34.1000330427795	0.5752202143070377	34.1000330427795	low	high
G_r011_none_control	11	0	none	0.0	0.0	control	RS_GCF_041154675.1	Thermoproteota	Archaea	low	69.81002552476767	1.9999914385594053	69.81002552476767	1.9999914385594053	2569661	39	1845274	39	1845274	0.0		0	0	0	0	True	69.92	1.12	checkm2	0.10997447523233461	-0.8799914385594052	0.10997447523233461	0.8799914385594052	medium	medium
G_r011_substitution_0p1pct	11	1	substitution	0.001	0.1	uniform	RS_GCF_041154675.1	Thermoproteota	Archaea	low	69.81002552476767	1.9999914385594053	69.81002552476767	1.9999914385594053	2569661	39	1845274	39	1845274	0.0009863033890901	0.0089640838741259	0	1820	0	0	True	68.34	1.3	checkm2	-1.4700255247676637	-0.6999914385594053	1.4700255247676637	0.6999914385594053	medium	medium
G_r011_substitution_0p5pct	11	2	substitution	0.005	0.5	uniform	RS_GCF_041154675.1	Thermoproteota	Archaea	low	69.81002552476767	1.9999914385594053	69.81002552476767	1.9999914385594053	2569661	39	1845274	39	1845274	0.0049217622965478	0.0441104216424403	0	9082	0	0	True	60.82	0.94	checkm2	-8.990025524767667	-1.0599914385594054	8.990025524767667	1.0599914385594054	medium	medium
G_r011_substitution_1pct	11	3	substitution	0.01	1.0	uniform	RS_GCF_041154675.1	Thermoproteota	Archaea	low	69.81002552476767	1.9999914385594053	69.81002552476767	1.9999914385594053	2569661	39	1845274	39	1845274	0.0101182805371993	0.0864827525163591	0	18671	0	0	True	57.61	1.44	checkm2	-12.200025524767668	-0.5599914385594054	12.200025524767668	0.5599914385594054	medium	medium
G_r011_substitution_2pct	11	4	substitution	0.02	2.0	uniform	RS_GCF_041154675.1	Thermoproteota	Archaea	low	69.81002552476767	1.9999914385594053	69.81002552476767	1.9999914385594053	2569661	39	1845274	39	1845274	0.0198599232417516	0.1662522378698502	0	36647	0	0	True	45.06	2.91	checkm2	-24.750025524767665	0.9100085614405948	24.750025524767665	0.9100085614405948	low	medium
G_r011_substitution_5pct	11	5	substitution	0.05	5.0	uniform	RS_GCF_041154675.1	Thermoproteota	Archaea	low	69.81002552476767	1.9999914385594053	69.81002552476767	1.9999914385594053	2569661	39	1845274	39	1845274	0.049913996512171	0.3697505902753909	0	92105	0	0	True	35.41	1.8	checkm2	-34.40002552476767	-0.19999143855940527	34.40002552476767	0.19999143855940527	low	medium
G_r011_substitution_titv_0p1pct	11	6	substitution_titv	0.001	0.1	titv_2	RS_GCF_041154675.1	Thermoproteota	Archaea	low	69.81002552476767	1.9999914385594053	69.81002552476767	1.9999914385594053	2569661	39	1845274	39	1845274	0.0009727552656136	0.0089640838741259	0	1795	0	0	True	69.39	1.11	checkm2	-0.4200255247676665	-0.8899914385594052	0.4200255247676665	0.8899914385594052	medium	medium
G_r011_substitution_titv_0p5pct	11	7	substitution_titv	0.005	0.5	titv_2	RS_GCF_041154675.1	Thermoproteota	Archaea	low	69.81002552476767	1.9999914385594053	69.81002552476767	1.9999914385594053	2569661	39	1845274	39	1845274	0.0049320588703899	0.0441104216424403	0	9101	0	0	True	64.44	2.55	checkm2	-5.370025524767669	0.5500085614405945	5.370025524767669	0.5500085614405945	medium	medium
G_r011_substitution_titv_1pct	11	8	substitution_titv	0.01	1.0	titv_2	RS_GCF_041154675.1	Thermoproteota	Archaea	low	69.81002552476767	1.9999914385594053	69.81002552476767	1.9999914385594053	2569661	39	1845274	39	1845274	0.0099952635760326	0.0864827525163591	0	18444	0	0	True	59.39	1.78	checkm2	-10.420025524767667	-0.21999143855940528	10.420025524767667	0.21999143855940528	medium	medium
G_r011_substitution_titv_2pct	11	9	substitution_titv	0.02	2.0	titv_2	RS_GCF_041154675.1	Thermoproteota	Archaea	low	69.81002552476767	1.9999914385594053	69.81002552476767	1.9999914385594053	2569661	39	1845274	39	1845274	0.0200084106750542	0.1662522378698502	0	36921	0	0	True	50.65	3.02	checkm2	-19.16002552476767	1.0200085614405947	19.16002552476767	1.0200085614405947	medium	medium
G_r011_substitution_titv_5pct	11	10	substitution_titv	0.05	5.0	titv_2	RS_GCF_041154675.1	Thermoproteota	Archaea	low	69.81002552476767	1.9999914385594053	69.81002552476767	1.9999914385594053	2569661	39	1845274	39	1845274	0.0499703567058333	0.3697505902753909	0	92209	0	0	True	43.8	1.89	checkm2	-26.01002552476767	-0.10999143855940541	26.01002552476767	0.10999143855940541	low	medium
G_r011_indel_0p1pct	11	11	indel	0.001	0.1	ins0.5_geom0.75	RS_GCF_041154675.1	Thermoproteota	Archaea	low	69.81002552476767	1.9999914385594053	69.81399786311964	1.9999914385594053	2569661	39	1845274	39	1845379	0.001003103062201		0	0	1851	0	True	50.19	2.54	checkm2	-19.62002552476767	0.5400085614405947	19.62002552476767	0.5400085614405947	medium	medium
G_r011_indel_0p5pct	11	12	indel	0.005	0.5	ins0.5_geom0.75	RS_GCF_041154675.1	Thermoproteota	Archaea	low	69.81002552476767	1.9999914385594053	69.81293857289243	1.9999914385594053	2569661	39	1845274	39	1845351	0.0049244719212431		0	0	9087	0	True	26.11	4.48	checkm2	-43.70002552476767	2.480008561440595	43.70002552476767	2.480008561440595	low	medium
G_r011_indel_1pct	11	13	indel	0.01	1.0	ins0.5_geom0.75	RS_GCF_041154675.1	Thermoproteota	Archaea	low	69.81002552476767	1.9999914385594053	69.81187928266525	1.9999914385594053	2569661	39	1845274	39	1845323	0.0099047621112095		0	0	18277	0	True	13.28	6.3	checkm2	-56.530025524767666	4.3000085614405945	56.530025524767666	4.3000085614405945	low	medium
G_r011_indel_2pct	11	14	indel	0.02	2.0	ins0.5_geom0.75	RS_GCF_041154675.1	Thermoproteota	Archaea	low	69.81002552476767	1.9999914385594053	69.80476690542552	1.9999914385594053	2569661	39	1845274	39	1845135	0.019944463532245		0	0	36803	0	True	13.24	5.42	checkm2	-56.570025524767665	3.4200085614405946	56.570025524767665	3.4200085614405946	low	medium
G_r011_indel_5pct	11	15	indel	0.05	5.0	ins0.5_geom0.75	RS_GCF_041154675.1	Thermoproteota	Archaea	low	69.81002552476767	1.9999914385594053	69.80601535462185	1.9999914385594053	2569661	39	1845274	39	1845168	0.0499616859068084		0	0	92193	0	True	3.98	0.0	checkm2	-65.83002552476766	-1.9999914385594053	65.83002552476766	1.9999914385594053	low	medium
G_r011_chimera_5pct	11	16	chimera	0.05	5.0	rc0.5	RS_GCF_041154675.1	Thermoproteota	Archaea	low	69.81002552476767	1.9999914385594053	69.81002552476767	1.9999914385594053	2569661	39	1845274	38	1845274	0.0512820512820512		0	0	0	1	True	69.92	1.12	checkm2	0.10997447523233461	-0.8799914385594052	0.10997447523233461	0.8799914385594052	medium	medium
G_r011_chimera_10pct	11	17	chimera	0.1	10.0	rc0.5	RS_GCF_041154675.1	Thermoproteota	Archaea	low	69.81002552476767	1.9999914385594053	69.81002552476767	1.9999914385594053	2569661	39	1845274	37	1845274	0.1025641025641025		0	0	0	2	True	69.92	1.12	checkm2	0.10997447523233461	-0.8799914385594052	0.10997447523233461	0.8799914385594052	medium	medium
G_r011_chimera_20pct	11	18	chimera	0.2	20.0	rc0.5	RS_GCF_041154675.1	Thermoproteota	Archaea	low	69.81002552476767	1.9999914385594053	69.81002552476767	1.9999914385594053	2569661	39	1845274	35	1845274	0.2051282051282051		0	0	0	4	True	69.92	1.12	checkm2	0.10997447523233461	-0.8799914385594052	0.10997447523233461	0.8799914385594052	medium	medium
G_r011_chimera_40pct	11	19	chimera	0.4	40.0	rc0.5	RS_GCF_041154675.1	Thermoproteota	Archaea	low	69.81002552476767	1.9999914385594053	69.81002552476767	1.9999914385594053	2569661	39	1845274	31	1845274	0.4102564102564102		0	0	0	8	True	69.93	1.12	checkm2	0.11997447523233973	-0.8799914385594052	0.11997447523233973	0.8799914385594052	medium	medium
G_r011_uneven_coverage_5pct	11	20	uneven_coverage	0.05	5.0	lognormal_sigma1.0	RS_GCF_041154675.1	Thermoproteota	Archaea	low	69.81002552476767	1.9999914385594053	69.81002552476767	5.590503961417479	2569661	39	1845274	43	1937538	0.0500001625774817		92264	0	0	0	True	67.58	4.18	checkm2	-2.230025524767669	2.1800085614405944	2.230025524767669	2.1800085614405944	medium	medium
G_r011_uneven_coverage_10pct	11	21	uneven_coverage	0.1	10.0	lognormal_sigma1.0	RS_GCF_041154675.1	Thermoproteota	Archaea	low	69.81002552476767	1.9999914385594053	69.81002552476767	9.180977568636486	2569661	39	1845274	45	2029801	0.0999997832300243		184527	0	0	0	True	70.06	11.98	checkm2	0.24997447523233518	9.980008561440595	0.24997447523233518	9.980008561440595	low	medium
G_r011_uneven_coverage_20pct	11	22	uneven_coverage	0.2	20.0	lognormal_sigma1.0	RS_GCF_041154675.1	Thermoproteota	Archaea	low	69.81002552476767	1.9999914385594053	69.81002552476767	16.362002614352633	2569661	39	1845274	47	2214329	0.2000001083849878		369055	0	0	0	True	70.93	8.27	checkm2	1.1199744752323397	6.270008561440594	1.1199744752323397	6.270008561440594	medium	medium
G_r011_uneven_coverage_40pct	11	23	uneven_coverage	0.4	40.0	lognormal_sigma1.0	RS_GCF_041154675.1	Thermoproteota	Archaea	low	69.81002552476767	1.9999914385594053	69.81002552476767	30.72401379014586	2569661	39	1845274	67	2583384	0.4000002167699756		738110	0	0	0	True	67.32	28.04	checkm2	-2.490025524767674	26.040008561440594	2.490025524767674	26.040008561440594	low	medium
G_r012_none_control	12	0	none	0.0	0.0	control	RS_GCF_000224745.1	Bacteroidota_A	Bacteria	highly_fragmented	59.51764812445376	4.999997000709632	59.51764812445376	4.999997000709632	3334122	67	2151097	67	2151097	0.0		0	0	0	0	True	63.55	2.79	checkm2	4.03235187554624	-2.209997000709632	4.03235187554624	2.209997000709632	medium	medium
G_r012_substitution_0p1pct	12	1	substitution	0.001	0.1	uniform	RS_GCF_000224745.1	Bacteroidota_A	Bacteria	highly_fragmented	59.51764812445376	4.999997000709632	59.51764812445376	4.999997000709632	3334122	67	2151097	67	2151097	0.0009990251485637	0.0089640838741259	0	2149	0	0	True	61.98	3.05	checkm2	2.46235187554624	-1.9499970007096321	2.46235187554624	1.9499970007096321	medium	medium
G_r012_substitution_0p5pct	12	2	substitution	0.005	0.5	uniform	RS_GCF_000224745.1	Bacteroidota_A	Bacteria	highly_fragmented	59.51764812445376	4.999997000709632	59.51764812445376	4.999997000709632	3334122	67	2151097	67	2151097	0.0050495165954859	0.0441104216424403	0	10862	0	0	True	62.02	3.71	checkm2	2.502351875546246	-1.289997000709632	2.502351875546246	1.289997000709632	medium	medium
G_r012_substitution_1pct	12	3	substitution	0.01	1.0	uniform	RS_GCF_000224745.1	Bacteroidota_A	Bacteria	highly_fragmented	59.51764812445376	4.999997000709632	59.51764812445376	4.999997000709632	3334122	67	2151097	67	2151097	0.0100729999623447	0.0864827525163591	0	21668	0	0	True	60.06	3.45	checkm2	0.5423518755462453	-1.5499970007096318	0.5423518755462453	1.5499970007096318	medium	medium
G_r012_substitution_2pct	12	4	substitution	0.02	2.0	uniform	RS_GCF_000224745.1	Bacteroidota_A	Bacteria	highly_fragmented	59.51764812445376	4.999997000709632	59.51764812445376	4.999997000709632	3334122	67	2151097	67	2151097	0.0201023012909227	0.1662522378698502	0	43242	0	0	True	58.13	5.58	checkm2	-1.3876481244537544	0.5800029992903681	1.3876481244537544	0.5800029992903681	medium	medium
G_r012_substitution_5pct	12	5	substitution	0.05	5.0	uniform	RS_GCF_000224745.1	Bacteroidota_A	Bacteria	highly_fragmented	59.51764812445376	4.999997000709632	59.51764812445376	4.999997000709632	3334122	67	2151097	67	2151097	0.0501176841397668	0.3697505902753909	0	107808	0	0	True	42.83	2.85	checkm2	-16.68764812445376	-2.149997000709632	16.68764812445376	2.149997000709632	low	medium
G_r012_substitution_titv_0p1pct	12	6	substitution_titv	0.001	0.1	titv_2	RS_GCF_000224745.1	Bacteroidota_A	Bacteria	highly_fragmented	59.51764812445376	4.999997000709632	59.51764812445376	4.999997000709632	3334122	67	2151097	67	2151097	0.0009846138970023	0.0089640838741259	0	2118	0	0	True	62.35	2.81	checkm2	2.8323518755462445	-2.189997000709632	2.8323518755462445	2.189997000709632	medium	medium
G_r012_substitution_titv_0p5pct	12	7	substitution_titv	0.005	0.5	titv_2	RS_GCF_000224745.1	Bacteroidota_A	Bacteria	highly_fragmented	59.51764812445376	4.999997000709632	59.51764812445376	4.999997000709632	3334122	67	2151097	67	2151097	0.005129010918615	0.0441104216424403	0	11033	0	0	True	63.45	3.39	checkm2	3.932351875546246	-1.6099970007096318	3.932351875546246	1.6099970007096318	medium	medium
G_r012_substitution_titv_1pct	12	8	substitution_titv	0.01	1.0	titv_2	RS_GCF_000224745.1	Bacteroidota_A	Bacteria	highly_fragmented	59.51764812445376	4.999997000709632	59.51764812445376	4.999997000709632	3334122	67	2151097	67	2151097	0.0098921619992031	0.0864827525163591	0	21279	0	0	True	59.34	3.19	checkm2	-0.17764812445375355	-1.809997000709632	0.17764812445375355	1.809997000709632	medium	medium
G_r012_substitution_titv_2pct	12	9	substitution_titv	0.02	2.0	titv_2	RS_GCF_000224745.1	Bacteroidota_A	Bacteria	highly_fragmented	59.51764812445376	4.999997000709632	59.51764812445376	4.999997000709632	3334122	67	2151097	67	2151097	0.0200390777356855	0.1662522378698502	0	43106	0	0	True	55.09	4.15	checkm2	-4.4276481244537536	-0.8499970007096316	4.4276481244537536	0.8499970007096316	medium	medium
G_r012_substitution_titv_5pct	12	10	substitution_titv	0.05	5.0	titv_2	RS_GCF_000224745.1	Bacteroidota_A	Bacteria	highly_fragmented	59.51764812445376	4.999997000709632	59.51764812445376	4.999997000709632	3334122	67	2151097	67	2151097	0.0497397374455917	0.3697505902753909	0	106995	0	0	True	42.35	4.94	checkm2	-17.167648124453756	-0.05999700070963154	17.167648124453756	0.05999700070963154	low	medium
G_r012_indel_0p1pct	12	11	indel	0.001	0.1	ins0.5_geom0.75	RS_GCF_000224745.1	Bacteroidota_A	Bacteria	highly_fragmented	59.51764812445376	4.999997000709632	59.516901074692925	4.999997000709632	3334122	67	2151097	67	2151070	0.0009953061159027		0	0	2141	0	True	51.61	4.12	checkm2	-7.9076481244537575	-0.8799970007096318	7.9076481244537575	0.8799970007096318	medium	medium
G_r012_indel_0p5pct	12	12	indel	0.005	0.5	ins0.5_geom0.75	RS_GCF_000224745.1	Bacteroidota_A	Bacteria	highly_fragmented	59.51764812445376	4.999997000709632	59.5089325439108	4.999997000709632	3334122	67	2151097	67	2150782	0.0050755498241129		0	0	10918	0	True	27.2	2.17	checkm2	-32.317648124453754	-2.829997000709632	32.317648124453754	2.829997000709632	low	medium
G_r012_indel_1pct	12	13	indel	0.01	1.0	ins0.5_geom0.75	RS_GCF_000224745.1	Bacteroidota_A	Bacteria	highly_fragmented	59.51764812445376	4.999997000709632	59.52251778215395	4.999997000709632	3334122	67	2151097	67	2151273	0.0099498070054488		0	0	21403	0	True	26.52	2.5	checkm2	-32.99764812445376	-2.499997000709632	32.99764812445376	2.499997000709632	low	medium
G_r012_indel_2pct	12	14	indel	0.02	2.0	ins0.5_geom0.75	RS_GCF_000224745.1	Bacteroidota_A	Bacteria	highly_fragmented	59.51764812445376	4.999997000709632	59.50337117346911	4.999997000709632	3334122	67	2151097	67	2150581	0.0199061223180544		0	0	42820	0	True	36.77	9.16	checkm2	-22.747648124453754	4.160002999290368	22.747648124453754	4.160002999290368	low	medium
G_r012_indel_5pct	12	15	indel	0.05	5.0	ins0.5_geom0.75	RS_GCF_000224745.1	Bacteroidota_A	Bacteria	highly_fragmented	59.51764812445376	4.999997000709632	59.50835150520794	4.999997000709632	3334122	67	2151097	67	2150761	0.0501200085351799		0	0	107813	0	True	35.64	10.06	checkm2	-23.877648124453756	5.060002999290369	23.877648124453756	5.060002999290369	low	medium
G_r012_chimera_5pct	12	16	chimera	0.05	5.0	rc0.5	RS_GCF_000224745.1	Bacteroidota_A	Bacteria	highly_fragmented	59.51764812445376	4.999997000709632	59.51764812445376	4.999997000709632	3334122	67	2151097	65	2151097	0.0597014925373134		0	0	0	2	True	63.55	2.79	checkm2	4.03235187554624	-2.209997000709632	4.03235187554624	2.209997000709632	medium	medium
G_r012_chimera_10pct	12	17	chimera	0.1	10.0	rc0.5	RS_GCF_000224745.1	Bacteroidota_A	Bacteria	highly_fragmented	59.51764812445376	4.999997000709632	59.51764812445376	4.999997000709632	3334122	67	2151097	63	2151097	0.1194029850746268		0	0	0	4	True	63.55	2.79	checkm2	4.03235187554624	-2.209997000709632	4.03235187554624	2.209997000709632	medium	medium
G_r012_chimera_20pct	12	18	chimera	0.2	20.0	rc0.5	RS_GCF_000224745.1	Bacteroidota_A	Bacteria	highly_fragmented	59.51764812445376	4.999997000709632	59.51764812445376	4.999997000709632	3334122	67	2151097	60	2151097	0.208955223880597		0	0	0	7	True	63.54	2.77	checkm2	4.022351875546242	-2.229997000709632	4.022351875546242	2.229997000709632	medium	medium
G_r012_chimera_40pct	12	19	chimera	0.4	40.0	rc0.5	RS_GCF_000224745.1	Bacteroidota_A	Bacteria	highly_fragmented	59.51764812445376	4.999997000709632	59.51764812445376	4.999997000709632	3334122	67	2151097	53	2151097	0.417910447761194		0	0	0	14	True	63.54	2.79	checkm2	4.022351875546242	-2.209997000709632	4.022351875546242	2.209997000709632	medium	medium
G_r012_uneven_coverage_5pct	12	20	uneven_coverage	0.05	5.0	lognormal_sigma1.0	RS_GCF_000224745.1	Bacteroidota_A	Bacteria	highly_fragmented	59.51764812445376	4.999997000709632	59.51764812445376	8.225883755903354	3334122	67	2151097	70	2258652	0.0500000697318623		107555	0	0	0	True	64.17	4.73	checkm2	4.652351875546245	-0.2699970007096315	4.652351875546245	0.2699970007096315	medium	medium
G_r012_uneven_coverage_10pct	12	21	uneven_coverage	0.1	10.0	lognormal_sigma1.0	RS_GCF_000224745.1	Bacteroidota_A	Bacteria	highly_fragmented	59.51764812445376	4.999997000709632	59.51764812445376	11.451770511097074	3334122	67	2151097	76	2366207	0.1000001394637247		215110	0	0	0	True	62.59	9.38	checkm2	3.0723518755462464	4.380002999290369	3.0723518755462464	4.380002999290369	medium	medium
G_r012_uneven_coverage_20pct	12	22	uneven_coverage	0.2	20.0	lognormal_sigma1.0	RS_GCF_000224745.1	Bacteroidota_A	Bacteria	highly_fragmented	59.51764812445376	4.999997000709632	59.51764812445376	17.903514028580837	3334122	67	2151097	77	2581316	0.1999998140483669		430219	0	0	0	True	64.59	13.82	checkm2	5.0723518755462464	8.820002999290368	5.0723518755462464	8.820002999290368	low	medium
G_r012_uneven_coverage_40pct	12	23	uneven_coverage	0.4	40.0	lognormal_sigma1.0	RS_GCF_000224745.1	Bacteroidota_A	Bacteria	highly_fragmented	59.51764812445376	4.999997000709632	59.51764812445376	30.807061049355724	3334122	67	2151097	99	3011536	0.4000000929758165		860439	0	0	0	True	58.96	24.84	checkm2	-0.5576481244537561	19.84000299929037	0.5576481244537561	19.84000299929037	low	medium
G_r013_none_control	13	0	none	0.0	0.0	control	GB_GCA_001430905.1	Patescibacteriota	Bacteria	low	76.96942748642023	0.0	76.96942748642023	0.0	1248180	4	960717	4	960717	0.0		0	0	0	0	True	81.67	0.28	checkm2	4.700572513579772	0.28	4.700572513579772	0.28	medium	medium
G_r013_substitution_0p1pct	13	1	substitution	0.001	0.1	uniform	GB_GCA_001430905.1	Patescibacteriota	Bacteria	low	76.96942748642023	0.0	76.96942748642023	0.0	1248180	4	960717	4	960717	0.0010377665847486	0.0089640838741259	0	997	0	0	True	81.55	1.65	checkm2	4.580572513579767	1.65	4.580572513579767	1.65	medium	medium
G_r013_substitution_0p5pct	13	2	substitution	0.005	0.5	uniform	GB_GCA_001430905.1	Patescibacteriota	Bacteria	low	76.96942748642023	0.0	76.96942748642023	0.0	1248180	4	960717	4	960717	0.0050295768681099	0.0441104216424403	0	4832	0	0	True	81.18	0.69	checkm2	4.210572513579777	0.69	4.210572513579777	0.69	medium	medium
G_r013_substitution_1pct	13	3	substitution	0.01	1.0	uniform	GB_GCA_001430905.1	Patescibacteriota	Bacteria	low	76.96942748642023	0.0	76.96942748642023	0.0	1248180	4	960717	4	960717	0.0097937269768308	0.0864827525163591	0	9409	0	0	True	78.05	0.36	checkm2	1.0805725135797672	0.36	1.0805725135797672	0.36	medium	medium
G_r013_substitution_2pct	13	4	substitution	0.02	2.0	uniform	GB_GCA_001430905.1	Patescibacteriota	Bacteria	low	76.96942748642023	0.0	76.96942748642023	0.0	1248180	4	960717	4	960717	0.0199819509803615	0.1662522378698502	0	19197	0	0	True	73.23	3.86	checkm2	-3.739427486420226	3.86	3.739427486420226	3.86	medium	medium
G_r013_substitution_5pct	13	5	substitution	0.05	5.0	uniform	GB_GCA_001430905.1	Patescibacteriota	Bacteria	low	76.96942748642023	0.0	76.96942748642023	0.0	1248180	4	960717	4	960717	0.0504019393848552	0.3697505902753909	0	48422	0	0	True	44.82	5.55	checkm2	-32.14942748642023	5.55	32.14942748642023	5.55	low	medium
G_r013_substitution_titv_0p1pct	13	6	substitution_titv	0.001	0.1	titv_2	GB_GCA_001430905.1	Patescibacteriota	Bacteria	low	76.96942748642023	0.0	76.96942748642023	0.0	1248180	4	960717	4	960717	0.0009097372066904	0.0089640838741259	0	874	0	0	True	80.94	0.39	checkm2	3.970572513579768	0.39	3.970572513579768	0.39	medium	medium
G_r013_substitution_titv_0p5pct	13	7	substitution_titv	0.005	0.5	titv_2	GB_GCA_001430905.1	Patescibacteriota	Bacteria	low	76.96942748642023	0.0	76.96942748642023	0.0	1248180	4	960717	4	960717	0.0049400603923944	0.0441104216424403	0	4746	0	0	True	80.97	2.03	checkm2	4.000572513579769	2.03	4.000572513579769	2.03	medium	medium
G_r013_substitution_titv_1pct	13	8	substitution_titv	0.01	1.0	titv_2	GB_GCA_001430905.1	Patescibacteriota	Bacteria	low	76.96942748642023	0.0	76.96942748642023	0.0	1248180	4	960717	4	960717	0.0098905296773139	0.0864827525163591	0	9502	0	0	True	78.14	1.38	checkm2	1.1705725135797707	1.38	1.1705725135797707	1.38	medium	medium
G_r013_substitution_titv_2pct	13	9	substitution_titv	0.02	2.0	titv_2	GB_GCA_001430905.1	Patescibacteriota	Bacteria	low	76.96942748642023	0.0	76.96942748642023	0.0	1248180	4	960717	4	960717	0.0198809847228684	0.1662522378698502	0	19100	0	0	True	65.22	1.88	checkm2	-11.749427486420231	1.88	11.749427486420231	1.88	medium	medium
G_r013_substitution_titv_5pct	13	10	substitution_titv	0.05	5.0	titv_2	GB_GCA_001430905.1	Patescibacteriota	Bacteria	low	76.96942748642023	0.0	76.96942748642023	0.0	1248180	4	960717	4	960717	0.0498440227455119	0.3697505902753909	0	47886	0	0	True	60.56	0.63	checkm2	-16.409427486420228	0.63	16.409427486420228	0.63	medium	medium
G_r013_indel_0p1pct	13	11	indel	0.001	0.1	ins0.5_geom0.75	GB_GCA_001430905.1	Patescibacteriota	Bacteria	low	76.96942748642023	0.0	76.97391401881139	0.0	1248180	4	960717	4	960773	0.0009794767866083		0	0	941	0	True	65.71	1.04	checkm2	-11.259427486420236	1.04	11.259427486420236	1.04	medium	medium
G_r013_indel_0p5pct	13	12	indel	0.005	0.5	ins0.5_geom0.75	GB_GCA_001430905.1	Patescibacteriota	Bacteria	low	76.96942748642023	0.0	76.95997372173885	0.0	1248180	4	960717	4	960599	0.0049650417344545		0	0	4770	0	True	30.47	3.65	checkm2	-46.49942748642023	3.65	46.49942748642023	3.65	low	medium
G_r013_indel_1pct	13	13	indel	0.01	1.0	ins0.5_geom0.75	GB_GCA_001430905.1	Patescibacteriota	Bacteria	low	76.96942748642023	0.0	76.95516672274832	0.0	1248180	4	960717	4	960539	0.0100279270586447		0	0	9634	0	True	16.62	1.75	checkm2	-60.349427486420225	1.75	60.349427486420225	1.75	low	medium
G_r013_indel_2pct	13	14	indel	0.02	2.0	ins0.5_geom0.75	GB_GCA_001430905.1	Patescibacteriota	Bacteria	low	76.96942748642023	0.0	76.98208591709529	0.0	1248180	4	960717	4	960875	0.020058976785047		0	0	19271	0	True	21.59	0.25	checkm2	-55.37942748642023	0.25	55.37942748642023	0.25	low	medium
G_r013_indel_5pct	13	15	indel	0.05	5.0	ins0.5_geom0.75	GB_GCA_001430905.1	Patescibacteriota	Bacteria	low	76.96942748642023	0.0	76.93762117643288	0.0	1248180	4	960717	4	960320	0.0504342069516829		0	0	48453	0	True	18.62	2.88	checkm2	-58.349427486420225	2.88	58.349427486420225	2.88	low	medium
G_r013_chimera_5pct	13	16	chimera	0.05	5.0	rc0.5	GB_GCA_001430905.1	Patescibacteriota	Bacteria	low	76.96942748642023	0.0	76.96942748642023	0.0	1248180	4	960717	4	960717	0.0		0	0	0	0	True	81.67	0.28	checkm2	4.700572513579772	0.28	4.700572513579772	0.28	medium	medium
G_r013_chimera_10pct	13	17	chimera	0.1	10.0	rc0.5	GB_GCA_001430905.1	Patescibacteriota	Bacteria	low	76.96942748642023	0.0	76.96942748642023	0.0	1248180	4	960717	3	960717	0.5		0	0	0	1	True	81.58	0.32	checkm2	4.610572513579768	0.32	4.610572513579768	0.32	medium	medium
G_r013_chimera_20pct	13	18	chimera	0.2	20.0	rc0.5	GB_GCA_001430905.1	Patescibacteriota	Bacteria	low	76.96942748642023	0.0	76.96942748642023	0.0	1248180	4	960717	4	960717	0.0		0	0	0	0	True	81.67	0.28	checkm2	4.700572513579772	0.28	4.700572513579772	0.28	medium	medium
G_r013_chimera_40pct	13	19	chimera	0.4	40.0	rc0.5	GB_GCA_001430905.1	Patescibacteriota	Bacteria	low	76.96942748642023	0.0	76.96942748642023	0.0	1248180	4	960717	3	960717	0.5		0	0	0	1	True	81.75	0.32	checkm2	4.78057251357977	0.32	4.78057251357977	0.32	medium	medium
G_r013_uneven_coverage_5pct	13	20	uneven_coverage	0.05	5.0	lognormal_sigma1.0	GB_GCA_001430905.1	Patescibacteriota	Bacteria	low	76.96942748642023	0.0	76.96942748642023	3.848483391818488	1248180	4	960717	5	1008753	0.0500001561333878		48036	0	0	0	True	81.5	4.93	checkm2	4.53057251357977	4.93	4.53057251357977	4.93	medium	medium
G_r013_uneven_coverage_10pct	13	21	uneven_coverage	0.1	10.0	lognormal_sigma1.0	GB_GCA_001430905.1	Patescibacteriota	Bacteria	low	76.96942748642023	0.0	76.96942748642023	7.696966783636975	1248180	4	960717	5	1056789	0.1000003122667757		96072	0	0	0	True	81.86	9.21	checkm2	4.8905725135797695	9.21	4.8905725135797695	9.21	medium	medium
G_r013_uneven_coverage_20pct	13	22	uneven_coverage	0.2	20.0	lognormal_sigma1.0	GB_GCA_001430905.1	Patescibacteriota	Bacteria	low	76.96942748642023	0.0	76.96942748642023	15.393853450624109	1248180	4	960717	5	1152860	0.1999995836442989		192143	0	0	0	True	82.43	15.83	checkm2	5.460572513579777	15.83	5.460572513579777	15.83	low	medium
G_r013_uneven_coverage_40pct	13	23	uneven_coverage	0.4	40.0	lognormal_sigma1.0	GB_GCA_001430905.1	Patescibacteriota	Bacteria	low	76.96942748642023	0.0	76.96942748642023	30.787787017898054	1248180	4	960717	6	1345004	0.4000002081778505		384287	0	0	0	True	82.32	26.85	checkm2	5.350572513579763	26.85	5.350572513579763	26.85	low	medium
G_r014_none_control	14	0	none	0.0	0.0	control	RS_GCF_040370075.1	Deinococcota	Bacteria	highly_fragmented	59.81995348606355	1.4848032020874546	59.81995348606355	1.4848032020874546	2256528	80	1383359	80	1383359	0.0		0	0	0	0	True	65.67	0.24	checkm2	5.850046513936455	-1.2448032020874547	5.850046513936455	1.2448032020874547	medium	medium
G_r014_substitution_0p1pct	14	1	substitution	0.001	0.1	uniform	RS_GCF_040370075.1	Deinococcota	Bacteria	highly_fragmented	59.81995348606355	1.4848032020874546	59.81995348606355	1.4848032020874546	2256528	80	1383359	80	1383359	0.0009946803396659	0.0089640838741259	0	1376	0	0	True	63.4	0.32	checkm2	3.580046513936452	-1.1648032020874546	3.580046513936452	1.1648032020874546	medium	medium
G_r014_substitution_0p5pct	14	2	substitution	0.005	0.5	uniform	RS_GCF_040370075.1	Deinococcota	Bacteria	highly_fragmented	59.81995348606355	1.4848032020874546	59.81995348606355	1.4848032020874546	2256528	80	1383359	80	1383359	0.0050883393247884	0.0441104216424403	0	7039	0	0	True	61.99	0.89	checkm2	2.1700465139364553	-0.5948032020874546	2.1700465139364553	0.5948032020874546	medium	medium
G_r014_substitution_1pct	14	3	substitution	0.01	1.0	uniform	RS_GCF_040370075.1	Deinococcota	Bacteria	highly_fragmented	59.81995348606355	1.4848032020874546	59.81995348606355	1.4848032020874546	2256528	80	1383359	80	1383359	0.0100400546785035	0.0864827525163591	0	13889	0	0	True	62.65	0.86	checkm2	2.830046513936452	-0.6248032020874547	2.830046513936452	0.6248032020874547	medium	medium
G_r014_substitution_2pct	14	4	substitution	0.02	2.0	uniform	RS_GCF_040370075.1	Deinococcota	Bacteria	highly_fragmented	59.81995348606355	1.4848032020874546	59.81995348606355	1.4848032020874546	2256528	80	1383359	80	1383359	0.0200374595459313	0.1662522378698502	0	27719	0	0	True	55.61	1.56	checkm2	-4.209953486063547	0.07519679791254541	4.209953486063547	0.07519679791254541	medium	medium
G_r014_substitution_5pct	14	5	substitution	0.05	5.0	uniform	RS_GCF_040370075.1	Deinococcota	Bacteria	highly_fragmented	59.81995348606355	1.4848032020874546	59.81995348606355	1.4848032020874546	2256528	80	1383359	80	1383359	0.0501048534762126	0.3697505902753909	0	69313	0	0	True	48.2	0.37	checkm2	-11.619953486063544	-1.1148032020874545	11.619953486063544	1.1148032020874545	low	medium
G_r014_substitution_titv_0p1pct	14	6	substitution_titv	0.001	0.1	titv_2	RS_GCF_040370075.1	Deinococcota	Bacteria	highly_fragmented	59.81995348606355	1.4848032020874546	59.81995348606355	1.4848032020874546	2256528	80	1383359	80	1383359	0.0010301013692035	0.0089640838741259	0	1425	0	0	True	65.42	0.29	checkm2	5.600046513936455	-1.1948032020874546	5.600046513936455	1.1948032020874546	medium	medium
G_r014_substitution_titv_0p5pct	14	7	substitution_titv	0.005	0.5	titv_2	RS_GCF_040370075.1	Deinococcota	Bacteria	highly_fragmented	59.81995348606355	1.4848032020874546	59.81995348606355	1.4848032020874546	2256528	80	1383359	80	1383359	0.0050109913623289	0.0441104216424403	0	6932	0	0	True	59.99	1.27	checkm2	0.1700465139364553	-0.21480320208745463	0.1700465139364553	0.21480320208745463	medium	medium
G_r014_substitution_titv_1pct	14	8	substitution_titv	0.01	1.0	titv_2	RS_GCF_040370075.1	Deinococcota	Bacteria	highly_fragmented	59.81995348606355	1.4848032020874546	59.81995348606355	1.4848032020874546	2256528	80	1383359	80	1383359	0.0099858388169665	0.0864827525163591	0	13814	0	0	True	65.01	1.03	checkm2	5.190046513936458	-0.4548032020874546	5.190046513936458	0.4548032020874546	medium	medium
G_r014_substitution_titv_2pct	14	9	substitution_titv	0.02	2.0	titv_2	RS_GCF_040370075.1	Deinococcota	Bacteria	highly_fragmented	59.81995348606355	1.4848032020874546	59.81995348606355	1.4848032020874546	2256528	80	1383359	80	1383359	0.0199861351970095	0.1662522378698502	0	27648	0	0	True	54.53	0.78	checkm2	-5.2899534860635455	-0.7048032020874546	5.2899534860635455	0.7048032020874546	medium	medium
G_r014_substitution_titv_5pct	14	10	substitution_titv	0.05	5.0	titv_2	RS_GCF_040370075.1	Deinococcota	Bacteria	highly_fragmented	59.81995348606355	1.4848032020874546	59.81995348606355	1.4848032020874546	2256528	80	1383359	80	1383359	0.0497781125506828	0.3697505902753909	0	68861	0	0	True	50.59	0.2	checkm2	-9.229953486063543	-1.2848032020874547	9.229953486063543	1.2848032020874547	medium	medium
G_r014_indel_0p1pct	14	11	indel	0.001	0.1	ins0.5_geom0.75	RS_GCF_040370075.1	Deinococcota	Bacteria	highly_fragmented	59.81995348606355	1.4848032020874546	59.82311019130382	1.4848032020874546	2256528	80	1383359	80	1383432	0.001006969268281		0	0	1393	0	True	49.79	0.96	checkm2	-10.029953486063548	-0.5248032020874547	10.029953486063548	0.5248032020874547	low	medium
G_r014_indel_0p5pct	14	12	indel	0.005	0.5	ins0.5_geom0.75	RS_GCF_040370075.1	Deinococcota	Bacteria	highly_fragmented	59.81995348606355	1.4848032020874546	59.82207237040291	1.4848032020874546	2256528	80	1383359	80	1383408	0.004964727160484		0	0	6868	0	True	27.01	0.92	checkm2	-32.80995348606355	-0.5648032020874546	32.80995348606355	0.5648032020874546	low	medium
G_r014_indel_1pct	14	13	indel	0.01	1.0	ins0.5_geom0.75	RS_GCF_040370075.1	Deinococcota	Bacteria	highly_fragmented	59.81995348606355	1.4848032020874546	59.82159670248999	1.4848032020874546	2256528	80	1383359	80	1383397	0.0099554779345057		0	0	13772	0	True	14.95	0.87	checkm2	-44.86995348606355	-0.6148032020874546	44.86995348606355	0.6148032020874546	low	medium
G_r014_indel_2pct	14	14	indel	0.02	2.0	ins0.5_geom0.75	RS_GCF_040370075.1	Deinococcota	Bacteria	highly_fragmented	59.81995348606355	1.4848032020874546	59.83634240779045	1.4848032020874546	2256528	80	1383359	80	1383738	0.0202073359120806		0	0	27954	0	True	15.24	3.63	checkm2	-44.579953486063545	2.1451967979125453	44.579953486063545	2.1451967979125453	low	medium
G_r014_indel_5pct	14	15	indel	0.05	5.0	ins0.5_geom0.75	RS_GCF_040370075.1	Deinococcota	Bacteria	highly_fragmented	59.81995348606355	1.4848032020874546	59.81567247484728	1.4848032020874546	2256528	80	1383359	80	1383260	0.04994003725714		0	0	69085	0	True	10.29	3.34	checkm2	-49.52995348606355	1.8551967979125452	49.52995348606355	1.8551967979125452	low	medium
G_r014_chimera_5pct	14	16	chimera	0.05	5.0	rc0.5	RS_GCF_040370075.1	Deinococcota	Bacteria	highly_fragmented	59.81995348606355	1.4848032020874546	59.81995348606355	1.4848032020874546	2256528	80	1383359	78	1383359	0.05		0	0	0	2	True	65.67	0.24	checkm2	5.850046513936455	-1.2448032020874547	5.850046513936455	1.2448032020874547	medium	medium
G_r014_chimera_10pct	14	17	chimera	0.1	10.0	rc0.5	RS_GCF_040370075.1	Deinococcota	Bacteria	highly_fragmented	59.81995348606355	1.4848032020874546	59.81995348606355	1.4848032020874546	2256528	80	1383359	76	1383359	0.1		0	0	0	4	True	65.67	0.24	checkm2	5.850046513936455	-1.2448032020874547	5.850046513936455	1.2448032020874547	medium	medium
G_r014_chimera_20pct	14	18	chimera	0.2	20.0	rc0.5	RS_GCF_040370075.1	Deinococcota	Bacteria	highly_fragmented	59.81995348606355	1.4848032020874546	59.81995348606355	1.4848032020874546	2256528	80	1383359	72	1383359	0.2		0	0	0	8	True	65.66	0.24	checkm2	5.84004651393645	-1.2448032020874547	5.84004651393645	1.2448032020874547	medium	medium
G_r014_chimera_40pct	14	19	chimera	0.4	40.0	rc0.5	RS_GCF_040370075.1	Deinococcota	Bacteria	highly_fragmented	59.81995348606355	1.4848032020874546	59.81995348606355	1.4848032020874546	2256528	80	1383359	64	1383359	0.4		0	0	0	16	True	65.76	0.06	checkm2	5.940046513936458	-1.4248032020874546	5.940046513936458	1.4248032020874546	medium	medium
G_r014_uneven_coverage_5pct	14	20	uneven_coverage	0.05	5.0	lognormal_sigma1.0	RS_GCF_040370075.1	Deinococcota	Bacteria	highly_fragmented	59.81995348606355	1.4848032020874546	59.81995348606355	4.550043252288472	2256528	80	1383359	84	1452527	0.0500000361439076		69168	0	0	0	True	66.24	4.14	checkm2	6.420046513936448	2.655196797912545	6.420046513936448	2.655196797912545	medium	medium
G_r014_uneven_coverage_10pct	14	21	uneven_coverage	0.1	10.0	lognormal_sigma1.0	RS_GCF_040370075.1	Deinococcota	Bacteria	highly_fragmented	59.81995348606355	1.4848032020874546	59.81995348606355	7.615283302489488	2256528	80	1383359	86	1521695	0.1000000722878153		138336	0	0	0	True	65.94	5.52	checkm2	6.120046513936451	4.035196797912545	6.120046513936451	4.035196797912545	medium	medium
G_r014_uneven_coverage_20pct	14	22	uneven_coverage	0.2	20.0	lognormal_sigma1.0	RS_GCF_040370075.1	Deinococcota	Bacteria	highly_fragmented	59.81995348606355	1.4848032020874546	59.81995348606355	13.74576340289152	2256528	80	1383359	100	1660031	0.2000001445756307		276672	0	0	0	True	64.32	13.74	checkm2	4.5000465139364465	12.255196797912546	4.5000465139364465	12.255196797912546	low	medium
G_r014_uneven_coverage_40pct	14	23	uneven_coverage	0.4	40.0	lognormal_sigma1.0	RS_GCF_040370075.1	Deinococcota	Bacteria	highly_fragmented	59.81995348606355	1.4848032020874546	59.81995348606355	26.00672360369559	2256528	80	1383359	118	1936703	0.4000002891512615		553344	0	0	0	True	62.02	19.35	checkm2	2.2000465139364564	17.865196797912546	2.2000465139364564	17.865196797912546	low	medium
G_r015_none_control	15	0	none	0.0	0.0	control	RS_GCF_007752345.1	Planctomycetota	Bacteria	high	71.30081523787312	1.9999957806400808	71.30081523787312	1.9999957806400808	5214061	7	3821949	7	3821949	0.0		0	0	0	0	True	68.17	1.9	checkm2	-3.130815237873122	-0.09999578064008086	3.130815237873122	0.09999578064008086	medium	medium
G_r015_substitution_0p1pct	15	1	substitution	0.001	0.1	uniform	RS_GCF_007752345.1	Planctomycetota	Bacteria	high	71.30081523787312	1.9999957806400808	71.30081523787312	1.9999957806400808	5214061	7	3821949	7	3821949	0.0009756802092335	0.0089640838741259	0	3729	0	0	True	66.31	2.03	checkm2	-4.990815237873122	0.030004219359919038	4.990815237873122	0.030004219359919038	medium	medium
G_r015_substitution_0p5pct	15	2	substitution	0.005	0.5	uniform	RS_GCF_007752345.1	Planctomycetota	Bacteria	high	71.30081523787312	1.9999957806400808	71.30081523787312	1.9999957806400808	5214061	7	3821949	7	3821949	0.0050366972453059	0.0441104216424403	0	19250	0	0	True	62.84	3.19	checkm2	-8.46081523787312	1.1900042193599192	8.46081523787312	1.1900042193599192	medium	medium
G_r015_substitution_1pct	15	3	substitution	0.01	1.0	uniform	RS_GCF_007752345.1	Planctomycetota	Bacteria	high	71.30081523787312	1.9999957806400808	71.30081523787312	1.9999957806400808	5214061	7	3821949	7	3821949	0.009915621584694	0.0864827525163591	0	37897	0	0	True	59.24	5.38	checkm2	-12.060815237873122	3.380004219359919	12.060815237873122	3.380004219359919	medium	medium
G_r015_substitution_2pct	15	4	substitution	0.02	2.0	uniform	RS_GCF_007752345.1	Planctomycetota	Bacteria	high	71.30081523787312	1.9999957806400808	71.30081523787312	1.9999957806400808	5214061	7	3821949	7	3821949	0.0199298839414131	0.1662522378698502	0	76171	0	0	True	71.3	4.14	checkm2	-0.0008152378731267618	2.140004219359919	0.0008152378731267618	2.140004219359919	medium	medium
G_r015_substitution_5pct	15	5	substitution	0.05	5.0	uniform	RS_GCF_007752345.1	Planctomycetota	Bacteria	high	71.30081523787312	1.9999957806400808	71.30081523787312	1.9999957806400808	5214061	7	3821949	7	3821949	0.0500370360776661	0.3697505902753909	0	191239	0	0	True	42.88	2.5	checkm2	-28.42081523787312	0.5000042193599192	28.42081523787312	0.5000042193599192	low	medium
G_r015_substitution_titv_0p1pct	15	6	substitution_titv	0.001	0.1	titv_2	RS_GCF_007752345.1	Planctomycetota	Bacteria	high	71.30081523787312	1.9999957806400808	71.30081523787312	1.9999957806400808	5214061	7	3821949	7	3821949	0.0010047229829597	0.0089640838741259	0	3840	0	0	True	67.23	1.92	checkm2	-4.07081523787312	-0.07999578064008084	4.07081523787312	0.07999578064008084	medium	medium
G_r015_substitution_titv_0p5pct	15	7	substitution_titv	0.005	0.5	titv_2	RS_GCF_007752345.1	Planctomycetota	Bacteria	high	71.30081523787312	1.9999957806400808	71.30081523787312	1.9999957806400808	5214061	7	3821949	7	3821949	0.0050039914190377	0.0441104216424403	0	19125	0	0	True	64.53	2.38	checkm2	-6.770815237873123	0.3800042193599191	6.770815237873123	0.3800042193599191	medium	medium
G_r015_substitution_titv_1pct	15	8	substitution_titv	0.01	1.0	titv_2	RS_GCF_007752345.1	Planctomycetota	Bacteria	high	71.30081523787312	1.9999957806400808	71.30081523787312	1.9999957806400808	5214061	7	3821949	7	3821949	0.0098483784058866	0.0864827525163591	0	37640	0	0	True	65.49	4.58	checkm2	-5.810815237873129	2.5800042193599193	5.810815237873129	2.5800042193599193	medium	medium
G_r015_substitution_titv_2pct	15	9	substitution_titv	0.02	2.0	titv_2	RS_GCF_007752345.1	Planctomycetota	Bacteria	high	71.30081523787312	1.9999957806400808	71.30081523787312	1.9999957806400808	5214061	7	3821949	7	3821949	0.0200345425854714	0.1662522378698502	0	76571	0	0	True	72.81	2.89	checkm2	1.5091847621268784	0.8900042193599194	1.5091847621268784	0.8900042193599194	medium	medium
G_r015_substitution_titv_5pct	15	10	substitution_titv	0.05	5.0	titv_2	RS_GCF_007752345.1	Planctomycetota	Bacteria	high	71.30081523787312	1.9999957806400808	71.30081523787312	1.9999957806400808	5214061	7	3821949	7	3821949	0.0500932900988474	0.3697505902753909	0	191454	0	0	True	39.98	2.46	checkm2	-31.320815237873127	0.4600042193599192	31.320815237873127	0.4600042193599192	low	medium
G_r015_indel_0p1pct	15	11	indel	0.001	0.1	ins0.5_geom0.75	RS_GCF_007752345.1	Planctomycetota	Bacteria	high	71.30081523787312	1.9999957806400808	71.30061002609044	1.9999957806400808	5214061	7	3821949	7	3821938	0.0010041996897394		0	0	3838	0	True	66.43	6.01	checkm2	-4.870815237873117	4.010004219359919	4.870815237873117	4.010004219359919	medium	medium
G_r015_indel_0p5pct	15	12	indel	0.005	0.5	ins0.5_geom0.75	RS_GCF_007752345.1	Planctomycetota	Bacteria	high	71.30081523787312	1.9999957806400808	71.29641251235374	1.9999957806400808	5214061	7	3821949	7	3821713	0.0049995434266652		0	0	19108	0	True	47.9	10.03	checkm2	-23.400815237873125	8.030004219359919	23.400815237873125	8.030004219359919	low	medium
G_r015_indel_1pct	15	13	indel	0.01	1.0	ins0.5_geom0.75	RS_GCF_007752345.1	Planctomycetota	Bacteria	high	71.30081523787312	1.9999957806400808	71.30579628750736	1.9999957806400808	5214061	7	3821949	7	3822216	0.0099849579363827		0	0	38162	0	True	60.69	14.49	checkm2	-10.610815237873126	12.49000421935992	10.610815237873126	12.49000421935992	low	medium
G_r015_indel_2pct	15	14	indel	0.02	2.0	ins0.5_geom0.75	RS_GCF_007752345.1	Planctomycetota	Bacteria	high	71.30081523787312	1.9999957806400808	71.29844597456396	1.9999957806400808	5214061	7	3821949	7	3821822	0.0199809050303915		0	0	76366	0	True	58.2	16.76	checkm2	-13.100815237873121	14.76000421935992	13.100815237873121	14.76000421935992	low	medium
G_r015_indel_5pct	15	15	indel	0.05	5.0	ins0.5_geom0.75	RS_GCF_007752345.1	Planctomycetota	Bacteria	high	71.30081523787312	1.9999957806400808	71.30447173872822	1.9999957806400808	5214061	7	3821949	7	3822145	0.0500325880852936		0	0	191222	0	True	42.81	9.3	checkm2	-28.49081523787312	7.30000421935992	28.49081523787312	7.30000421935992	low	medium
G_r015_chimera_5pct	15	16	chimera	0.05	5.0	rc0.5	RS_GCF_007752345.1	Planctomycetota	Bacteria	high	71.30081523787312	1.9999957806400808	71.30081523787312	1.9999957806400808	5214061	7	3821949	6	3821949	0.2857142857142857		0	0	0	1	True	68.41	1.9	checkm2	-2.8908152378731273	-0.09999578064008086	2.8908152378731273	0.09999578064008086	medium	medium
G_r015_chimera_10pct	15	17	chimera	0.1	10.0	rc0.5	RS_GCF_007752345.1	Planctomycetota	Bacteria	high	71.30081523787312	1.9999957806400808	71.30081523787312	1.9999957806400808	5214061	7	3821949	6	3821949	0.2857142857142857		0	0	0	1	True	68.17	1.9	checkm2	-3.130815237873122	-0.09999578064008086	3.130815237873122	0.09999578064008086	medium	medium
G_r015_chimera_20pct	15	18	chimera	0.2	20.0	rc0.5	RS_GCF_007752345.1	Planctomycetota	Bacteria	high	71.30081523787312	1.9999957806400808	71.30081523787312	1.9999957806400808	5214061	7	3821949	6	3821949	0.2857142857142857		0	0	0	1	True	68.17	1.9	checkm2	-3.130815237873122	-0.09999578064008086	3.130815237873122	0.09999578064008086	medium	medium
G_r015_chimera_40pct	15	19	chimera	0.4	40.0	rc0.5	RS_GCF_007752345.1	Planctomycetota	Bacteria	high	71.30081523787312	1.9999957806400808	71.30081523787312	1.9999957806400808	5214061	7	3821949	6	3821949	0.2857142857142857		0	0	0	1	True	68.17	1.9	checkm2	-3.130815237873122	-0.09999578064008086	3.130815237873122	0.09999578064008086	medium	medium
G_r015_uneven_coverage_5pct	15	20	uneven_coverage	0.05	5.0	lognormal_sigma1.0	RS_GCF_007752345.1	Planctomycetota	Bacteria	high	71.30081523787312	1.9999957806400808	71.30081523787312	5.665027701056816	5214061	7	3821949	8	4013046	0.0499998822590254		191097	0	0	0	True	68.97	3.16	checkm2	-2.330815237873125	1.1600042193599194	2.330815237873125	1.1600042193599194	medium	medium
G_r015_uneven_coverage_10pct	15	21	uneven_coverage	0.1	10.0	lognormal_sigma1.0	RS_GCF_007752345.1	Planctomycetota	Bacteria	high	71.30081523787312	1.9999957806400808	71.30081523787312	9.330078800382276	5214061	7	3821949	9	4204144	0.100000026164661		382195	0	0	0	True	68.6	6.25	checkm2	-2.7008152378731296	4.250004219359919	2.7008152378731296	4.250004219359919	medium	medium
G_r015_uneven_coverage_20pct	15	22	uneven_coverage	0.2	20.0	lognormal_sigma1.0	RS_GCF_007752345.1	Planctomycetota	Bacteria	high	71.30081523787312	1.9999957806400808	71.30081523787312	16.66016182012447	5214061	7	3821949	10	4586339	0.200000052329322		764390	0	0	0	True	67.92	13.9	checkm2	-3.380815237873122	11.90000421935992	3.380815237873122	11.90000421935992	low	medium
G_r015_uneven_coverage_40pct	15	23	uneven_coverage	0.4	40.0	lognormal_sigma1.0	RS_GCF_007752345.1	Planctomycetota	Bacteria	high	71.30081523787312	1.9999957806400808	71.30081523787312	31.32032785960885	5214061	7	3821949	11	5350729	0.400000104658644		1528780	0	0	0	True	65.09	23.1	checkm2	-6.2108152378731205	21.10000421935992	6.2108152378731205	21.10000421935992	low	medium
G_r016_none_control	16	0	none	0.0	0.0	control	RS_GCF_004684285.1	Chloroflexota	Bacteria	highly_fragmented	79.8641410952798	19.999957816527203	79.8641410952798	19.999957816527203	1422358	187	1420425	187	1420425	0.0		0	0	0	0	True	81.4	2.73	checkm2	1.5358589047202003	-17.269957816527203	1.5358589047202003	17.269957816527203	medium	low
G_r016_substitution_0p1pct	16	1	substitution	0.001	0.1	uniform	RS_GCF_004684285.1	Chloroflexota	Bacteria	highly_fragmented	79.8641410952798	19.999957816527203	79.8641410952798	19.999957816527203	1422358	187	1420425	187	1420425	0.0009828044423324	0.0089640838741259	0	1396	0	0	True	80.97	3.07	checkm2	1.1058589047201934	-16.929957816527203	1.1058589047201934	16.929957816527203	medium	low
G_r016_substitution_0p5pct	16	2	substitution	0.005	0.5	uniform	RS_GCF_004684285.1	Chloroflexota	Bacteria	highly_fragmented	79.8641410952798	19.999957816527203	79.8641410952798	19.999957816527203	1422358	187	1420425	187	1420425	0.004916838270236	0.0441104216424403	0	6984	0	0	True	73.5	4.29	checkm2	-6.364141095279805	-15.709957816527204	6.364141095279805	15.709957816527204	medium	low
G_r016_substitution_1pct	16	3	substitution	0.01	1.0	uniform	RS_GCF_004684285.1	Chloroflexota	Bacteria	highly_fragmented	79.8641410952798	19.999957816527203	79.8641410952798	19.999957816527203	1422358	187	1420425	187	1420425	0.0099878557473995	0.0864827525163591	0	14187	0	0	True	70.92	3.96	checkm2	-8.944141095279804	-16.039957816527203	8.944141095279804	16.039957816527203	medium	low
G_r016_substitution_2pct	16	4	substitution	0.02	2.0	uniform	RS_GCF_004684285.1	Chloroflexota	Bacteria	highly_fragmented	79.8641410952798	19.999957816527203	79.8641410952798	19.999957816527203	1422358	187	1420425	187	1420425	0.0200334406955664	0.1662522378698502	0	28456	0	0	True	63.93	2.86	checkm2	-15.934141095279806	-17.139957816527204	15.934141095279806	17.139957816527204	medium	low
G_r016_substitution_5pct	16	5	substitution	0.05	5.0	uniform	RS_GCF_004684285.1	Chloroflexota	Bacteria	highly_fragmented	79.8641410952798	19.999957816527203	79.8641410952798	19.999957816527203	1422358	187	1420425	187	1420425	0.0498315644965415	0.3697505902753909	0	70782	0	0	True	50.19	2.23	checkm2	-29.674141095279808	-17.769957816527203	29.674141095279808	17.769957816527203	medium	low
G_r016_substitution_titv_0p1pct	16	6	substitution_titv	0.001	0.1	titv_2	RS_GCF_004684285.1	Chloroflexota	Bacteria	highly_fragmented	79.8641410952798	19.999957816527203	79.8641410952798	19.999957816527203	1422358	187	1420425	187	1420425	0.0010165971452206	0.0089640838741259	0	1444	0	0	True	80.49	3.0	checkm2	0.6258589047201895	-16.999957816527203	0.6258589047201895	16.999957816527203	medium	low
G_r016_substitution_titv_0p5pct	16	7	substitution_titv	0.005	0.5	titv_2	RS_GCF_004684285.1	Chloroflexota	Bacteria	highly_fragmented	79.8641410952798	19.999957816527203	79.8641410952798	19.999957816527203	1422358	187	1420425	187	1420425	0.0049696393684988	0.0441104216424403	0	7059	0	0	True	77.4	4.77	checkm2	-2.4641410952797997	-15.229957816527204	2.4641410952797997	15.229957816527204	medium	low
G_r016_substitution_titv_1pct	16	8	substitution_titv	0.01	1.0	titv_2	RS_GCF_004684285.1	Chloroflexota	Bacteria	highly_fragmented	79.8641410952798	19.999957816527203	79.8641410952798	19.999957816527203	1422358	187	1420425	187	1420425	0.0099625112202333	0.0864827525163591	0	14151	0	0	True	72.94	3.48	checkm2	-6.924141095279808	-16.519957816527203	6.924141095279808	16.519957816527203	medium	low
G_r016_substitution_titv_2pct	16	9	substitution_titv	0.02	2.0	titv_2	RS_GCF_004684285.1	Chloroflexota	Bacteria	highly_fragmented	79.8641410952798	19.999957816527203	79.8641410952798	19.999957816527203	1422358	187	1420425	187	1420425	0.0197546508967386	0.1662522378698502	0	28060	0	0	True	65.43	6.43	checkm2	-14.434141095279799	-13.569957816527204	14.434141095279799	13.569957816527204	medium	low
G_r016_substitution_titv_5pct	16	10	substitution_titv	0.05	5.0	titv_2	RS_GCF_004684285.1	Chloroflexota	Bacteria	highly_fragmented	79.8641410952798	19.999957816527203	79.8641410952798	19.999957816527203	1422358	187	1420425	187	1420425	0.0497815794568527	0.3697505902753909	0	70711	0	0	True	52.61	4.21	checkm2	-27.254141095279806	-15.789957816527203	27.254141095279806	15.789957816527203	medium	low
G_r016_indel_0p1pct	16	11	indel	0.001	0.1	ins0.5_geom0.75	RS_GCF_004684285.1	Chloroflexota	Bacteria	highly_fragmented	79.8641410952798	19.999957816527203	79.86161094666282	19.999957816527203	1422358	187	1420425	187	1420380	0.00100040480842		0	0	1421	0	True	70.52	2.76	checkm2	-9.34414109527981	-17.239957816527202	9.34414109527981	17.239957816527202	medium	low
G_r016_indel_0p5pct	16	12	indel	0.005	0.5	ins0.5_geom0.75	RS_GCF_004684285.1	Chloroflexota	Bacteria	highly_fragmented	79.8641410952798	19.999957816527203	79.87218134532935	19.999957816527203	1422358	187	1420425	187	1420568	0.0049872397345864		0	0	7084	0	True	31.83	2.71	checkm2	-48.03414109527981	-17.289957816527203	48.03414109527981	17.289957816527203	low	low
G_r016_indel_1pct	16	13	indel	0.01	1.0	ins0.5_geom0.75	RS_GCF_004684285.1	Chloroflexota	Bacteria	highly_fragmented	79.8641410952798	19.999957816527203	79.87555487681868	19.999957816527203	1422358	187	1420425	187	1420628	0.0100188323917137		0	0	14231	0	True	24.52	2.76	checkm2	-55.34414109527981	-17.239957816527202	55.34414109527981	17.239957816527202	low	low
G_r016_indel_2pct	16	14	indel	0.02	2.0	ins0.5_geom0.75	RS_GCF_004684285.1	Chloroflexota	Bacteria	highly_fragmented	79.8641410952798	19.999957816527203	79.87122551140737	19.999957816527203	1422358	187	1420425	187	1420551	0.0202615414400619		0	0	28780	0	True	16.41	5.19	checkm2	-63.45414109527981	-14.809957816527202	63.45414109527981	14.809957816527202	low	low
G_r016_indel_5pct	16	15	indel	0.05	5.0	ins0.5_geom0.75	RS_GCF_004684285.1	Chloroflexota	Bacteria	highly_fragmented	79.8641410952798	19.999957816527203	79.84794814413107	19.999957816527203	1422358	187	1420425	187	1420137	0.049982927644895		0	0	70997	0	True	6.76	0.67	checkm2	-73.1041410952798	-19.3299578165272	73.1041410952798	19.3299578165272	low	low
G_r016_chimera_5pct	16	16	chimera	0.05	5.0	rc0.5	RS_GCF_004684285.1	Chloroflexota	Bacteria	highly_fragmented	79.8641410952798	19.999957816527203	79.8641410952798	19.999957816527203	1422358	187	1420425	182	1420425	0.053475935828877		0	0	0	5	True	80.59	2.73	checkm2	0.725858904720198	-17.269957816527203	0.725858904720198	17.269957816527203	medium	low
G_r016_chimera_10pct	16	17	chimera	0.1	10.0	rc0.5	RS_GCF_004684285.1	Chloroflexota	Bacteria	highly_fragmented	79.8641410952798	19.999957816527203	79.8641410952798	19.999957816527203	1422358	187	1420425	178	1420425	0.0962566844919786		0	0	0	9	True	81.67	2.74	checkm2	1.8058589047201963	-17.259957816527205	1.8058589047201963	17.259957816527205	medium	low
G_r016_chimera_20pct	16	18	chimera	0.2	20.0	rc0.5	RS_GCF_004684285.1	Chloroflexota	Bacteria	highly_fragmented	79.8641410952798	19.999957816527203	79.8641410952798	19.999957816527203	1422358	187	1420425	169	1420425	0.1925133689839572		0	0	0	18	True	81.13	2.7	checkm2	1.26585890472019	-17.299957816527204	1.26585890472019	17.299957816527204	medium	low
G_r016_chimera_40pct	16	19	chimera	0.4	40.0	rc0.5	RS_GCF_004684285.1	Chloroflexota	Bacteria	highly_fragmented	79.8641410952798	19.999957816527203	79.8641410952798	19.999957816527203	1422358	187	1420425	150	1420425	0.3957219251336898		0	0	0	37	True	80.66	2.9	checkm2	0.7958589047201912	-17.099957816527205	0.7958589047201912	17.099957816527205	medium	low
G_r016_uneven_coverage_5pct	16	20	uneven_coverage	0.05	5.0	lognormal_sigma1.0	RS_GCF_004684285.1	Chloroflexota	Bacteria	highly_fragmented	79.8641410952798	19.999957816527203	79.8641410952798	24.99314518567056	1422358	187	1420425	201	1491446	0.0499998239963391		71021	0	0	0	True	78.78	7.55	checkm2	-1.0841410952798043	-12.449957816527203	1.0841410952798043	12.449957816527203	medium	low
G_r016_uneven_coverage_10pct	16	21	uneven_coverage	0.1	10.0	lognormal_sigma1.0	RS_GCF_004684285.1	Chloroflexota	Bacteria	highly_fragmented	79.8641410952798	19.999957816527203	79.8641410952798	29.986332554813902	1422358	187	1420425	215	1562467	0.0999996479926782		142042	0	0	0	True	81.38	12.1	checkm2	1.51585890472019	-7.899957816527204	1.51585890472019	7.899957816527204	low	low
G_r016_uneven_coverage_20pct	16	22	uneven_coverage	0.2	20.0	lognormal_sigma1.0	RS_GCF_004684285.1	Chloroflexota	Bacteria	highly_fragmented	79.8641410952798	19.999957816527203	79.8641410952798	39.972777598888605	1422358	187	1420425	222	1704510	0.2		284085	0	0	0	True	80.16	13.26	checkm2	0.29585890472019116	-6.739957816527204	0.29585890472019116	6.739957816527204	low	low
G_r016_uneven_coverage_40pct	16	23	uneven_coverage	0.4	40.0	lognormal_sigma1.0	RS_GCF_004684285.1	Chloroflexota	Bacteria	highly_fragmented	79.8641410952798	19.999957816527203	79.8641410952798	59.94559738125001	1422358	187	1420425	283	1988595	0.4		568170	0	0	0	True	83.57	24.36	checkm2	3.7058589047201878	4.360042183472796	3.7058589047201878	4.360042183472796	low	low
G_r017_none_control	17	0	none	0.0	0.0	control	RS_GCF_019904315.1	Desulfobacterota	Bacteria	low	59.58685545582793	19.99997910430062	59.58685545582793	19.99997910430062	3828539	35	3047013	35	3047013	0.0		0	0	0	0	True	79.01	5.42	checkm2	19.423144544172075	-14.579979104300621	19.423144544172075	14.579979104300621	medium	low
G_r017_substitution_0p1pct	17	1	substitution	0.001	0.1	uniform	RS_GCF_019904315.1	Desulfobacterota	Bacteria	low	59.58685545582793	19.99997910430062	59.58685545582793	19.99997910430062	3828539	35	3047013	35	3047013	0.0010141079148661	0.0089640838741259	0	3090	0	0	True	78.4	5.49	checkm2	18.813144544172076	-14.509979104300621	18.813144544172076	14.509979104300621	medium	low
G_r017_substitution_0p5pct	17	2	substitution	0.005	0.5	uniform	RS_GCF_019904315.1	Desulfobacterota	Bacteria	low	59.58685545582793	19.99997910430062	59.58685545582793	19.99997910430062	3828539	35	3047013	35	3047013	0.0050400178798055	0.0441104216424403	0	15357	0	0	True	75.89	7.03	checkm2	16.30314454417207	-12.96997910430062	16.30314454417207	12.96997910430062	medium	low
G_r017_substitution_1pct	17	3	substitution	0.01	1.0	uniform	RS_GCF_019904315.1	Desulfobacterota	Bacteria	low	59.58685545582793	19.99997910430062	59.58685545582793	19.99997910430062	3828539	35	3047013	35	3047013	0.0100587033924699	0.0864827525163591	0	30649	0	0	True	73.46	7.55	checkm2	13.873144544172064	-12.44997910430062	13.873144544172064	12.44997910430062	medium	low
G_r017_substitution_2pct	17	4	substitution	0.02	2.0	uniform	RS_GCF_019904315.1	Desulfobacterota	Bacteria	low	59.58685545582793	19.99997910430062	59.58685545582793	19.99997910430062	3828539	35	3047013	35	3047013	0.0199155697727577	0.1662522378698502	0	60683	0	0	True	68.53	7.69	checkm2	8.943144544172071	-12.30997910430062	8.943144544172071	12.30997910430062	medium	low
G_r017_substitution_5pct	17	5	substitution	0.05	5.0	uniform	RS_GCF_019904315.1	Desulfobacterota	Bacteria	low	59.58685545582793	19.99997910430062	59.58685545582793	19.99997910430062	3828539	35	3047013	35	3047013	0.0499649985083752	0.3697505902753909	0	152244	0	0	True	53.38	6.54	checkm2	-6.206855455827927	-13.459979104300622	6.206855455827927	13.459979104300622	medium	low
G_r017_substitution_titv_0p1pct	17	6	substitution_titv	0.001	0.1	titv_2	RS_GCF_019904315.1	Desulfobacterota	Bacteria	low	59.58685545582793	19.99997910430062	59.58685545582793	19.99997910430062	3828539	35	3047013	35	3047013	0.0010147642953935	0.0089640838741259	0	3092	0	0	True	78.94	6.56	checkm2	19.353144544172068	-13.439979104300622	19.353144544172068	13.439979104300622	medium	low
G_r017_substitution_titv_0p5pct	17	7	substitution_titv	0.005	0.5	titv_2	RS_GCF_019904315.1	Desulfobacterota	Bacteria	low	59.58685545582793	19.99997910430062	59.58685545582793	19.99997910430062	3828539	35	3047013	35	3047013	0.0049208848140785	0.0441104216424403	0	14994	0	0	True	75.54	5.71	checkm2	15.953144544172076	-14.28997910430062	15.953144544172076	14.28997910430062	medium	low
G_r017_substitution_titv_1pct	17	8	substitution_titv	0.01	1.0	titv_2	RS_GCF_019904315.1	Desulfobacterota	Bacteria	low	59.58685545582793	19.99997910430062	59.58685545582793	19.99997910430062	3828539	35	3047013	35	3047013	0.0100078339015947	0.0864827525163591	0	30494	0	0	True	72.44	5.44	checkm2	12.853144544172068	-14.55997910430062	12.853144544172068	14.55997910430062	medium	low
G_r017_substitution_titv_2pct	17	9	substitution_titv	0.02	2.0	titv_2	RS_GCF_019904315.1	Desulfobacterota	Bacteria	low	59.58685545582793	19.99997910430062	59.58685545582793	19.99997910430062	3828539	35	3047013	35	3047013	0.0199260718611965	0.1662522378698502	0	60715	0	0	True	69.66	6.37	checkm2	10.073144544172067	-13.62997910430062	10.073144544172067	13.62997910430062	medium	low
G_r017_substitution_titv_5pct	17	10	substitution_titv	0.05	5.0	titv_2	RS_GCF_019904315.1	Desulfobacterota	Bacteria	low	59.58685545582793	19.99997910430062	59.58685545582793	19.99997910430062	3828539	35	3047013	35	3047013	0.0499134726369726	0.3697505902753909	0	152087	0	0	True	63.98	6.9	checkm2	4.393144544172067	-13.09997910430062	4.393144544172067	13.09997910430062	medium	low
G_r017_indel_0p1pct	17	11	indel	0.001	0.1	ins0.5_geom0.75	RS_GCF_019904315.1	Desulfobacterota	Bacteria	low	59.58685545582793	19.99997910430062	59.5871096815634	19.99997910430062	3828539	35	3047013	35	3047026	0.0009826016495499		0	0	2994	0	True	64.32	5.18	checkm2	4.733144544172063	-14.819979104300621	4.733144544172063	14.819979104300621	medium	low
G_r017_indel_0p5pct	17	12	indel	0.005	0.5	ins0.5_geom0.75	RS_GCF_019904315.1	Desulfobacterota	Bacteria	low	59.58685545582793	19.99997910430062	59.58883059423431	19.99997910430062	3828539	35	3047013	35	3047114	0.0050081834242256		0	0	15260	0	True	39.07	1.46	checkm2	-20.51685545582793	-18.53997910430062	20.51685545582793	18.53997910430062	low	low
G_r017_indel_1pct	17	13	indel	0.01	1.0	ins0.5_geom0.75	RS_GCF_019904315.1	Desulfobacterota	Bacteria	low	59.58685545582793	19.99997910430062	59.586053666969896	19.99997910430062	3828539	35	3047013	35	3046972	0.0100242434147803		0	0	30544	0	True	37.5	1.9	checkm2	-22.08685545582793	-18.099979104300623	22.08685545582793	18.099979104300623	low	low
G_r017_indel_2pct	17	14	indel	0.02	2.0	ins0.5_geom0.75	RS_GCF_019904315.1	Desulfobacterota	Bacteria	low	59.58685545582793	19.99997910430062	59.58294429066678	19.99997910430062	3828539	35	3047013	35	3046813	0.0200950898470075		0	0	61230	0	True	32.43	5.38	checkm2	-27.15685545582793	-14.619979104300622	27.15685545582793	14.619979104300622	low	low
G_r017_indel_5pct	17	15	indel	0.05	5.0	ins0.5_geom0.75	RS_GCF_019904315.1	Desulfobacterota	Bacteria	low	59.58685545582793	19.99997910430062	59.58971060639556	19.99997910430062	3828539	35	3047013	35	3047159	0.0498478345842305		0	0	151887	0	True	32.04	8.61	checkm2	-27.54685545582793	-11.389979104300622	27.54685545582793	11.389979104300622	low	low
G_r017_chimera_5pct	17	16	chimera	0.05	5.0	rc0.5	RS_GCF_019904315.1	Desulfobacterota	Bacteria	low	59.58685545582793	19.99997910430062	59.58685545582793	19.99997910430062	3828539	35	3047013	34	3047013	0.0571428571428571		0	0	0	1	True	79.0	5.42	checkm2	19.41314454417207	-14.579979104300621	19.41314454417207	14.579979104300621	medium	low
G_r017_chimera_10pct	17	17	chimera	0.1	10.0	rc0.5	RS_GCF_019904315.1	Desulfobacterota	Bacteria	low	59.58685545582793	19.99997910430062	59.58685545582793	19.99997910430062	3828539	35	3047013	34	3047013	0.0571428571428571		0	0	0	1	True	79.01	5.42	checkm2	19.423144544172075	-14.579979104300621	19.423144544172075	14.579979104300621	medium	low
G_r017_chimera_20pct	17	18	chimera	0.2	20.0	rc0.5	RS_GCF_019904315.1	Desulfobacterota	Bacteria	low	59.58685545582793	19.99997910430062	59.58685545582793	19.99997910430062	3828539	35	3047013	31	3047013	0.2285714285714285		0	0	0	4	True	79.01	5.42	checkm2	19.423144544172075	-14.579979104300621	19.423144544172075	14.579979104300621	medium	low
G_r017_chimera_40pct	17	19	chimera	0.4	40.0	rc0.5	RS_GCF_019904315.1	Desulfobacterota	Bacteria	low	59.58685545582793	19.99997910430062	59.58685545582793	19.99997910430062	3828539	35	3047013	28	3047013	0.4		0	0	0	7	True	79.15	5.42	checkm2	19.563144544172076	-14.579979104300621	19.563144544172076	14.579979104300621	medium	low
G_r017_uneven_coverage_5pct	17	20	uneven_coverage	0.05	5.0	lognormal_sigma1.0	RS_GCF_019904315.1	Desulfobacterota	Bacteria	low	59.58685545582793	19.99997910430062	59.58685545582793	23.979329974175528	3828539	35	3047013	38	3199364	0.0500001148665922		152351	0	0	0	True	78.42	8.21	checkm2	18.83314454417207	-11.78997910430062	18.83314454417207	11.78997910430062	medium	low
G_r017_uneven_coverage_10pct	17	21	uneven_coverage	0.1	10.0	lognormal_sigma1.0	RS_GCF_019904315.1	Desulfobacterota	Bacteria	low	59.58685545582793	19.99997910430062	59.58685545582793	27.95865472442621	3828539	35	3047013	40	3351714	0.0999999015429208		304701	0	0	0	True	79.29	9.07	checkm2	19.703144544172076	-10.929979104300621	19.703144544172076	10.929979104300621	medium	low
G_r017_uneven_coverage_20pct	17	22	uneven_coverage	0.2	20.0	lognormal_sigma1.0	RS_GCF_019904315.1	Desulfobacterota	Bacteria	low	59.58685545582793	19.99997910430062	59.58685545582793	35.917356464176024	3828539	35	3047013	45	3656416	0.2000001312761055		609403	0	0	0	True	80.44	21.3	checkm2	20.853144544172068	1.3000208956993795	20.853144544172068	1.3000208956993795	low	low
G_r017_uneven_coverage_40pct	17	23	uneven_coverage	0.4	40.0	lognormal_sigma1.0	RS_GCF_019904315.1	Desulfobacterota	Bacteria	low	59.58685545582793	19.99997910430062	59.58685545582793	51.8347077044272	3828539	35	3047013	55	4265818	0.3999999343619472		1218805	0	0	0	True	79.53	35.25	checkm2	19.94314454417207	15.250020895699379	19.94314454417207	15.250020895699379	low	low
G_r018_none_control	18	0	none	0.0	0.0	control	RS_GCF_000265525.1	Methanobacteriota_B	Archaea	high	90.43681706474808	19.99996923570729	90.43681706474808	19.99996923570729	1950313	11	2153863	11	2153863	0.0		0	0	0	0	True	98.65	12.98	checkm2	8.213182935251922	-7.01996923570729	8.213182935251922	7.01996923570729	low	low
G_r018_substitution_0p1pct	18	1	substitution	0.001	0.1	uniform	RS_GCF_000265525.1	Methanobacteriota_B	Archaea	high	90.43681706474808	19.99996923570729	90.43681706474808	19.99996923570729	1950313	11	2153863	11	2153863	0.0009935636574842	0.0089640838741259	0	2140	0	0	True	98.16	13.21	checkm2	7.723182935251913	-6.789969235707289	7.723182935251913	6.789969235707289	low	low
G_r018_substitution_0p5pct	18	2	substitution	0.005	0.5	uniform	RS_GCF_000265525.1	Methanobacteriota_B	Archaea	high	90.43681706474808	19.99996923570729	90.43681706474808	19.99996923570729	1950313	11	2153863	11	2153863	0.0049933538019827	0.0441104216424403	0	10755	0	0	True	89.38	12.92	checkm2	-1.0568170647480883	-7.07996923570729	1.0568170647480883	7.07996923570729	low	low
G_r018_substitution_1pct	18	3	substitution	0.01	1.0	uniform	RS_GCF_000265525.1	Methanobacteriota_B	Archaea	high	90.43681706474808	19.99996923570729	90.43681706474808	19.99996923570729	1950313	11	2153863	11	2153863	0.0101171708692707	0.0864827525163591	0	21791	0	0	True	80.89	9.87	checkm2	-9.546817064748083	-10.129969235707291	9.546817064748083	10.129969235707291	medium	low
G_r018_substitution_2pct	18	4	substitution	0.02	2.0	uniform	RS_GCF_000265525.1	Methanobacteriota_B	Archaea	high	90.43681706474808	19.99996923570729	90.43681706474808	19.99996923570729	1950313	11	2153863	11	2153863	0.0197431312947945	0.1662522378698502	0	42524	0	0	True	74.07	6.24	checkm2	-16.36681706474809	-13.75996923570729	16.36681706474809	13.75996923570729	medium	low
G_r018_substitution_5pct	18	5	substitution	0.05	5.0	uniform	RS_GCF_000265525.1	Methanobacteriota_B	Archaea	high	90.43681706474808	19.99996923570729	90.43681706474808	19.99996923570729	1950313	11	2153863	11	2153863	0.0499739305610431	0.3697505902753909	0	107637	0	0	True	54.93	5.34	checkm2	-35.506817064748084	-14.65996923570729	35.506817064748084	14.65996923570729	medium	low
G_r018_substitution_titv_0p1pct	18	6	substitution_titv	0.001	0.1	titv_2	RS_GCF_000265525.1	Methanobacteriota_B	Archaea	high	90.43681706474808	19.99996923570729	90.43681706474808	19.99996923570729	1950313	11	2153863	11	2153863	0.0009527068341858	0.0089640838741259	0	2052	0	0	True	96.53	13.14	checkm2	6.093182935251917	-6.85996923570729	6.093182935251917	6.85996923570729	low	low
G_r018_substitution_titv_0p5pct	18	7	substitution_titv	0.005	0.5	titv_2	RS_GCF_000265525.1	Methanobacteriota_B	Archaea	high	90.43681706474808	19.99996923570729	90.43681706474808	19.99996923570729	1950313	11	2153863	11	2153863	0.0050263178298712	0.0441104216424403	0	10826	0	0	True	87.94	11.14	checkm2	-2.496817064748086	-8.85996923570729	2.496817064748086	8.85996923570729	low	low
G_r018_substitution_titv_1pct	18	8	substitution_titv	0.01	1.0	titv_2	RS_GCF_000265525.1	Methanobacteriota_B	Archaea	high	90.43681706474808	19.99996923570729	90.43681706474808	19.99996923570729	1950313	11	2153863	11	2153863	0.0099797433727214	0.0864827525163591	0	21495	0	0	True	86.16	8.33	checkm2	-4.276817064748087	-11.66996923570729	4.276817064748087	11.66996923570729	medium	low
G_r018_substitution_titv_2pct	18	9	substitution_titv	0.02	2.0	titv_2	RS_GCF_000265525.1	Methanobacteriota_B	Archaea	high	90.43681706474808	19.99996923570729	90.43681706474808	19.99996923570729	1950313	11	2153863	11	2153863	0.019922344178808	0.1662522378698502	0	42910	0	0	True	81.18	5.38	checkm2	-9.256817064748077	-14.619969235707291	9.256817064748077	14.619969235707291	medium	low
G_r018_substitution_titv_5pct	18	10	substitution_titv	0.05	5.0	titv_2	RS_GCF_000265525.1	Methanobacteriota_B	Archaea	high	90.43681706474808	19.99996923570729	90.43681706474808	19.99996923570729	1950313	11	2153863	11	2153863	0.0497269324929208	0.3697505902753909	0	107105	0	0	True	63.99	4.36	checkm2	-26.446817064748082	-15.63996923570729	26.446817064748082	15.63996923570729	medium	low
G_r018_indel_0p1pct	18	11	indel	0.001	0.1	ins0.5_geom0.75	RS_GCF_000265525.1	Methanobacteriota_B	Archaea	high	90.43681706474808	19.99996923570729	90.43820267514351	19.99996923570729	1950313	11	2153863	11	2153896	0.0009824208874937		0	0	2116	0	True	73.64	8.43	checkm2	-16.796817064748083	-11.56996923570729	16.796817064748083	11.56996923570729	medium	low
G_r018_indel_0p5pct	18	12	indel	0.005	0.5	ins0.5_geom0.75	RS_GCF_000265525.1	Methanobacteriota_B	Archaea	high	90.43681706474808	19.99996923570729	90.43190444607336	19.99996923570729	1950313	11	2153863	11	2153746	0.0049278900282887		0	0	10614	0	True	34.41	4.74	checkm2	-56.02681706474809	-15.25996923570729	56.02681706474809	15.25996923570729	low	low
G_r018_indel_1pct	18	13	indel	0.01	1.0	ins0.5_geom0.75	RS_GCF_000265525.1	Methanobacteriota_B	Archaea	high	90.43681706474808	19.99996923570729	90.43627121822868	19.99996923570729	1950313	11	2153863	11	2153850	0.0101287779213441		0	0	21816	0	True	28.34	5.76	checkm2	-62.09681706474808	-14.23996923570729	62.09681706474808	14.23996923570729	low	low
G_r018_indel_2pct	18	14	indel	0.02	2.0	ins0.5_geom0.75	RS_GCF_000265525.1	Methanobacteriota_B	Archaea	high	90.43681706474808	19.99996923570729	90.43828665153109	19.99996923570729	1950313	11	2153863	11	2153898	0.0200295933399663		0	0	43141	0	True	22.81	6.77	checkm2	-67.62681706474808	-13.22996923570729	67.62681706474808	13.22996923570729	low	low
G_r018_indel_5pct	18	15	indel	0.05	5.0	ins0.5_geom0.75	RS_GCF_000265525.1	Methanobacteriota_B	Archaea	high	90.43681706474808	19.99996923570729	90.3999514305908	19.99996923570729	1950313	11	2153863	11	2152985	0.049952109303145		0	0	107590	0	True	22.89	7.6	checkm2	-67.54681706474808	-12.39996923570729	67.54681706474808	12.39996923570729	low	low
G_r018_chimera_5pct	18	16	chimera	0.05	5.0	rc0.5	RS_GCF_000265525.1	Methanobacteriota_B	Archaea	high	90.43681706474808	19.99996923570729	90.43681706474808	19.99996923570729	1950313	11	2153863	10	2153863	0.1818181818181818		0	0	0	1	True	98.67	12.98	checkm2	8.233182935251918	-7.01996923570729	8.233182935251918	7.01996923570729	low	low
G_r018_chimera_10pct	18	17	chimera	0.1	10.0	rc0.5	RS_GCF_000265525.1	Methanobacteriota_B	Archaea	high	90.43681706474808	19.99996923570729	90.43681706474808	19.99996923570729	1950313	11	2153863	10	2153863	0.1818181818181818		0	0	0	1	True	98.67	12.98	checkm2	8.233182935251918	-7.01996923570729	8.233182935251918	7.01996923570729	low	low
G_r018_chimera_20pct	18	18	chimera	0.2	20.0	rc0.5	RS_GCF_000265525.1	Methanobacteriota_B	Archaea	high	90.43681706474808	19.99996923570729	90.43681706474808	19.99996923570729	1950313	11	2153863	10	2153863	0.1818181818181818		0	0	0	1	True	98.66	12.98	checkm2	8.223182935251913	-7.01996923570729	8.223182935251913	7.01996923570729	low	low
G_r018_chimera_40pct	18	19	chimera	0.4	40.0	rc0.5	RS_GCF_000265525.1	Methanobacteriota_B	Archaea	high	90.43681706474808	19.99996923570729	90.43681706474808	19.99996923570729	1950313	11	2153863	9	2153863	0.3636363636363636		0	0	0	2	True	98.61	12.98	checkm2	8.173182935251916	-7.01996923570729	8.173182935251916	7.01996923570729	low	low
G_r018_uneven_coverage_5pct	18	20	uneven_coverage	0.05	5.0	lognormal_sigma1.0	RS_GCF_000265525.1	Methanobacteriota_B	Archaea	high	90.43681706474808	19.99996923570729	90.43681706474808	25.521800859656885	1950313	11	2153863	12	2261556	0.0499999303576875		107693	0	0	0	True	92.13	16.68	checkm2	1.6931829352519117	-3.3199692357072905	1.6931829352519117	3.3199692357072905	low	low
G_r018_uneven_coverage_10pct	18	21	uneven_coverage	0.1	10.0	lognormal_sigma1.0	RS_GCF_000265525.1	Methanobacteriota_B	Archaea	high	90.43681706474808	19.99996923570729	90.43681706474808	31.04363248360648	1950313	11	2153863	12	2369249	0.0999998607153751		215386	0	0	0	True	94.21	24.28	checkm2	3.77318293525191	4.280030764292711	3.77318293525191	4.280030764292711	low	low
G_r018_uneven_coverage_20pct	18	22	uneven_coverage	0.2	20.0	lognormal_sigma1.0	RS_GCF_000265525.1	Methanobacteriota_B	Archaea	high	90.43681706474808	19.99996923570729	90.43681706474808	42.08734700532684	1950313	11	2153863	14	2584636	0.2000001857128331		430773	0	0	0	True	85.41	32.45	checkm2	-5.026817064748087	12.450030764292713	5.026817064748087	12.450030764292713	low	low
G_r018_uneven_coverage_40pct	18	23	uneven_coverage	0.4	40.0	lognormal_sigma1.0	RS_GCF_000265525.1	Methanobacteriota_B	Archaea	high	90.43681706474808	19.99996923570729	90.43681706474808	64.1746735011252	1950313	11	2153863	21	3015408	0.3999999071435834		861545	0	0	0	True	87.59	37.28	checkm2	-2.8468170647480804	17.28003076429271	2.8468170647480804	17.28003076429271	low	low
G_r019_none_control	19	0	none	0.0	0.0	control	GB_GCA_963693065.1	Acidobacteriota	Bacteria	medium	60.42513826454015	3.725765070955819	60.42513826454015	3.725765070955819	3720766	7	2386905	7	2386905	0.0		0	0	0	0	True	76.52	0.47	checkm2	16.094861735459844	-3.2557650709558192	16.094861735459844	3.2557650709558192	medium	medium
G_r019_substitution_0p1pct	19	1	substitution	0.001	0.1	uniform	GB_GCA_963693065.1	Acidobacteriota	Bacteria	medium	60.42513826454015	3.725765070955819	60.42513826454015	3.725765070955819	3720766	7	2386905	7	2386905	0.0009979450376114	0.0089640838741259	0	2382	0	0	True	75.63	0.5	checkm2	15.204861735459843	-3.225765070955819	15.204861735459843	3.225765070955819	medium	medium
G_r019_substitution_0p5pct	19	2	substitution	0.005	0.5	uniform	GB_GCA_963693065.1	Acidobacteriota	Bacteria	medium	60.42513826454015	3.725765070955819	60.42513826454015	3.725765070955819	3720766	7	2386905	7	2386905	0.0049562089819242	0.0441104216424403	0	11830	0	0	True	70.88	2.02	checkm2	10.454861735459843	-1.705765070955819	10.454861735459843	1.705765070955819	medium	medium
G_r019_substitution_1pct	19	3	substitution	0.01	1.0	uniform	GB_GCA_963693065.1	Acidobacteriota	Bacteria	medium	60.42513826454015	3.725765070955819	60.42513826454015	3.725765070955819	3720766	7	2386905	7	2386905	0.0099610164627415	0.0864827525163591	0	23776	0	0	True	66.24	1.78	checkm2	5.814861735459843	-1.945765070955819	5.814861735459843	1.945765070955819	medium	medium
G_r019_substitution_2pct	19	4	substitution	0.02	2.0	uniform	GB_GCA_963693065.1	Acidobacteriota	Bacteria	medium	60.42513826454015	3.725765070955819	60.42513826454015	3.725765070955819	3720766	7	2386905	7	2386905	0.0200049855356622	0.1662522378698502	0	47750	0	0	True	63.74	2.92	checkm2	3.31486173545985	-0.8057650709558191	3.31486173545985	0.8057650709558191	medium	medium
G_r019_substitution_5pct	19	5	substitution	0.05	5.0	uniform	GB_GCA_963693065.1	Acidobacteriota	Bacteria	medium	60.42513826454015	3.725765070955819	60.42513826454015	3.725765070955819	3720766	7	2386905	7	2386905	0.0499173616042532	0.3697505902753909	0	119148	0	0	True	41.85	2.08	checkm2	-18.57513826454015	-1.645765070955819	18.57513826454015	1.645765070955819	low	medium
G_r019_substitution_titv_0p1pct	19	6	substitution_titv	0.001	0.1	titv_2	GB_GCA_963693065.1	Acidobacteriota	Bacteria	medium	60.42513826454015	3.725765070955819	60.42513826454015	3.725765070955819	3720766	7	2386905	7	2386905	0.000972388930435	0.0089640838741259	0	2321	0	0	True	74.87	2.1	checkm2	14.444861735459853	-1.625765070955819	14.444861735459853	1.625765070955819	medium	medium
G_r019_substitution_titv_0p5pct	19	7	substitution_titv	0.005	0.5	titv_2	GB_GCA_963693065.1	Acidobacteriota	Bacteria	medium	60.42513826454015	3.725765070955819	60.42513826454015	3.725765070955819	3720766	7	2386905	7	2386905	0.0049507625984276	0.0441104216424403	0	11817	0	0	True	71.99	1.08	checkm2	11.564861735459843	-2.645765070955819	11.564861735459843	2.645765070955819	medium	medium
G_r019_substitution_titv_1pct	19	8	substitution_titv	0.01	1.0	titv_2	GB_GCA_963693065.1	Acidobacteriota	Bacteria	medium	60.42513826454015	3.725765070955819	60.42513826454015	3.725765070955819	3720766	7	2386905	7	2386905	0.0099605975101648	0.0864827525163591	0	23775	0	0	True	77.5	1.27	checkm2	17.074861735459848	-2.455765070955819	17.074861735459848	2.455765070955819	medium	medium
G_r019_substitution_titv_2pct	19	9	substitution_titv	0.02	2.0	titv_2	GB_GCA_963693065.1	Acidobacteriota	Bacteria	medium	60.42513826454015	3.725765070955819	60.42513826454015	3.725765070955819	3720766	7	2386905	7	2386905	0.0199764967604492	0.1662522378698502	0	47682	0	0	True	60.88	1.28	checkm2	0.45486173545985054	-2.4457650709558187	0.45486173545985054	2.4457650709558187	medium	medium
G_r019_substitution_titv_5pct	19	10	substitution_titv	0.05	5.0	titv_2	GB_GCA_963693065.1	Acidobacteriota	Bacteria	medium	60.42513826454015	3.725765070955819	60.42513826454015	3.725765070955819	3720766	7	2386905	7	2386905	0.0499571620990362	0.3697505902753909	0	119243	0	0	True	51.86	0.82	checkm2	-8.565138264540153	-2.905765070955819	8.565138264540153	2.905765070955819	medium	medium
G_r019_indel_0p1pct	19	11	indel	0.001	0.1	ins0.5_geom0.75	GB_GCA_963693065.1	Acidobacteriota	Bacteria	medium	60.42513826454015	3.725765070955819	60.42306241261572	3.725765070955819	3720766	7	2386905	7	2386823	0.0009837006500049		0	0	2348	0	True	58.74	2.37	checkm2	-1.68513826454015	-1.3557650709558189	1.68513826454015	1.3557650709558189	medium	medium
G_r019_indel_0p5pct	19	12	indel	0.005	0.5	ins0.5_geom0.75	GB_GCA_963693065.1	Acidobacteriota	Bacteria	medium	60.42513826454015	3.725765070955819	60.425695200422325	3.725765070955819	3720766	7	2386905	7	2386927	0.0049758997530274		0	0	11877	0	True	24.71	6.19	checkm2	-35.71513826454015	2.4642349290441814	35.71513826454015	2.4642349290441814	low	medium
G_r019_indel_1pct	19	13	indel	0.01	1.0	ins0.5_geom0.75	GB_GCA_963693065.1	Acidobacteriota	Bacteria	medium	60.42513826454015	3.725765070955819	60.431188613441854	3.725765070955819	3720766	7	2386905	7	2387144	0.0098474803144658		0	0	23505	0	True	34.34	9.56	checkm2	-26.08513826454015	5.8342349290441815	26.08513826454015	5.8342349290441815	low	medium
G_r019_indel_2pct	19	14	indel	0.02	2.0	ins0.5_geom0.75	GB_GCA_963693065.1	Acidobacteriota	Bacteria	medium	60.42513826454015	3.725765070955819	60.42620150576974	3.725765070955819	3720766	7	2386905	7	2386947	0.0199547112264627		0	0	47630	0	True	36.66	11.7	checkm2	-23.765138264540155	7.97423492904418	23.765138264540155	7.97423492904418	low	medium
G_r019_indel_5pct	19	15	indel	0.05	5.0	ins0.5_geom0.75	GB_GCA_963693065.1	Acidobacteriota	Bacteria	medium	60.42513826454015	3.725765070955819	60.44539047843708	3.725765070955819	3720766	7	2386905	7	2387705	0.0498314763260372		0	0	118943	0	True	43.26	13.79	checkm2	-17.165138264540154	10.06423492904418	17.165138264540154	10.06423492904418	low	medium
G_r019_chimera_5pct	19	16	chimera	0.05	5.0	rc0.5	GB_GCA_963693065.1	Acidobacteriota	Bacteria	medium	60.42513826454015	3.725765070955819	60.42513826454015	3.725765070955819	3720766	7	2386905	6	2386905	0.2857142857142857		0	0	0	1	True	76.52	0.47	checkm2	16.094861735459844	-3.2557650709558192	16.094861735459844	3.2557650709558192	medium	medium
G_r019_chimera_10pct	19	17	chimera	0.1	10.0	rc0.5	GB_GCA_963693065.1	Acidobacteriota	Bacteria	medium	60.42513826454015	3.725765070955819	60.42513826454015	3.725765070955819	3720766	7	2386905	6	2386905	0.2857142857142857		0	0	0	1	True	76.39	0.46	checkm2	15.964861735459849	-3.265765070955819	15.964861735459849	3.265765070955819	medium	medium
G_r019_chimera_20pct	19	18	chimera	0.2	20.0	rc0.5	GB_GCA_963693065.1	Acidobacteriota	Bacteria	medium	60.42513826454015	3.725765070955819	60.42513826454015	3.725765070955819	3720766	7	2386905	7	2386905	0.0		0	0	0	0	True	76.52	0.47	checkm2	16.094861735459844	-3.2557650709558192	16.094861735459844	3.2557650709558192	medium	medium
G_r019_chimera_40pct	19	19	chimera	0.4	40.0	rc0.5	GB_GCA_963693065.1	Acidobacteriota	Bacteria	medium	60.42513826454015	3.725765070955819	60.42513826454015	3.725765070955819	3720766	7	2386905	6	2386905	0.2857142857142857		0	0	0	1	True	76.52	0.47	checkm2	16.094861735459844	-3.2557650709558192	16.094861735459844	3.2557650709558192	medium	medium
G_r019_uneven_coverage_5pct	19	20	uneven_coverage	0.05	5.0	lognormal_sigma1.0	GB_GCA_963693065.1	Acidobacteriota	Bacteria	medium	60.42513826454015	3.725765070955819	60.42513826454015	6.933303518684056	3720766	7	2386905	8	2506250	0.0499998952618558		119345	0	0	0	True	76.36	2.11	checkm2	15.934861735459847	-1.6157650709558191	15.934861735459847	1.6157650709558191	medium	medium
G_r019_uneven_coverage_10pct	19	21	uneven_coverage	0.1	10.0	lognormal_sigma1.0	GB_GCA_963693065.1	Acidobacteriota	Bacteria	medium	60.42513826454015	3.725765070955819	60.42513826454015	10.140841966412292	3720766	7	2386905	8	2625595	0.0999997905237116		238690	0	0	0	True	76.65	9.81	checkm2	16.224861735459854	6.0842349290441815	16.224861735459854	6.0842349290441815	medium	medium
G_r019_uneven_coverage_20pct	19	22	uneven_coverage	0.2	20.0	lognormal_sigma1.0	GB_GCA_963693065.1	Acidobacteriota	Bacteria	medium	60.42513826454015	3.725765070955819	60.42513826454015	16.555945738055012	3720766	7	2386905	9	2864286	0.2		477381	0	0	0	True	75.13	15.55	checkm2	14.704861735459843	11.82423492904418	14.704861735459843	11.82423492904418	low	medium
G_r019_uneven_coverage_40pct	19	23	uneven_coverage	0.4	40.0	lognormal_sigma1.0	GB_GCA_963693065.1	Acidobacteriota	Bacteria	medium	60.42513826454015	3.725765070955819	60.42513826454015	29.386126405154208	3720766	7	2386905	10	3341667	0.4		954762	0	0	0	True	72.98	24.45	checkm2	12.554861735459852	20.72423492904418	12.554861735459852	20.72423492904418	low	medium
G_r020_none_control	20	0	none	0.0	0.0	control	GB_GCA_963674955.1	Desulfobacterota_I	Bacteria	highly_fragmented	59.99479796444285	4.99999051876873	59.99479796444285	4.99999051876873	3164146	104	2056530	104	2056530	0.0		0	0	0	0	True	57.35	0.4	checkm2	-2.6447979644428514	-4.599990518768729	2.6447979644428514	4.599990518768729	medium	medium
G_r020_substitution_0p1pct	20	1	substitution	0.001	0.1	uniform	GB_GCA_963674955.1	Desulfobacterota_I	Bacteria	highly_fragmented	59.99479796444285	4.99999051876873	59.99479796444285	4.99999051876873	3164146	104	2056530	104	2056530	0.0010080086359061	0.0089640838741259	0	2073	0	0	True	57.65	0.39	checkm2	-2.3447979644428543	-4.60999051876873	2.3447979644428543	4.60999051876873	medium	medium
G_r020_substitution_0p5pct	20	2	substitution	0.005	0.5	uniform	GB_GCA_963674955.1	Desulfobacterota_I	Bacteria	highly_fragmented	59.99479796444285	4.99999051876873	59.99479796444285	4.99999051876873	3164146	104	2056530	104	2056530	0.0049773161587723	0.0441104216424403	0	10236	0	0	True	55.1	0.87	checkm2	-4.894797964442851	-4.12999051876873	4.894797964442851	4.12999051876873	medium	medium
G_r020_substitution_1pct	20	3	substitution	0.01	1.0	uniform	GB_GCA_963674955.1	Desulfobacterota_I	Bacteria	highly_fragmented	59.99479796444285	4.99999051876873	59.99479796444285	4.99999051876873	3164146	104	2056530	104	2056530	0.0099551185735194	0.0864827525163591	0	20473	0	0	True	52.99	1.1	checkm2	-7.004797964442851	-3.8999905187687296	7.004797964442851	3.8999905187687296	medium	medium
G_r020_substitution_2pct	20	4	substitution	0.02	2.0	uniform	GB_GCA_963674955.1	Desulfobacterota_I	Bacteria	highly_fragmented	59.99479796444285	4.99999051876873	59.99479796444285	4.99999051876873	3164146	104	2056530	104	2056530	0.019977340471571	0.1662522378698502	0	41084	0	0	True	44.42	1.44	checkm2	-15.574797964442851	-3.5599905187687297	15.574797964442851	3.5599905187687297	low	medium
G_r020_substitution_5pct	20	5	substitution	0.05	5.0	uniform	GB_GCA_963674955.1	Desulfobacterota_I	Bacteria	highly_fragmented	59.99479796444285	4.99999051876873	59.99479796444285	4.99999051876873	3164146	104	2056530	104	2056530	0.0499336260594302	0.3697505902753909	0	102690	0	0	True	40.46	0.97	checkm2	-19.534797964442852	-4.02999051876873	19.534797964442852	4.02999051876873	low	medium
G_r020_substitution_titv_0p1pct	20	6	substitution_titv	0.001	0.1	titv_2	GB_GCA_963674955.1	Desulfobacterota_I	Bacteria	highly_fragmented	59.99479796444285	4.99999051876873	59.99479796444285	4.99999051876873	3164146	104	2056530	104	2056530	0.0009939072126348	0.0089640838741259	0	2044	0	0	True	56.25	0.59	checkm2	-3.744797964442853	-4.40999051876873	3.744797964442853	4.40999051876873	medium	medium
G_r020_substitution_titv_0p5pct	20	7	substitution_titv	0.005	0.5	titv_2	GB_GCA_963674955.1	Desulfobacterota_I	Bacteria	highly_fragmented	59.99479796444285	4.99999051876873	59.99479796444285	4.99999051876873	3164146	104	2056530	104	2056530	0.0049476545443052	0.0441104216424403	0	10175	0	0	True	59.49	1.35	checkm2	-0.5047979644428509	-3.6499905187687296	0.5047979644428509	3.6499905187687296	medium	medium
G_r020_substitution_titv_1pct	20	8	substitution_titv	0.01	1.0	titv_2	GB_GCA_963674955.1	Desulfobacterota_I	Bacteria	highly_fragmented	59.99479796444285	4.99999051876873	59.99479796444285	4.99999051876873	3164146	104	2056530	104	2056530	0.0100144418024536	0.0864827525163591	0	20595	0	0	True	62.71	1.33	checkm2	2.715202035557148	-3.6699905187687296	2.715202035557148	3.6699905187687296	medium	medium
G_r020_substitution_titv_2pct	20	9	substitution_titv	0.02	2.0	titv_2	GB_GCA_963674955.1	Desulfobacterota_I	Bacteria	highly_fragmented	59.99479796444285	4.99999051876873	59.99479796444285	4.99999051876873	3164146	104	2056530	104	2056530	0.0202977831590105	0.1662522378698502	0	41743	0	0	True	55.42	2.01	checkm2	-4.574797964442851	-2.98999051876873	4.574797964442851	2.98999051876873	medium	medium
G_r020_substitution_titv_5pct	20	10	substitution_titv	0.05	5.0	titv_2	GB_GCA_963674955.1	Desulfobacterota_I	Bacteria	highly_fragmented	59.99479796444285	4.99999051876873	59.99479796444285	4.99999051876873	3164146	104	2056530	104	2056530	0.0500795028518912	0.3697505902753909	0	102990	0	0	True	42.34	3.05	checkm2	-17.65479796444285	-1.9499905187687299	17.65479796444285	1.9499905187687299	low	medium
G_r020_indel_0p1pct	20	11	indel	0.001	0.1	ins0.5_geom0.75	GB_GCA_963674955.1	Desulfobacterota_I	Bacteria	highly_fragmented	59.99479796444285	4.99999051876873	59.996781716812905	4.99999051876873	3164146	104	2056530	104	2056598	0.0009958522365343		0	0	2048	0	True	42.63	1.64	checkm2	-17.36479796444285	-3.35999051876873	17.36479796444285	3.35999051876873	low	medium
G_r020_indel_0p5pct	20	12	indel	0.005	0.5	ins0.5_geom0.75	GB_GCA_963674955.1	Desulfobacterota_I	Bacteria	highly_fragmented	59.99479796444285	4.99999051876873	60.00427913385855	4.99999051876873	3164146	104	2056530	104	2056855	0.0050259417562593		0	0	10336	0	True	27.1	1.3	checkm2	-32.89479796444285	-3.69999051876873	32.89479796444285	3.69999051876873	low	medium
G_r020_indel_1pct	20	13	indel	0.01	1.0	ins0.5_geom0.75	GB_GCA_963674955.1	Desulfobacterota_I	Bacteria	highly_fragmented	59.99479796444285	4.99999051876873	59.99625660589142	4.99999051876873	3164146	104	2056530	104	2056580	0.0100397271131469		0	0	20647	0	True	40.04	3.14	checkm2	-19.954797964442854	-1.8599905187687296	19.954797964442854	1.8599905187687296	low	medium
G_r020_indel_2pct	20	14	indel	0.02	2.0	ins0.5_geom0.75	GB_GCA_963674955.1	Desulfobacterota_I	Bacteria	highly_fragmented	59.99479796444285	4.99999051876873	60.00182861622494	4.99999051876873	3164146	104	2056530	104	2056771	0.019951082648928		0	0	41030	0	True	38.44	8.95	checkm2	-21.554797964442855	3.9500094812312696	21.554797964442855	3.9500094812312696	low	medium
G_r020_indel_5pct	20	15	indel	0.05	5.0	ins0.5_geom0.75	GB_GCA_963674955.1	Desulfobacterota_I	Bacteria	highly_fragmented	59.99479796444285	4.99999051876873	59.99628577872039	4.99999051876873	3164146	104	2056530	104	2056581	0.049960370138048		0	0	102745	0	True	21.96	8.56	checkm2	-38.03479796444285	3.560009481231271	38.03479796444285	3.560009481231271	low	medium
G_r020_chimera_5pct	20	16	chimera	0.05	5.0	rc0.5	GB_GCA_963674955.1	Desulfobacterota_I	Bacteria	highly_fragmented	59.99479796444285	4.99999051876873	59.99479796444285	4.99999051876873	3164146	104	2056530	101	2056530	0.0576923076923076		0	0	0	3	True	57.35	0.4	checkm2	-2.6447979644428514	-4.599990518768729	2.6447979644428514	4.599990518768729	medium	medium
G_r020_chimera_10pct	20	17	chimera	0.1	10.0	rc0.5	GB_GCA_963674955.1	Desulfobacterota_I	Bacteria	highly_fragmented	59.99479796444285	4.99999051876873	59.99479796444285	4.99999051876873	3164146	104	2056530	98	2056530	0.1153846153846153		0	0	0	6	True	57.27	0.43	checkm2	-2.7247979644428497	-4.56999051876873	2.7247979644428497	4.56999051876873	medium	medium
G_r020_chimera_20pct	20	18	chimera	0.2	20.0	rc0.5	GB_GCA_963674955.1	Desulfobacterota_I	Bacteria	highly_fragmented	59.99479796444285	4.99999051876873	59.99479796444285	4.99999051876873	3164146	104	2056530	94	2056530	0.1923076923076923		0	0	0	10	True	57.48	0.39	checkm2	-2.514797964442856	-4.60999051876873	2.514797964442856	4.60999051876873	medium	medium
G_r020_chimera_40pct	20	19	chimera	0.4	40.0	rc0.5	GB_GCA_963674955.1	Desulfobacterota_I	Bacteria	highly_fragmented	59.99479796444285	4.99999051876873	59.99479796444285	4.99999051876873	3164146	104	2056530	83	2056530	0.4038461538461538		0	0	0	21	True	57.34	0.43	checkm2	-2.6547979644428494	-4.56999051876873	2.6547979644428494	4.56999051876873	medium	medium
G_r020_uneven_coverage_5pct	20	20	uneven_coverage	0.05	5.0	lognormal_sigma1.0	GB_GCA_963674955.1	Desulfobacterota_I	Bacteria	highly_fragmented	59.99479796444285	4.99999051876873	59.99479796444285	8.249714140877192	3164146	104	2056530	113	2159356	0.0499997568720125		102826	0	0	0	True	57.43	3.28	checkm2	-2.564797964442853	-1.7199905187687299	2.564797964442853	1.7199905187687299	medium	medium
G_r020_uneven_coverage_10pct	20	21	uneven_coverage	0.1	10.0	lognormal_sigma1.0	GB_GCA_963674955.1	Desulfobacterota_I	Bacteria	highly_fragmented	59.99479796444285	4.99999051876873	59.99479796444285	11.499469367089889	3164146	104	2056530	114	2262183	0.1		205653	0	0	0	True	59.57	3.85	checkm2	-0.42479796444285256	-1.1499905187687296	0.42479796444285256	1.1499905187687296	medium	medium
G_r020_uneven_coverage_20pct	20	22	uneven_coverage	0.2	20.0	lognormal_sigma1.0	GB_GCA_963674955.1	Desulfobacterota_I	Bacteria	highly_fragmented	59.99479796444285	4.99999051876873	59.99479796444285	17.998948215411048	3164146	104	2056530	126	2467836	0.2		411306	0	0	0	True	59.58	8.5	checkm2	-0.41479796444285455	3.5000094812312703	0.41479796444285455	3.5000094812312703	medium	medium
G_r020_uneven_coverage_40pct	20	23	uneven_coverage	0.4	40.0	lognormal_sigma1.0	GB_GCA_963674955.1	Desulfobacterota_I	Bacteria	highly_fragmented	59.99479796444285	4.99999051876873	59.99479796444285	30.99790591205336	3164146	104	2056530	153	2879142	0.4		822612	0	0	0	True	61.66	17.05	checkm2	1.6652020355571437	12.050009481231271	1.6652020355571437	12.050009481231271	low	medium
G_r021_none_control	21	0	none	0.0	0.0	control	RS_GCF_000504105.1	Thermotogota	Bacteria	high	100.0	4.999988453535874	100.0	4.999988453535874	2165165	3	2273423	3	2273423	0.0		0	0	0	0	True	99.98	2.77	checkm2	-0.01999999999999602	-2.229988453535874	0.01999999999999602	2.229988453535874	high	high
G_r021_substitution_0p1pct	21	1	substitution	0.001	0.1	uniform	RS_GCF_000504105.1	Thermotogota	Bacteria	high	100.0	4.999988453535874	100.0	4.999988453535874	2165165	3	2273423	3	2273423	0.0010182882815912	0.0089640838741259	0	2315	0	0	True	99.49	2.77	checkm2	-0.5100000000000051	-2.229988453535874	0.5100000000000051	2.229988453535874	high	high
G_r021_substitution_0p5pct	21	2	substitution	0.005	0.5	uniform	RS_GCF_000504105.1	Thermotogota	Bacteria	high	100.0	4.999988453535874	100.0	4.999988453535874	2165165	3	2273423	3	2273423	0.0049889527817744	0.0441104216424403	0	11342	0	0	True	94.61	1.86	checkm2	-5.390000000000001	-3.1399884535358735	5.390000000000001	3.1399884535358735	high	high
G_r021_substitution_1pct	21	3	substitution	0.01	1.0	uniform	RS_GCF_000504105.1	Thermotogota	Bacteria	high	100.0	4.999988453535874	100.0	4.999988453535874	2165165	3	2273423	3	2273423	0.0099422764703269	0.0864827525163591	0	22603	0	0	True	90.44	2.21	checkm2	-9.560000000000002	-2.789988453535874	9.560000000000002	2.789988453535874	high	high
G_r021_substitution_2pct	21	4	substitution	0.02	2.0	uniform	RS_GCF_000504105.1	Thermotogota	Bacteria	high	100.0	4.999988453535874	100.0	4.999988453535874	2165165	3	2273423	3	2273423	0.0199808834519576	0.1662522378698502	0	45425	0	0	True	79.7	3.99	checkm2	-20.299999999999997	-1.0099884535358736	20.299999999999997	1.0099884535358736	medium	high
G_r021_substitution_5pct	21	5	substitution	0.05	5.0	uniform	RS_GCF_000504105.1	Thermotogota	Bacteria	high	100.0	4.999988453535874	100.0	4.999988453535874	2165165	3	2273423	3	2273423	0.0501318936247236	0.3697505902753909	0	113971	0	0	True	53.51	1.86	checkm2	-46.49	-3.1399884535358735	46.49	3.1399884535358735	medium	high
G_r021_substitution_titv_0p1pct	21	6	substitution_titv	0.001	0.1	titv_2	RS_GCF_000504105.1	Thermotogota	Bacteria	high	100.0	4.999988453535874	100.0	4.999988453535874	2165165	3	2273423	3	2273423	0.001027525453908	0.0089640838741259	0	2336	0	0	True	99.88	2.88	checkm2	-0.12000000000000455	-2.119988453535874	0.12000000000000455	2.119988453535874	high	high
G_r021_substitution_titv_0p5pct	21	7	substitution_titv	0.005	0.5	titv_2	RS_GCF_000504105.1	Thermotogota	Bacteria	high	100.0	4.999988453535874	100.0	4.999988453535874	2165165	3	2273423	3	2273423	0.0050025886075754	0.0441104216424403	0	11373	0	0	True	99.7	3.38	checkm2	-0.29999999999999716	-1.619988453535874	0.29999999999999716	1.619988453535874	high	high
G_r021_substitution_titv_1pct	21	8	substitution_titv	0.01	1.0	titv_2	RS_GCF_000504105.1	Thermotogota	Bacteria	high	100.0	4.999988453535874	100.0	4.999988453535874	2165165	3	2273423	3	2273423	0.0099268811831322	0.0864827525163591	0	22568	0	0	True	91.63	3.03	checkm2	-8.370000000000005	-1.969988453535874	8.370000000000005	1.969988453535874	high	high
G_r021_substitution_titv_2pct	21	9	substitution_titv	0.02	2.0	titv_2	RS_GCF_000504105.1	Thermotogota	Bacteria	high	100.0	4.999988453535874	100.0	4.999988453535874	2165165	3	2273423	3	2273423	0.0199474536854778	0.1662522378698502	0	45349	0	0	True	82.25	1.8	checkm2	-17.75	-3.199988453535874	17.75	3.199988453535874	medium	high
G_r021_substitution_titv_5pct	21	10	substitution_titv	0.05	5.0	titv_2	RS_GCF_000504105.1	Thermotogota	Bacteria	high	100.0	4.999988453535874	100.0	4.999988453535874	2165165	3	2273423	3	2273423	0.0501063814345152	0.3697505902753909	0	113913	0	0	True	67.94	5.02	checkm2	-32.06	0.02001154646412573	32.06	0.02001154646412573	medium	high
G_r021_indel_0p1pct	21	11	indel	0.001	0.1	ins0.5_geom0.75	RS_GCF_000504105.1	Thermotogota	Bacteria	high	100.0	4.999988453535874	100.0047065592281	4.999988453535874	2165165	3	2273423	3	2273530	0.0010116903013649		0	0	2300	0	True	79.83	3.96	checkm2	-20.17	-1.0399884535358739	20.17	1.0399884535358739	medium	high
G_r021_indel_0p5pct	21	12	indel	0.005	0.5	ins0.5_geom0.75	RS_GCF_000504105.1	Thermotogota	Bacteria	high	100.0	4.999988453535874	100.00285912476473	4.999988453535874	2165165	3	2273423	3	2273488	0.0049295709597378		0	0	11207	0	True	38.91	1.04	checkm2	-61.09	-3.959988453535874	61.09	3.959988453535874	low	high
G_r021_indel_1pct	21	13	indel	0.01	1.0	ins0.5_geom0.75	RS_GCF_000504105.1	Thermotogota	Bacteria	high	100.0	4.999988453535874	99.9859682953854	4.999988453535874	2165165	3	2273423	3	2273104	0.0100632394411422		0	0	22878	0	True	36.29	1.74	checkm2	-63.71	-3.2599884535358736	63.71	3.2599884535358736	low	high
G_r021_indel_2pct	21	14	indel	0.02	2.0	ins0.5_geom0.75	RS_GCF_000504105.1	Thermotogota	Bacteria	high	100.0	4.999988453535874	100.02815138229886	4.999988453535874	2165165	3	2273423	3	2274063	0.0201093241336961		0	0	45717	0	True	42.36	8.34	checkm2	-57.64	3.340011546464126	57.64	3.340011546464126	low	high
G_r021_indel_5pct	21	15	indel	0.05	5.0	ins0.5_geom0.75	RS_GCF_000504105.1	Thermotogota	Bacteria	high	100.0	4.999988453535874	100.0120523105467	4.999988453535874	2165165	3	2273423	3	2273697	0.0498103520550289		0	0	113240	0	True	38.46	10.25	checkm2	-61.54	5.250011546464126	61.54	5.250011546464126	low	high
G_r021_chimera_5pct	21	16	chimera	0.05	5.0	rc0.5	RS_GCF_000504105.1	Thermotogota	Bacteria	high	100.0	4.999988453535874	100.0	4.999988453535874	2165165	3	2273423	3	2273423	0.0		0	0	0	0	True	99.98	2.77	checkm2	-0.01999999999999602	-2.229988453535874	0.01999999999999602	2.229988453535874	high	high
G_r021_chimera_10pct	21	17	chimera	0.1	10.0	rc0.5	RS_GCF_000504105.1	Thermotogota	Bacteria	high	100.0	4.999988453535874	100.0	4.999988453535874	2165165	3	2273423	3	2273423	0.0		0	0	0	0	True	99.98	2.77	checkm2	-0.01999999999999602	-2.229988453535874	0.01999999999999602	2.229988453535874	high	high
G_r021_chimera_20pct	21	18	chimera	0.2	20.0	rc0.5	RS_GCF_000504105.1	Thermotogota	Bacteria	high	100.0	4.999988453535874	100.0	4.999988453535874	2165165	3	2273423	3	2273423	0.0		0	0	0	0	True	99.98	2.77	checkm2	-0.01999999999999602	-2.229988453535874	0.01999999999999602	2.229988453535874	high	high
G_r021_chimera_40pct	21	19	chimera	0.4	40.0	rc0.5	RS_GCF_000504105.1	Thermotogota	Bacteria	high	100.0	4.999988453535874	100.0	4.999988453535874	2165165	3	2273423	2	2273423	0.6666666666666666		0	0	0	1	True	99.98	2.77	checkm2	-0.01999999999999602	-2.229988453535874	0.01999999999999602	2.229988453535874	high	high
G_r021_uneven_coverage_5pct	21	20	uneven_coverage	0.05	5.0	lognormal_sigma1.0	RS_GCF_000504105.1	Thermotogota	Bacteria	high	100.0	4.999988453535874	100.0	10.249980948334192	2165165	3	2273423	4	2387094	0.0499999340201977		113671	0	0	0	True	99.98	6.93	checkm2	-0.01999999999999602	1.9300115464641259	0.01999999999999602	1.9300115464641259	medium	high
G_r021_uneven_coverage_10pct	21	21	uneven_coverage	0.1	10.0	lognormal_sigma1.0	RS_GCF_000504105.1	Thermotogota	Bacteria	high	100.0	4.999988453535874	100.0	15.49997344313251	2165165	3	2273423	4	2500765	0.0999998680403954		227342	0	0	0	True	100.0	17.56	checkm2	0.0	12.560011546464125	0.0	12.560011546464125	low	high
G_r021_uneven_coverage_20pct	21	22	uneven_coverage	0.2	20.0	lognormal_sigma1.0	RS_GCF_000504105.1	Thermotogota	Bacteria	high	100.0	4.999988453535874	100.0	26.00000461858565	2165165	3	2273423	4	2728108	0.2000001759461393		454685	0	0	0	True	100.0	24.66	checkm2	0.0	19.660011546464126	0.0	19.660011546464126	low	high
G_r021_uneven_coverage_40pct	21	23	uneven_coverage	0.4	40.0	lognormal_sigma1.0	RS_GCF_000504105.1	Thermotogota	Bacteria	high	100.0	4.999988453535874	100.0	46.99997459777892	2165165	3	2273423	4	3182792	0.3999999120269303		909369	0	0	0	True	100.0	46.33	checkm2	0.0	41.33001154646412	0.0	41.33001154646412	low	high
G_r022_none_control	22	0	none	0.0	0.0	control	RS_GCF_040746335.1	Bdellovibrionota	Bacteria	low	69.9678789110816	19.99998413903929	69.9678789110816	19.99998413903929	3782873	113	3403370	113	3403370	0.0		0	0	0	0	True	71.92	8.28	checkm2	1.9521210889184033	-11.719984139039292	1.9521210889184033	11.719984139039292	medium	low
G_r022_substitution_0p1pct	22	1	substitution	0.001	0.1	uniform	RS_GCF_040746335.1	Bdellovibrionota	Bacteria	low	69.9678789110816	19.99998413903929	69.9678789110816	19.99998413903929	3782873	113	3403370	113	3403370	0.0010028295483594	0.0089640838741259	0	3413	0	0	True	71.03	8.81	checkm2	1.0621210889184027	-11.189984139039291	1.0621210889184027	11.189984139039291	medium	low
G_r022_substitution_0p5pct	22	2	substitution	0.005	0.5	uniform	RS_GCF_040746335.1	Bdellovibrionota	Bacteria	low	69.9678789110816	19.99998413903929	69.9678789110816	19.99998413903929	3782873	113	3403370	113	3403370	0.0050247254926734	0.0441104216424403	0	17101	0	0	True	73.18	10.01	checkm2	3.2121210889184084	-9.989984139039292	3.2121210889184084	9.989984139039292	low	low
G_r022_substitution_1pct	22	3	substitution	0.01	1.0	uniform	RS_GCF_040746335.1	Bdellovibrionota	Bacteria	low	69.9678789110816	19.99998413903929	69.9678789110816	19.99998413903929	3782873	113	3403370	113	3403370	0.0099851030008491	0.0864827525163591	0	33983	0	0	True	64.68	7.01	checkm2	-5.287878911081592	-12.989984139039292	5.287878911081592	12.989984139039292	medium	low
G_r022_substitution_2pct	22	4	substitution	0.02	2.0	uniform	RS_GCF_040746335.1	Bdellovibrionota	Bacteria	low	69.9678789110816	19.99998413903929	69.9678789110816	19.99998413903929	3782873	113	3403370	113	3403370	0.0200495391332708	0.1662522378698502	0	68236	0	0	True	63.2	8.81	checkm2	-6.767878911081596	-11.189984139039291	6.767878911081596	11.189984139039291	medium	low
G_r022_substitution_5pct	22	5	substitution	0.05	5.0	uniform	RS_GCF_040746335.1	Bdellovibrionota	Bacteria	low	69.9678789110816	19.99998413903929	69.9678789110816	19.99998413903929	3782873	113	3403370	113	3403370	0.0500436332223648	0.3697505902753909	0	170317	0	0	True	50.74	4.84	checkm2	-19.227878911081596	-15.159984139039292	19.227878911081596	15.159984139039292	medium	low
G_r022_substitution_titv_0p1pct	22	6	substitution_titv	0.001	0.1	titv_2	RS_GCF_040746335.1	Bdellovibrionota	Bacteria	low	69.9678789110816	19.99998413903929	69.9678789110816	19.99998413903929	3782873	113	3403370	113	3403370	0.0009875505748713	0.0089640838741259	0	3361	0	0	True	70.29	7.9	checkm2	0.32212108891840785	-12.099984139039291	0.32212108891840785	12.099984139039291	medium	low
G_r022_substitution_titv_0p5pct	22	7	substitution_titv	0.005	0.5	titv_2	RS_GCF_040746335.1	Bdellovibrionota	Bacteria	low	69.9678789110816	19.99998413903929	69.9678789110816	19.99998413903929	3782873	113	3403370	113	3403370	0.0049935798928708	0.0441104216424403	0	16995	0	0	True	72.96	10.19	checkm2	2.9921210889183953	-9.809984139039292	2.9921210889183953	9.809984139039292	low	low
G_r022_substitution_titv_1pct	22	8	substitution_titv	0.01	1.0	titv_2	RS_GCF_040746335.1	Bdellovibrionota	Bacteria	low	69.9678789110816	19.99998413903929	69.9678789110816	19.99998413903929	3782873	113	3403370	113	3403370	0.00998245856313	0.0864827525163591	0	33974	0	0	True	67.22	9.09	checkm2	-2.7478789110815995	-10.909984139039292	2.7478789110815995	10.909984139039292	medium	low
G_r022_substitution_titv_2pct	22	9	substitution_titv	0.02	2.0	titv_2	RS_GCF_040746335.1	Bdellovibrionota	Bacteria	low	69.9678789110816	19.99998413903929	69.9678789110816	19.99998413903929	3782873	113	3403370	113	3403370	0.0199860726280128	0.1662522378698502	0	68020	0	0	True	67.25	8.8	checkm2	-2.7178789110815984	-11.199984139039291	2.7178789110815984	11.199984139039291	medium	low
G_r022_substitution_titv_5pct	22	10	substitution_titv	0.05	5.0	titv_2	RS_GCF_040746335.1	Bdellovibrionota	Bacteria	low	69.9678789110816	19.99998413903929	69.9678789110816	19.99998413903929	3782873	113	3403370	113	3403370	0.0499886876830905	0.3697505902753909	0	170130	0	0	True	56.65	5.3	checkm2	-13.3178789110816	-14.699984139039291	13.3178789110816	14.699984139039291	medium	low
G_r022_indel_0p1pct	22	11	indel	0.001	0.1	ins0.5_geom0.75	RS_GCF_040746335.1	Bdellovibrionota	Bacteria	low	69.9678789110816	19.99998413903929	69.96736495080906	19.99998413903929	3782873	113	3403370	113	3403345	0.0010160517369548		0	0	3458	0	True	66.6	5.82	checkm2	-3.367878911081604	-14.179984139039291	3.367878911081604	14.179984139039291	medium	low
G_r022_indel_0p5pct	22	12	indel	0.005	0.5	ins0.5_geom0.75	RS_GCF_040746335.1	Bdellovibrionota	Bacteria	low	69.9678789110816	19.99998413903929	69.96656317278389	19.99998413903929	3782873	113	3403370	113	3403306	0.0049503874101258		0	0	16848	0	True	39.73	3.9	checkm2	-30.2378789110816	-16.099984139039293	30.2378789110816	16.099984139039293	low	low
G_r022_indel_1pct	22	13	indel	0.01	1.0	ins0.5_geom0.75	RS_GCF_040746335.1	Bdellovibrionota	Bacteria	low	69.9678789110816	19.99998413903929	69.96919464937932	19.99998413903929	3782873	113	3403370	113	3403434	0.0099830462159565		0	0	33976	0	True	42.93	4.94	checkm2	-27.0378789110816	-15.05998413903929	27.0378789110816	15.05998413903929	low	low
G_r022_indel_2pct	22	14	indel	0.02	2.0	ins0.5_geom0.75	RS_GCF_040746335.1	Bdellovibrionota	Bacteria	low	69.9678789110816	19.99998413903929	69.96434286440649	19.99998413903929	3782873	113	3403370	113	3403198	0.0200515959181634		0	0	68243	0	True	49.71	9.89	checkm2	-20.257878911081598	-10.109984139039291	20.257878911081598	10.109984139039291	low	low
G_r022_indel_5pct	22	15	indel	0.05	5.0	ins0.5_geom0.75	RS_GCF_040746335.1	Bdellovibrionota	Bacteria	low	69.9678789110816	19.99998413903929	69.9722989694255	19.99998413903929	3782873	113	3403370	113	3403585	0.0498397176915821		0	0	169623	0	True	47.57	10.62	checkm2	-22.397878911081598	-9.379984139039292	22.397878911081598	9.379984139039292	low	low
G_r022_chimera_5pct	22	16	chimera	0.05	5.0	rc0.5	RS_GCF_040746335.1	Bdellovibrionota	Bacteria	low	69.9678789110816	19.99998413903929	69.9678789110816	19.99998413903929	3782873	113	3403370	110	3403370	0.0530973451327433		0	0	0	3	True	71.92	8.28	checkm2	1.9521210889184033	-11.719984139039292	1.9521210889184033	11.719984139039292	medium	low
G_r022_chimera_10pct	22	17	chimera	0.1	10.0	rc0.5	RS_GCF_040746335.1	Bdellovibrionota	Bacteria	low	69.9678789110816	19.99998413903929	69.9678789110816	19.99998413903929	3782873	113	3403370	107	3403370	0.1061946902654867		0	0	0	6	True	71.85	8.28	checkm2	1.882121088918396	-11.719984139039292	1.882121088918396	11.719984139039292	medium	low
G_r022_chimera_20pct	22	18	chimera	0.2	20.0	rc0.5	RS_GCF_040746335.1	Bdellovibrionota	Bacteria	low	69.9678789110816	19.99998413903929	69.9678789110816	19.99998413903929	3782873	113	3403370	101	3403370	0.2123893805309734		0	0	0	12	True	71.96	8.28	checkm2	1.9921210889183953	-11.719984139039292	1.9921210889183953	11.719984139039292	medium	low
G_r022_chimera_40pct	22	19	chimera	0.4	40.0	rc0.5	RS_GCF_040746335.1	Bdellovibrionota	Bacteria	low	69.9678789110816	19.99998413903929	69.9678789110816	19.99998413903929	3782873	113	3403370	90	3403370	0.4070796460176991		0	0	0	23	True	71.62	8.37	checkm2	1.6521210889184061	-11.629984139039292	1.6521210889184061	11.629984139039292	medium	low
G_r022_uneven_coverage_5pct	22	20	uneven_coverage	0.05	5.0	lognormal_sigma1.0	RS_GCF_040746335.1	Bdellovibrionota	Bacteria	low	69.9678789110816	19.99998413903929	69.9678789110816	24.49836407407809	3782873	113	3403370	121	3573538	0.0499998530867933		170168	0	0	0	True	72.28	10.91	checkm2	2.3121210889184027	-9.089984139039291	2.3121210889184027	9.089984139039291	low	low
G_r022_uneven_coverage_10pct	22	21	uneven_coverage	0.1	10.0	lognormal_sigma1.0	RS_GCF_040746335.1	Bdellovibrionota	Bacteria	low	69.9678789110816	19.99998413903929	69.9678789110816	28.996770444051386	3782873	113	3403370	127	3743707	0.1		340337	0	0	0	True	71.68	16.82	checkm2	1.7121210889184084	-3.1799841390392913	1.7121210889184084	3.1799841390392913	low	low
G_r022_uneven_coverage_20pct	22	22	uneven_coverage	0.2	20.0	lognormal_sigma1.0	RS_GCF_040746335.1	Bdellovibrionota	Bacteria	low	69.9678789110816	19.99998413903929	69.9678789110816	37.99355674906348	3782873	113	3403370	145	4084044	0.2		680674	0	0	0	True	77.82	18.44	checkm2	7.852121088918395	-1.5599841390392903	7.852121088918395	1.5599841390392903	low	low
G_r022_uneven_coverage_40pct	22	23	uneven_coverage	0.4	40.0	lognormal_sigma1.0	RS_GCF_040746335.1	Bdellovibrionota	Bacteria	low	69.9678789110816	19.99998413903929	69.9678789110816	55.98712935908765	3782873	113	3403370	167	4764718	0.4		1361348	0	0	0	True	75.21	29.41	checkm2	5.242121088918395	9.410015860960709	5.242121088918395	9.410015860960709	low	low
G_r023_none_control	23	0	none	0.0	0.0	control	RS_GCF_030323845.1	Methanobacteriota	Archaea	medium	100.0	9.999979836311176	100.0	9.999979836311176	1983764	6	2182140	6	2182140	0.0		0	0	0	0	True	96.33	0.68	checkm2	-3.6700000000000017	-9.319979836311177	3.6700000000000017	9.319979836311177	high	medium
G_r023_substitution_0p1pct	23	1	substitution	0.001	0.1	uniform	RS_GCF_030323845.1	Methanobacteriota	Archaea	medium	100.0	9.999979836311176	100.0	9.999979836311176	1983764	6	2182140	6	2182140	0.0009861887744954	0.0089640838741259	0	2152	0	0	True	95.64	1.79	checkm2	-4.359999999999999	-8.209979836311177	4.359999999999999	8.209979836311177	high	medium
G_r023_substitution_0p5pct	23	2	substitution	0.005	0.5	uniform	RS_GCF_030323845.1	Methanobacteriota	Archaea	medium	100.0	9.999979836311176	100.0	9.999979836311176	1983764	6	2182140	6	2182140	0.0049657721005729	0.0441104216424403	0	10836	0	0	True	93.55	3.69	checkm2	-6.450000000000003	-6.309979836311177	6.450000000000003	6.309979836311177	high	medium
G_r023_substitution_1pct	23	3	substitution	0.01	1.0	uniform	RS_GCF_030323845.1	Methanobacteriota	Archaea	medium	100.0	9.999979836311176	100.0	9.999979836311176	1983764	6	2182140	6	2182140	0.0099915770679947	0.0864827525163591	0	21803	0	0	True	82.16	2.29	checkm2	-17.840000000000003	-7.7099798363111764	17.840000000000003	7.7099798363111764	medium	medium
G_r023_substitution_2pct	23	4	substitution	0.02	2.0	uniform	RS_GCF_030323845.1	Methanobacteriota	Archaea	medium	100.0	9.999979836311176	100.0	9.999979836311176	1983764	6	2182140	6	2182140	0.0201843329798573	0.1662522378698502	0	44045	0	0	True	68.29	2.9	checkm2	-31.709999999999994	-7.099979836311176	31.709999999999994	7.099979836311176	medium	medium
G_r023_substitution_5pct	23	5	substitution	0.05	5.0	uniform	RS_GCF_030323845.1	Methanobacteriota	Archaea	medium	100.0	9.999979836311176	100.0	9.999979836311176	1983764	6	2182140	6	2182140	0.0501723539024571	0.3697505902753909	0	109483	0	0	True	53.23	3.02	checkm2	-46.77	-6.979979836311177	46.77	6.979979836311177	medium	medium
G_r023_substitution_titv_0p1pct	23	6	substitution_titv	0.001	0.1	titv_2	RS_GCF_030323845.1	Methanobacteriota	Archaea	medium	100.0	9.999979836311176	100.0	9.999979836311176	1983764	6	2182140	6	2182140	0.0009696911927659	0.0089640838741259	0	2116	0	0	True	95.26	0.63	checkm2	-4.739999999999995	-9.369979836311176	4.739999999999995	9.369979836311176	high	medium
G_r023_substitution_titv_0p5pct	23	7	substitution_titv	0.005	0.5	titv_2	RS_GCF_030323845.1	Methanobacteriota	Archaea	medium	100.0	9.999979836311176	100.0	9.999979836311176	1983764	6	2182140	6	2182140	0.004993268070122	0.0441104216424403	0	10896	0	0	True	90.11	0.69	checkm2	-9.89	-9.309979836311177	9.89	9.309979836311177	high	medium
G_r023_substitution_titv_1pct	23	8	substitution_titv	0.01	1.0	titv_2	RS_GCF_030323845.1	Methanobacteriota	Archaea	medium	100.0	9.999979836311176	100.0	9.999979836311176	1983764	6	2182140	6	2182140	0.0099961597295863	0.0864827525163591	0	21813	0	0	True	81.78	2.74	checkm2	-18.22	-7.259979836311176	18.22	7.259979836311176	medium	medium
G_r023_substitution_titv_2pct	23	9	substitution_titv	0.02	2.0	titv_2	RS_GCF_030323845.1	Methanobacteriota	Archaea	medium	100.0	9.999979836311176	100.0	9.999979836311176	1983764	6	2182140	6	2182140	0.0199020410258196	0.1662522378698502	0	43429	0	0	True	78.63	1.32	checkm2	-21.370000000000005	-8.679979836311176	21.370000000000005	8.679979836311176	medium	medium
G_r023_substitution_titv_5pct	23	10	substitution_titv	0.05	5.0	titv_2	RS_GCF_030323845.1	Methanobacteriota	Archaea	medium	100.0	9.999979836311176	100.0	9.999979836311176	1983764	6	2182140	6	2182140	0.0502186387845315	0.3697505902753909	0	109584	0	0	True	54.93	0.72	checkm2	-45.07	-9.279979836311176	45.07	9.279979836311176	medium	medium
G_r023_indel_0p1pct	23	11	indel	0.001	0.1	ins0.5_geom0.75	RS_GCF_030323845.1	Methanobacteriota	Archaea	medium	100.0	9.999979836311176	100.00476596368702	9.999979836311176	1983764	6	2182140	6	2182244	0.000994894919666		0	0	2171	0	True	71.56	2.91	checkm2	-28.439999999999998	-7.089979836311176	28.439999999999998	7.089979836311176	medium	medium
G_r023_indel_0p5pct	23	12	indel	0.005	0.5	ins0.5_geom0.75	RS_GCF_030323845.1	Methanobacteriota	Archaea	medium	100.0	9.999979836311176	99.99445498455644	9.999979836311176	1983764	6	2182140	6	2182019	0.0050551293684181		0	0	11031	0	True	34.56	2.49	checkm2	-65.44	-7.509979836311176	65.44	7.509979836311176	low	medium
G_r023_indel_1pct	23	13	indel	0.01	1.0	ins0.5_geom0.75	RS_GCF_030323845.1	Methanobacteriota	Archaea	medium	100.0	9.999979836311176	99.9953256894608	9.999979836311176	1983764	6	2182140	6	2182038	0.0100282291695308		0	0	21883	0	True	31.49	6.16	checkm2	-68.51	-3.8399798363111763	68.51	3.8399798363111763	low	medium
G_r023_indel_2pct	23	14	indel	0.02	2.0	ins0.5_geom0.75	RS_GCF_030323845.1	Methanobacteriota	Archaea	medium	100.0	9.999979836311176	100.00577414831312	9.999979836311176	1983764	6	2182140	6	2182266	0.0199308935265381		0	0	43492	0	True	23.71	6.93	checkm2	-76.28999999999999	-3.0699798363111768	76.28999999999999	3.0699798363111768	low	medium
G_r023_indel_5pct	23	15	indel	0.05	5.0	ins0.5_geom0.75	RS_GCF_030323845.1	Methanobacteriota	Archaea	medium	100.0	9.999979836311176	100.03162033600044	9.999979836311176	1983764	6	2182140	6	2182830	0.0502552540166992		0	0	109664	0	True	14.84	5.25	checkm2	-85.16	-4.7499798363111765	85.16	4.7499798363111765	low	medium
G_r023_chimera_5pct	23	16	chimera	0.05	5.0	rc0.5	RS_GCF_030323845.1	Methanobacteriota	Archaea	medium	100.0	9.999979836311176	100.0	9.999979836311176	1983764	6	2182140	6	2182140	0.0		0	0	0	0	True	96.33	0.68	checkm2	-3.6700000000000017	-9.319979836311177	3.6700000000000017	9.319979836311177	high	medium
G_r023_chimera_10pct	23	17	chimera	0.1	10.0	rc0.5	RS_GCF_030323845.1	Methanobacteriota	Archaea	medium	100.0	9.999979836311176	100.0	9.999979836311176	1983764	6	2182140	5	2182140	0.3333333333333333		0	0	0	1	True	96.33	0.68	checkm2	-3.6700000000000017	-9.319979836311177	3.6700000000000017	9.319979836311177	high	medium
G_r023_chimera_20pct	23	18	chimera	0.2	20.0	rc0.5	RS_GCF_030323845.1	Methanobacteriota	Archaea	medium	100.0	9.999979836311176	100.0	9.999979836311176	1983764	6	2182140	5	2182140	0.3333333333333333		0	0	0	1	True	96.33	0.68	checkm2	-3.6700000000000017	-9.319979836311177	3.6700000000000017	9.319979836311177	high	medium
G_r023_chimera_40pct	23	19	chimera	0.4	40.0	rc0.5	RS_GCF_030323845.1	Methanobacteriota	Archaea	medium	100.0	9.999979836311176	100.0	9.999979836311176	1983764	6	2182140	5	2182140	0.3333333333333333		0	0	0	1	True	96.34	0.68	checkm2	-3.6599999999999966	-9.319979836311177	3.6599999999999966	9.319979836311177	high	medium
G_r023_uneven_coverage_5pct	23	20	uneven_coverage	0.05	5.0	lognormal_sigma1.0	RS_GCF_030323845.1	Methanobacteriota	Archaea	medium	100.0	9.999979836311176	100.0	15.499978828126732	1983764	6	2182140	7	2291247	0.05		109107	0	0	0	True	95.49	9.06	checkm2	-4.510000000000005	-0.939979836311176	4.510000000000005	0.939979836311176	medium	medium
G_r023_uneven_coverage_10pct	23	21	uneven_coverage	0.1	10.0	lognormal_sigma1.0	RS_GCF_030323845.1	Methanobacteriota	Archaea	medium	100.0	9.999979836311176	100.0	20.99997781994229	1983764	6	2182140	8	2400354	0.1		218214	0	0	0	True	98.03	15.05	checkm2	-1.9699999999999989	5.050020163688824	1.9699999999999989	5.050020163688824	low	medium
G_r023_uneven_coverage_20pct	23	22	uneven_coverage	0.2	20.0	lognormal_sigma1.0	RS_GCF_030323845.1	Methanobacteriota	Archaea	medium	100.0	9.999979836311176	100.0	31.99997580357341	1983764	6	2182140	9	2618568	0.2		436428	0	0	0	True	98.2	22.65	checkm2	-1.7999999999999972	12.650020163688822	1.7999999999999972	12.650020163688822	low	medium
G_r023_uneven_coverage_40pct	23	23	uneven_coverage	0.4	40.0	lognormal_sigma1.0	RS_GCF_030323845.1	Methanobacteriota	Archaea	medium	100.0	9.999979836311176	100.0	53.99997177083564	1983764	6	2182140	10	3054996	0.4		872856	0	0	0	True	99.28	39.38	checkm2	-0.7199999999999989	29.380020163688826	0.7199999999999989	29.380020163688826	low	medium
G_r024_none_control	24	0	none	0.0	0.0	control	RS_GCF_026965535.1	Myxococcota	Bacteria	medium	79.94324175894351	9.999994891247429	79.94324175894351	9.999994891247429	9787125	58	8802857	58	8802857	0.0		0	0	0	0	True	99.99	23.73	checkm2	20.04675824105648	13.730005108752572	20.04675824105648	13.730005108752572	low	medium
G_r024_substitution_0p1pct	24	1	substitution	0.001	0.1	uniform	RS_GCF_026965535.1	Myxococcota	Bacteria	medium	79.94324175894351	9.999994891247429	79.94324175894351	9.999994891247429	9787125	58	8802857	58	8802857	0.000998312252488	0.0089640838741259	0	8788	0	0	True	99.96	23.58	checkm2	20.01675824105648	13.58000510875257	20.01675824105648	13.58000510875257	low	medium
G_r024_substitution_0p5pct	24	2	substitution	0.005	0.5	uniform	RS_GCF_026965535.1	Myxococcota	Bacteria	medium	79.94324175894351	9.999994891247429	79.94324175894351	9.999994891247429	9787125	58	8802857	58	8802857	0.0049922428593353	0.0441104216424403	0	43946	0	0	True	99.9	22.13	checkm2	19.95675824105649	12.13000510875257	19.95675824105649	12.13000510875257	low	medium
G_r024_substitution_1pct	24	3	substitution	0.01	1.0	uniform	RS_GCF_026965535.1	Myxococcota	Bacteria	medium	79.94324175894351	9.999994891247429	79.94324175894351	9.999994891247429	9787125	58	8802857	58	8802857	0.0099835769228104	0.0864827525163591	0	87884	0	0	True	95.56	16.22	checkm2	15.616758241056488	6.22000510875257	15.616758241056488	6.22000510875257	low	medium
G_r024_substitution_2pct	24	4	substitution	0.02	2.0	uniform	RS_GCF_026965535.1	Myxococcota	Bacteria	medium	79.94324175894351	9.999994891247429	79.94324175894351	9.999994891247429	9787125	58	8802857	58	8802857	0.0200801853307397	0.1662522378698502	0	176763	0	0	True	88.56	14.75	checkm2	8.616758241056488	4.750005108752571	8.616758241056488	4.750005108752571	low	medium
G_r024_substitution_5pct	24	5	substitution	0.05	5.0	uniform	RS_GCF_026965535.1	Myxococcota	Bacteria	medium	79.94324175894351	9.999994891247429	79.94324175894351	9.999994891247429	9787125	58	8802857	58	8802857	0.0499412861074535	0.3697505902753909	0	439626	0	0	True	69.65	6.48	checkm2	-10.293241758943509	-3.5199948912474284	10.293241758943509	3.5199948912474284	medium	medium
G_r024_substitution_titv_0p1pct	24	6	substitution_titv	0.001	0.1	titv_2	RS_GCF_026965535.1	Myxococcota	Bacteria	medium	79.94324175894351	9.999994891247429	79.94324175894351	9.999994891247429	9787125	58	8802857	58	8802857	0.001007286611608	0.0089640838741259	0	8867	0	0	True	99.99	24.41	checkm2	20.04675824105648	14.410005108752571	20.04675824105648	14.410005108752571	low	medium
G_r024_substitution_titv_0p5pct	24	7	substitution_titv	0.005	0.5	titv_2	RS_GCF_026965535.1	Myxococcota	Bacteria	medium	79.94324175894351	9.999994891247429	79.94324175894351	9.999994891247429	9787125	58	8802857	58	8802857	0.005014621957394	0.0441104216424403	0	44143	0	0	True	95.0	20.91	checkm2	15.056758241056485	10.910005108752571	15.056758241056485	10.910005108752571	low	medium
G_r024_substitution_titv_1pct	24	8	substitution_titv	0.01	1.0	titv_2	RS_GCF_026965535.1	Myxococcota	Bacteria	medium	79.94324175894351	9.999994891247429	79.94324175894351	9.999994891247429	9787125	58	8802857	58	8802857	0.0100264039277248	0.0864827525163591	0	88261	0	0	True	96.67	22.13	checkm2	16.726758241056487	12.13000510875257	16.726758241056487	12.13000510875257	low	medium
G_r024_substitution_titv_2pct	24	9	substitution_titv	0.02	2.0	titv_2	RS_GCF_026965535.1	Myxococcota	Bacteria	medium	79.94324175894351	9.999994891247429	79.94324175894351	9.999994891247429	9787125	58	8802857	58	8802857	0.0200962028577767	0.1662522378698502	0	176904	0	0	True	90.03	20.03	checkm2	10.086758241056486	10.030005108752572	10.086758241056486	10.030005108752572	low	medium
G_r024_substitution_titv_5pct	24	10	substitution_titv	0.05	5.0	titv_2	RS_GCF_026965535.1	Myxococcota	Bacteria	medium	79.94324175894351	9.999994891247429	79.94324175894351	9.999994891247429	9787125	58	8802857	58	8802857	0.0500084234016297	0.3697505902753909	0	440217	0	0	True	78.78	7.83	checkm2	-1.1632417589435136	-2.1699948912474287	1.1632417589435136	2.1699948912474287	medium	medium
G_r024_indel_0p1pct	24	11	indel	0.001	0.1	ins0.5_geom0.75	RS_GCF_026965535.1	Myxococcota	Bacteria	medium	79.94324175894351	9.999994891247429	79.94117117445928	9.999994891247429	9787125	58	8802857	58	8802629	0.0010120577898743		0	0	8909	0	True	79.62	12.15	checkm2	-0.32324175894351015	2.1500051087525716	0.32324175894351015	2.1500051087525716	low	medium
G_r024_indel_0p5pct	24	12	indel	0.005	0.5	ins0.5_geom0.75	RS_GCF_026965535.1	Myxococcota	Bacteria	medium	79.94324175894351	9.999994891247429	79.93911875299686	9.999994891247429	9787125	58	8802857	58	8802403	0.0049452126735672		0	0	43532	0	True	42.71	4.64	checkm2	-37.233241758943514	-5.359994891247429	37.233241758943514	5.359994891247429	low	medium
G_r024_indel_1pct	24	13	indel	0.01	1.0	ins0.5_geom0.75	RS_GCF_026965535.1	Myxococcota	Bacteria	medium	79.94324175894351	9.999994891247429	79.94521244680789	9.999994891247429	9787125	58	8802857	58	8803074	0.0099730121709349		0	0	87791	0	True	67.87	4.02	checkm2	-12.07324175894351	-5.979994891247429	12.07324175894351	5.979994891247429	medium	medium
G_r024_indel_2pct	24	14	indel	0.02	2.0	ins0.5_geom0.75	RS_GCF_026965535.1	Myxococcota	Bacteria	medium	79.94324175894351	9.999994891247429	79.94675630366015	9.999994891247429	9787125	58	8802857	58	8803244	0.0200213407987883		0	0	176245	0	True	84.51	28.94	checkm2	4.56675824105649	18.940005108752572	4.56675824105649	18.940005108752572	low	medium
G_r024_indel_5pct	24	15	indel	0.05	5.0	ins0.5_geom0.75	RS_GCF_026965535.1	Myxococcota	Bacteria	medium	79.94324175894351	9.999994891247429	79.94572101141804	9.999994891247429	9787125	58	8802857	58	8803130	0.0499816139237522		0	0	439981	0	True	87.21	21.62	checkm2	7.266758241056479	11.620005108752572	7.266758241056479	11.620005108752572	low	medium
G_r024_chimera_5pct	24	16	chimera	0.05	5.0	rc0.5	RS_GCF_026965535.1	Myxococcota	Bacteria	medium	79.94324175894351	9.999994891247429	79.94324175894351	9.999994891247429	9787125	58	8802857	56	8802857	0.0689655172413793		0	0	0	2	True	99.99	23.73	checkm2	20.04675824105648	13.730005108752572	20.04675824105648	13.730005108752572	low	medium
G_r024_chimera_10pct	24	17	chimera	0.1	10.0	rc0.5	RS_GCF_026965535.1	Myxococcota	Bacteria	medium	79.94324175894351	9.999994891247429	79.94324175894351	9.999994891247429	9787125	58	8802857	55	8802857	0.1034482758620689		0	0	0	3	True	99.99	23.68	checkm2	20.04675824105648	13.680005108752571	20.04675824105648	13.680005108752571	low	medium
G_r024_chimera_20pct	24	18	chimera	0.2	20.0	rc0.5	RS_GCF_026965535.1	Myxococcota	Bacteria	medium	79.94324175894351	9.999994891247429	79.94324175894351	9.999994891247429	9787125	58	8802857	52	8802857	0.2068965517241379		0	0	0	6	True	99.99	23.68	checkm2	20.04675824105648	13.680005108752571	20.04675824105648	13.680005108752571	low	medium
G_r024_chimera_40pct	24	19	chimera	0.4	40.0	rc0.5	RS_GCF_026965535.1	Myxococcota	Bacteria	medium	79.94324175894351	9.999994891247429	79.94324175894351	9.999994891247429	9787125	58	8802857	46	8802857	0.4137931034482758		0	0	0	12	True	99.99	23.73	checkm2	20.04675824105648	13.730005108752572	20.04675824105648	13.730005108752572	low	medium
G_r024_uneven_coverage_5pct	24	20	uneven_coverage	0.05	5.0	lognormal_sigma1.0	RS_GCF_026965535.1	Myxococcota	Bacteria	medium	79.94324175894351	9.999994891247429	79.94324175894351	14.497158256382749	9787125	58	8802857	64	9243000	0.0500000170399223		440143	0	0	0	True	99.67	28.33	checkm2	19.726758241056487	18.33000510875257	19.726758241056487	18.33000510875257	low	medium
G_r024_uneven_coverage_10pct	24	21	uneven_coverage	0.1	10.0	lognormal_sigma1.0	RS_GCF_026965535.1	Myxococcota	Bacteria	medium	79.94324175894351	9.999994891247429	79.94324175894351	18.994321621518065	9787125	58	8802857	66	9683143	0.1000000340798447		880286	0	0	0	True	99.99	35.84	checkm2	20.04675824105648	25.840005108752575	20.04675824105648	25.840005108752575	low	medium
G_r024_uneven_coverage_20pct	24	22	uneven_coverage	0.2	20.0	lognormal_sigma1.0	RS_GCF_026965535.1	Myxococcota	Bacteria	medium	79.94324175894351	9.999994891247429	79.94324175894351	27.98863813428356	9787125	58	8802857	65	10563428	0.199999954560207		1760571	0	0	0	True	95.19	35.29	checkm2	15.246758241056483	25.29000510875257	15.246758241056483	25.29000510875257	low	medium
G_r024_uneven_coverage_40pct	24	23	uneven_coverage	0.4	40.0	lognormal_sigma1.0	RS_GCF_026965535.1	Myxococcota	Bacteria	medium	79.94324175894351	9.999994891247429	79.94324175894351	45.977291594824834	9787125	58	8802857	82	12324000	0.4000000227198965		3521143	0	0	0	True	86.16	52.48	checkm2	6.216758241056482	42.480005108752565	6.216758241056482	42.480005108752565	low	medium
G_r025_none_control	25	0	none	0.0	0.0	control	RS_GCF_900090055.1	Thermoplasmatota	Archaea	medium	77.79208862982699	19.99998935556459	77.79208862982699	19.99998935556459	1878916	5	1837431	5	1837431	0.0		0	0	0	0	True	90.29	2.34	checkm2	12.497911370173014	-17.65998935556459	12.497911370173014	17.65998935556459	high	low
G_r025_substitution_0p1pct	25	1	substitution	0.001	0.1	uniform	RS_GCF_900090055.1	Thermoplasmatota	Archaea	medium	77.79208862982699	19.99998935556459	77.79208862982699	19.99998935556459	1878916	5	1837431	5	1837431	0.0009899691471407	0.0089640838741259	0	1819	0	0	True	85.54	2.21	checkm2	7.747911370173014	-17.78998935556459	7.747911370173014	17.78998935556459	medium	low
G_r025_substitution_0p5pct	25	2	substitution	0.005	0.5	uniform	RS_GCF_900090055.1	Thermoplasmatota	Archaea	medium	77.79208862982699	19.99998935556459	77.79208862982699	19.99998935556459	1878916	5	1837431	5	1837431	0.0049830442612538	0.0441104216424403	0	9156	0	0	True	94.08	3.27	checkm2	16.287911370173006	-16.72998935556459	16.287911370173006	16.72998935556459	high	low
G_r025_substitution_1pct	25	3	substitution	0.01	1.0	uniform	RS_GCF_900090055.1	Thermoplasmatota	Archaea	medium	77.79208862982699	19.99998935556459	77.79208862982699	19.99998935556459	1878916	5	1837431	5	1837431	0.0099552037600323	0.0864827525163591	0	18292	0	0	True	85.9	2.98	checkm2	8.107911370173014	-17.01998935556459	8.107911370173014	17.01998935556459	medium	low
G_r025_substitution_2pct	25	4	substitution	0.02	2.0	uniform	RS_GCF_900090055.1	Thermoplasmatota	Archaea	medium	77.79208862982699	19.99998935556459	77.79208862982699	19.99998935556459	1878916	5	1837431	5	1837431	0.0201700091051038	0.1662522378698502	0	37061	0	0	True	66.99	3.27	checkm2	-10.802088629826997	-16.72998935556459	10.802088629826997	16.72998935556459	medium	low
G_r025_substitution_5pct	25	5	substitution	0.05	5.0	uniform	RS_GCF_900090055.1	Thermoplasmatota	Archaea	medium	77.79208862982699	19.99998935556459	77.79208862982699	19.99998935556459	1878916	5	1837431	5	1837431	0.0502206613472832	0.3697505902753909	0	92277	0	0	True	46.24	1.84	checkm2	-31.55208862982699	-18.15998935556459	31.55208862982699	18.15998935556459	low	low
G_r025_substitution_titv_0p1pct	25	6	substitution_titv	0.001	0.1	titv_2	RS_GCF_900090055.1	Thermoplasmatota	Archaea	medium	77.79208862982699	19.99998935556459	77.79208862982699	19.99998935556459	1878916	5	1837431	5	1837431	0.0009573148597144	0.0089640838741259	0	1759	0	0	True	90.37	2.48	checkm2	12.577911370173013	-17.51998935556459	12.577911370173013	17.51998935556459	high	low
G_r025_substitution_titv_0p5pct	25	7	substitution_titv	0.005	0.5	titv_2	RS_GCF_900090055.1	Thermoplasmatota	Archaea	medium	77.79208862982699	19.99998935556459	77.79208862982699	19.99998935556459	1878916	5	1837431	5	1837431	0.0050010041193383	0.0441104216424403	0	9189	0	0	True	85.73	3.08	checkm2	7.937911370173012	-16.91998935556459	7.937911370173012	16.91998935556459	medium	low
G_r025_substitution_titv_1pct	25	8	substitution_titv	0.01	1.0	titv_2	RS_GCF_900090055.1	Thermoplasmatota	Archaea	medium	77.79208862982699	19.99998935556459	77.79208862982699	19.99998935556459	1878916	5	1837431	5	1837431	0.0098735680414665	0.0864827525163591	0	18142	0	0	True	81.68	2.69	checkm2	3.887911370173015	-17.30998935556459	3.887911370173015	17.30998935556459	medium	low
G_r025_substitution_titv_2pct	25	9	substitution_titv	0.02	2.0	titv_2	RS_GCF_900090055.1	Thermoplasmatota	Archaea	medium	77.79208862982699	19.99998935556459	77.79208862982699	19.99998935556459	1878916	5	1837431	5	1837431	0.0201427971989152	0.1662522378698502	0	37011	0	0	True	78.02	4.71	checkm2	0.227911370173004	-15.28998935556459	0.227911370173004	15.28998935556459	medium	low
G_r025_substitution_titv_5pct	25	10	substitution_titv	0.05	5.0	titv_2	RS_GCF_900090055.1	Thermoplasmatota	Archaea	medium	77.79208862982699	19.99998935556459	77.79208862982699	19.99998935556459	1878916	5	1837431	5	1837431	0.049908812902362	0.3697505902753909	0	91704	0	0	True	71.65	0.24	checkm2	-6.142088629826986	-19.759989355564592	6.142088629826986	19.759989355564592	medium	low
G_r025_indel_0p1pct	25	11	indel	0.001	0.1	ins0.5_geom0.75	RS_GCF_900090055.1	Thermoplasmatota	Archaea	medium	77.79208862982699	19.99998935556459	77.7928083659731	19.99998935556459	1878916	5	1837431	5	1837448	0.0009828940515317		0	0	1806	0	True	76.25	3.39	checkm2	-1.542088629826992	-16.60998935556459	1.542088629826992	16.60998935556459	medium	low
G_r025_indel_0p5pct	25	12	indel	0.005	0.5	ins0.5_geom0.75	RS_GCF_900090055.1	Thermoplasmatota	Archaea	medium	77.79208862982699	19.99998935556459	77.79204629240662	19.99998935556459	1878916	5	1837431	5	1837430	0.0051022324103599		0	0	9375	0	True	36.26	4.11	checkm2	-41.532088629826994	-15.889989355564591	41.532088629826994	15.889989355564591	low	low
G_r025_indel_1pct	25	13	indel	0.01	1.0	ins0.5_geom0.75	RS_GCF_900090055.1	Thermoplasmatota	Archaea	medium	77.79208862982699	19.99998935556459	77.79793119383669	19.99998935556459	1878916	5	1837431	5	1837569	0.0100210565730087		0	0	18413	0	True	26.66	5.14	checkm2	-51.132088629826995	-14.85998935556459	51.132088629826995	14.85998935556459	low	low
G_r025_indel_2pct	25	14	indel	0.02	2.0	ins0.5_geom0.75	RS_GCF_900090055.1	Thermoplasmatota	Archaea	medium	77.79208862982699	19.99998935556459	77.7911148691587	19.99998935556459	1878916	5	1837431	5	1837408	0.0200252417641805		0	0	36795	0	True	22.61	6.62	checkm2	-55.18208862982699	-13.37998935556459	55.18208862982699	13.37998935556459	low	low
G_r025_indel_5pct	25	15	indel	0.05	5.0	ins0.5_geom0.75	RS_GCF_900090055.1	Thermoplasmatota	Archaea	medium	77.79208862982699	19.99998935556459	77.78374815801602	19.99998935556459	1878916	5	1837431	5	1837234	0.0497166968446706		0	0	91351	0	True	9.22	3.12	checkm2	-68.572088629827	-16.87998935556459	68.572088629827	16.87998935556459	low	low
G_r025_chimera_5pct	25	16	chimera	0.05	5.0	rc0.5	RS_GCF_900090055.1	Thermoplasmatota	Archaea	medium	77.79208862982699	19.99998935556459	77.79208862982699	19.99998935556459	1878916	5	1837431	5	1837431	0.0		0	0	0	0	True	90.29	2.34	checkm2	12.497911370173014	-17.65998935556459	12.497911370173014	17.65998935556459	high	low
G_r025_chimera_10pct	25	17	chimera	0.1	10.0	rc0.5	RS_GCF_900090055.1	Thermoplasmatota	Archaea	medium	77.79208862982699	19.99998935556459	77.79208862982699	19.99998935556459	1878916	5	1837431	4	1837431	0.4		0	0	0	1	True	90.3	2.34	checkm2	12.507911370173005	-17.65998935556459	12.507911370173005	17.65998935556459	high	low
G_r025_chimera_20pct	25	18	chimera	0.2	20.0	rc0.5	RS_GCF_900090055.1	Thermoplasmatota	Archaea	medium	77.79208862982699	19.99998935556459	77.79208862982699	19.99998935556459	1878916	5	1837431	4	1837431	0.4		0	0	0	1	True	90.3	2.34	checkm2	12.507911370173005	-17.65998935556459	12.507911370173005	17.65998935556459	high	low
G_r025_chimera_40pct	25	19	chimera	0.4	40.0	rc0.5	RS_GCF_900090055.1	Thermoplasmatota	Archaea	medium	77.79208862982699	19.99998935556459	77.79208862982699	19.99998935556459	1878916	5	1837431	4	1837431	0.4		0	0	0	1	True	90.29	2.34	checkm2	12.497911370173014	-17.65998935556459	12.497911370173014	17.65998935556459	high	low
G_r025_uneven_coverage_5pct	25	20	uneven_coverage	0.05	5.0	lognormal_sigma1.0	RS_GCF_900090055.1	Thermoplasmatota	Archaea	medium	77.79208862982699	19.99998935556459	77.79208862982699	24.88961720481384	1878916	5	1837431	6	1929303	0.0500002449071557		91872	0	0	0	True	91.26	3.27	checkm2	13.467911370173013	-16.72998935556459	13.467911370173013	16.72998935556459	high	low
G_r025_uneven_coverage_10pct	25	21	uneven_coverage	0.1	10.0	lognormal_sigma1.0	RS_GCF_900090055.1	Thermoplasmatota	Archaea	medium	77.79208862982699	19.99998935556459	77.79208862982699	29.779191831886045	1878916	5	1837431	6	2021174	0.0999999455761876		183743	0	0	0	True	90.44	14.72	checkm2	12.647911370173006	-5.27998935556459	12.647911370173006	5.27998935556459	low	low
G_r025_uneven_coverage_20pct	25	22	uneven_coverage	0.2	20.0	lognormal_sigma1.0	RS_GCF_900090055.1	Thermoplasmatota	Archaea	medium	77.79208862982699	19.99998935556459	77.79208862982699	39.5583943082075	1878916	5	1837431	6	2204917	0.1999998911523752		367486	0	0	0	True	90.49	18.85	checkm2	12.697911370173003	-1.149989355564589	12.697911370173003	1.149989355564589	low	low
G_r025_uneven_coverage_40pct	25	23	uneven_coverage	0.4	40.0	lognormal_sigma1.0	RS_GCF_900090055.1	Thermoplasmatota	Archaea	medium	77.79208862982699	19.99998935556459	77.79208862982699	59.11679926085041	1878916	5	1837431	9	2572403	0.3999997823047505		734972	0	0	0	True	92.91	35.3	checkm2	15.117911370173005	15.300010644435407	15.117911370173005	15.300010644435407	low	low
G_r026_none_control	26	0	none	0.0	0.0	control	GB_GCA_963662275.1	Cloacimonadota	Bacteria	low	84.99023929931232	19.999981730087622	84.99023929931232	19.999981730087622	4378784	109	4597295	109	4597295	0.0		0	0	0	0	True	93.62	4.67	checkm2	8.629760700687683	-15.329981730087622	8.629760700687683	15.329981730087622	high	low
G_r026_substitution_0p1pct	26	1	substitution	0.001	0.1	uniform	GB_GCA_963662275.1	Cloacimonadota	Bacteria	low	84.99023929931232	19.999981730087622	84.99023929931232	19.999981730087622	4378784	109	4597295	109	4597295	0.0009944978514539	0.0089640838741259	0	4572	0	0	True	93.04	5.13	checkm2	8.049760700687685	-14.869981730087623	8.049760700687685	14.869981730087623	medium	low
G_r026_substitution_0p5pct	26	2	substitution	0.005	0.5	uniform	GB_GCA_963662275.1	Cloacimonadota	Bacteria	low	84.99023929931232	19.999981730087622	84.99023929931232	19.999981730087622	4378784	109	4597295	109	4597295	0.0050542764821487	0.0441104216424403	0	23236	0	0	True	88.27	5.39	checkm2	3.2797607006876746	-14.609981730087622	3.2797607006876746	14.609981730087622	medium	low
G_r026_substitution_1pct	26	3	substitution	0.01	1.0	uniform	GB_GCA_963662275.1	Cloacimonadota	Bacteria	low	84.99023929931232	19.999981730087622	84.99023929931232	19.999981730087622	4378784	109	4597295	109	4597295	0.0099591172635212	0.0864827525163591	0	45785	0	0	True	81.93	6.61	checkm2	-3.0602392993123146	-13.389981730087623	3.0602392993123146	13.389981730087623	medium	low
G_r026_substitution_2pct	26	4	substitution	0.02	2.0	uniform	GB_GCA_963662275.1	Cloacimonadota	Bacteria	low	84.99023929931232	19.999981730087622	84.99023929931232	19.999981730087622	4378784	109	4597295	109	4597295	0.0200163356930542	0.1662522378698502	0	92021	0	0	True	70.29	5.93	checkm2	-14.700239299312315	-14.069981730087623	14.700239299312315	14.069981730087623	medium	low
G_r026_substitution_5pct	26	5	substitution	0.05	5.0	uniform	GB_GCA_963662275.1	Cloacimonadota	Bacteria	low	84.99023929931232	19.999981730087622	84.99023929931232	19.999981730087622	4378784	109	4597295	109	4597295	0.0498943400412634	0.3697505902753909	0	229379	0	0	True	50.13	3.88	checkm2	-34.86023929931232	-16.119981730087623	34.86023929931232	16.119981730087623	medium	low
G_r026_substitution_titv_0p1pct	26	6	substitution_titv	0.001	0.1	titv_2	GB_GCA_963662275.1	Cloacimonadota	Bacteria	low	84.99023929931232	19.999981730087622	84.99023929931232	19.999981730087622	4378784	109	4597295	109	4597295	0.0009751386413097	0.0089640838741259	0	4483	0	0	True	91.3	4.98	checkm2	6.309760700687676	-15.019981730087622	6.309760700687676	15.019981730087622	high	low
G_r026_substitution_titv_0p5pct	26	7	substitution_titv	0.005	0.5	titv_2	GB_GCA_963662275.1	Cloacimonadota	Bacteria	low	84.99023929931232	19.999981730087622	84.99023929931232	19.999981730087622	4378784	109	4597295	109	4597295	0.0049848878525306	0.0441104216424403	0	22917	0	0	True	89.76	4.95	checkm2	4.769760700687684	-15.049981730087623	4.769760700687684	15.049981730087623	medium	low
G_r026_substitution_titv_1pct	26	8	substitution_titv	0.01	1.0	titv_2	GB_GCA_963662275.1	Cloacimonadota	Bacteria	low	84.99023929931232	19.999981730087622	84.99023929931232	19.999981730087622	4378784	109	4597295	109	4597295	0.0100039262218326	0.0864827525163591	0	45991	0	0	True	83.51	7.77	checkm2	-1.4802392993123163	-12.229981730087623	1.4802392993123163	12.229981730087623	medium	low
G_r026_substitution_titv_2pct	26	9	substitution_titv	0.02	2.0	titv_2	GB_GCA_963662275.1	Cloacimonadota	Bacteria	low	84.99023929931232	19.999981730087622	84.99023929931232	19.999981730087622	4378784	109	4597295	109	4597295	0.0200424379988667	0.1662522378698502	0	92141	0	0	True	79.55	4.88	checkm2	-5.440239299312324	-15.119981730087623	5.440239299312324	15.119981730087623	medium	low
G_r026_substitution_titv_5pct	26	10	substitution_titv	0.05	5.0	titv_2	GB_GCA_963662275.1	Cloacimonadota	Bacteria	low	84.99023929931232	19.999981730087622	84.99023929931232	19.999981730087622	4378784	109	4597295	109	4597295	0.0500067974754719	0.3697505902753909	0	229896	0	0	True	60.14	4.44	checkm2	-24.85023929931232	-15.559981730087621	24.85023929931232	15.559981730087621	medium	low
G_r026_indel_0p1pct	26	11	indel	0.001	0.1	ins0.5_geom0.75	GB_GCA_963662275.1	Cloacimonadota	Bacteria	low	84.99023929931232	19.999981730087622	84.98983258508916	19.999981730087622	4378784	109	4597295	109	4597273	0.0010171198498247		0	0	4676	0	True	67.7	6.08	checkm2	-17.29023929931232	-13.919981730087622	17.29023929931232	13.919981730087622	medium	low
G_r026_indel_0p5pct	26	12	indel	0.005	0.5	ins0.5_geom0.75	GB_GCA_963662275.1	Cloacimonadota	Bacteria	low	84.99023929931232	19.999981730087622	84.97757569736378	19.999981730087622	4378784	109	4597295	109	4596610	0.0049674863153223		0	0	22837	0	True	38.89	1.32	checkm2	-46.10023929931232	-18.679981730087622	46.10023929931232	18.679981730087622	low	low
G_r026_indel_1pct	26	13	indel	0.01	1.0	ins0.5_geom0.75	GB_GCA_963662275.1	Cloacimonadota	Bacteria	low	84.99023929931232	19.999981730087622	84.98733683871973	19.999981730087622	4378784	109	4597295	109	4597138	0.0100041437410477		0	0	45992	0	True	48.57	2.01	checkm2	-36.42023929931232	-17.98998173008762	36.42023929931232	17.98998173008762	low	low
G_r026_indel_2pct	26	14	indel	0.02	2.0	ins0.5_geom0.75	GB_GCA_963662275.1	Cloacimonadota	Bacteria	low	84.99023929931232	19.999981730087622	84.98848303334866	19.999981730087622	4378784	109	4597295	109	4597200	0.0199745720037543		0	0	91829	0	True	32.03	6.34	checkm2	-52.96023929931232	-13.659981730087623	52.96023929931232	13.659981730087623	low	low
G_r026_indel_5pct	26	15	indel	0.05	5.0	ins0.5_geom0.75	GB_GCA_963662275.1	Cloacimonadota	Bacteria	low	84.99023929931232	19.999981730087622	85.00563897876216	19.999981730087622	4378784	109	4597295	109	4598128	0.0501164271598842		0	0	230400	0	True	20.65	5.12	checkm2	-64.34023929931232	-14.879981730087621	64.34023929931232	14.879981730087621	low	low
G_r026_chimera_5pct	26	16	chimera	0.05	5.0	rc0.5	GB_GCA_963662275.1	Cloacimonadota	Bacteria	low	84.99023929931232	19.999981730087622	84.99023929931232	19.999981730087622	4378784	109	4597295	106	4597295	0.055045871559633		0	0	0	3	True	93.62	4.82	checkm2	8.629760700687683	-15.179981730087622	8.629760700687683	15.179981730087622	high	low
G_r026_chimera_10pct	26	17	chimera	0.1	10.0	rc0.5	GB_GCA_963662275.1	Cloacimonadota	Bacteria	low	84.99023929931232	19.999981730087622	84.99023929931232	19.999981730087622	4378784	109	4597295	104	4597295	0.091743119266055		0	0	0	5	True	93.62	4.67	checkm2	8.629760700687683	-15.329981730087622	8.629760700687683	15.329981730087622	high	low
G_r026_chimera_20pct	26	18	chimera	0.2	20.0	rc0.5	GB_GCA_963662275.1	Cloacimonadota	Bacteria	low	84.99023929931232	19.999981730087622	84.99023929931232	19.999981730087622	4378784	109	4597295	98	4597295	0.2018348623853211		0	0	0	11	True	93.62	4.87	checkm2	8.629760700687683	-15.129981730087621	8.629760700687683	15.129981730087621	high	low
G_r026_chimera_40pct	26	19	chimera	0.4	40.0	rc0.5	GB_GCA_963662275.1	Cloacimonadota	Bacteria	low	84.99023929931232	19.999981730087622	84.99023929931232	19.999981730087622	4378784	109	4597295	87	4597295	0.4036697247706422		0	0	0	22	True	93.62	4.8	checkm2	8.629760700687683	-15.199981730087622	8.629760700687683	15.199981730087622	high	low
G_r026_uneven_coverage_5pct	26	20	uneven_coverage	0.05	5.0	lognormal_sigma1.0	GB_GCA_963662275.1	Cloacimonadota	Bacteria	low	84.99023929931232	19.999981730087622	84.99023929931232	25.24949849090524	4378784	109	4597295	112	4827160	0.0500000543798037		229865	0	0	0	True	94.0	6.52	checkm2	9.009760700687679	-13.479981730087623	9.009760700687679	13.479981730087623	medium	low
G_r026_uneven_coverage_10pct	26	21	uneven_coverage	0.1	10.0	lognormal_sigma1.0	GB_GCA_963662275.1	Cloacimonadota	Bacteria	low	84.99023929931232	19.999981730087622	84.99023929931232	30.49901525172285	4378784	109	4597295	111	5057025	0.1000001087596075		459730	0	0	0	True	92.9	8.31	checkm2	7.909760700687684	-11.689981730087622	7.909760700687684	11.689981730087622	medium	low
G_r026_uneven_coverage_20pct	26	22	uneven_coverage	0.2	20.0	lognormal_sigma1.0	GB_GCA_963662275.1	Cloacimonadota	Bacteria	low	84.99023929931232	19.999981730087622	84.99023929931232	40.99802593596761	4378784	109	4597295	124	5516754	0.2		919459	0	0	0	True	93.45	21.5	checkm2	8.459760700687681	1.5000182699123776	8.459760700687681	1.5000182699123776	low	low
G_r026_uneven_coverage_40pct	26	23	uneven_coverage	0.4	40.0	lognormal_sigma1.0	GB_GCA_963662275.1	Cloacimonadota	Bacteria	low	84.99023929931232	19.999981730087622	84.99023929931232	61.9960701418476	4378784	109	4597295	126	6436213	0.4		1838918	0	0	0	True	92.08	18.14	checkm2	7.089760700687677	-1.8599817300876218	7.089760700687677	1.8599817300876218	low	low
G_r027_none_control	27	0	none	0.0	0.0	control	GB_GCA_963682045.1	Synergistota	Bacteria	highly_fragmented	79.05513044516131	0.0	79.05513044516131	0.0	2412968	33	1907575	33	1907575	0.0		0	0	0	0	True	83.24	0.43	checkm2	4.184869554838684	0.43	4.184869554838684	0.43	medium	medium
G_r027_substitution_0p1pct	27	1	substitution	0.001	0.1	uniform	GB_GCA_963682045.1	Synergistota	Bacteria	highly_fragmented	79.05513044516131	0.0	79.05513044516131	0.0	2412968	33	1907575	33	1907575	0.0009934078607656	0.0089640838741259	0	1895	0	0	True	81.53	2.31	checkm2	2.4748695548386905	2.31	2.4748695548386905	2.31	medium	medium
G_r027_substitution_0p5pct	27	2	substitution	0.005	0.5	uniform	GB_GCA_963682045.1	Synergistota	Bacteria	highly_fragmented	79.05513044516131	0.0	79.05513044516131	0.0	2412968	33	1907575	33	1907575	0.0050671664285807	0.0441104216424403	0	9666	0	0	True	79.19	2.31	checkm2	0.13486955483868712	2.31	0.13486955483868712	2.31	medium	medium
G_r027_substitution_1pct	27	3	substitution	0.01	1.0	uniform	GB_GCA_963682045.1	Synergistota	Bacteria	highly_fragmented	79.05513044516131	0.0	79.05513044516131	0.0	2412968	33	1907575	33	1907575	0.0099597656710745	0.0864827525163591	0	18999	0	0	True	85.76	4.05	checkm2	6.7048695548386945	4.05	6.7048695548386945	4.05	medium	medium
G_r027_substitution_2pct	27	4	substitution	0.02	2.0	uniform	GB_GCA_963682045.1	Synergistota	Bacteria	highly_fragmented	79.05513044516131	0.0	79.05513044516131	0.0	2412968	33	1907575	33	1907575	0.0197937171539782	0.1662522378698502	0	37758	0	0	True	74.05	4.99	checkm2	-5.0051304451613134	4.99	5.0051304451613134	4.99	medium	medium
G_r027_substitution_5pct	27	5	substitution	0.05	5.0	uniform	GB_GCA_963682045.1	Synergistota	Bacteria	highly_fragmented	79.05513044516131	0.0	79.05513044516131	0.0	2412968	33	1907575	33	1907575	0.0499665806062671	0.3697505902753909	0	95315	0	0	True	50.11	0.49	checkm2	-28.94513044516131	0.49	28.94513044516131	0.49	medium	medium
G_r027_substitution_titv_0p1pct	27	6	substitution_titv	0.001	0.1	titv_2	GB_GCA_963682045.1	Synergistota	Bacteria	highly_fragmented	79.05513044516131	0.0	79.05513044516131	0.0	2412968	33	1907575	33	1907575	0.00102119182732	0.0089640838741259	0	1948	0	0	True	91.01	0.38	checkm2	11.954869554838695	0.38	11.954869554838695	0.38	high	medium
G_r027_substitution_titv_0p5pct	27	7	substitution_titv	0.005	0.5	titv_2	GB_GCA_963682045.1	Synergistota	Bacteria	highly_fragmented	79.05513044516131	0.0	79.05513044516131	0.0	2412968	33	1907575	33	1907575	0.0049984928508708	0.0441104216424403	0	9535	0	0	True	90.61	3.68	checkm2	11.554869554838689	3.68	11.554869554838689	3.68	high	medium
G_r027_substitution_titv_1pct	27	8	substitution_titv	0.01	1.0	titv_2	GB_GCA_963682045.1	Synergistota	Bacteria	highly_fragmented	79.05513044516131	0.0	79.05513044516131	0.0	2412968	33	1907575	33	1907575	0.0099408935428489	0.0864827525163591	0	18963	0	0	True	84.72	0.52	checkm2	5.664869554838688	0.52	5.664869554838688	0.52	medium	medium
G_r027_substitution_titv_2pct	27	9	substitution_titv	0.02	2.0	titv_2	GB_GCA_963682045.1	Synergistota	Bacteria	highly_fragmented	79.05513044516131	0.0	79.05513044516131	0.0	2412968	33	1907575	33	1907575	0.0200825655609871	0.1662522378698502	0	38309	0	0	True	78.95	4.96	checkm2	-0.10513044516130776	4.96	0.10513044516130776	4.96	medium	medium
G_r027_substitution_titv_5pct	27	10	substitution_titv	0.05	5.0	titv_2	GB_GCA_963682045.1	Synergistota	Bacteria	highly_fragmented	79.05513044516131	0.0	79.05513044516131	0.0	2412968	33	1907575	33	1907575	0.0502045791122236	0.3697505902753909	0	95769	0	0	True	64.08	1.29	checkm2	-14.975130445161312	1.29	14.975130445161312	1.29	medium	medium
G_r027_indel_0p1pct	27	11	indel	0.001	0.1	ins0.5_geom0.75	GB_GCA_963682045.1	Synergistota	Bacteria	highly_fragmented	79.05513044516131	0.0	79.05338985017622	0.0	2412968	33	1907575	33	1907533	0.0009839717966528		0	0	1877	0	True	73.05	4.52	checkm2	-6.0051304451613134	4.52	6.0051304451613134	4.52	medium	medium
G_r027_indel_0p5pct	27	12	indel	0.005	0.5	ins0.5_geom0.75	GB_GCA_963682045.1	Synergistota	Bacteria	highly_fragmented	79.05513044516131	0.0	79.05711969657285	0.0	2412968	33	1907575	33	1907623	0.004918810531696		0	0	9383	0	True	34.6	0.79	checkm2	-44.45513044516131	0.79	44.45513044516131	0.79	low	medium
G_r027_indel_1pct	27	13	indel	0.01	1.0	ins0.5_geom0.75	GB_GCA_963682045.1	Synergistota	Bacteria	highly_fragmented	79.05513044516131	0.0	79.05857019239376	0.0	2412968	33	1907575	33	1907658	0.010000131056446		0	0	19076	0	True	24.51	1.78	checkm2	-54.545130445161305	1.78	54.545130445161305	1.78	low	medium
G_r027_indel_2pct	27	14	indel	0.02	2.0	ins0.5_geom0.75	GB_GCA_963682045.1	Synergistota	Bacteria	highly_fragmented	79.05513044516131	0.0	79.05865307786925	0.0	2412968	33	1907575	33	1907660	0.0199903018229951		0	0	38133	0	True	25.2	6.1	checkm2	-53.85513044516131	6.1	53.85513044516131	6.1	low	medium
G_r027_indel_5pct	27	15	indel	0.05	5.0	ins0.5_geom0.75	GB_GCA_963682045.1	Synergistota	Bacteria	highly_fragmented	79.05513044516131	0.0	79.06113964213367	0.0	2412968	33	1907575	33	1907720	0.0502659135289569		0	0	95886	0	True	9.09	3.11	checkm2	-69.96513044516131	3.11	69.96513044516131	3.11	low	medium
G_r027_chimera_5pct	27	16	chimera	0.05	5.0	rc0.5	GB_GCA_963682045.1	Synergistota	Bacteria	highly_fragmented	79.05513044516131	0.0	79.05513044516131	0.0	2412968	33	1907575	33	1907575	0.0		0	0	0	0	True	83.11	0.43	checkm2	4.054869554838689	0.43	4.054869554838689	0.43	medium	medium
G_r027_chimera_10pct	27	17	chimera	0.1	10.0	rc0.5	GB_GCA_963682045.1	Synergistota	Bacteria	highly_fragmented	79.05513044516131	0.0	79.05513044516131	0.0	2412968	33	1907575	31	1907575	0.1212121212121212		0	0	0	2	True	83.24	0.43	checkm2	4.184869554838684	0.43	4.184869554838684	0.43	medium	medium
G_r027_chimera_20pct	27	18	chimera	0.2	20.0	rc0.5	GB_GCA_963682045.1	Synergistota	Bacteria	highly_fragmented	79.05513044516131	0.0	79.05513044516131	0.0	2412968	33	1907575	30	1907575	0.1818181818181818		0	0	0	3	True	83.22	0.43	checkm2	4.164869554838688	0.43	4.164869554838688	0.43	medium	medium
G_r027_chimera_40pct	27	19	chimera	0.4	40.0	rc0.5	GB_GCA_963682045.1	Synergistota	Bacteria	highly_fragmented	79.05513044516131	0.0	79.05513044516131	0.0	2412968	33	1907575	27	1907575	0.3636363636363636		0	0	0	6	True	83.24	0.43	checkm2	4.184869554838684	0.43	4.184869554838684	0.43	medium	medium
G_r027_uneven_coverage_5pct	27	20	uneven_coverage	0.05	5.0	lognormal_sigma1.0	GB_GCA_963682045.1	Synergistota	Bacteria	highly_fragmented	79.05513044516131	0.0	79.05513044516131	3.952766882942501	2412968	33	1907575	37	2002954	0.050000131056446		95379	0	0	0	True	91.6	8.06	checkm2	12.544869554838684	8.06	12.544869554838684	8.06	medium	medium
G_r027_uneven_coverage_10pct	27	21	uneven_coverage	0.1	10.0	lognormal_sigma1.0	GB_GCA_963682045.1	Synergistota	Bacteria	highly_fragmented	79.05513044516131	0.0	79.05513044516131	7.905533765885002	2412968	33	1907575	37	2098333	0.100000262112892		190758	0	0	0	True	89.65	13.6	checkm2	10.594869554838695	13.6	10.594869554838695	13.6	low	medium
G_r027_uneven_coverage_20pct	27	22	uneven_coverage	0.2	20.0	lognormal_sigma1.0	GB_GCA_963682045.1	Synergistota	Bacteria	highly_fragmented	79.05513044516131	0.0	79.05513044516131	15.811026089032262	2412968	33	1907575	44	2289090	0.2		381515	0	0	0	True	91.51	13.58	checkm2	12.454869554838695	13.58	12.454869554838695	13.58	low	medium
G_r027_uneven_coverage_40pct	27	23	uneven_coverage	0.4	40.0	lognormal_sigma1.0	GB_GCA_963682045.1	Synergistota	Bacteria	highly_fragmented	79.05513044516131	0.0	79.05513044516131	31.622052178064525	2412968	33	1907575	51	2670605	0.4		763030	0	0	0	True	89.72	24.78	checkm2	10.664869554838688	24.78	10.664869554838688	24.78	low	medium
G_r028_none_control	28	0	none	0.0	0.0	control	GB_GCA_022227015.1	Nitrospirota	Bacteria	medium	82.49880418368376	1.9999785993843453	82.49880418368376	1.9999785993843453	4392397	10	3711522	10	3711522	0.0		0	0	0	0	True	85.23	3.76	checkm2	2.7311958163162444	1.7600214006156545	2.7311958163162444	1.7600214006156545	medium	medium
G_r028_substitution_0p1pct	28	1	substitution	0.001	0.1	uniform	GB_GCA_022227015.1	Nitrospirota	Bacteria	medium	82.49880418368376	1.9999785993843453	82.49880418368376	1.9999785993843453	4392397	10	3711522	10	3711522	0.000982543998714	0.0089640838741259	0	3643	0	0	True	85.22	4.86	checkm2	2.7211958163162393	2.860021400615655	2.7211958163162393	2.860021400615655	medium	medium
G_r028_substitution_0p5pct	28	2	substitution	0.005	0.5	uniform	GB_GCA_022227015.1	Nitrospirota	Bacteria	medium	82.49880418368376	1.9999785993843453	82.49880418368376	1.9999785993843453	4392397	10	3711522	10	3711522	0.0050025325523326	0.0441104216424403	0	18548	0	0	True	82.28	5.25	checkm2	-0.21880418368375842	3.2500214006156547	0.21880418368375842	3.2500214006156547	medium	medium
G_r028_substitution_1pct	28	3	substitution	0.01	1.0	uniform	GB_GCA_022227015.1	Nitrospirota	Bacteria	medium	82.49880418368376	1.9999785993843453	82.49880418368376	1.9999785993843453	4392397	10	3711522	10	3711522	0.0099994012496082	0.0864827525163591	0	37075	0	0	True	83.2	7.94	checkm2	0.7011958163162433	5.940021400615655	0.7011958163162433	5.940021400615655	medium	medium
G_r028_substitution_2pct	28	4	substitution	0.02	2.0	uniform	GB_GCA_022227015.1	Nitrospirota	Bacteria	medium	82.49880418368376	1.9999785993843453	82.49880418368376	1.9999785993843453	4392397	10	3711522	10	3711522	0.0201163949184971	0.1662522378698502	0	74586	0	0	True	77.59	6.33	checkm2	-4.908804183683756	4.330021400615655	4.908804183683756	4.330021400615655	medium	medium
G_r028_substitution_5pct	28	5	substitution	0.05	5.0	uniform	GB_GCA_022227015.1	Nitrospirota	Bacteria	medium	82.49880418368376	1.9999785993843453	82.49880418368376	1.9999785993843453	4392397	10	3711522	10	3711522	0.0498572978232995	0.3697505902753909	0	184857	0	0	True	62.52	2.23	checkm2	-19.978804183683756	0.23002140061565468	19.978804183683756	0.23002140061565468	medium	medium
G_r028_substitution_titv_0p1pct	28	6	substitution_titv	0.001	0.1	titv_2	GB_GCA_022227015.1	Nitrospirota	Bacteria	medium	82.49880418368376	1.9999785993843453	82.49880418368376	1.9999785993843453	4392397	10	3711522	10	3711522	0.0009798469248773	0.0089640838741259	0	3633	0	0	True	85.34	3.62	checkm2	2.841195816316244	1.6200214006156548	2.841195816316244	1.6200214006156548	medium	medium
G_r028_substitution_titv_0p5pct	28	7	substitution_titv	0.005	0.5	titv_2	GB_GCA_022227015.1	Nitrospirota	Bacteria	medium	82.49880418368376	1.9999785993843453	82.49880418368376	1.9999785993843453	4392397	10	3711522	10	3711522	0.004962885566933	0.0441104216424403	0	18401	0	0	True	82.05	4.56	checkm2	-0.4488041836837624	2.5600214006156543	0.4488041836837624	2.5600214006156543	medium	medium
G_r028_substitution_titv_1pct	28	8	substitution_titv	0.01	1.0	titv_2	GB_GCA_022227015.1	Nitrospirota	Bacteria	medium	82.49880418368376	1.9999785993843453	82.49880418368376	1.9999785993843453	4392397	10	3711522	10	3711522	0.009926580256017	0.0864827525163591	0	36805	0	0	True	81.68	5.8	checkm2	-0.8188041836837527	3.8000214006156545	0.8188041836837527	3.8000214006156545	medium	medium
G_r028_substitution_titv_2pct	28	9	substitution_titv	0.02	2.0	titv_2	GB_GCA_022227015.1	Nitrospirota	Bacteria	medium	82.49880418368376	1.9999785993843453	82.49880418368376	1.9999785993843453	4392397	10	3711522	10	3711522	0.0200834906176892	0.1662522378698502	0	74464	0	0	True	77.0	7.48	checkm2	-5.49880418368376	5.480021400615655	5.49880418368376	5.480021400615655	medium	medium
G_r028_substitution_titv_5pct	28	10	substitution_titv	0.05	5.0	titv_2	GB_GCA_022227015.1	Nitrospirota	Bacteria	medium	82.49880418368376	1.9999785993843453	82.49880418368376	1.9999785993843453	4392397	10	3711522	10	3711522	0.0497723399974431	0.3697505902753909	0	184542	0	0	True	62.35	3.94	checkm2	-20.148804183683758	1.9400214006156546	20.148804183683758	1.9400214006156546	medium	medium
G_r028_indel_0p1pct	28	11	indel	0.001	0.1	ins0.5_geom0.75	GB_GCA_022227015.1	Nitrospirota	Bacteria	medium	82.49880418368376	1.9999785993843453	82.49544779257744	1.9999785993843453	4392397	10	3711522	10	3711371	0.0010243776003483		0	0	3802	0	True	72.21	4.72	checkm2	-10.288804183683766	2.7200214006156544	10.288804183683766	2.7200214006156544	medium	medium
G_r028_indel_0p5pct	28	12	indel	0.005	0.5	ins0.5_geom0.75	GB_GCA_022227015.1	Nitrospirota	Bacteria	medium	82.49880418368376	1.9999785993843453	82.49289160067526	1.9999785993843453	4392397	10	3711522	10	3711256	0.0050170792467348		0	0	18621	0	True	35.72	1.61	checkm2	-46.77880418368376	-0.3899785993843452	46.77880418368376	0.3899785993843452	low	medium
G_r028_indel_1pct	28	13	indel	0.01	1.0	ins0.5_geom0.75	GB_GCA_022227015.1	Nitrospirota	Bacteria	medium	82.49880418368376	1.9999785993843453	82.50553919365208	1.9999785993843453	4392397	10	3711522	10	3711825	0.0099832359878238		0	0	37053	0	True	44.56	8.71	checkm2	-37.93880418368376	6.7100214006156556	37.93880418368376	6.7100214006156556	low	medium
G_r028_indel_2pct	28	14	indel	0.02	2.0	ins0.5_geom0.75	GB_GCA_022227015.1	Nitrospirota	Bacteria	medium	82.49880418368376	1.9999785993843453	82.49518105950938	1.9999785993843453	4392397	10	3711522	10	3711359	0.0199877570441452		0	0	74185	0	True	49.79	10.51	checkm2	-32.70880418368376	8.510021400615654	32.70880418368376	8.510021400615654	low	medium
G_r028_indel_5pct	28	15	indel	0.05	5.0	ins0.5_geom0.75	GB_GCA_022227015.1	Nitrospirota	Bacteria	medium	82.49880418368376	1.9999785993843453	82.5162751996412	1.9999785993843453	4392397	10	3711522	10	3712308	0.0498897756769325		0	0	185167	0	True	49.56	13.55	checkm2	-32.93880418368376	11.550021400615655	32.93880418368376	11.550021400615655	low	medium
G_r028_chimera_5pct	28	16	chimera	0.05	5.0	rc0.5	GB_GCA_022227015.1	Nitrospirota	Bacteria	medium	82.49880418368376	1.9999785993843453	82.49880418368376	1.9999785993843453	4392397	10	3711522	10	3711522	0.0		0	0	0	0	True	85.23	3.76	checkm2	2.7311958163162444	1.7600214006156545	2.7311958163162444	1.7600214006156545	medium	medium
G_r028_chimera_10pct	28	17	chimera	0.1	10.0	rc0.5	GB_GCA_022227015.1	Nitrospirota	Bacteria	medium	82.49880418368376	1.9999785993843453	82.49880418368376	1.9999785993843453	4392397	10	3711522	9	3711522	0.2		0	0	0	1	True	85.21	3.76	checkm2	2.711195816316234	1.7600214006156545	2.711195816316234	1.7600214006156545	medium	medium
G_r028_chimera_20pct	28	18	chimera	0.2	20.0	rc0.5	GB_GCA_022227015.1	Nitrospirota	Bacteria	medium	82.49880418368376	1.9999785993843453	82.49880418368376	1.9999785993843453	4392397	10	3711522	9	3711522	0.2		0	0	0	1	True	85.21	3.76	checkm2	2.711195816316234	1.7600214006156545	2.711195816316234	1.7600214006156545	medium	medium
G_r028_chimera_40pct	28	19	chimera	0.4	40.0	rc0.5	GB_GCA_022227015.1	Nitrospirota	Bacteria	medium	82.49880418368376	1.9999785993843453	82.49880418368376	1.9999785993843453	4392397	10	3711522	8	3711522	0.4		0	0	0	2	True	85.23	3.76	checkm2	2.7311958163162444	1.7600214006156545	2.7311958163162444	1.7600214006156545	medium	medium
G_r028_uneven_coverage_5pct	28	20	uneven_coverage	0.05	5.0	lognormal_sigma1.0	GB_GCA_022227015.1	Nitrospirota	Bacteria	medium	82.49880418368376	1.9999785993843453	82.49880418368376	6.224915461876511	4392397	10	3711522	11	3897098	0.0499999730568753		185576	0	0	0	True	86.05	5.95	checkm2	3.5511958163162376	3.950021400615655	3.5511958163162376	3.950021400615655	medium	medium
G_r028_uneven_coverage_10pct	28	21	uneven_coverage	0.1	10.0	lognormal_sigma1.0	GB_GCA_022227015.1	Nitrospirota	Bacteria	medium	82.49880418368376	1.9999785993843453	82.49880418368376	10.449852324368676	4392397	10	3711522	12	4082674	0.0999999461137506		371152	0	0	0	True	85.61	14.02	checkm2	3.11119581631624	12.020021400615654	3.11119581631624	12.020021400615654	low	medium
G_r028_uneven_coverage_20pct	28	22	uneven_coverage	0.2	20.0	lognormal_sigma1.0	GB_GCA_022227015.1	Nitrospirota	Bacteria	medium	82.49880418368376	1.9999785993843453	82.49880418368376	18.899726049353006	4392397	10	3711522	14	4453826	0.1999998922275012		742304	0	0	0	True	85.68	19.41	checkm2	3.1811958163162473	17.410021400615655	3.1811958163162473	17.410021400615655	low	medium
G_r028_uneven_coverage_40pct	28	23	uneven_coverage	0.4	40.0	lognormal_sigma1.0	GB_GCA_022227015.1	Nitrospirota	Bacteria	medium	82.49880418368376	1.9999785993843453	82.49880418368376	35.79949626593407	4392397	10	3711522	16	5196131	0.4000000538862494		1484609	0	0	0	True	85.35	44.4	checkm2	2.8511958163162348	42.40002140061566	2.8511958163162348	42.40002140061566	low	medium
G_r029_none_control	29	0	none	0.0	0.0	control	RS_GCF_900142435.1	Aquificota	Bacteria	highly_fragmented	59.73312786337807	1.8359978390564955	59.73312786337807	1.8359978390564955	1367921	48	842217	48	842217	0.0		0	0	0	0	True	62.52	0.79	checkm2	2.7868721366219305	-1.0459978390564955	2.7868721366219305	1.0459978390564955	medium	medium
G_r029_substitution_0p1pct	29	1	substitution	0.001	0.1	uniform	RS_GCF_900142435.1	Aquificota	Bacteria	highly_fragmented	59.73312786337807	1.8359978390564955	59.73312786337807	1.8359978390564955	1367921	48	842217	48	842217	0.0010223018533228	0.0089640838741259	0	861	0	0	True	61.79	0.84	checkm2	2.0568721366219265	-0.9959978390564955	2.0568721366219265	0.9959978390564955	medium	medium
G_r029_substitution_0p5pct	29	2	substitution	0.005	0.5	uniform	RS_GCF_900142435.1	Aquificota	Bacteria	highly_fragmented	59.73312786337807	1.8359978390564955	59.73312786337807	1.8359978390564955	1367921	48	842217	48	842217	0.0051245700336136	0.0441104216424403	0	4316	0	0	True	57.72	1.35	checkm2	-2.013127863378074	-0.4859978390564954	2.013127863378074	0.4859978390564954	medium	medium
G_r029_substitution_1pct	29	3	substitution	0.01	1.0	uniform	RS_GCF_900142435.1	Aquificota	Bacteria	highly_fragmented	59.73312786337807	1.8359978390564955	59.73312786337807	1.8359978390564955	1367921	48	842217	48	842217	0.009824071468517	0.0864827525163591	0	8274	0	0	True	53.93	1.34	checkm2	-5.803127863378073	-0.4959978390564954	5.803127863378073	0.4959978390564954	medium	medium
G_r029_substitution_2pct	29	4	substitution	0.02	2.0	uniform	RS_GCF_900142435.1	Aquificota	Bacteria	highly_fragmented	59.73312786337807	1.8359978390564955	59.73312786337807	1.8359978390564955	1367921	48	842217	48	842217	0.0200542140564723	0.1662522378698502	0	16890	0	0	True	43.87	0.94	checkm2	-15.863127863378075	-0.8959978390564955	15.863127863378075	0.8959978390564955	low	medium
G_r029_substitution_5pct	29	5	substitution	0.05	5.0	uniform	RS_GCF_900142435.1	Aquificota	Bacteria	highly_fragmented	59.73312786337807	1.8359978390564955	59.73312786337807	1.8359978390564955	1367921	48	842217	48	842217	0.0504786771105308	0.3697505902753909	0	42514	0	0	True	31.13	1.16	checkm2	-28.603127863378074	-0.6759978390564956	28.603127863378074	0.6759978390564956	low	medium
G_r029_substitution_titv_0p1pct	29	6	substitution_titv	0.001	0.1	titv_2	RS_GCF_900142435.1	Aquificota	Bacteria	highly_fragmented	59.73312786337807	1.8359978390564955	59.73312786337807	1.8359978390564955	1367921	48	842217	48	842217	0.0010128031136868	0.0089640838741259	0	853	0	0	True	61.59	0.25	checkm2	1.8568721366219307	-1.5859978390564955	1.8568721366219307	1.5859978390564955	medium	medium
G_r029_substitution_titv_0p5pct	29	7	substitution_titv	0.005	0.5	titv_2	RS_GCF_900142435.1	Aquificota	Bacteria	highly_fragmented	59.73312786337807	1.8359978390564955	59.73312786337807	1.8359978390564955	1367921	48	842217	48	842217	0.0051221953487046	0.0441104216424403	0	4314	0	0	True	60.64	1.05	checkm2	0.9068721366219279	-0.7859978390564955	0.9068721366219279	0.7859978390564955	medium	medium
G_r029_substitution_titv_1pct	29	8	substitution_titv	0.01	1.0	titv_2	RS_GCF_900142435.1	Aquificota	Bacteria	highly_fragmented	59.73312786337807	1.8359978390564955	59.73312786337807	1.8359978390564955	1367921	48	842217	48	842217	0.0100282943706906	0.0864827525163591	0	8446	0	0	True	55.98	1.81	checkm2	-3.753127863378076	-0.025997839056495442	3.753127863378076	0.025997839056495442	medium	medium
G_r029_substitution_titv_2pct	29	9	substitution_titv	0.02	2.0	titv_2	RS_GCF_900142435.1	Aquificota	Bacteria	highly_fragmented	59.73312786337807	1.8359978390564955	59.73312786337807	1.8359978390564955	1367921	48	842217	48	842217	0.0200470900017453	0.1662522378698502	0	16884	0	0	True	52.94	1.4	checkm2	-6.793127863378075	-0.4359978390564956	6.793127863378075	0.4359978390564956	medium	medium
G_r029_substitution_titv_5pct	29	10	substitution_titv	0.05	5.0	titv_2	RS_GCF_900142435.1	Aquificota	Bacteria	highly_fragmented	59.73312786337807	1.8359978390564955	59.73312786337807	1.8359978390564955	1367921	48	842217	48	842217	0.0499799932796417	0.3697505902753909	0	42094	0	0	True	36.68	0.21	checkm2	-23.053127863378073	-1.6259978390564955	23.053127863378073	1.6259978390564955	low	medium
G_r029_indel_0p1pct	29	11	indel	0.001	0.1	ins0.5_geom0.75	RS_GCF_900142435.1	Aquificota	Bacteria	highly_fragmented	59.73312786337807	1.8359978390564955	59.73092922933986	1.8359978390564955	1367921	48	842217	48	842186	0.0009854942372333		0	0	830	0	True	48.37	1.49	checkm2	-11.363127863378075	-0.3459978390564955	11.363127863378075	0.3459978390564955	low	medium
G_r029_indel_0p5pct	29	12	indel	0.005	0.5	ins0.5_geom0.75	RS_GCF_900142435.1	Aquificota	Bacteria	highly_fragmented	59.73312786337807	1.8359978390564955	59.72880151898029	1.8359978390564955	1367921	48	842217	48	842156	0.0050747016505247		0	0	4274	0	True	32.05	3.02	checkm2	-27.683127863378076	1.1840021609435045	27.683127863378076	1.1840021609435045	low	medium
G_r029_indel_1pct	29	13	indel	0.01	1.0	ins0.5_geom0.75	RS_GCF_900142435.1	Aquificota	Bacteria	highly_fragmented	59.73312786337807	1.8359978390564955	59.73695774202529	1.8359978390564955	1367921	48	842217	48	842271	0.0101648387529579		0	0	8561	0	True	11.45	3.33	checkm2	-48.28312786337807	1.4940021609435046	48.28312786337807	1.4940021609435046	low	medium
G_r029_indel_2pct	29	14	indel	0.02	2.0	ins0.5_geom0.75	RS_GCF_900142435.1	Aquificota	Bacteria	highly_fragmented	59.73312786337807	1.8359978390564955	59.72816320587242	1.8359978390564955	1367921	48	842217	48	842147	0.0200708368508353		0	0	16904	0	True	9.81	3.14	checkm2	-49.92312786337807	1.3040021609435046	49.92312786337807	1.3040021609435046	low	medium
G_r029_indel_5pct	29	15	indel	0.05	5.0	ins0.5_geom0.75	RS_GCF_900142435.1	Aquificota	Bacteria	highly_fragmented	59.73312786337807	1.8359978390564955	59.74972400418269	1.8359978390564955	1367921	48	842217	48	842451	0.0499503097182792		0	0	42069	0	True	3.66	0.0	checkm2	-56.073127863378076	-1.8359978390564955	56.073127863378076	1.8359978390564955	low	medium
G_r029_chimera_5pct	29	16	chimera	0.05	5.0	rc0.5	RS_GCF_900142435.1	Aquificota	Bacteria	highly_fragmented	59.73312786337807	1.8359978390564955	59.73312786337807	1.8359978390564955	1367921	48	842217	47	842217	0.0416666666666666		0	0	0	1	True	62.52	0.79	checkm2	2.7868721366219305	-1.0459978390564955	2.7868721366219305	1.0459978390564955	medium	medium
G_r029_chimera_10pct	29	17	chimera	0.1	10.0	rc0.5	RS_GCF_900142435.1	Aquificota	Bacteria	highly_fragmented	59.73312786337807	1.8359978390564955	59.73312786337807	1.8359978390564955	1367921	48	842217	45	842217	0.125		0	0	0	3	True	62.68	0.8	checkm2	2.946872136621927	-1.0359978390564955	2.946872136621927	1.0359978390564955	medium	medium
G_r029_chimera_20pct	29	18	chimera	0.2	20.0	rc0.5	RS_GCF_900142435.1	Aquificota	Bacteria	highly_fragmented	59.73312786337807	1.8359978390564955	59.73312786337807	1.8359978390564955	1367921	48	842217	44	842217	0.1666666666666666		0	0	0	4	True	62.54	0.8	checkm2	2.8068721366219265	-1.0359978390564955	2.8068721366219265	1.0359978390564955	medium	medium
G_r029_chimera_40pct	29	19	chimera	0.4	40.0	rc0.5	RS_GCF_900142435.1	Aquificota	Bacteria	highly_fragmented	59.73312786337807	1.8359978390564955	59.73312786337807	1.8359978390564955	1367921	48	842217	38	842217	0.4166666666666667		0	0	0	10	True	62.59	0.26	checkm2	2.8568721366219307	-1.5759978390564955	2.8568721366219307	1.5759978390564955	medium	medium
G_r029_uneven_coverage_5pct	29	20	uneven_coverage	0.05	5.0	lognormal_sigma1.0	RS_GCF_900142435.1	Aquificota	Bacteria	highly_fragmented	59.73312786337807	1.8359978390564955	59.73312786337807	4.914465089723748	1367921	48	842217	51	884328	0.0500001781013681		42111	0	0	0	True	62.41	4.77	checkm2	2.676872136621924	2.9340021609435043	2.676872136621924	2.9340021609435043	medium	medium
G_r029_uneven_coverage_10pct	29	21	uneven_coverage	0.1	10.0	lognormal_sigma1.0	RS_GCF_900142435.1	Aquificota	Bacteria	highly_fragmented	59.73312786337807	1.8359978390564955	59.73312786337807	7.992932340391002	1367921	48	842217	51	926439	0.1000003562027363		84222	0	0	0	True	64.2	9.71	checkm2	4.46687213662193	7.874002160943506	4.46687213662193	7.874002160943506	medium	medium
G_r029_uneven_coverage_20pct	29	22	uneven_coverage	0.2	20.0	lognormal_sigma1.0	RS_GCF_900142435.1	Aquificota	Bacteria	highly_fragmented	59.73312786337807	1.8359978390564955	59.73312786337807	14.149793738088675	1367921	48	842217	60	1010660	0.1999995250630182		168443	0	0	0	True	60.67	16.06	checkm2	0.936872136621929	14.224002160943503	0.936872136621929	14.224002160943503	low	medium
G_r029_uneven_coverage_40pct	29	23	uneven_coverage	0.4	40.0	lognormal_sigma1.0	RS_GCF_900142435.1	Aquificota	Bacteria	highly_fragmented	59.73312786337807	1.8359978390564955	59.73312786337807	26.46366274075769	1367921	48	842217	66	1179104	0.4000002374684909		336887	0	0	0	True	60.68	18.86	checkm2	0.946872136621927	17.024002160943503	0.946872136621927	17.024002160943503	low	medium
G_r030_none_control	30	0	none	0.0	0.0	control	GB_GCA_963681965.1	Electryoneota	Bacteria	highly_fragmented	83.8885882643673	4.999991754747557	83.8885882643673	4.999991754747557	4244867	326	3773202	326	3773202	0.0		0	0	0	0	True	83.95	2.7	checkm2	0.06141173563270286	-2.2999917547475572	0.06141173563270286	2.2999917547475572	medium	medium
G_r030_substitution_0p1pct	30	1	substitution	0.001	0.1	uniform	GB_GCA_963681965.1	Electryoneota	Bacteria	highly_fragmented	83.8885882643673	4.999991754747557	83.8885882643673	4.999991754747557	4244867	326	3773202	326	3773202	0.0010153180243199	0.0089640838741259	0	3831	0	0	True	84.62	2.71	checkm2	0.7314117356327046	-2.2899917547475575	0.7314117356327046	2.2899917547475575	medium	medium
G_r030_substitution_0p5pct	30	2	substitution	0.005	0.5	uniform	GB_GCA_963681965.1	Electryoneota	Bacteria	highly_fragmented	83.8885882643673	4.999991754747557	83.8885882643673	4.999991754747557	4244867	326	3773202	326	3773202	0.0049909864353935	0.0441104216424403	0	18832	0	0	True	86.13	2.21	checkm2	2.2414117356326955	-2.7899917547475575	2.2414117356326955	2.7899917547475575	medium	medium
G_r030_substitution_1pct	30	3	substitution	0.01	1.0	uniform	GB_GCA_963681965.1	Electryoneota	Bacteria	highly_fragmented	83.8885882643673	4.999991754747557	83.8885882643673	4.999991754747557	4244867	326	3773202	326	3773202	0.0099416887831608	0.0864827525163591	0	37512	0	0	True	86.08	4.91	checkm2	2.1914117356326983	-0.08999175474755727	2.1914117356326983	0.08999175474755727	medium	medium
G_r030_substitution_2pct	30	4	substitution	0.02	2.0	uniform	GB_GCA_963681965.1	Electryoneota	Bacteria	highly_fragmented	83.8885882643673	4.999991754747557	83.8885882643673	4.999991754747557	4244867	326	3773202	326	3773202	0.0198778120015838	0.1662522378698502	0	75003	0	0	True	70.07	5.23	checkm2	-13.818588264367307	0.230008245252443	13.818588264367307	0.230008245252443	medium	medium
G_r030_substitution_5pct	30	5	substitution	0.05	5.0	uniform	GB_GCA_963681965.1	Electryoneota	Bacteria	highly_fragmented	83.8885882643673	4.999991754747557	83.8885882643673	4.999991754747557	4244867	326	3773202	326	3773202	0.0498687851856327	0.3697505902753909	0	188165	0	0	True	44.34	2.07	checkm2	-39.5485882643673	-2.9299917547475576	39.5485882643673	2.9299917547475576	low	medium
G_r030_substitution_titv_0p1pct	30	6	substitution_titv	0.001	0.1	titv_2	GB_GCA_963681965.1	Electryoneota	Bacteria	highly_fragmented	83.8885882643673	4.999991754747557	83.8885882643673	4.999991754747557	4244867	326	3773202	326	3773202	0.0010137278629662	0.0089640838741259	0	3825	0	0	True	81.71	3.41	checkm2	-2.1785882643673062	-1.5899917547475573	2.1785882643673062	1.5899917547475573	medium	medium
G_r030_substitution_titv_0p5pct	30	7	substitution_titv	0.005	0.5	titv_2	GB_GCA_963681965.1	Electryoneota	Bacteria	highly_fragmented	83.8885882643673	4.999991754747557	83.8885882643673	4.999991754747557	4244867	326	3773202	326	3773202	0.0049745547680723	0.0441104216424403	0	18770	0	0	True	84.75	3.64	checkm2	0.8614117356327	-1.3599917547475573	0.8614117356327	1.3599917547475573	medium	medium
G_r030_substitution_titv_1pct	30	8	substitution_titv	0.01	1.0	titv_2	GB_GCA_963681965.1	Electryoneota	Bacteria	highly_fragmented	83.8885882643673	4.999991754747557	83.8885882643673	4.999991754747557	4244867	326	3773202	326	3773202	0.0100143061516452	0.0864827525163591	0	37786	0	0	True	81.96	3.82	checkm2	-1.9285882643673062	-1.1799917547475576	1.9285882643673062	1.1799917547475576	medium	medium
G_r030_substitution_titv_2pct	30	9	substitution_titv	0.02	2.0	titv_2	GB_GCA_963681965.1	Electryoneota	Bacteria	highly_fragmented	83.8885882643673	4.999991754747557	83.8885882643673	4.999991754747557	4244867	326	3773202	326	3773202	0.0200707515791627	0.1662522378698502	0	75731	0	0	True	72.5	3.38	checkm2	-11.3885882643673	-1.6199917547475575	11.3885882643673	1.6199917547475575	medium	medium
G_r030_substitution_titv_5pct	30	10	substitution_titv	0.05	5.0	titv_2	GB_GCA_963681965.1	Electryoneota	Bacteria	highly_fragmented	83.8885882643673	4.999991754747557	83.8885882643673	4.999991754747557	4244867	326	3773202	326	3773202	0.0500906126944701	0.3697505902753909	0	189002	0	0	True	59.65	2.03	checkm2	-24.2385882643673	-2.9699917547475576	24.2385882643673	2.9699917547475576	medium	medium
G_r030_indel_0p1pct	30	11	indel	0.001	0.1	ins0.5_geom0.75	GB_GCA_963681965.1	Electryoneota	Bacteria	highly_fragmented	83.8885882643673	4.999991754747557	83.88776565328901	4.999991754747557	4244867	326	3773202	326	3773165	0.0009790093400777		0	0	3694	0	True	69.58	3.11	checkm2	-14.308588264367302	-1.8899917547475575	14.308588264367302	1.8899917547475575	medium	medium
G_r030_indel_0p5pct	30	12	indel	0.005	0.5	ins0.5_geom0.75	GB_GCA_963681965.1	Electryoneota	Bacteria	highly_fragmented	83.8885882643673	4.999991754747557	83.88767672236163	4.999991754747557	4244867	326	3773202	326	3773161	0.0050479672172335		0	0	19047	0	True	37.77	2.47	checkm2	-46.1185882643673	-2.529991754747557	46.1185882643673	2.529991754747557	low	medium
G_r030_indel_1pct	30	13	indel	0.01	1.0	ins0.5_geom0.75	GB_GCA_963681965.1	Electryoneota	Bacteria	highly_fragmented	83.8885882643673	4.999991754747557	83.90077180141854	4.999991754747557	4244867	326	3773202	326	3773750	0.0100800328209303		0	0	38034	0	True	57.97	2.51	checkm2	-25.9185882643673	-2.4899917547475576	25.9185882643673	2.4899917547475576	medium	medium
G_r030_indel_2pct	30	14	indel	0.02	2.0	ins0.5_geom0.75	GB_GCA_963681965.1	Electryoneota	Bacteria	highly_fragmented	83.8885882643673	4.999991754747557	83.89894871740724	4.999991754747557	4244867	326	3773202	326	3773668	0.0199668610373894		0	0	75339	0	True	61.91	15.49	checkm2	-21.978588264367303	10.490008245252444	21.978588264367303	10.490008245252444	low	medium
G_r030_indel_5pct	30	15	indel	0.05	5.0	ins0.5_geom0.75	GB_GCA_963681965.1	Electryoneota	Bacteria	highly_fragmented	83.8885882643673	4.999991754747557	83.90090519780962	4.999991754747557	4244867	326	3773202	326	3773756	0.0501770114613529		0	0	189328	0	True	47.33	10.14	checkm2	-36.5585882643673	5.140008245252443	36.5585882643673	5.140008245252443	low	medium
G_r030_chimera_5pct	30	16	chimera	0.05	5.0	rc0.5	GB_GCA_963681965.1	Electryoneota	Bacteria	highly_fragmented	83.8885882643673	4.999991754747557	83.8885882643673	4.999991754747557	4244867	326	3773202	318	3773202	0.0490797546012269		0	0	0	8	True	85.28	2.76	checkm2	1.3914117356327012	-2.2399917547475576	1.3914117356327012	2.2399917547475576	medium	medium
G_r030_chimera_10pct	30	17	chimera	0.1	10.0	rc0.5	GB_GCA_963681965.1	Electryoneota	Bacteria	highly_fragmented	83.8885882643673	4.999991754747557	83.8885882643673	4.999991754747557	4244867	326	3773202	310	3773202	0.0981595092024539		0	0	0	16	True	83.95	2.77	checkm2	0.06141173563270286	-2.2299917547475574	0.06141173563270286	2.2299917547475574	medium	medium
G_r030_chimera_20pct	30	18	chimera	0.2	20.0	rc0.5	GB_GCA_963681965.1	Electryoneota	Bacteria	highly_fragmented	83.8885882643673	4.999991754747557	83.8885882643673	4.999991754747557	4244867	326	3773202	293	3773202	0.2024539877300613		0	0	0	33	True	85.28	2.77	checkm2	1.3914117356327012	-2.2299917547475574	1.3914117356327012	2.2299917547475574	medium	medium
G_r030_chimera_40pct	30	19	chimera	0.4	40.0	rc0.5	GB_GCA_963681965.1	Electryoneota	Bacteria	highly_fragmented	83.8885882643673	4.999991754747557	83.8885882643673	4.999991754747557	4244867	326	3773202	261	3773202	0.3987730061349693		0	0	0	65	True	85.32	2.87	checkm2	1.4314117356326932	-2.1299917547475573	1.4314117356326932	2.1299917547475573	medium	medium
G_r030_uneven_coverage_5pct	30	20	uneven_coverage	0.05	5.0	lognormal_sigma1.0	GB_GCA_963681965.1	Electryoneota	Bacteria	highly_fragmented	83.8885882643673	4.999991754747557	83.8885882643673	9.444418399916888	4244867	326	3773202	348	3961862	0.0499999734973107		188660	0	0	0	True	84.54	5.31	checkm2	0.6514117356327063	0.3100082452524422	0.6514117356327063	0.3100082452524422	medium	medium
G_r030_uneven_coverage_10pct	30	21	uneven_coverage	0.1	10.0	lognormal_sigma1.0	GB_GCA_963681965.1	Electryoneota	Bacteria	highly_fragmented	83.8885882643673	4.999991754747557	83.8885882643673	13.88884504508622	4244867	326	3773202	366	4150522	0.0999999469946215		377320	0	0	0	True	84.05	9.32	checkm2	0.16141173563269717	4.320008245252443	0.16141173563269717	4.320008245252443	medium	medium
G_r030_uneven_coverage_20pct	30	22	uneven_coverage	0.2	20.0	lognormal_sigma1.0	GB_GCA_963681965.1	Electryoneota	Bacteria	highly_fragmented	83.8885882643673	4.999991754747557	83.8885882643673	22.77769833542488	4244867	326	3773202	400	4527842	0.1999998939892431		754640	0	0	0	True	82.43	9.83	checkm2	-1.4585882643672932	4.830008245252443	1.4585882643672932	4.830008245252443	medium	medium
G_r030_uneven_coverage_40pct	30	23	uneven_coverage	0.4	40.0	lognormal_sigma1.0	GB_GCA_963681965.1	Electryoneota	Bacteria	highly_fragmented	83.8885882643673	4.999991754747557	83.8885882643673	40.55542847396632	4244867	326	3773202	461	5282483	0.4000000530053784		1509281	0	0	0	True	85.2	21.91	checkm2	1.3114117356327029	16.910008245252442	1.3114117356327029	16.910008245252442	low	medium
G_r031_none_control	31	0	none	0.0	0.0	control	RS_GCF_009617975.1	Nanohalarchaeota	Archaea	low	83.01527638954947	9.050164207576456	83.01527638954947	9.050164207576456	973463	10	896223	10	896223	0.0		0	0	0	0	True	81.4	2.23	checkm2	-1.6152763895494644	-6.820164207576456	1.6152763895494644	6.820164207576456	medium	medium
G_r031_substitution_0p1pct	31	1	substitution	0.001	0.1	uniform	RS_GCF_009617975.1	Nanohalarchaeota	Archaea	low	83.01527638954947	9.050164207576456	83.01527638954947	9.050164207576456	973463	10	896223	10	896223	0.0010488461019188	0.0089640838741259	0	940	0	0	True	79.79	1.57	checkm2	-3.225276389549464	-7.480164207576456	3.225276389549464	7.480164207576456	medium	medium
G_r031_substitution_0p5pct	31	2	substitution	0.005	0.5	uniform	RS_GCF_009617975.1	Nanohalarchaeota	Archaea	low	83.01527638954947	9.050164207576456	83.01527638954947	9.050164207576456	973463	10	896223	10	896223	0.0049753242217617	0.0441104216424403	0	4459	0	0	True	78.35	1.92	checkm2	-4.665276389549476	-7.130164207576456	4.665276389549476	7.130164207576456	medium	medium
G_r031_substitution_1pct	31	3	substitution	0.01	1.0	uniform	RS_GCF_009617975.1	Nanohalarchaeota	Archaea	low	83.01527638954947	9.050164207576456	83.01527638954947	9.050164207576456	973463	10	896223	10	896223	0.0100175960670502	0.0864827525163591	0	8978	0	0	True	71.9	1.41	checkm2	-11.115276389549464	-7.640164207576456	11.115276389549464	7.640164207576456	medium	medium
G_r031_substitution_2pct	31	4	substitution	0.02	2.0	uniform	RS_GCF_009617975.1	Nanohalarchaeota	Archaea	low	83.01527638954947	9.050164207576456	83.01527638954947	9.050164207576456	973463	10	896223	10	896223	0.0200329605466496	0.1662522378698502	0	17954	0	0	True	58.23	1.56	checkm2	-24.785276389549473	-7.490164207576456	24.785276389549473	7.490164207576456	medium	medium
G_r031_substitution_5pct	31	5	substitution	0.05	5.0	uniform	RS_GCF_009617975.1	Nanohalarchaeota	Archaea	low	83.01527638954947	9.050164207576456	83.01527638954947	9.050164207576456	973463	10	896223	10	896223	0.0502386124881865	0.3697505902753909	0	45025	0	0	True	36.82	3.24	checkm2	-46.19527638954947	-5.810164207576456	46.19527638954947	5.810164207576456	low	medium
G_r031_substitution_titv_0p1pct	31	6	substitution_titv	0.001	0.1	titv_2	RS_GCF_009617975.1	Nanohalarchaeota	Archaea	low	83.01527638954947	9.050164207576456	83.01527638954947	9.050164207576456	973463	10	896223	10	896223	0.0010109091152536	0.0089640838741259	0	906	0	0	True	79.55	2.36	checkm2	-3.465276389549473	-6.690164207576457	3.465276389549473	6.690164207576457	medium	medium
G_r031_substitution_titv_0p5pct	31	7	substitution_titv	0.005	0.5	titv_2	RS_GCF_009617975.1	Nanohalarchaeota	Archaea	low	83.01527638954947	9.050164207576456	83.01527638954947	9.050164207576456	973463	10	896223	10	896223	0.005000987477447	0.0441104216424403	0	4482	0	0	True	75.33	2.76	checkm2	-7.685276389549472	-6.290164207576456	7.685276389549472	6.290164207576456	medium	medium
G_r031_substitution_titv_1pct	31	8	substitution_titv	0.01	1.0	titv_2	RS_GCF_009617975.1	Nanohalarchaeota	Archaea	low	83.01527638954947	9.050164207576456	83.01527638954947	9.050164207576456	973463	10	896223	10	896223	0.0099551116184253	0.0864827525163591	0	8922	0	0	True	76.94	3.44	checkm2	-6.075276389549472	-5.610164207576457	6.075276389549472	5.610164207576457	medium	medium
G_r031_substitution_titv_2pct	31	9	substitution_titv	0.02	2.0	titv_2	RS_GCF_009617975.1	Nanohalarchaeota	Archaea	low	83.01527638954947	9.050164207576456	83.01527638954947	9.050164207576456	973463	10	896223	10	896223	0.0199068758556743	0.1662522378698502	0	17841	0	0	True	63.01	2.8	checkm2	-20.005276389549472	-6.250164207576456	20.005276389549472	6.250164207576456	medium	medium
G_r031_substitution_titv_5pct	31	10	substitution_titv	0.05	5.0	titv_2	RS_GCF_009617975.1	Nanohalarchaeota	Archaea	low	83.01527638954947	9.050164207576456	83.01527638954947	9.050164207576456	973463	10	896223	10	896223	0.0502196439948539	0.3697505902753909	0	45008	0	0	True	40.27	3.19	checkm2	-42.74527638954947	-5.860164207576457	42.74527638954947	5.860164207576457	low	medium
G_r031_indel_0p1pct	31	11	indel	0.001	0.1	ins0.5_geom0.75	RS_GCF_009617975.1	Nanohalarchaeota	Archaea	low	83.01527638954947	9.050164207576456	83.01342383105926	9.050164207576456	973463	10	896223	10	896203	0.0010276460211353		0	0	921	0	True	55.42	2.05	checkm2	-27.59527638954947	-7.000164207576456	27.59527638954947	7.000164207576456	medium	medium
G_r031_indel_0p5pct	31	12	indel	0.005	0.5	ins0.5_geom0.75	RS_GCF_009617975.1	Nanohalarchaeota	Archaea	low	83.01527638954947	9.050164207576456	83.01296069143667	9.050164207576456	973463	10	896223	10	896198	0.0049675136656836		0	0	4452	0	True	26.45	4.24	checkm2	-56.56527638954947	-4.810164207576456	56.56527638954947	4.810164207576456	low	medium
G_r031_indel_1pct	31	13	indel	0.01	1.0	ins0.5_geom0.75	RS_GCF_009617975.1	Nanohalarchaeota	Archaea	low	83.01527638954947	9.050164207576456	83.0218529721898	9.050164207576456	973463	10	896223	10	896294	0.0098825850262713		0	0	8857	0	True	20.58	6.13	checkm2	-62.43527638954947	-2.9201642075764562	62.43527638954947	2.9201642075764562	low	medium
G_r031_indel_2pct	31	14	indel	0.02	2.0	ins0.5_geom0.75	RS_GCF_009617975.1	Nanohalarchaeota	Archaea	low	83.01527638954947	9.050164207576456	83.04491732539319	9.050164207576456	973463	10	896223	10	896543	0.0199827498290046		0	0	17909	0	True	8.93	2.84	checkm2	-74.08527638954948	-6.210164207576456	74.08527638954948	6.210164207576456	low	medium
G_r031_indel_5pct	31	15	indel	0.05	5.0	ins0.5_geom0.75	RS_GCF_009617975.1	Nanohalarchaeota	Archaea	low	83.01527638954947	9.050164207576456	83.0674259110495	9.050164207576456	973463	10	896223	10	896786	0.0505064029822934		0	0	45265	0	True	4.94	0.02	checkm2	-78.07527638954947	-9.030164207576457	78.07527638954947	9.030164207576457	low	medium
G_r031_chimera_5pct	31	16	chimera	0.05	5.0	rc0.5	RS_GCF_009617975.1	Nanohalarchaeota	Archaea	low	83.01527638954947	9.050164207576456	83.01527638954947	9.050164207576456	973463	10	896223	10	896223	0.0		0	0	0	0	True	81.4	2.23	checkm2	-1.6152763895494644	-6.820164207576456	1.6152763895494644	6.820164207576456	medium	medium
G_r031_chimera_10pct	31	17	chimera	0.1	10.0	rc0.5	RS_GCF_009617975.1	Nanohalarchaeota	Archaea	low	83.01527638954947	9.050164207576456	83.01527638954947	9.050164207576456	973463	10	896223	10	896223	0.0		0	0	0	0	True	81.4	2.23	checkm2	-1.6152763895494644	-6.820164207576456	1.6152763895494644	6.820164207576456	medium	medium
G_r031_chimera_20pct	31	18	chimera	0.2	20.0	rc0.5	RS_GCF_009617975.1	Nanohalarchaeota	Archaea	low	83.01527638954947	9.050164207576456	83.01527638954947	9.050164207576456	973463	10	896223	9	896223	0.2		0	0	0	1	True	81.4	2.23	checkm2	-1.6152763895494644	-6.820164207576456	1.6152763895494644	6.820164207576456	medium	medium
G_r031_chimera_40pct	31	19	chimera	0.4	40.0	rc0.5	RS_GCF_009617975.1	Nanohalarchaeota	Archaea	low	83.01527638954947	9.050164207576456	83.01527638954947	9.050164207576456	973463	10	896223	8	896223	0.4		0	0	0	2	True	79.84	2.78	checkm2	-3.1752763895494667	-6.270164207576457	3.1752763895494667	6.270164207576457	medium	medium
G_r031_uneven_coverage_5pct	31	20	uneven_coverage	0.05	5.0	lognormal_sigma1.0	RS_GCF_009617975.1	Nanohalarchaeota	Archaea	low	83.01527638954947	9.050164207576456	83.01527638954947	13.653420828526611	973463	10	896223	11	941034	0.0499998326309411		44811	0	0	0	True	79.66	6.42	checkm2	-3.3552763895494735	-2.630164207576456	3.3552763895494735	2.630164207576456	medium	medium
G_r031_uneven_coverage_10pct	31	21	uneven_coverage	0.1	10.0	lognormal_sigma1.0	RS_GCF_009617975.1	Nanohalarchaeota	Archaea	low	83.01527638954947	9.050164207576456	83.01527638954947	18.256677449476765	973463	10	896223	12	985845	0.0999996652618823		89622	0	0	0	True	78.84	12.18	checkm2	-4.175276389549467	3.1298357924235436	4.175276389549467	3.1298357924235436	low	medium
G_r031_uneven_coverage_20pct	31	22	uneven_coverage	0.2	20.0	lognormal_sigma1.0	RS_GCF_009617975.1	Nanohalarchaeota	Archaea	low	83.01527638954947	9.050164207576456	83.01527638954947	27.463293417418026	973463	10	896223	12	1075468	0.2000004463174901		179245	0	0	0	True	79.63	15.36	checkm2	-3.3852763895494746	6.309835792423543	3.3852763895494746	6.309835792423543	low	medium
G_r031_uneven_coverage_40pct	31	23	uneven_coverage	0.4	40.0	lognormal_sigma1.0	RS_GCF_009617975.1	Nanohalarchaeota	Archaea	low	83.01527638954947	9.050164207576456	83.01527638954947	45.87631990121864	973463	10	896223	16	1254712	0.3999997768412549		358489	0	0	0	True	83.47	34.19	checkm2	0.4547236104505288	25.13983579242354	0.4547236104505288	25.13983579242354	low	medium
G_r032_none_control	32	0	none	0.0	0.0	control	RS_GCF_000695975.1	Nitrospirota_A	Bacteria	medium	86.24392588127016	4.999989273079506	86.24392588127016	4.999989273079506	2330585	8	2126517	8	2126517	0.0		0	0	0	0	True	83.05	6.32	checkm2	-3.193925881270161	1.3200107269204944	3.193925881270161	1.3200107269204944	medium	medium
G_r032_substitution_0p1pct	32	1	substitution	0.001	0.1	uniform	RS_GCF_000695975.1	Nitrospirota_A	Bacteria	medium	86.24392588127016	4.999989273079506	86.24392588127016	4.999989273079506	2330585	8	2126517	8	2126517	0.0010115131926996	0.0089640838741259	0	2151	0	0	True	81.93	5.5	checkm2	-4.313925881270151	0.5000107269204941	4.313925881270151	0.5000107269204941	medium	medium
G_r032_substitution_0p5pct	32	2	substitution	0.005	0.5	uniform	RS_GCF_000695975.1	Nitrospirota_A	Bacteria	medium	86.24392588127016	4.999989273079506	86.24392588127016	4.999989273079506	2330585	8	2126517	8	2126517	0.0050552147008465	0.0441104216424403	0	10750	0	0	True	77.87	6.02	checkm2	-8.373925881270154	1.0200107269204937	8.373925881270154	1.0200107269204937	medium	medium
G_r032_substitution_1pct	32	3	substitution	0.01	1.0	uniform	RS_GCF_000695975.1	Nitrospirota_A	Bacteria	medium	86.24392588127016	4.999989273079506	86.24392588127016	4.999989273079506	2330585	8	2126517	8	2126517	0.0100187301582822	0.0864827525163591	0	21305	0	0	True	71.93	9.49	checkm2	-14.313925881270151	4.490010726920494	14.313925881270151	4.490010726920494	medium	medium
G_r032_substitution_2pct	32	4	substitution	0.02	2.0	uniform	RS_GCF_000695975.1	Nitrospirota_A	Bacteria	medium	86.24392588127016	4.999989273079506	86.24392588127016	4.999989273079506	2330585	8	2126517	8	2126517	0.0200525083975345	0.1662522378698502	0	42642	0	0	True	69.16	5.31	checkm2	-17.08392588127016	0.3100107269204937	17.08392588127016	0.3100107269204937	medium	medium
G_r032_substitution_5pct	32	5	substitution	0.05	5.0	uniform	RS_GCF_000695975.1	Nitrospirota_A	Bacteria	medium	86.24392588127016	4.999989273079506	86.24392588127016	4.999989273079506	2330585	8	2126517	8	2126517	0.0499624503354546	0.3697505902753909	0	106246	0	0	True	49.97	1.94	checkm2	-36.27392588127016	-3.059989273079506	36.27392588127016	3.059989273079506	low	medium
G_r032_substitution_titv_0p1pct	32	6	substitution_titv	0.001	0.1	titv_2	RS_GCF_000695975.1	Nitrospirota_A	Bacteria	medium	86.24392588127016	4.999989273079506	86.24392588127016	4.999989273079506	2330585	8	2126517	8	2126517	0.0009809467782293	0.0089640838741259	0	2086	0	0	True	81.3	6.31	checkm2	-4.943925881270161	1.3100107269204937	4.943925881270161	1.3100107269204937	medium	medium
G_r032_substitution_titv_0p5pct	32	7	substitution_titv	0.005	0.5	titv_2	RS_GCF_000695975.1	Nitrospirota_A	Bacteria	medium	86.24392588127016	4.999989273079506	86.24392588127016	4.999989273079506	2330585	8	2126517	8	2126517	0.0050613279837405	0.0441104216424403	0	10763	0	0	True	80.25	5.68	checkm2	-5.993925881270158	0.6800107269204938	5.993925881270158	0.6800107269204938	medium	medium
G_r032_substitution_titv_1pct	32	8	substitution_titv	0.01	1.0	titv_2	RS_GCF_000695975.1	Nitrospirota_A	Bacteria	medium	86.24392588127016	4.999989273079506	86.24392588127016	4.999989273079506	2330585	8	2126517	8	2126517	0.0101080781390414	0.0864827525163591	0	21495	0	0	True	73.08	8.0	checkm2	-13.16392588127016	3.000010726920494	13.16392588127016	3.000010726920494	medium	medium
G_r032_substitution_titv_2pct	32	9	substitution_titv	0.02	2.0	titv_2	RS_GCF_000695975.1	Nitrospirota_A	Bacteria	medium	86.24392588127016	4.999989273079506	86.24392588127016	4.999989273079506	2330585	8	2126517	8	2126517	0.0200981228929747	0.1662522378698502	0	42739	0	0	True	63.74	6.47	checkm2	-22.503925881270156	1.4700107269204938	22.503925881270156	1.4700107269204938	medium	medium
G_r032_substitution_titv_5pct	32	10	substitution_titv	0.05	5.0	titv_2	RS_GCF_000695975.1	Nitrospirota_A	Bacteria	medium	86.24392588127016	4.999989273079506	86.24392588127016	4.999989273079506	2330585	8	2126517	8	2126517	0.0500132376087282	0.3697505902753909	0	106354	0	0	True	50.27	2.36	checkm2	-35.973925881270155	-2.639989273079506	35.973925881270155	2.639989273079506	medium	medium
G_r032_indel_0p1pct	32	11	indel	0.001	0.1	ins0.5_geom0.75	RS_GCF_000695975.1	Nitrospirota_A	Bacteria	medium	86.24392588127016	4.999989273079506	86.24493979187939	4.999989273079506	2330585	8	2126517	8	2126542	0.0009974056167902		0	0	2121	0	True	60.62	6.53	checkm2	-25.62392588127016	1.5300107269204943	25.62392588127016	1.5300107269204943	medium	medium
G_r032_indel_0p5pct	32	12	indel	0.005	0.5	ins0.5_geom0.75	RS_GCF_000695975.1	Nitrospirota_A	Bacteria	medium	86.24392588127016	4.999989273079506	86.24080303659369	4.999989273079506	2330585	8	2126517	8	2126440	0.0050067786902244		0	0	10647	0	True	36.99	1.8	checkm2	-49.253925881270156	-3.199989273079506	49.253925881270156	3.199989273079506	low	medium
G_r032_indel_1pct	32	13	indel	0.01	1.0	ins0.5_geom0.75	RS_GCF_000695975.1	Nitrospirota_A	Bacteria	medium	86.24392588127016	4.999989273079506	86.25556557506424	4.999989273079506	2330585	8	2126517	8	2126804	0.0100102656127366		0	0	21287	0	True	40.05	5.36	checkm2	-46.19392588127016	0.3600107269204944	46.19392588127016	0.3600107269204944	low	medium
G_r032_indel_2pct	32	14	indel	0.02	2.0	ins0.5_geom0.75	RS_GCF_000695975.1	Nitrospirota_A	Bacteria	medium	86.24392588127016	4.999989273079506	86.27925052689612	4.999989273079506	2330585	8	2126517	8	2127388	0.0199796192553363		0	0	42487	0	True	30.84	6.93	checkm2	-55.403925881270155	1.9300107269204938	55.403925881270155	1.9300107269204938	low	medium
G_r032_indel_5pct	32	15	indel	0.05	5.0	ins0.5_geom0.75	RS_GCF_000695975.1	Nitrospirota_A	Bacteria	medium	86.24392588127016	4.999989273079506	86.26359574708944	4.999989273079506	2330585	8	2126517	8	2127002	0.0500818944781537		0	0	106500	0	True	45.65	8.36	checkm2	-40.59392588127016	3.3600107269204935	40.59392588127016	3.3600107269204935	low	medium
G_r032_chimera_5pct	32	16	chimera	0.05	5.0	rc0.5	RS_GCF_000695975.1	Nitrospirota_A	Bacteria	medium	86.24392588127016	4.999989273079506	86.24392588127016	4.999989273079506	2330585	8	2126517	7	2126517	0.25		0	0	0	1	True	83.1	6.32	checkm2	-3.143925881270164	1.3200107269204944	3.143925881270164	1.3200107269204944	medium	medium
G_r032_chimera_10pct	32	17	chimera	0.1	10.0	rc0.5	RS_GCF_000695975.1	Nitrospirota_A	Bacteria	medium	86.24392588127016	4.999989273079506	86.24392588127016	4.999989273079506	2330585	8	2126517	7	2126517	0.25		0	0	0	1	True	82.93	6.32	checkm2	-3.3139258812701513	1.3200107269204944	3.3139258812701513	1.3200107269204944	medium	medium
G_r032_chimera_20pct	32	18	chimera	0.2	20.0	rc0.5	RS_GCF_000695975.1	Nitrospirota_A	Bacteria	medium	86.24392588127016	4.999989273079506	86.24392588127016	4.999989273079506	2330585	8	2126517	7	2126517	0.25		0	0	0	1	True	83.04	6.32	checkm2	-3.203925881270152	1.3200107269204944	3.203925881270152	1.3200107269204944	medium	medium
G_r032_chimera_40pct	32	19	chimera	0.4	40.0	rc0.5	RS_GCF_000695975.1	Nitrospirota_A	Bacteria	medium	86.24392588127016	4.999989273079506	86.24392588127016	4.999989273079506	2330585	8	2126517	6	2126517	0.5		0	0	0	2	True	82.58	6.02	checkm2	-3.66392588127016	1.0200107269204937	3.66392588127016	1.0200107269204937	medium	medium
G_r032_uneven_coverage_5pct	32	20	uneven_coverage	0.05	5.0	lognormal_sigma1.0	RS_GCF_000695975.1	Nitrospirota_A	Bacteria	medium	86.24392588127016	4.999989273079506	86.24392588127016	9.562191466949283	2330585	8	2126517	9	2232843	0.0500000705378795		106326	0	0	0	True	81.8	7.33	checkm2	-4.443925881270161	2.330010726920494	4.443925881270161	2.330010726920494	medium	medium
G_r032_uneven_coverage_10pct	32	21	uneven_coverage	0.1	10.0	lognormal_sigma1.0	RS_GCF_000695975.1	Nitrospirota_A	Bacteria	medium	86.24392588127016	4.999989273079506	86.24392588127016	14.124393660819065	2330585	8	2126517	9	2339169	0.1000001410757591		212652	0	0	0	True	83.47	11.46	checkm2	-2.7739258812701593	6.460010726920495	2.7739258812701593	6.460010726920495	low	medium
G_r032_uneven_coverage_20pct	32	22	uneven_coverage	0.2	20.0	lognormal_sigma1.0	RS_GCF_000695975.1	Nitrospirota_A	Bacteria	medium	86.24392588127016	4.999989273079506	86.24392588127016	23.248755140876646	2330585	8	2126517	11	2551820	0.1999998118989878		425303	0	0	0	True	81.38	16.24	checkm2	-4.863925881270163	11.240010726920492	4.863925881270163	11.240010726920492	low	medium
G_r032_uneven_coverage_40pct	32	23	uneven_coverage	0.4	40.0	lognormal_sigma1.0	RS_GCF_000695975.1	Nitrospirota_A	Bacteria	medium	86.24392588127016	4.999989273079506	86.24392588127016	41.497563916355766	2330585	8	2126517	12	2977124	0.400000094050506		850607	0	0	0	True	81.47	31.85	checkm2	-4.773925881270159	26.850010726920495	4.773925881270159	26.850010726920495	low	medium
G_r033_none_control	33	0	none	0.0	0.0	control	RS_GCF_000212395.1	Thermodesulfobiota	Bacteria	highly_fragmented	61.99961555982126	9.999973668480909	61.99961555982126	9.999973668480909	1898865	31	1367175	31	1367175	0.0		0	0	0	0	True	59.16	0.0	checkm2	-2.8396155598212616	-9.999973668480909	2.8396155598212616	9.999973668480909	medium	medium
G_r033_substitution_0p1pct	33	1	substitution	0.001	0.1	uniform	RS_GCF_000212395.1	Thermodesulfobiota	Bacteria	highly_fragmented	61.99961555982126	9.999973668480909	61.99961555982126	9.999973668480909	1898865	31	1367175	31	1367175	0.001034249455995	0.0089640838741259	0	1414	0	0	True	58.74	0.01	checkm2	-3.259615559821256	-9.989973668480909	3.259615559821256	9.989973668480909	medium	medium
G_r033_substitution_0p5pct	33	2	substitution	0.005	0.5	uniform	RS_GCF_000212395.1	Thermodesulfobiota	Bacteria	highly_fragmented	61.99961555982126	9.999973668480909	61.99961555982126	9.999973668480909	1898865	31	1367175	31	1367175	0.0049086620220527	0.0441104216424403	0	6711	0	0	True	56.03	2.16	checkm2	-5.969615559821257	-7.8399736684809085	5.969615559821257	7.8399736684809085	medium	medium
G_r033_substitution_1pct	33	3	substitution	0.01	1.0	uniform	RS_GCF_000212395.1	Thermodesulfobiota	Bacteria	highly_fragmented	61.99961555982126	9.999973668480909	61.99961555982126	9.999973668480909	1898865	31	1367175	31	1367175	0.0099489823906961	0.0864827525163591	0	13602	0	0	True	52.82	0.62	checkm2	-9.179615559821258	-9.37997366848091	9.179615559821258	9.37997366848091	medium	medium
G_r033_substitution_2pct	33	4	substitution	0.02	2.0	uniform	RS_GCF_000212395.1	Thermodesulfobiota	Bacteria	highly_fragmented	61.99961555982126	9.999973668480909	61.99961555982126	9.999973668480909	1898865	31	1367175	31	1367175	0.019854078665862	0.1662522378698502	0	27144	0	0	True	43.17	0.81	checkm2	-18.829615559821256	-9.189973668480908	18.829615559821256	9.189973668480908	low	medium
G_r033_substitution_5pct	33	5	substitution	0.05	5.0	uniform	RS_GCF_000212395.1	Thermodesulfobiota	Bacteria	highly_fragmented	61.99961555982126	9.999973668480909	61.99961555982126	9.999973668480909	1898865	31	1367175	31	1367175	0.0500338288807211	0.3697505902753909	0	68405	0	0	True	26.84	1.69	checkm2	-35.15961555982126	-8.30997366848091	35.15961555982126	8.30997366848091	low	medium
G_r033_substitution_titv_0p1pct	33	6	substitution_titv	0.001	0.1	titv_2	RS_GCF_000212395.1	Thermodesulfobiota	Bacteria	highly_fragmented	61.99961555982126	9.999973668480909	61.99961555982126	9.999973668480909	1898865	31	1367175	31	1367175	0.001007186351418	0.0089640838741259	0	1377	0	0	True	57.88	0.26	checkm2	-4.119615559821256	-9.739973668480909	4.119615559821256	9.739973668480909	medium	medium
G_r033_substitution_titv_0p5pct	33	7	substitution_titv	0.005	0.5	titv_2	RS_GCF_000212395.1	Thermodesulfobiota	Bacteria	highly_fragmented	61.99961555982126	9.999973668480909	61.99961555982126	9.999973668480909	1898865	31	1367175	31	1367175	0.0050476347212317	0.0441104216424403	0	6901	0	0	True	55.21	1.89	checkm2	-6.789615559821257	-8.109973668480908	6.789615559821257	8.109973668480908	medium	medium
G_r033_substitution_titv_1pct	33	8	substitution_titv	0.01	1.0	titv_2	RS_GCF_000212395.1	Thermodesulfobiota	Bacteria	highly_fragmented	61.99961555982126	9.999973668480909	61.99961555982126	9.999973668480909	1898865	31	1367175	31	1367175	0.0099255764624133	0.0864827525163591	0	13570	0	0	True	54.5	0.4	checkm2	-7.499615559821258	-9.599973668480908	7.499615559821258	9.599973668480908	medium	medium
G_r033_substitution_titv_2pct	33	9	substitution_titv	0.02	2.0	titv_2	RS_GCF_000212395.1	Thermodesulfobiota	Bacteria	highly_fragmented	61.99961555982126	9.999973668480909	61.99961555982126	9.999973668480909	1898865	31	1367175	31	1367175	0.0199784226598643	0.1662522378698502	0	27314	0	0	True	46.43	1.99	checkm2	-15.569615559821258	-8.009973668480908	15.569615559821258	8.009973668480908	low	medium
G_r033_substitution_titv_5pct	33	10	substitution_titv	0.05	5.0	titv_2	RS_GCF_000212395.1	Thermodesulfobiota	Bacteria	highly_fragmented	61.99961555982126	9.999973668480909	61.99961555982126	9.999973668480909	1898865	31	1367175	31	1367175	0.0502517965878545	0.3697505902753909	0	68703	0	0	True	37.62	1.52	checkm2	-24.37961555982126	-8.479973668480909	24.37961555982126	8.479973668480909	low	medium
G_r033_indel_0p1pct	33	11	indel	0.001	0.1	ins0.5_geom0.75	RS_GCF_000212395.1	Thermodesulfobiota	Bacteria	highly_fragmented	61.99961555982126	9.999973668480909	62.00269927175139	9.999973668480909	1898865	31	1367175	31	1367243	0.001002797739865		0	0	1371	0	True	41.33	1.53	checkm2	-20.66961555982126	-8.46997366848091	20.66961555982126	8.46997366848091	low	medium
G_r033_indel_0p5pct	33	12	indel	0.005	0.5	ins0.5_geom0.75	RS_GCF_000212395.1	Thermodesulfobiota	Bacteria	highly_fragmented	61.99961555982126	9.999973668480909	61.999570211116406	9.999973668480909	1898865	31	1367175	31	1367174	0.0049825369831952		0	0	6812	0	True	26.58	2.08	checkm2	-35.41961555982126	-7.919973668480909	35.41961555982126	7.919973668480909	low	medium
G_r033_indel_1pct	33	13	indel	0.01	1.0	ins0.5_geom0.75	RS_GCF_000212395.1	Thermodesulfobiota	Bacteria	highly_fragmented	61.99961555982126	9.999973668480909	62.00496670699412	9.999973668480909	1898865	31	1367175	31	1367293	0.01003456031598		0	0	13719	0	True	25.35	4.79	checkm2	-36.64961555982126	-5.209973668480909	36.64961555982126	5.209973668480909	low	medium
G_r033_indel_2pct	33	14	indel	0.02	2.0	ins0.5_geom0.75	RS_GCF_000212395.1	Thermodesulfobiota	Bacteria	highly_fragmented	61.99961555982126	9.999973668480909	62.00995506452815	9.999973668480909	1898865	31	1367175	31	1367403	0.0200588805383363		0	0	27424	0	True	9.28	1.74	checkm2	-52.71961555982126	-8.259973668480908	52.71961555982126	8.259973668480908	low	medium
G_r033_indel_5pct	33	15	indel	0.05	5.0	ins0.5_geom0.75	RS_GCF_000212395.1	Thermodesulfobiota	Bacteria	highly_fragmented	61.99961555982126	9.999973668480909	61.99630510436687	9.999973668480909	1898865	31	1367175	31	1367102	0.049703220143727		0	0	67953	0	True	5.6	0.02	checkm2	-56.39961555982126	-9.979973668480909	56.39961555982126	9.979973668480909	low	medium
G_r033_chimera_5pct	33	16	chimera	0.05	5.0	rc0.5	RS_GCF_000212395.1	Thermodesulfobiota	Bacteria	highly_fragmented	61.99961555982126	9.999973668480909	61.99961555982126	9.999973668480909	1898865	31	1367175	31	1367175	0.0		0	0	0	0	True	59.16	0.0	checkm2	-2.8396155598212616	-9.999973668480909	2.8396155598212616	9.999973668480909	medium	medium
G_r033_chimera_10pct	33	17	chimera	0.1	10.0	rc0.5	RS_GCF_000212395.1	Thermodesulfobiota	Bacteria	highly_fragmented	61.99961555982126	9.999973668480909	61.99961555982126	9.999973668480909	1898865	31	1367175	30	1367175	0.064516129032258		0	0	0	1	True	59.35	0.0	checkm2	-2.6496155598212567	-9.999973668480909	2.6496155598212567	9.999973668480909	medium	medium
G_r033_chimera_20pct	33	18	chimera	0.2	20.0	rc0.5	RS_GCF_000212395.1	Thermodesulfobiota	Bacteria	highly_fragmented	61.99961555982126	9.999973668480909	61.99961555982126	9.999973668480909	1898865	31	1367175	28	1367175	0.1935483870967742		0	0	0	3	True	58.72	0.0	checkm2	-3.2796155598212593	-9.999973668480909	3.2796155598212593	9.999973668480909	medium	medium
G_r033_chimera_40pct	33	19	chimera	0.4	40.0	rc0.5	RS_GCF_000212395.1	Thermodesulfobiota	Bacteria	highly_fragmented	61.99961555982126	9.999973668480909	61.99961555982126	9.999973668480909	1898865	31	1367175	25	1367175	0.3870967741935484		0	0	0	6	True	59.18	0.0	checkm2	-2.8196155598212584	-9.999973668480909	2.8196155598212584	9.999973668480909	medium	medium
G_r033_uneven_coverage_5pct	33	20	uneven_coverage	0.05	5.0	lognormal_sigma1.0	RS_GCF_000212395.1	Thermodesulfobiota	Bacteria	highly_fragmented	61.99961555982126	9.999973668480909	61.99961555982126	13.599966295655562	1898865	31	1367175	33	1435534	0.0500001828588147		68359	0	0	0	True	59.62	3.8	checkm2	-2.3796155598212607	-6.199973668480909	2.3796155598212607	6.199973668480909	medium	medium
G_r033_uneven_coverage_10pct	33	21	uneven_coverage	0.1	10.0	lognormal_sigma1.0	RS_GCF_000212395.1	Thermodesulfobiota	Bacteria	highly_fragmented	61.99961555982126	9.999973668480909	61.99961555982126	17.199958922830216	1898865	31	1367175	33	1503893	0.1000003657176294		136718	0	0	0	True	59.39	5.66	checkm2	-2.6096155598212576	-4.3399736684809085	2.6096155598212576	4.3399736684809085	medium	medium
G_r033_uneven_coverage_20pct	33	22	uneven_coverage	0.2	20.0	lognormal_sigma1.0	RS_GCF_000212395.1	Thermodesulfobiota	Bacteria	highly_fragmented	61.99961555982126	9.999973668480909	61.99961555982126	24.39989151414134	1898865	31	1367175	40	1640610	0.2		273435	0	0	0	True	56.09	8.67	checkm2	-5.909615559821255	-1.3299736684809087	5.909615559821255	1.3299736684809087	medium	medium
G_r033_uneven_coverage_40pct	33	23	uneven_coverage	0.4	40.0	lognormal_sigma1.0	RS_GCF_000212395.1	Thermodesulfobiota	Bacteria	highly_fragmented	61.99961555982126	9.999973668480909	61.99961555982126	38.79980935980178	1898865	31	1367175	48	1914045	0.4		546870	0	0	0	True	58.68	18.51	checkm2	-3.3196155598212584	8.510026331519093	3.3196155598212584	8.510026331519093	low	medium
G_r034_none_control	34	0	none	0.0	0.0	control	GB_GCA_963674695.1	UBA10199	Bacteria	high	84.76789082209743	0.0	84.76789082209743	0.0	3033874	1	2571751	1	2571751	0.0		0	0	0	0	True	95.07	1.1	checkm2	10.302109177902565	1.1	10.302109177902565	1.1	high	medium
G_r034_substitution_0p1pct	34	1	substitution	0.001	0.1	uniform	GB_GCA_963674695.1	UBA10199	Bacteria	high	84.76789082209743	0.0	84.76789082209743	0.0	3033874	1	2571751	1	2571751	0.0009880427770806	0.0089640838741259	0	2541	0	0	True	94.05	1.09	checkm2	9.28210917790257	1.09	9.28210917790257	1.09	high	medium
G_r034_substitution_0p5pct	34	2	substitution	0.005	0.5	uniform	GB_GCA_963674695.1	UBA10199	Bacteria	high	84.76789082209743	0.0	84.76789082209743	0.0	3033874	1	2571751	1	2571751	0.0049433246064646	0.0441104216424403	0	12713	0	0	True	95.05	3.7	checkm2	10.28210917790257	3.7	10.28210917790257	3.7	high	medium
G_r034_substitution_1pct	34	3	substitution	0.01	1.0	uniform	GB_GCA_963674695.1	UBA10199	Bacteria	high	84.76789082209743	0.0	84.76789082209743	0.0	3033874	1	2571751	1	2571751	0.0100110780553793	0.0864827525163591	0	25746	0	0	True	93.54	4.18	checkm2	8.772109177902578	4.18	8.772109177902578	4.18	high	medium
G_r034_substitution_2pct	34	4	substitution	0.02	2.0	uniform	GB_GCA_963674695.1	UBA10199	Bacteria	high	84.76789082209743	0.0	84.76789082209743	0.0	3033874	1	2571751	1	2571751	0.0201228657051168	0.1662522378698502	0	51751	0	0	True	81.76	4.95	checkm2	-3.0078908220974228	4.95	3.0078908220974228	4.95	medium	medium
G_r034_substitution_5pct	34	5	substitution	0.05	5.0	uniform	GB_GCA_963674695.1	UBA10199	Bacteria	high	84.76789082209743	0.0	84.76789082209743	0.0	3033874	1	2571751	1	2571751	0.0500585009979582	0.3697505902753909	0	128738	0	0	True	62.32	2.76	checkm2	-22.447890822097428	2.76	22.447890822097428	2.76	medium	medium
G_r034_substitution_titv_0p1pct	34	6	substitution_titv	0.001	0.1	titv_2	GB_GCA_963674695.1	UBA10199	Bacteria	high	84.76789082209743	0.0	84.76789082209743	0.0	3033874	1	2571751	1	2571751	0.0010214830284891	0.0089640838741259	0	2627	0	0	True	94.96	1.29	checkm2	10.192109177902566	1.29	10.192109177902566	1.29	high	medium
G_r034_substitution_titv_0p5pct	34	7	substitution_titv	0.005	0.5	titv_2	GB_GCA_963674695.1	UBA10199	Bacteria	high	84.76789082209743	0.0	84.76789082209743	0.0	3033874	1	2571751	1	2571751	0.0049946515039753	0.0441104216424403	0	12845	0	0	True	92.75	3.36	checkm2	7.982109177902572	3.36	7.982109177902572	3.36	high	medium
G_r034_substitution_titv_1pct	34	8	substitution_titv	0.01	1.0	titv_2	GB_GCA_963674695.1	UBA10199	Bacteria	high	84.76789082209743	0.0	84.76789082209743	0.0	3033874	1	2571751	1	2571751	0.0100052454533895	0.0864827525163591	0	25731	0	0	True	92.77	5.13	checkm2	8.002109177902568	5.13	8.002109177902568	5.13	medium	medium
G_r034_substitution_titv_2pct	34	9	substitution_titv	0.02	2.0	titv_2	GB_GCA_963674695.1	UBA10199	Bacteria	high	84.76789082209743	0.0	84.76789082209743	0.0	3033874	1	2571751	1	2571751	0.0197736872659911	0.1662522378698502	0	50853	0	0	True	84.78	3.59	checkm2	0.012109177902573265	3.59	0.012109177902573265	3.59	medium	medium
G_r034_substitution_titv_5pct	34	10	substitution_titv	0.05	5.0	titv_2	GB_GCA_963674695.1	UBA10199	Bacteria	high	84.76789082209743	0.0	84.76789082209743	0.0	3033874	1	2571751	1	2571751	0.0498982988633036	0.3697505902753909	0	128326	0	0	True	67.05	4.63	checkm2	-17.71789082209743	4.63	17.71789082209743	4.63	medium	medium
G_r034_indel_0p1pct	34	11	indel	0.001	0.1	ins0.5_geom0.75	GB_GCA_963674695.1	UBA10199	Bacteria	high	84.76789082209743	0.0	84.76706679314961	0.0	3033874	1	2571751	1	2571726	0.001000096821193		0	0	2572	0	True	66.53	4.02	checkm2	-18.237890822097427	4.02	18.237890822097427	4.02	medium	medium
G_r034_indel_0p5pct	34	12	indel	0.005	0.5	ins0.5_geom0.75	GB_GCA_963674695.1	UBA10199	Bacteria	high	84.76789082209743	0.0	84.76663829809675	0.0	3033874	1	2571751	1	2571713	0.0050265363948531		0	0	12927	0	True	36.35	6.82	checkm2	-48.41789082209743	6.82	48.41789082209743	6.82	low	medium
G_r034_indel_1pct	34	13	indel	0.01	1.0	ins0.5_geom0.75	GB_GCA_963674695.1	UBA10199	Bacteria	high	84.76789082209743	0.0	84.77975683894584	0.0	3033874	1	2571751	1	2572111	0.0099858034467567		0	0	25681	0	True	36.85	11.38	checkm2	-47.91789082209743	11.38	47.91789082209743	11.38	low	medium
G_r034_indel_2pct	34	14	indel	0.02	2.0	ins0.5_geom0.75	GB_GCA_963674695.1	UBA10199	Bacteria	high	84.76789082209743	0.0	84.77501043220649	0.0	3033874	1	2571751	1	2571967	0.0200458753588508		0	0	51553	0	True	49.4	12.95	checkm2	-35.36789082209743	12.95	35.36789082209743	12.95	low	medium
G_r034_indel_5pct	34	15	indel	0.05	5.0	ins0.5_geom0.75	GB_GCA_963674695.1	UBA10199	Bacteria	high	84.76789082209743	0.0	84.76779193862369	0.0	3033874	1	2571751	1	2571748	0.049935238675906		0	0	128421	0	True	47.53	13.25	checkm2	-37.23789082209743	13.25	37.23789082209743	13.25	low	medium
G_r034_chimera_5pct	34	16	chimera	0.05	5.0	rc0.5	GB_GCA_963674695.1	UBA10199	Bacteria	high	84.76789082209743	0.0	84.76789082209743	0.0	3033874	1	2571751	1	2571751	0.0		0	0	0	0	True	95.07	1.1	checkm2	10.302109177902565	1.1	10.302109177902565	1.1	high	medium
G_r034_chimera_10pct	34	17	chimera	0.1	10.0	rc0.5	GB_GCA_963674695.1	UBA10199	Bacteria	high	84.76789082209743	0.0	84.76789082209743	0.0	3033874	1	2571751	1	2571751	0.0		0	0	0	0	True	95.07	1.1	checkm2	10.302109177902565	1.1	10.302109177902565	1.1	high	medium
G_r034_chimera_20pct	34	18	chimera	0.2	20.0	rc0.5	GB_GCA_963674695.1	UBA10199	Bacteria	high	84.76789082209743	0.0	84.76789082209743	0.0	3033874	1	2571751	1	2571751	0.0		0	0	0	0	True	95.07	1.1	checkm2	10.302109177902565	1.1	10.302109177902565	1.1	high	medium
G_r034_chimera_40pct	34	19	chimera	0.4	40.0	rc0.5	GB_GCA_963674695.1	UBA10199	Bacteria	high	84.76789082209743	0.0	84.76789082209743	0.0	3033874	1	2571751	1	2571751	0.0		0	0	0	0	True	95.07	1.1	checkm2	10.302109177902565	1.1	10.302109177902565	1.1	high	medium
G_r034_uneven_coverage_5pct	34	20	uneven_coverage	0.05	5.0	lognormal_sigma1.0	GB_GCA_963674695.1	UBA10199	Bacteria	high	84.76789082209743	0.0	84.76789082209743	4.238409373625932	3033874	1	2571751	2	2700339	0.0500001749780597		128588	0	0	0	True	94.99	6.14	checkm2	10.222109177902567	6.14	10.222109177902567	6.14	medium	medium
G_r034_uneven_coverage_10pct	34	21	uneven_coverage	0.1	10.0	lognormal_sigma1.0	GB_GCA_963674695.1	UBA10199	Bacteria	high	84.76789082209743	0.0	84.76789082209743	8.47678578609395	3033874	1	2571751	2	2828926	0.0999999611159867		257175	0	0	0	True	94.83	8.57	checkm2	10.06210917790257	8.57	10.06210917790257	8.57	medium	medium
G_r034_uneven_coverage_20pct	34	22	uneven_coverage	0.2	20.0	lognormal_sigma1.0	GB_GCA_963674695.1	UBA10199	Bacteria	high	84.76789082209743	0.0	84.76789082209743	16.9535715721879	3033874	1	2571751	2	3086101	0.1999999222319734		514350	0	0	0	True	95.86	19.66	checkm2	11.092109177902572	19.66	11.092109177902572	19.66	low	medium
G_r034_uneven_coverage_40pct	34	23	uneven_coverage	0.4	40.0	lognormal_sigma1.0	GB_GCA_963674695.1	UBA10199	Bacteria	high	84.76789082209743	0.0	84.76789082209743	33.9071431443758	3033874	1	2571751	2	3600451	0.3999998444639469		1028700	0	0	0	True	95.22	34.1	checkm2	10.452109177902571	34.1	10.452109177902571	34.1	low	medium
G_r035_none_control	35	0	none	0.0	0.0	control	GB_GCA_023898765.1	Pseudomonadota	Bacteria	low	71.71680431678045	0.0	71.71680431678045	0.0	1902529	10	1364433	10	1364433	0.0		0	0	0	0	True	67.97	0.22	checkm2	-3.7468043167804552	0.22	3.7468043167804552	0.22	medium	medium
G_r035_substitution_0p1pct	35	1	substitution	0.001	0.1	uniform	GB_GCA_023898765.1	Pseudomonadota	Bacteria	low	71.71680431678045	0.0	71.71680431678045	0.0	1902529	10	1364433	10	1364433	0.0009960181262106	0.0089640838741259	0	1359	0	0	True	68.77	0.22	checkm2	-2.946804316780458	0.22	2.946804316780458	0.22	medium	medium
G_r035_substitution_0p5pct	35	2	substitution	0.005	0.5	uniform	GB_GCA_023898765.1	Pseudomonadota	Bacteria	low	71.71680431678045	0.0	71.71680431678045	0.0	1902529	10	1364433	10	1364433	0.0050387230446639	0.0441104216424403	0	6875	0	0	True	64.83	1.88	checkm2	-6.886804316780456	1.88	6.886804316780456	1.88	medium	medium
G_r035_substitution_1pct	35	3	substitution	0.01	1.0	uniform	GB_GCA_023898765.1	Pseudomonadota	Bacteria	low	71.71680431678045	0.0	71.71680431678045	0.0	1902529	10	1364433	10	1364433	0.0099931619947626	0.0864827525163591	0	13635	0	0	True	65.11	0.69	checkm2	-6.606804316780455	0.69	6.606804316780455	0.69	medium	medium
G_r035_substitution_2pct	35	4	substitution	0.02	2.0	uniform	GB_GCA_023898765.1	Pseudomonadota	Bacteria	low	71.71680431678045	0.0	71.71680431678045	0.0	1902529	10	1364433	10	1364433	0.0200530183600074	0.1662522378698502	0	27361	0	0	True	62.57	2.77	checkm2	-9.146804316780454	2.77	9.146804316780454	2.77	medium	medium
G_r035_substitution_5pct	35	5	substitution	0.05	5.0	uniform	GB_GCA_023898765.1	Pseudomonadota	Bacteria	low	71.71680431678045	0.0	71.71680431678045	0.0	1902529	10	1364433	10	1364433	0.0500933354734164	0.3697505902753909	0	68349	0	0	True	43.6	0.95	checkm2	-28.116804316780453	0.95	28.116804316780453	0.95	low	medium
G_r035_substitution_titv_0p1pct	35	6	substitution_titv	0.001	0.1	titv_2	GB_GCA_023898765.1	Pseudomonadota	Bacteria	low	71.71680431678045	0.0	71.71680431678045	0.0	1902529	10	1364433	10	1364433	0.0010158065658042	0.0089640838741259	0	1386	0	0	True	68.48	0.4	checkm2	-3.23680431678045	0.4	3.23680431678045	0.4	medium	medium
G_r035_substitution_titv_0p5pct	35	7	substitution_titv	0.005	0.5	titv_2	GB_GCA_023898765.1	Pseudomonadota	Bacteria	low	71.71680431678045	0.0	71.71680431678045	0.0	1902529	10	1364433	10	1364433	0.0050233320360911	0.0441104216424403	0	6854	0	0	True	66.15	0.88	checkm2	-5.566804316780448	0.88	5.566804316780448	0.88	medium	medium
G_r035_substitution_titv_1pct	35	8	substitution_titv	0.01	1.0	titv_2	GB_GCA_023898765.1	Pseudomonadota	Bacteria	low	71.71680431678045	0.0	71.71680431678045	0.0	1902529	10	1364433	10	1364433	0.0100268756325887	0.0864827525163591	0	13681	0	0	True	68.25	1.26	checkm2	-3.466804316780454	1.26	3.466804316780454	1.26	medium	medium
G_r035_substitution_titv_2pct	35	9	substitution_titv	0.02	2.0	titv_2	GB_GCA_023898765.1	Pseudomonadota	Bacteria	low	71.71680431678045	0.0	71.71680431678045	0.0	1902529	10	1364433	10	1364433	0.0198881146967275	0.1662522378698502	0	27136	0	0	True	66.5	1.34	checkm2	-5.216804316780454	1.34	5.216804316780454	1.34	medium	medium
G_r035_substitution_titv_5pct	35	10	substitution_titv	0.05	5.0	titv_2	GB_GCA_023898765.1	Pseudomonadota	Bacteria	low	71.71680431678045	0.0	71.71680431678045	0.0	1902529	10	1364433	10	1364433	0.0499687415944938	0.3697505902753909	0	68179	0	0	True	50.04	1.47	checkm2	-21.676804316780455	1.47	21.676804316780455	1.47	medium	medium
G_r035_indel_0p1pct	35	11	indel	0.001	0.1	ins0.5_geom0.75	GB_GCA_023898765.1	Pseudomonadota	Bacteria	low	71.71680431678045	0.0	71.71764530264716	0.0	1902529	10	1364433	10	1364449	0.0009725651607664		0	0	1327	0	True	61.32	1.49	checkm2	-10.396804316780454	1.49	10.396804316780454	1.49	medium	medium
G_r035_indel_0p5pct	35	12	indel	0.005	0.5	ins0.5_geom0.75	GB_GCA_023898765.1	Pseudomonadota	Bacteria	low	71.71680431678045	0.0	71.71323012684695	0.0	1902529	10	1364433	10	1364365	0.005044586286025		0	0	6883	0	True	27.24	2.01	checkm2	-44.47680431678046	2.01	44.47680431678046	2.01	low	medium
G_r035_indel_1pct	35	13	indel	0.01	1.0	ins0.5_geom0.75	GB_GCA_023898765.1	Pseudomonadota	Bacteria	low	71.71680431678045	0.0	71.70513563787989	0.0	1902529	10	1364433	10	1364211	0.0100899054772202		0	0	13767	0	True	23.11	1.3	checkm2	-48.606804316780455	1.3	48.606804316780455	1.3	low	medium
G_r035_indel_2pct	35	14	indel	0.02	2.0	ins0.5_geom0.75	GB_GCA_023898765.1	Pseudomonadota	Bacteria	low	71.71680431678045	0.0	71.70229731057977	0.0	1902529	10	1364433	10	1364157	0.0200134414808202		0	0	27307	0	True	25.8	6.17	checkm2	-45.91680431678046	6.17	45.91680431678046	6.17	low	medium
G_r035_indel_5pct	35	15	indel	0.05	5.0	ins0.5_geom0.75	GB_GCA_023898765.1	Pseudomonadota	Bacteria	low	71.71680431678045	0.0	71.75365001006556	0.0	1902529	10	1364433	10	1365134	0.0501182542492009		0	0	68383	0	True	9.14	3.01	checkm2	-62.57680431678045	3.01	62.57680431678045	3.01	low	medium
G_r035_chimera_5pct	35	16	chimera	0.05	5.0	rc0.5	GB_GCA_023898765.1	Pseudomonadota	Bacteria	low	71.71680431678045	0.0	71.71680431678045	0.0	1902529	10	1364433	10	1364433	0.0		0	0	0	0	True	67.97	0.22	checkm2	-3.7468043167804552	0.22	3.7468043167804552	0.22	medium	medium
G_r035_chimera_10pct	35	17	chimera	0.1	10.0	rc0.5	GB_GCA_023898765.1	Pseudomonadota	Bacteria	low	71.71680431678045	0.0	71.71680431678045	0.0	1902529	10	1364433	9	1364433	0.2		0	0	0	1	True	68.05	0.22	checkm2	-3.666804316780457	0.22	3.666804316780457	0.22	medium	medium
G_r035_chimera_20pct	35	18	chimera	0.2	20.0	rc0.5	GB_GCA_023898765.1	Pseudomonadota	Bacteria	low	71.71680431678045	0.0	71.71680431678045	0.0	1902529	10	1364433	9	1364433	0.2		0	0	0	1	True	68.05	0.22	checkm2	-3.666804316780457	0.22	3.666804316780457	0.22	medium	medium
G_r035_chimera_40pct	35	19	chimera	0.4	40.0	rc0.5	GB_GCA_023898765.1	Pseudomonadota	Bacteria	low	71.71680431678045	0.0	71.71680431678045	0.0	1902529	10	1364433	8	1364433	0.4		0	0	0	2	True	67.84	0.24	checkm2	-3.8768043167804507	0.24	3.8768043167804507	0.24	medium	medium
G_r035_uneven_coverage_5pct	35	20	uneven_coverage	0.05	5.0	lognormal_sigma1.0	GB_GCA_023898765.1	Pseudomonadota	Bacteria	low	71.71680431678045	0.0	71.71680431678045	3.585858612404857	1902529	10	1364433	11	1432655	0.0500002565168095		68222	0	0	0	True	68.09	2.42	checkm2	-3.6268043167804507	2.42	3.6268043167804507	2.42	medium	medium
G_r035_uneven_coverage_10pct	35	21	uneven_coverage	0.1	10.0	lognormal_sigma1.0	GB_GCA_023898765.1	Pseudomonadota	Bacteria	low	71.71680431678045	0.0	71.71680431678045	7.171664663193044	1902529	10	1364433	12	1500876	0.0999997801284489		136443	0	0	0	True	74.53	10.2	checkm2	2.813195683219547	10.2	2.813195683219547	10.2	low	medium
G_r035_uneven_coverage_20pct	35	22	uneven_coverage	0.2	20.0	lognormal_sigma1.0	GB_GCA_023898765.1	Pseudomonadota	Bacteria	low	71.71680431678045	0.0	71.71680431678045	14.343381888002758	1902529	10	1364433	14	1637320	0.200000293162068		272887	0	0	0	True	74.32	10.75	checkm2	2.603195683219539	10.75	2.603195683219539	10.75	low	medium
G_r035_uneven_coverage_40pct	35	23	uneven_coverage	0.4	40.0	lognormal_sigma1.0	GB_GCA_023898765.1	Pseudomonadota	Bacteria	low	71.71680431678045	0.0	71.71680431678045	28.686711214388847	1902529	10	1364433	17	1910206	0.399999853418966		545773	0	0	0	True	71.67	14.77	checkm2	-0.04680431678045238	14.77	0.04680431678045238	14.77	low	medium
G_r036_none_control	36	0	none	0.0	0.0	control	RS_GCF_024800105.1	Bacillota	Bacteria	highly_fragmented	59.57205678995412	4.769478682852066	59.57205678995412	4.769478682852066	2055927	48	1322815	48	1322815	0.0		0	0	0	0	True	62.23	1.64	checkm2	2.657943210045879	-3.129478682852066	2.657943210045879	3.129478682852066	medium	medium
G_r036_substitution_0p1pct	36	1	substitution	0.001	0.1	uniform	RS_GCF_024800105.1	Bacillota	Bacteria	highly_fragmented	59.57205678995412	4.769478682852066	59.57205678995412	4.769478682852066	2055927	48	1322815	48	1322815	0.0010356701428393	0.0089640838741259	0	1370	0	0	True	60.92	1.64	checkm2	1.3479432100458837	-3.129478682852066	1.3479432100458837	3.129478682852066	medium	medium
G_r036_substitution_0p5pct	36	2	substitution	0.005	0.5	uniform	RS_GCF_024800105.1	Bacillota	Bacteria	highly_fragmented	59.57205678995412	4.769478682852066	59.57205678995412	4.769478682852066	2055927	48	1322815	48	1322815	0.0050316937742617	0.0441104216424403	0	6656	0	0	True	57.1	2.01	checkm2	-2.4720567899541166	-2.759478682852066	2.4720567899541166	2.759478682852066	medium	medium
G_r036_substitution_1pct	36	3	substitution	0.01	1.0	uniform	RS_GCF_024800105.1	Bacillota	Bacteria	highly_fragmented	59.57205678995412	4.769478682852066	59.57205678995412	4.769478682852066	2055927	48	1322815	48	1322815	0.009912194826941	0.0864827525163591	0	13112	0	0	True	53.04	4.88	checkm2	-6.532056789954119	0.110521317147934	6.532056789954119	0.110521317147934	medium	medium
G_r036_substitution_2pct	36	4	substitution	0.02	2.0	uniform	RS_GCF_024800105.1	Bacillota	Bacteria	highly_fragmented	59.57205678995412	4.769478682852066	59.57205678995412	4.769478682852066	2055927	48	1322815	48	1322815	0.0200186723011154	0.1662522378698502	0	26481	0	0	True	47.31	1.8	checkm2	-12.262056789954116	-2.969478682852066	12.262056789954116	2.969478682852066	low	medium
G_r036_substitution_5pct	36	5	substitution	0.05	5.0	uniform	RS_GCF_024800105.1	Bacillota	Bacteria	highly_fragmented	59.57205678995412	4.769478682852066	59.57205678995412	4.769478682852066	2055927	48	1322815	48	1322815	0.0503222294878724	0.3697505902753909	0	66567	0	0	True	33.08	1.57	checkm2	-26.49205678995412	-3.1994786828520656	26.49205678995412	3.1994786828520656	low	medium
G_r036_substitution_titv_0p1pct	36	6	substitution_titv	0.001	0.1	titv_2	RS_GCF_024800105.1	Bacillota	Bacteria	highly_fragmented	59.57205678995412	4.769478682852066	59.57205678995412	4.769478682852066	2055927	48	1322815	48	1322815	0.0009812407630696	0.0089640838741259	0	1298	0	0	True	60.92	1.63	checkm2	1.3479432100458837	-3.139478682852066	1.3479432100458837	3.139478682852066	medium	medium
G_r036_substitution_titv_0p5pct	36	7	substitution_titv	0.005	0.5	titv_2	RS_GCF_024800105.1	Bacillota	Bacteria	highly_fragmented	59.57205678995412	4.769478682852066	59.57205678995412	4.769478682852066	2055927	48	1322815	48	1322815	0.0050838552632076	0.0441104216424403	0	6725	0	0	True	58.92	1.94	checkm2	-0.6520567899541163	-2.829478682852066	0.6520567899541163	2.829478682852066	medium	medium
G_r036_substitution_titv_1pct	36	8	substitution_titv	0.01	1.0	titv_2	RS_GCF_024800105.1	Bacillota	Bacteria	highly_fragmented	59.57205678995412	4.769478682852066	59.57205678995412	4.769478682852066	2055927	48	1322815	48	1322815	0.0099847673333005	0.0864827525163591	0	13208	0	0	True	55.97	5.54	checkm2	-3.602056789954119	0.7705213171479341	3.602056789954119	0.7705213171479341	medium	medium
G_r036_substitution_titv_2pct	36	9	substitution_titv	0.02	2.0	titv_2	RS_GCF_024800105.1	Bacillota	Bacteria	highly_fragmented	59.57205678995412	4.769478682852066	59.57205678995412	4.769478682852066	2055927	48	1322815	48	1322815	0.0200965365527303	0.1662522378698502	0	26584	0	0	True	47.97	4.19	checkm2	-11.60205678995412	-0.5794786828520655	11.60205678995412	0.5794786828520655	low	medium
G_r036_substitution_titv_5pct	36	10	substitution_titv	0.05	5.0	titv_2	RS_GCF_024800105.1	Bacillota	Bacteria	highly_fragmented	59.57205678995412	4.769478682852066	59.57205678995412	4.769478682852066	2055927	48	1322815	48	1322815	0.0501256789498153	0.3697505902753909	0	66307	0	0	True	37.59	1.53	checkm2	-21.982056789954115	-3.2394786828520656	21.982056789954115	3.2394786828520656	low	medium
G_r036_indel_0p1pct	36	11	indel	0.001	0.1	ins0.5_geom0.75	RS_GCF_024800105.1	Bacillota	Bacteria	highly_fragmented	59.57205678995412	4.769478682852066	59.5725972016379	4.769478682852066	2055927	48	1322815	48	1322827	0.0010137471982098		0	0	1341	0	True	45.6	2.25	checkm2	-13.972056789954117	-2.519478682852066	13.972056789954117	2.519478682852066	low	medium
G_r036_indel_0p5pct	36	12	indel	0.005	0.5	ins0.5_geom0.75	RS_GCF_024800105.1	Bacillota	Bacteria	highly_fragmented	59.57205678995412	4.769478682852066	59.57160644688431	4.769478682852066	2055927	48	1322815	48	1322805	0.005046057082812		0	0	6675	0	True	24.78	2.43	checkm2	-34.79205678995412	-2.3394786828520657	34.79205678995412	2.3394786828520657	low	medium
G_r036_indel_1pct	36	13	indel	0.01	1.0	ins0.5_geom0.75	RS_GCF_024800105.1	Bacillota	Bacteria	highly_fragmented	59.57205678995412	4.769478682852066	59.57534429436379	4.769478682852066	2055927	48	1322815	48	1322888	0.0099250462082755		0	0	13129	0	True	23.48	3.11	checkm2	-36.092056789954114	-1.659478682852066	36.092056789954114	1.659478682852066	low	medium
G_r036_indel_2pct	36	14	indel	0.02	2.0	ins0.5_geom0.75	RS_GCF_024800105.1	Bacillota	Bacteria	highly_fragmented	59.57205678995412	4.769478682852066	59.58565715066258	4.769478682852066	2055927	48	1322815	48	1323117	0.0199030098691049		0	0	26328	0	True	17.93	5.1	checkm2	-41.64205678995412	0.33052131714793376	41.64205678995412	0.33052131714793376	low	medium
G_r036_indel_5pct	36	15	indel	0.05	5.0	ins0.5_geom0.75	RS_GCF_024800105.1	Bacillota	Bacteria	highly_fragmented	59.57205678995412	4.769478682852066	59.58277495501575	4.769478682852066	2055927	48	1322815	48	1323053	0.0499873376095674		0	0	66124	0	True	7.89	2.69	checkm2	-51.68205678995412	-2.079478682852066	51.68205678995412	2.079478682852066	low	medium
G_r036_chimera_5pct	36	16	chimera	0.05	5.0	rc0.5	RS_GCF_024800105.1	Bacillota	Bacteria	highly_fragmented	59.57205678995412	4.769478682852066	59.57205678995412	4.769478682852066	2055927	48	1322815	47	1322815	0.0416666666666666		0	0	0	1	True	62.23	1.64	checkm2	2.657943210045879	-3.129478682852066	2.657943210045879	3.129478682852066	medium	medium
G_r036_chimera_10pct	36	17	chimera	0.1	10.0	rc0.5	RS_GCF_024800105.1	Bacillota	Bacteria	highly_fragmented	59.57205678995412	4.769478682852066	59.57205678995412	4.769478682852066	2055927	48	1322815	46	1322815	0.0833333333333333		0	0	0	2	True	62.23	1.64	checkm2	2.657943210045879	-3.129478682852066	2.657943210045879	3.129478682852066	medium	medium
G_r036_chimera_20pct	36	18	chimera	0.2	20.0	rc0.5	RS_GCF_024800105.1	Bacillota	Bacteria	highly_fragmented	59.57205678995412	4.769478682852066	59.57205678995412	4.769478682852066	2055927	48	1322815	43	1322815	0.2083333333333333		0	0	0	5	True	62.22	1.64	checkm2	2.647943210045881	-3.129478682852066	2.647943210045881	3.129478682852066	medium	medium
G_r036_chimera_40pct	36	19	chimera	0.4	40.0	rc0.5	RS_GCF_024800105.1	Bacillota	Bacteria	highly_fragmented	59.57205678995412	4.769478682852066	59.57205678995412	4.769478682852066	2055927	48	1322815	38	1322815	0.4166666666666667		0	0	0	10	True	62.22	1.64	checkm2	2.647943210045881	-3.129478682852066	2.647943210045881	3.129478682852066	medium	medium
G_r036_uneven_coverage_5pct	36	20	uneven_coverage	0.05	5.0	lognormal_sigma1.0	RS_GCF_024800105.1	Bacillota	Bacteria	highly_fragmented	59.57205678995412	4.769478682852066	59.57205678995412	7.986567616457199	2055927	48	1322815	51	1388956	0.0500001889909019		66141	0	0	0	True	61.59	6.0	checkm2	2.0179432100458854	1.2305213171479341	2.0179432100458854	1.2305213171479341	medium	medium
G_r036_uneven_coverage_10pct	36	21	uneven_coverage	0.1	10.0	lognormal_sigma1.0	RS_GCF_024800105.1	Bacillota	Bacteria	highly_fragmented	59.57205678995412	4.769478682852066	59.57205678995412	11.203656550062332	2055927	48	1322815	52	1455097	0.1000003779818039		132282	0	0	0	True	62.2	10.18	checkm2	2.627943210045885	5.410521317147934	2.627943210045885	5.410521317147934	low	medium
G_r036_uneven_coverage_20pct	36	22	uneven_coverage	0.2	20.0	lognormal_sigma1.0	RS_GCF_024800105.1	Bacillota	Bacteria	highly_fragmented	59.57205678995412	4.769478682852066	59.57205678995412	17.637785777413303	2055927	48	1322815	63	1587378	0.2		264563	0	0	0	True	62.15	13.01	checkm2	2.5779432100458806	8.240521317147934	2.5779432100458806	8.240521317147934	low	medium
G_r036_uneven_coverage_40pct	36	23	uneven_coverage	0.4	40.0	lognormal_sigma1.0	RS_GCF_024800105.1	Bacillota	Bacteria	highly_fragmented	59.57205678995412	4.769478682852066	59.57205678995412	30.50609287197454	2055927	48	1322815	70	1851941	0.4		529126	0	0	0	True	61.16	18.9	checkm2	1.5879432100458786	14.130521317147933	1.5879432100458786	14.130521317147933	low	medium
G_r037_none_control	37	0	none	0.0	0.0	control	RS_GCF_036346935.1	Actinomycetota	Bacteria	high	62.22015036951875	5.902306500239932	62.22015036951875	5.902306500239932	7775113	16	5296598	16	5296598	0.0		0	0	0	0	True	74.75	4.59	checkm2	12.529849630481252	-1.3123065002399326	12.529849630481252	1.3123065002399326	medium	medium
G_r037_substitution_0p1pct	37	1	substitution	0.001	0.1	uniform	RS_GCF_036346935.1	Actinomycetota	Bacteria	high	62.22015036951875	5.902306500239932	62.22015036951875	5.902306500239932	7775113	16	5296598	16	5296598	0.0009838390604686	0.0089640838741259	0	5211	0	0	True	73.95	5.01	checkm2	11.729849630481255	-0.8923065002399326	11.729849630481255	0.8923065002399326	medium	medium
G_r037_substitution_0p5pct	37	2	substitution	0.005	0.5	uniform	RS_GCF_036346935.1	Actinomycetota	Bacteria	high	62.22015036951875	5.902306500239932	62.22015036951875	5.902306500239932	7775113	16	5296598	16	5296598	0.004997547482365	0.0441104216424403	0	26470	0	0	True	80.52	5.15	checkm2	18.299849630481248	-0.7523065002399321	18.299849630481248	0.7523065002399321	medium	medium
G_r037_substitution_1pct	37	3	substitution	0.01	1.0	uniform	RS_GCF_036346935.1	Actinomycetota	Bacteria	high	62.22015036951875	5.902306500239932	62.22015036951875	5.902306500239932	7775113	16	5296598	16	5296598	0.0099703621079039	0.0864827525163591	0	52809	0	0	True	77.64	4.63	checkm2	15.419849630481252	-1.2723065002399325	15.419849630481252	1.2723065002399325	medium	medium
G_r037_substitution_2pct	37	4	substitution	0.02	2.0	uniform	RS_GCF_036346935.1	Actinomycetota	Bacteria	high	62.22015036951875	5.902306500239932	62.22015036951875	5.902306500239932	7775113	16	5296598	16	5296598	0.0200264396127476	0.1662522378698502	0	106072	0	0	True	63.06	7.35	checkm2	0.8398496304812539	1.4476934997600672	0.8398496304812539	1.4476934997600672	medium	medium
G_r037_substitution_5pct	37	5	substitution	0.05	5.0	uniform	RS_GCF_036346935.1	Actinomycetota	Bacteria	high	62.22015036951875	5.902306500239932	62.22015036951875	5.902306500239932	7775113	16	5296598	16	5296598	0.0499705660123724	0.3697505902753909	0	264674	0	0	True	59.34	2.57	checkm2	-2.880150369518745	-3.3323065002399326	2.880150369518745	3.3323065002399326	medium	medium
G_r037_substitution_titv_0p1pct	37	6	substitution_titv	0.001	0.1	titv_2	RS_GCF_036346935.1	Actinomycetota	Bacteria	high	62.22015036951875	5.902306500239932	62.22015036951875	5.902306500239932	7775113	16	5296598	16	5296598	0.0009653366179574	0.0089640838741259	0	5113	0	0	True	74.52	4.24	checkm2	12.299849630481248	-1.6623065002399322	12.299849630481248	1.6623065002399322	medium	medium
G_r037_substitution_titv_0p5pct	37	7	substitution_titv	0.005	0.5	titv_2	RS_GCF_036346935.1	Actinomycetota	Bacteria	high	62.22015036951875	5.902306500239932	62.22015036951875	5.902306500239932	7775113	16	5296598	16	5296598	0.0050209587361547	0.0441104216424403	0	26594	0	0	True	78.54	4.17	checkm2	16.319849630481258	-1.7323065002399325	16.319849630481258	1.7323065002399325	medium	medium
G_r037_substitution_titv_1pct	37	8	substitution_titv	0.01	1.0	titv_2	RS_GCF_036346935.1	Actinomycetota	Bacteria	high	62.22015036951875	5.902306500239932	62.22015036951875	5.902306500239932	7775113	16	5296598	16	5296598	0.0099677189018309	0.0864827525163591	0	52795	0	0	True	76.57	5.86	checkm2	14.349849630481245	-0.0423065002399321	14.349849630481245	0.0423065002399321	medium	medium
G_r037_substitution_titv_2pct	37	9	substitution_titv	0.02	2.0	titv_2	RS_GCF_036346935.1	Actinomycetota	Bacteria	high	62.22015036951875	5.902306500239932	62.22015036951875	5.902306500239932	7775113	16	5296598	16	5296598	0.0199941547385699	0.1662522378698502	0	105901	0	0	True	74.82	3.8	checkm2	12.599849630481245	-2.1023065002399326	12.599849630481245	2.1023065002399326	medium	medium
G_r037_substitution_titv_5pct	37	10	substitution_titv	0.05	5.0	titv_2	RS_GCF_036346935.1	Actinomycetota	Bacteria	high	62.22015036951875	5.902306500239932	62.22015036951875	5.902306500239932	7775113	16	5296598	16	5296598	0.0500966847021427	0.3697505902753909	0	265342	0	0	True	62.46	4.07	checkm2	0.23984963048125252	-1.8323065002399321	0.23984963048125252	1.8323065002399321	medium	medium
G_r037_indel_0p1pct	37	11	indel	0.001	0.1	ins0.5_geom0.75	RS_GCF_036346935.1	Actinomycetota	Bacteria	high	62.22015036951875	5.902306500239932	62.21925758297385	5.902306500239932	7775113	16	5296598	16	5296522	0.0010097047198975		0	0	5348	0	True	57.75	3.76	checkm2	-4.470150369518748	-2.1423065002399326	4.470150369518748	2.1423065002399326	medium	medium
G_r037_indel_0p5pct	37	12	indel	0.005	0.5	ins0.5_geom0.75	RS_GCF_036346935.1	Actinomycetota	Bacteria	high	62.22015036951875	5.902306500239932	62.218564498682426	5.902306500239932	7775113	16	5296598	16	5296463	0.0050324755626158		0	0	26655	0	True	41.07	18.96	checkm2	-21.150150369518748	13.057693499760068	21.150150369518748	13.057693499760068	low	medium
G_r037_indel_1pct	37	13	indel	0.01	1.0	ins0.5_geom0.75	RS_GCF_036346935.1	Actinomycetota	Bacteria	high	62.22015036951875	5.902306500239932	62.22311066174653	5.902306500239932	7775113	16	5296598	16	5296850	0.0100275686393417		0	0	53112	0	True	31.32	3.79	checkm2	-30.900150369518748	-2.1123065002399324	30.900150369518748	2.1123065002399324	low	medium
G_r037_indel_2pct	37	14	indel	0.02	2.0	ins0.5_geom0.75	RS_GCF_036346935.1	Actinomycetota	Bacteria	high	62.22015036951875	5.902306500239932	62.221548285292975	5.902306500239932	7775113	16	5296598	16	5296717	0.0200647661008065		0	0	106275	0	True	55.46	26.39	checkm2	-6.7601503695187475	20.48769349976007	6.7601503695187475	20.48769349976007	low	medium
G_r037_indel_5pct	37	15	indel	0.05	5.0	ins0.5_geom0.75	RS_GCF_036346935.1	Actinomycetota	Bacteria	high	62.22015036951875	5.902306500239932	62.20601849828847	5.902306500239932	7775113	16	5296598	16	5295395	0.0499061850644508		0	0	264333	0	True	58.46	22.19	checkm2	-3.7601503695187475	16.287693499760067	3.7601503695187475	16.287693499760067	low	medium
G_r037_chimera_5pct	37	16	chimera	0.05	5.0	rc0.5	RS_GCF_036346935.1	Actinomycetota	Bacteria	high	62.22015036951875	5.902306500239932	62.22015036951875	5.902306500239932	7775113	16	5296598	15	5296598	0.125		0	0	0	1	True	74.73	4.59	checkm2	12.509849630481256	-1.3123065002399326	12.509849630481256	1.3123065002399326	medium	medium
G_r037_chimera_10pct	37	17	chimera	0.1	10.0	rc0.5	RS_GCF_036346935.1	Actinomycetota	Bacteria	high	62.22015036951875	5.902306500239932	62.22015036951875	5.902306500239932	7775113	16	5296598	15	5296598	0.125		0	0	0	1	True	74.72	4.59	checkm2	12.49984963048125	-1.3123065002399326	12.49984963048125	1.3123065002399326	medium	medium
G_r037_chimera_20pct	37	18	chimera	0.2	20.0	rc0.5	RS_GCF_036346935.1	Actinomycetota	Bacteria	high	62.22015036951875	5.902306500239932	62.22015036951875	5.902306500239932	7775113	16	5296598	14	5296598	0.25		0	0	0	2	True	74.73	4.59	checkm2	12.509849630481256	-1.3123065002399326	12.509849630481256	1.3123065002399326	medium	medium
G_r037_chimera_40pct	37	19	chimera	0.4	40.0	rc0.5	RS_GCF_036346935.1	Actinomycetota	Bacteria	high	62.22015036951875	5.902306500239932	62.22015036951875	5.902306500239932	7775113	16	5296598	13	5296598	0.375		0	0	0	3	True	74.76	4.59	checkm2	12.539849630481257	-1.3123065002399326	12.539849630481257	1.3123065002399326	medium	medium
G_r037_uneven_coverage_5pct	37	20	uneven_coverage	0.05	5.0	lognormal_sigma1.0	RS_GCF_036346935.1	Actinomycetota	Bacteria	high	62.22015036951875	5.902306500239932	62.22015036951875	9.308430629882809	7775113	16	5296598	18	5561428	0.0500000188800433		264830	0	0	0	True	75.28	8.17	checkm2	13.059849630481253	2.2676934997600675	13.059849630481253	2.2676934997600675	medium	medium
G_r037_uneven_coverage_10pct	37	21	uneven_coverage	0.1	10.0	lognormal_sigma1.0	RS_GCF_036346935.1	Actinomycetota	Bacteria	high	62.22015036951875	5.902306500239932	62.22015036951875	12.71455475952568	7775113	16	5296598	20	5826258	0.1000000377600867		529660	0	0	0	True	83.06	11.35	checkm2	20.839849630481254	5.447693499760067	20.839849630481254	5.447693499760067	low	medium
G_r037_uneven_coverage_20pct	37	22	uneven_coverage	0.2	20.0	lognormal_sigma1.0	RS_GCF_036346935.1	Actinomycetota	Bacteria	high	62.22015036951875	5.902306500239932	62.22015036951875	19.52680301881143	7775113	16	5296598	20	6355918	0.2000000755201735		1059320	0	0	0	True	82.7	17.51	checkm2	20.479849630481255	11.60769349976007	20.479849630481255	11.60769349976007	low	medium
G_r037_uneven_coverage_40pct	37	23	uneven_coverage	0.4	40.0	lognormal_sigma1.0	RS_GCF_036346935.1	Actinomycetota	Bacteria	high	62.22015036951875	5.902306500239932	62.22015036951875	33.151286675833525	7775113	16	5296598	25	7415237	0.3999999622399132		2118639	0	0	0	True	82.8	25.06	checkm2	20.57984963048125	19.157693499760065	20.57984963048125	19.157693499760065	low	medium
G_r038_none_control	38	0	none	0.0	0.0	control	RS_GCF_012113595.1	Bacteroidota	Bacteria	low	59.68857810067615	19.99999410219307	59.68857810067615	19.99999410219307	6782182	78	5404624	78	5404624	0.0		0	0	0	0	True	77.82	22.05	checkm2	18.13142189932384	2.0500058978069298	18.13142189932384	2.0500058978069298	low	low
G_r038_substitution_0p1pct	38	1	substitution	0.001	0.1	uniform	RS_GCF_012113595.1	Bacteroidota	Bacteria	low	59.68857810067615	19.99999410219307	59.68857810067615	19.99999410219307	6782182	78	5404624	78	5404624	0.0009830471092901	0.0089640838741259	0	5313	0	0	True	79.38	21.71	checkm2	19.691421899323842	1.71000589780693	19.691421899323842	1.71000589780693	low	low
G_r038_substitution_0p5pct	38	2	substitution	0.005	0.5	uniform	RS_GCF_012113595.1	Bacteroidota	Bacteria	low	59.68857810067615	19.99999410219307	59.68857810067615	19.99999410219307	6782182	78	5404624	78	5404624	0.0049664879554988	0.0441104216424403	0	26842	0	0	True	78.9	22.9	checkm2	19.211421899323852	2.9000058978069276	19.211421899323852	2.9000058978069276	low	low
G_r038_substitution_1pct	38	3	substitution	0.01	1.0	uniform	RS_GCF_012113595.1	Bacteroidota	Bacteria	low	59.68857810067615	19.99999410219307	59.68857810067615	19.99999410219307	6782182	78	5404624	78	5404624	0.0100419566652555	0.0864827525163591	0	54273	0	0	True	71.63	23.05	checkm2	11.941421899323842	3.0500058978069298	11.941421899323842	3.0500058978069298	low	low
G_r038_substitution_2pct	38	4	substitution	0.02	2.0	uniform	RS_GCF_012113595.1	Bacteroidota	Bacteria	low	59.68857810067615	19.99999410219307	59.68857810067615	19.99999410219307	6782182	78	5404624	78	5404624	0.0200626352545524	0.1662522378698502	0	108431	0	0	True	64.89	16.71	checkm2	5.201421899323847	-3.28999410219307	5.201421899323847	3.28999410219307	low	low
G_r038_substitution_5pct	38	5	substitution	0.05	5.0	uniform	RS_GCF_012113595.1	Bacteroidota	Bacteria	low	59.68857810067615	19.99999410219307	59.68857810067615	19.99999410219307	6782182	78	5404624	78	5404624	0.0501056132674539	0.3697505902753909	0	270802	0	0	True	45.06	10.42	checkm2	-14.628578100676151	-9.579994102193071	14.628578100676151	9.579994102193071	low	low
G_r038_substitution_titv_0p1pct	38	6	substitution_titv	0.001	0.1	titv_2	RS_GCF_012113595.1	Bacteroidota	Bacteria	low	59.68857810067615	19.99999410219307	59.68857810067615	19.99999410219307	6782182	78	5404624	78	5404624	0.0009932235804007	0.0089640838741259	0	5368	0	0	True	78.84	22.03	checkm2	19.15142189932385	2.03000589780693	19.15142189932385	2.03000589780693	low	low
G_r038_substitution_titv_0p5pct	38	7	substitution_titv	0.005	0.5	titv_2	RS_GCF_012113595.1	Bacteroidota	Bacteria	low	59.68857810067615	19.99999410219307	59.68857810067615	19.99999410219307	6782182	78	5404624	78	5404624	0.005017740364547	0.0441104216424403	0	27119	0	0	True	79.09	16.14	checkm2	19.40142189932385	-3.8599941021930704	19.40142189932385	3.8599941021930704	low	low
G_r038_substitution_titv_1pct	38	8	substitution_titv	0.01	1.0	titv_2	RS_GCF_012113595.1	Bacteroidota	Bacteria	low	59.68857810067615	19.99999410219307	59.68857810067615	19.99999410219307	6782182	78	5404624	78	5404624	0.0100599042597597	0.0864827525163591	0	54370	0	0	True	74.31	20.62	checkm2	14.621421899323849	0.62000589780693	14.621421899323849	0.62000589780693	low	low
G_r038_substitution_titv_2pct	38	9	substitution_titv	0.02	2.0	titv_2	RS_GCF_012113595.1	Bacteroidota	Bacteria	low	59.68857810067615	19.99999410219307	59.68857810067615	19.99999410219307	6782182	78	5404624	78	5404624	0.0199708619878089	0.1662522378698502	0	107935	0	0	True	76.34	14.67	checkm2	16.65142189932385	-5.329994102193071	16.65142189932385	5.329994102193071	low	low
G_r038_substitution_titv_5pct	38	10	substitution_titv	0.05	5.0	titv_2	RS_GCF_012113595.1	Bacteroidota	Bacteria	low	59.68857810067615	19.99999410219307	59.68857810067615	19.99999410219307	6782182	78	5404624	78	5404624	0.0500321576487097	0.3697505902753909	0	270405	0	0	True	53.61	10.38	checkm2	-6.078578100676154	-9.61999410219307	6.078578100676154	9.61999410219307	low	low
G_r038_indel_0p1pct	38	11	indel	0.001	0.1	ins0.5_geom0.75	RS_GCF_012113595.1	Bacteroidota	Bacteria	low	59.68857810067615	19.99999410219307	59.68651287576785	19.99999410219307	6782182	78	5404624	78	5404437	0.0009928535269058		0	0	5366	0	True	66.89	17.09	checkm2	7.201421899323847	-2.909994102193071	7.201421899323847	2.909994102193071	low	low
G_r038_indel_0p5pct	38	12	indel	0.005	0.5	ins0.5_geom0.75	RS_GCF_012113595.1	Bacteroidota	Bacteria	low	59.68857810067615	19.99999410219307	59.68958310317164	19.99999410219307	6782182	78	5404624	78	5404715	0.0049855457104879		0	0	26945	0	True	33.77	7.65	checkm2	-25.91857810067615	-12.34999410219307	25.91857810067615	12.34999410219307	low	low
G_r038_indel_1pct	38	13	indel	0.01	1.0	ins0.5_geom0.75	RS_GCF_012113595.1	Bacteroidota	Bacteria	low	59.68857810067615	19.99999410219307	59.68978189487404	19.99999410219307	6782182	78	5404624	78	5404733	0.010050097842144		0	0	54317	0	True	22.31	7.96	checkm2	-37.37857810067615	-12.03999410219307	37.37857810067615	12.03999410219307	low	low
G_r038_indel_2pct	38	14	indel	0.02	2.0	ins0.5_geom0.75	RS_GCF_012113595.1	Bacteroidota	Bacteria	low	59.68857810067615	19.99999410219307	59.69048870981593	19.99999410219307	6782182	78	5404624	78	5404797	0.0199353368522953		0	0	107743	0	True	30.31	9.22	checkm2	-29.378578100676155	-10.77999410219307	29.378578100676155	10.77999410219307	low	low
G_r038_indel_5pct	38	15	indel	0.05	5.0	ins0.5_geom0.75	RS_GCF_012113595.1	Bacteroidota	Bacteria	low	59.68857810067615	19.99999410219307	59.67483938524336	19.99999410219307	6782182	78	5404624	78	5403380	0.0499779448117019		0	0	270112	0	True	29.32	7.68	checkm2	-30.368578100676153	-12.319994102193071	30.368578100676153	12.319994102193071	low	low
G_r038_chimera_5pct	38	16	chimera	0.05	5.0	rc0.5	RS_GCF_012113595.1	Bacteroidota	Bacteria	low	59.68857810067615	19.99999410219307	59.68857810067615	19.99999410219307	6782182	78	5404624	76	5404624	0.0512820512820512		0	0	0	2	True	77.82	22.05	checkm2	18.13142189932384	2.0500058978069298	18.13142189932384	2.0500058978069298	low	low
G_r038_chimera_10pct	38	17	chimera	0.1	10.0	rc0.5	RS_GCF_012113595.1	Bacteroidota	Bacteria	low	59.68857810067615	19.99999410219307	59.68857810067615	19.99999410219307	6782182	78	5404624	74	5404624	0.1025641025641025		0	0	0	4	True	77.82	22.05	checkm2	18.13142189932384	2.0500058978069298	18.13142189932384	2.0500058978069298	low	low
G_r038_chimera_20pct	38	18	chimera	0.2	20.0	rc0.5	RS_GCF_012113595.1	Bacteroidota	Bacteria	low	59.68857810067615	19.99999410219307	59.68857810067615	19.99999410219307	6782182	78	5404624	70	5404624	0.2051282051282051		0	0	0	8	True	77.82	22.05	checkm2	18.13142189932384	2.0500058978069298	18.13142189932384	2.0500058978069298	low	low
G_r038_chimera_40pct	38	19	chimera	0.4	40.0	rc0.5	RS_GCF_012113595.1	Bacteroidota	Bacteria	low	59.68857810067615	19.99999410219307	59.68857810067615	19.99999410219307	6782182	78	5404624	63	5404624	0.3846153846153846		0	0	0	15	True	77.82	22.05	checkm2	18.13142189932384	2.0500058978069298	18.13142189932384	2.0500058978069298	low	low
G_r038_uneven_coverage_5pct	38	20	uneven_coverage	0.05	5.0	lognormal_sigma1.0	RS_GCF_012113595.1	Bacteroidota	Bacteria	low	59.68857810067615	19.99999410219307	59.68857810067615	23.984419763433067	6782182	78	5404624	81	5674855	0.0499999629946505		270231	0	0	0	True	79.88	23.37	checkm2	20.191421899323842	3.37000589780693	20.191421899323842	3.37000589780693	low	low
G_r038_uneven_coverage_10pct	38	21	uneven_coverage	0.1	10.0	lognormal_sigma1.0	RS_GCF_012113595.1	Bacteroidota	Bacteria	low	59.68857810067615	19.99999410219307	59.68857810067615	27.968845424673063	6782182	78	5404624	85	5945086	0.099999925989301		540462	0	0	0	True	73.2	25.58	checkm2	13.51142189932385	5.580005897806927	13.51142189932385	5.580005897806927	low	low
G_r038_uneven_coverage_20pct	38	22	uneven_coverage	0.2	20.0	lognormal_sigma1.0	RS_GCF_012113595.1	Bacteroidota	Bacteria	low	59.68857810067615	19.99999410219307	59.68857810067615	35.93771149167038	6782182	78	5404624	97	6485549	0.2000000370053495		1080925	0	0	0	True	72.41	27.14	checkm2	12.721421899323843	7.14000589780693	12.721421899323843	7.14000589780693	low	low
G_r038_uneven_coverage_40pct	38	23	uneven_coverage	0.4	40.0	lognormal_sigma1.0	RS_GCF_012113595.1	Bacteroidota	Bacteria	low	59.68857810067615	19.99999410219307	59.68857810067615	51.87542888114769	6782182	78	5404624	105	7566474	0.400000074010699		2161850	0	0	0	True	67.53	38.45	checkm2	7.841421899323848	18.450005897806932	7.841421899323848	18.450005897806932	low	low
G_r039_none_control	39	0	none	0.0	0.0	control	GB_GCA_002234455.1	Campylobacterota	Bacteria	medium	65.46776304174284	19.999988269044767	65.46776304174284	19.999988269044767	1704891	2	1457132	2	1457132	0.0		0	0	0	0	True	69.94	5.62	checkm2	4.472236958257156	-14.379988269044766	4.472236958257156	14.379988269044766	medium	low
G_r039_substitution_0p1pct	39	1	substitution	0.001	0.1	uniform	GB_GCA_002234455.1	Campylobacterota	Bacteria	medium	65.46776304174284	19.999988269044767	65.46776304174284	19.999988269044767	1704891	2	1457132	2	1457132	0.001006085927699	0.0089640838741259	0	1466	0	0	True	69.59	5.75	checkm2	4.122236958257162	-14.249988269044767	4.122236958257162	14.249988269044767	medium	low
G_r039_substitution_0p5pct	39	2	substitution	0.005	0.5	uniform	GB_GCA_002234455.1	Campylobacterota	Bacteria	medium	65.46776304174284	19.999988269044767	65.46776304174284	19.999988269044767	1704891	2	1457132	2	1457132	0.0050180766052766	0.0441104216424403	0	7312	0	0	True	64.53	6.53	checkm2	-0.9377630417428406	-13.469988269044766	0.9377630417428406	13.469988269044766	medium	low
G_r039_substitution_1pct	39	3	substitution	0.01	1.0	uniform	GB_GCA_002234455.1	Campylobacterota	Bacteria	medium	65.46776304174284	19.999988269044767	65.46776304174284	19.999988269044767	1704891	2	1457132	2	1457132	0.0100361532105533	0.0864827525163591	0	14624	0	0	True	62.06	8.83	checkm2	-3.4077630417428395	-11.169988269044767	3.4077630417428395	11.169988269044767	medium	low
G_r039_substitution_2pct	39	4	substitution	0.02	2.0	uniform	GB_GCA_002234455.1	Campylobacterota	Bacteria	medium	65.46776304174284	19.999988269044767	65.46776304174284	19.999988269044767	1704891	2	1457132	2	1457132	0.0199398544538174	0.1662522378698502	0	29055	0	0	True	49.73	5.54	checkm2	-15.737763041742845	-14.459988269044768	15.737763041742845	14.459988269044768	low	low
G_r039_substitution_5pct	39	5	substitution	0.05	5.0	uniform	GB_GCA_002234455.1	Campylobacterota	Bacteria	medium	65.46776304174284	19.999988269044767	65.46776304174284	19.999988269044767	1704891	2	1457132	2	1457132	0.0497957631841178	0.3697505902753909	0	72559	0	0	True	36.33	5.24	checkm2	-29.137763041742843	-14.759988269044767	29.137763041742843	14.759988269044767	low	low
G_r039_substitution_titv_0p1pct	39	6	substitution_titv	0.001	0.1	titv_2	GB_GCA_002234455.1	Campylobacterota	Bacteria	medium	65.46776304174284	19.999988269044767	65.46776304174284	19.999988269044767	1704891	2	1457132	2	1457132	0.000987556377871	0.0089640838741259	0	1439	0	0	True	69.02	5.68	checkm2	3.5522369582571542	-14.319988269044767	3.5522369582571542	14.319988269044767	medium	low
G_r039_substitution_titv_0p5pct	39	7	substitution_titv	0.005	0.5	titv_2	GB_GCA_002234455.1	Campylobacterota	Bacteria	medium	65.46776304174284	19.999988269044767	65.46776304174284	19.999988269044767	1704891	2	1457132	2	1457132	0.0049439584059645	0.0441104216424403	0	7204	0	0	True	67.17	5.56	checkm2	1.70223695825716	-14.439988269044768	1.70223695825716	14.439988269044768	medium	low
G_r039_substitution_titv_1pct	39	8	substitution_titv	0.01	1.0	titv_2	GB_GCA_002234455.1	Campylobacterota	Bacteria	medium	65.46776304174284	19.999988269044767	65.46776304174284	19.999988269044767	1704891	2	1457132	2	1457132	0.010082820224935	0.0864827525163591	0	14692	0	0	True	61.94	5.39	checkm2	-3.527763041742844	-14.609988269044766	3.527763041742844	14.609988269044766	medium	low
G_r039_substitution_titv_2pct	39	9	substitution_titv	0.02	2.0	titv_2	GB_GCA_002234455.1	Campylobacterota	Bacteria	medium	65.46776304174284	19.999988269044767	65.46776304174284	19.999988269044767	1704891	2	1457132	2	1457132	0.0199124032688871	0.1662522378698502	0	29015	0	0	True	58.35	6.36	checkm2	-7.11776304174284	-13.639988269044768	7.11776304174284	13.639988269044768	medium	low
G_r039_substitution_titv_5pct	39	10	substitution_titv	0.05	5.0	titv_2	GB_GCA_002234455.1	Campylobacterota	Bacteria	medium	65.46776304174284	19.999988269044767	65.46776304174284	19.999988269044767	1704891	2	1457132	2	1457132	0.0499103718812022	0.3697505902753909	0	72726	0	0	True	43.41	5.25	checkm2	-22.057763041742845	-14.749988269044767	22.057763041742845	14.749988269044767	low	low
G_r039_indel_0p1pct	39	11	indel	0.001	0.1	ins0.5_geom0.75	GB_GCA_002234455.1	Campylobacterota	Bacteria	medium	65.46776304174284	19.999988269044767	65.46601080326437	19.999988269044767	1704891	2	1457132	2	1457093	0.0009992231314664		0	0	1456	0	True	51.82	6.49	checkm2	-13.647763041742841	-13.509988269044767	13.647763041742841	13.509988269044767	medium	low
G_r039_indel_0p5pct	39	12	indel	0.005	0.5	ins0.5_geom0.75	GB_GCA_002234455.1	Campylobacterota	Bacteria	medium	65.46776304174284	19.999988269044767	65.46416870640238	19.999988269044767	1704891	2	1457132	2	1457052	0.0050132726479138		0	0	7305	0	True	31.92	1.17	checkm2	-33.54776304174284	-18.82998826904477	33.54776304174284	18.82998826904477	low	low
G_r039_indel_1pct	39	13	indel	0.01	1.0	ins0.5_geom0.75	GB_GCA_002234455.1	Campylobacterota	Bacteria	medium	65.46776304174284	19.999988269044767	65.46956020941307	19.999988269044767	1704891	2	1457132	2	1457172	0.0099400740632969		0	0	14484	0	True	19.65	5.34	checkm2	-45.81776304174284	-14.659988269044767	45.81776304174284	14.659988269044767	low	low
G_r039_indel_2pct	39	14	indel	0.02	2.0	ins0.5_geom0.75	GB_GCA_002234455.1	Campylobacterota	Bacteria	medium	65.46776304174284	19.999988269044767	65.46493250266222	19.999988269044767	1704891	2	1457132	2	1457069	0.0198629911360123		0	0	28943	0	True	15.14	5.56	checkm2	-50.32776304174284	-14.439988269044768	50.32776304174284	14.439988269044768	low	low
G_r039_indel_5pct	39	15	indel	0.05	5.0	ins0.5_geom0.75	GB_GCA_002234455.1	Campylobacterota	Bacteria	medium	65.46776304174284	19.999988269044767	65.47248060687723	19.999988269044767	1704891	2	1457132	2	1457237	0.0497971357433643		0	0	72561	0	True	5.74	0.02	checkm2	-59.72776304174284	-19.979988269044767	59.72776304174284	19.979988269044767	low	low
G_r039_chimera_5pct	39	16	chimera	0.05	5.0	rc0.5	GB_GCA_002234455.1	Campylobacterota	Bacteria	medium	65.46776304174284	19.999988269044767	65.46776304174284	19.999988269044767	1704891	2	1457132	2	1457132	0.0		0	0	0	0	True	69.94	5.62	checkm2	4.472236958257156	-14.379988269044766	4.472236958257156	14.379988269044766	medium	low
G_r039_chimera_10pct	39	17	chimera	0.1	10.0	rc0.5	GB_GCA_002234455.1	Campylobacterota	Bacteria	medium	65.46776304174284	19.999988269044767	65.46776304174284	19.999988269044767	1704891	2	1457132	2	1457132	0.0		0	0	0	0	True	69.94	5.62	checkm2	4.472236958257156	-14.379988269044766	4.472236958257156	14.379988269044766	medium	low
G_r039_chimera_20pct	39	18	chimera	0.2	20.0	rc0.5	GB_GCA_002234455.1	Campylobacterota	Bacteria	medium	65.46776304174284	19.999988269044767	65.46776304174284	19.999988269044767	1704891	2	1457132	2	1457132	0.0		0	0	0	0	True	69.94	5.62	checkm2	4.472236958257156	-14.379988269044766	4.472236958257156	14.379988269044766	medium	low
G_r039_chimera_40pct	39	19	chimera	0.4	40.0	rc0.5	GB_GCA_002234455.1	Campylobacterota	Bacteria	medium	65.46776304174284	19.999988269044767	65.46776304174284	19.999988269044767	1704891	2	1457132	2	1457132	0.0		0	0	0	0	True	69.94	5.62	checkm2	4.472236958257156	-14.379988269044766	4.472236958257156	14.379988269044766	medium	low
G_r039_uneven_coverage_5pct	39	20	uneven_coverage	0.05	5.0	lognormal_sigma1.0	GB_GCA_002234455.1	Campylobacterota	Bacteria	medium	65.46776304174284	19.999988269044767	65.46776304174284	24.273399296494613	1704891	2	1457132	3	1529989	0.0500002745118493		72857	0	0	0	True	70.29	9.83	checkm2	4.8222369582571645	-10.169988269044767	4.8222369582571645	10.169988269044767	medium	low
G_r039_uneven_coverage_10pct	39	21	uneven_coverage	0.1	10.0	lognormal_sigma1.0	GB_GCA_002234455.1	Campylobacterota	Bacteria	medium	65.46776304174284	19.999988269044767	65.46776304174284	28.54675166916829	1704891	2	1457132	3	1602845	0.0999998627440753		145713	0	0	0	True	67.76	11.72	checkm2	2.2922369582571633	-8.279988269044766	2.2922369582571633	8.279988269044766	low	low
G_r039_uneven_coverage_20pct	39	22	uneven_coverage	0.2	20.0	lognormal_sigma1.0	GB_GCA_002234455.1	Campylobacterota	Bacteria	medium	65.46776304174284	19.999988269044767	65.46776304174284	37.09351506929182	1704891	2	1457132	3	1748558	0.1999997254881507		291426	0	0	0	True	67.11	16.39	checkm2	1.6422369582571577	-3.6099882690447664	1.6422369582571577	3.6099882690447664	low	low
G_r039_uneven_coverage_40pct	39	23	uneven_coverage	0.4	40.0	lognormal_sigma1.0	GB_GCA_002234455.1	Campylobacterota	Bacteria	medium	65.46776304174284	19.999988269044767	65.46776304174284	54.18710052431504	1704891	2	1457132	4	2039985	0.4000001372559246		582853	0	0	0	True	68.23	26.89	checkm2	2.762236958257162	6.890011730955234	2.762236958257162	6.890011730955234	low	low
G_r040_none_control	40	0	none	0.0	0.0	control	RS_GCF_028623165.1	Cyanobacteriota	Bacteria	high	75.07237953953009	9.999989175092754	75.07237953953009	9.999989175092754	8314159	6	7073052	6	7073052	0.0		0	0	0	0	True	79.91	8.5	checkm2	4.837620460469907	-1.4999891750927539	4.837620460469907	1.4999891750927539	medium	medium
G_r040_substitution_0p1pct	40	1	substitution	0.001	0.1	uniform	RS_GCF_028623165.1	Cyanobacteriota	Bacteria	high	75.07237953953009	9.999989175092754	75.07237953953009	9.999989175092754	8314159	6	7073052	6	7073052	0.0009975891595311	0.0089640838741259	0	7056	0	0	True	79.14	8.05	checkm2	4.067620460469911	-1.9499891750927532	4.067620460469911	1.9499891750927532	medium	medium
G_r040_substitution_0p5pct	40	2	substitution	0.005	0.5	uniform	RS_GCF_028623165.1	Cyanobacteriota	Bacteria	high	75.07237953953009	9.999989175092754	75.07237953953009	9.999989175092754	8314159	6	7073052	6	7073052	0.004963345384708	0.0441104216424403	0	35106	0	0	True	77.64	7.52	checkm2	2.567620460469911	-2.4799891750927543	2.567620460469911	2.4799891750927543	medium	medium
G_r040_substitution_1pct	40	3	substitution	0.01	1.0	uniform	RS_GCF_028623165.1	Cyanobacteriota	Bacteria	high	75.07237953953009	9.999989175092754	75.07237953953009	9.999989175092754	8314159	6	7073052	6	7073052	0.0099852227864293	0.0864827525163591	0	70626	0	0	True	76.02	5.65	checkm2	0.9476204604699063	-4.3499891750927535	0.9476204604699063	4.3499891750927535	medium	medium
G_r040_substitution_2pct	40	4	substitution	0.02	2.0	uniform	RS_GCF_028623165.1	Cyanobacteriota	Bacteria	high	75.07237953953009	9.999989175092754	75.07237953953009	9.999989175092754	8314159	6	7073052	6	7073052	0.0200630505756213	0.1662522378698502	0	141907	0	0	True	64.32	9.75	checkm2	-10.752379539530097	-0.24998917509275387	10.752379539530097	0.24998917509275387	medium	medium
G_r040_substitution_5pct	40	5	substitution	0.05	5.0	uniform	RS_GCF_028623165.1	Cyanobacteriota	Bacteria	high	75.07237953953009	9.999989175092754	75.07237953953009	9.999989175092754	8314159	6	7073052	6	7073052	0.0499408176272421	0.3697505902753909	0	353234	0	0	True	51.4	4.39	checkm2	-23.67237953953009	-5.609989175092754	23.67237953953009	5.609989175092754	medium	medium
G_r040_substitution_titv_0p1pct	40	6	substitution_titv	0.001	0.1	titv_2	RS_GCF_028623165.1	Cyanobacteriota	Bacteria	high	75.07237953953009	9.999989175092754	75.07237953953009	9.999989175092754	8314159	6	7073052	6	7073052	0.0009946201441753	0.0089640838741259	0	7035	0	0	True	79.79	8.75	checkm2	4.717620460469917	-1.2499891750927539	4.717620460469917	1.2499891750927539	medium	medium
G_r040_substitution_titv_0p5pct	40	7	substitution_titv	0.005	0.5	titv_2	RS_GCF_028623165.1	Cyanobacteriota	Bacteria	high	75.07237953953009	9.999989175092754	75.07237953953009	9.999989175092754	8314159	6	7073052	6	7073052	0.0049622143312391	0.0441104216424403	0	35098	0	0	True	77.33	9.72	checkm2	2.2576204604699086	-0.27998917509275323	2.2576204604699086	0.27998917509275323	medium	medium
G_r040_substitution_titv_1pct	40	8	substitution_titv	0.01	1.0	titv_2	RS_GCF_028623165.1	Cyanobacteriota	Bacteria	high	75.07237953953009	9.999989175092754	75.07237953953009	9.999989175092754	8314159	6	7073052	6	7073052	0.0099706604730178	0.0864827525163591	0	70523	0	0	True	76.52	10.94	checkm2	1.4476204604699063	0.9400108249072456	1.4476204604699063	0.9400108249072456	low	medium
G_r040_substitution_titv_2pct	40	9	substitution_titv	0.02	2.0	titv_2	RS_GCF_028623165.1	Cyanobacteriota	Bacteria	high	75.07237953953009	9.999989175092754	75.07237953953009	9.999989175092754	8314159	6	7073052	6	7073052	0.01996422477878	0.1662522378698502	0	141208	0	0	True	69.05	9.4	checkm2	-6.0223795395300925	-0.5999891750927535	6.0223795395300925	0.5999891750927535	medium	medium
G_r040_substitution_titv_5pct	40	10	substitution_titv	0.05	5.0	titv_2	RS_GCF_028623165.1	Cyanobacteriota	Bacteria	high	75.07237953953009	9.999989175092754	75.07237953953009	9.999989175092754	8314159	6	7073052	6	7073052	0.0500474194166817	0.3697505902753909	0	353988	0	0	True	56.33	8.94	checkm2	-18.74237953953009	-1.0599891750927544	18.74237953953009	1.0599891750927544	medium	medium
G_r040_indel_0p1pct	40	11	indel	0.001	0.1	ins0.5_geom0.75	RS_GCF_028623165.1	Cyanobacteriota	Bacteria	high	75.07237953953009	9.999989175092754	75.06998080730305	9.999989175092754	8314159	6	7073052	6	7072826	0.0009999926481524		0	0	7073	0	True	59.56	7.45	checkm2	-15.512379539530087	-2.5499891750927537	15.512379539530087	2.5499891750927537	medium	medium
G_r040_indel_0p5pct	40	12	indel	0.005	0.5	ins0.5_geom0.75	RS_GCF_028623165.1	Cyanobacteriota	Bacteria	high	75.07237953953009	9.999989175092754	75.07539387560303	9.999989175092754	8314159	6	7073052	6	7073336	0.0050206049665688		0	0	35511	0	True	30.84	2.35	checkm2	-44.232379539530086	-7.649989175092754	44.232379539530086	7.649989175092754	low	medium
G_r040_indel_1pct	40	13	indel	0.01	1.0	ins0.5_geom0.75	RS_GCF_028623165.1	Cyanobacteriota	Bacteria	high	75.07237953953009	9.999989175092754	75.07634912295006	9.999989175092754	8314159	6	7073052	6	7073426	0.0100359788108443		0	0	70985	0	True	27.91	2.1	checkm2	-47.16237953953009	-7.899989175092754	47.16237953953009	7.899989175092754	low	medium
G_r040_indel_2pct	40	14	indel	0.02	2.0	ins0.5_geom0.75	RS_GCF_028623165.1	Cyanobacteriota	Bacteria	high	75.07237953953009	9.999989175092754	75.0743749450995	9.999989175092754	8314159	6	7073052	6	7073240	0.0200472158270574		0	0	141795	0	True	26.47	5.05	checkm2	-48.60237953953009	-4.949989175092754	48.60237953953009	4.949989175092754	low	medium
G_r040_indel_5pct	40	15	indel	0.05	5.0	ins0.5_geom0.75	RS_GCF_028623165.1	Cyanobacteriota	Bacteria	high	75.07237953953009	9.999989175092754	75.07046904483599	9.999989175092754	8314159	6	7073052	6	7072872	0.0500076911635882		0	0	353707	0	True	42.34	10.21	checkm2	-32.732379539530086	0.21001082490724698	32.732379539530086	0.21001082490724698	low	medium
G_r040_chimera_5pct	40	16	chimera	0.05	5.0	rc0.5	RS_GCF_028623165.1	Cyanobacteriota	Bacteria	high	75.07237953953009	9.999989175092754	75.07237953953009	9.999989175092754	8314159	6	7073052	6	7073052	0.0		0	0	0	0	True	79.91	8.5	checkm2	4.837620460469907	-1.4999891750927539	4.837620460469907	1.4999891750927539	medium	medium
G_r040_chimera_10pct	40	17	chimera	0.1	10.0	rc0.5	RS_GCF_028623165.1	Cyanobacteriota	Bacteria	high	75.07237953953009	9.999989175092754	75.07237953953009	9.999989175092754	8314159	6	7073052	6	7073052	0.0		0	0	0	0	True	79.91	8.5	checkm2	4.837620460469907	-1.4999891750927539	4.837620460469907	1.4999891750927539	medium	medium
G_r040_chimera_20pct	40	18	chimera	0.2	20.0	rc0.5	RS_GCF_028623165.1	Cyanobacteriota	Bacteria	high	75.07237953953009	9.999989175092754	75.07237953953009	9.999989175092754	8314159	6	7073052	5	7073052	0.3333333333333333		0	0	0	1	True	79.91	8.5	checkm2	4.837620460469907	-1.4999891750927539	4.837620460469907	1.4999891750927539	medium	medium
G_r040_chimera_40pct	40	19	chimera	0.4	40.0	rc0.5	RS_GCF_028623165.1	Cyanobacteriota	Bacteria	high	75.07237953953009	9.999989175092754	75.07237953953009	9.999989175092754	8314159	6	7073052	4	7073052	0.6666666666666666		0	0	0	2	True	79.93	8.5	checkm2	4.857620460469917	-1.4999891750927539	4.857620460469917	1.4999891750927539	medium	medium
G_r040_uneven_coverage_5pct	40	20	uneven_coverage	0.05	5.0	lognormal_sigma1.0	RS_GCF_028623165.1	Cyanobacteriota	Bacteria	high	75.07237953953009	9.999989175092754	75.07237953953009	14.253612421893784	8314159	6	7073052	7	7426705	0.0500000565526734		353653	0	0	0	True	79.47	12.87	checkm2	4.397620460469909	2.8700108249072454	4.397620460469909	2.8700108249072454	low	medium
G_r040_uneven_coverage_10pct	40	21	uneven_coverage	0.1	10.0	lognormal_sigma1.0	RS_GCF_028623165.1	Cyanobacteriota	Bacteria	high	75.07237953953009	9.999989175092754	75.07237953953009	18.507223641020097	8314159	6	7073052	8	7780357	0.0999999717236632		707305	0	0	0	True	80.44	17.73	checkm2	5.367620460469908	7.730010824907247	5.367620460469908	7.730010824907247	low	medium
G_r040_uneven_coverage_20pct	40	22	uneven_coverage	0.2	20.0	lognormal_sigma1.0	RS_GCF_028623165.1	Cyanobacteriota	Bacteria	high	75.07237953953009	9.999989175092754	75.07237953953009	27.01445810694744	8314159	6	7073052	7	8487662	0.1999999434473265		1414610	0	0	0	True	80.56	18.59	checkm2	5.487620460469913	8.590010824907246	5.487620460469913	8.590010824907246	low	medium
G_r040_uneven_coverage_40pct	40	23	uneven_coverage	0.4	40.0	lognormal_sigma1.0	RS_GCF_028623165.1	Cyanobacteriota	Bacteria	high	75.07237953953009	9.999989175092754	75.07237953953009	44.02893906647684	8314159	6	7073052	10	9902273	0.4000000282763367		2829221	0	0	0	True	82.53	38.66	checkm2	7.4576204604699114	28.660010824907243	7.4576204604699114	28.660010824907243	low	medium
G_r041_none_control	41	0	none	0.0	0.0	control	RS_GCF_000772145.1	Chlamydiota	Bacteria	highly_fragmented	79.63802634043866	1.979121134143125	79.63802634043866	1.979121134143125	1072951	26	875712	26	875712	0.0		0	0	0	0	True	73.62	0.26	checkm2	-6.018026340438652	-1.719121134143125	6.018026340438652	1.719121134143125	medium	medium
G_r041_substitution_0p1pct	41	1	substitution	0.001	0.1	uniform	RS_GCF_000772145.1	Chlamydiota	Bacteria	highly_fragmented	79.63802634043866	1.979121134143125	79.63802634043866	1.979121134143125	1072951	26	875712	26	875712	0.0010163158664035	0.0089640838741259	0	890	0	0	True	73.27	0.18	checkm2	-6.368026340438661	-1.799121134143125	6.368026340438661	1.799121134143125	medium	medium
G_r041_substitution_0p5pct	41	2	substitution	0.005	0.5	uniform	RS_GCF_000772145.1	Chlamydiota	Bacteria	highly_fragmented	79.63802634043866	1.979121134143125	79.63802634043866	1.979121134143125	1072951	26	875712	26	875712	0.0049673865380399	0.0441104216424403	0	4350	0	0	True	65.14	1.37	checkm2	-14.498026340438656	-0.6091211341431249	14.498026340438656	0.6091211341431249	medium	medium
G_r041_substitution_1pct	41	3	substitution	0.01	1.0	uniform	RS_GCF_000772145.1	Chlamydiota	Bacteria	highly_fragmented	79.63802634043866	1.979121134143125	79.63802634043866	1.979121134143125	1072951	26	875712	26	875712	0.0099496181392969	0.0864827525163591	0	8713	0	0	True	63.09	0.59	checkm2	-16.548026340438653	-1.3891211341431249	16.548026340438653	1.3891211341431249	medium	medium
G_r041_substitution_2pct	41	4	substitution	0.02	2.0	uniform	RS_GCF_000772145.1	Chlamydiota	Bacteria	highly_fragmented	79.63802634043866	1.979121134143125	79.63802634043866	1.979121134143125	1072951	26	875712	26	875712	0.0199471972520646	0.1662522378698502	0	17468	0	0	True	50.57	1.56	checkm2	-29.068026340438657	-0.4191211341431249	29.068026340438657	0.4191211341431249	medium	medium
G_r041_substitution_5pct	41	5	substitution	0.05	5.0	uniform	RS_GCF_000772145.1	Chlamydiota	Bacteria	highly_fragmented	79.63802634043866	1.979121134143125	79.63802634043866	1.979121134143125	1072951	26	875712	26	875712	0.0501523331871665	0.3697505902753909	0	43919	0	0	True	39.53	1.16	checkm2	-40.108026340438656	-0.819121134143125	40.108026340438656	0.819121134143125	low	medium
G_r041_substitution_titv_0p1pct	41	6	substitution_titv	0.001	0.1	titv_2	RS_GCF_000772145.1	Chlamydiota	Bacteria	highly_fragmented	79.63802634043866	1.979121134143125	79.63802634043866	1.979121134143125	1072951	26	875712	26	875712	0.000998045019367	0.0089640838741259	0	874	0	0	True	72.54	0.35	checkm2	-7.0980263404386505	-1.629121134143125	7.0980263404386505	1.629121134143125	medium	medium
G_r041_substitution_titv_0p5pct	41	7	substitution_titv	0.005	0.5	titv_2	RS_GCF_000772145.1	Chlamydiota	Bacteria	highly_fragmented	79.63802634043866	1.979121134143125	79.63802634043866	1.979121134143125	1072951	26	875712	26	875712	0.0049799477453774	0.0441104216424403	0	4361	0	0	True	69.73	0.22	checkm2	-9.908026340438653	-1.759121134143125	9.908026340438653	1.759121134143125	medium	medium
G_r041_substitution_titv_1pct	41	8	substitution_titv	0.01	1.0	titv_2	RS_GCF_000772145.1	Chlamydiota	Bacteria	highly_fragmented	79.63802634043866	1.979121134143125	79.63802634043866	1.979121134143125	1072951	26	875712	26	875712	0.0101106299788058	0.0864827525163591	0	8854	0	0	True	64.98	2.54	checkm2	-14.658026340438653	0.5608788658568751	14.658026340438653	0.5608788658568751	medium	medium
G_r041_substitution_titv_2pct	41	9	substitution_titv	0.02	2.0	titv_2	RS_GCF_000772145.1	Chlamydiota	Bacteria	highly_fragmented	79.63802634043866	1.979121134143125	79.63802634043866	1.979121134143125	1072951	26	875712	26	875712	0.0198592688007016	0.1662522378698502	0	17391	0	0	True	59.4	0.29	checkm2	-20.23802634043866	-1.689121134143125	20.23802634043866	1.689121134143125	medium	medium
G_r041_substitution_titv_5pct	41	10	substitution_titv	0.05	5.0	titv_2	RS_GCF_000772145.1	Chlamydiota	Bacteria	highly_fragmented	79.63802634043866	1.979121134143125	79.63802634043866	1.979121134143125	1072951	26	875712	26	875712	0.0498565738507637	0.3697505902753909	0	43660	0	0	True	44.37	0.74	checkm2	-35.26802634043866	-1.239121134143125	35.26802634043866	1.239121134143125	low	medium
G_r041_indel_0p1pct	41	11	indel	0.001	0.1	ins0.5_geom0.75	RS_GCF_000772145.1	Chlamydiota	Bacteria	highly_fragmented	79.63802634043866	1.979121134143125	79.63820822221335	1.979121134143125	1072951	26	875712	26	875714	0.0009969030914273		0	0	873	0	True	54.16	3.83	checkm2	-25.47802634043866	1.850878865856875	25.47802634043866	1.850878865856875	medium	medium
G_r041_indel_0p5pct	41	12	indel	0.005	0.5	ins0.5_geom0.75	RS_GCF_000772145.1	Chlamydiota	Bacteria	highly_fragmented	79.63802634043866	1.979121134143125	79.64430126166559	1.979121134143125	1072951	26	875712	26	875781	0.0049696703939194		0	0	4352	0	True	30.38	1.31	checkm2	-49.25802634043866	-0.6691211341431249	49.25802634043866	0.6691211341431249	low	medium
G_r041_indel_1pct	41	13	indel	0.01	1.0	ins0.5_geom0.75	RS_GCF_000772145.1	Chlamydiota	Bacteria	highly_fragmented	79.63802634043866	1.979121134143125	79.61556394126394	1.979121134143125	1072951	26	875712	26	875465	0.0098673993276328		0	0	8641	0	True	22.36	4.33	checkm2	-57.27802634043866	2.350878865856875	57.27802634043866	2.350878865856875	low	medium
G_r041_indel_2pct	41	14	indel	0.02	2.0	ins0.5_geom0.75	RS_GCF_000772145.1	Chlamydiota	Bacteria	highly_fragmented	79.63802634043866	1.979121134143125	79.62829566549252	1.979121134143125	1072951	26	875712	26	875605	0.019965468099101		0	0	17484	0	True	8.35	0.02	checkm2	-71.28802634043866	-1.959121134143125	71.28802634043866	1.959121134143125	low	medium
G_r041_indel_5pct	41	15	indel	0.05	5.0	ins0.5_geom0.75	RS_GCF_000772145.1	Chlamydiota	Bacteria	highly_fragmented	79.63802634043866	1.979121134143125	79.65712392678154	1.979121134143125	1072951	26	875712	26	875922	0.0499730505006212		0	0	43762	0	True	4.61	0.02	checkm2	-75.02802634043866	-1.959121134143125	75.02802634043866	1.959121134143125	low	medium
G_r041_chimera_5pct	41	16	chimera	0.05	5.0	rc0.5	RS_GCF_000772145.1	Chlamydiota	Bacteria	highly_fragmented	79.63802634043866	1.979121134143125	79.63802634043866	1.979121134143125	1072951	26	875712	25	875712	0.0769230769230769		0	0	0	1	True	73.62	0.26	checkm2	-6.018026340438652	-1.719121134143125	6.018026340438652	1.719121134143125	medium	medium
G_r041_chimera_10pct	41	17	chimera	0.1	10.0	rc0.5	RS_GCF_000772145.1	Chlamydiota	Bacteria	highly_fragmented	79.63802634043866	1.979121134143125	79.63802634043866	1.979121134143125	1072951	26	875712	25	875712	0.0769230769230769		0	0	0	1	True	73.62	0.26	checkm2	-6.018026340438652	-1.719121134143125	6.018026340438652	1.719121134143125	medium	medium
G_r041_chimera_20pct	41	18	chimera	0.2	20.0	rc0.5	RS_GCF_000772145.1	Chlamydiota	Bacteria	highly_fragmented	79.63802634043866	1.979121134143125	79.63802634043866	1.979121134143125	1072951	26	875712	23	875712	0.2307692307692307		0	0	0	3	True	73.62	0.26	checkm2	-6.018026340438652	-1.719121134143125	6.018026340438652	1.719121134143125	medium	medium
G_r041_chimera_40pct	41	19	chimera	0.4	40.0	rc0.5	RS_GCF_000772145.1	Chlamydiota	Bacteria	highly_fragmented	79.63802634043866	1.979121134143125	79.63802634043866	1.979121134143125	1072951	26	875712	21	875712	0.3846153846153846		0	0	0	5	True	73.51	0.26	checkm2	-6.128026340438652	-1.719121134143125	6.128026340438652	1.719121134143125	medium	medium
G_r041_uneven_coverage_5pct	41	20	uneven_coverage	0.05	5.0	lognormal_sigma1.0	RS_GCF_000772145.1	Chlamydiota	Bacteria	highly_fragmented	79.63802634043866	1.979121134143125	79.63802634043866	6.060015788232641	1072951	26	875712	29	919498	0.0500004567711759		43786	0	0	0	True	74.15	5.69	checkm2	-5.488026340438651	3.710878865856875	5.488026340438651	3.710878865856875	medium	medium
G_r041_uneven_coverage_10pct	41	21	uneven_coverage	0.1	10.0	lognormal_sigma1.0	RS_GCF_000772145.1	Chlamydiota	Bacteria	highly_fragmented	79.63802634043866	1.979121134143125	79.63802634043866	10.14081724142109	1072951	26	875712	29	963283	0.099999771614412		87571	0	0	0	True	73.44	11.64	checkm2	-6.198026340438659	9.660878865856876	6.198026340438659	9.660878865856876	low	medium
G_r041_uneven_coverage_20pct	41	22	uneven_coverage	0.2	20.0	lognormal_sigma1.0	RS_GCF_000772145.1	Chlamydiota	Bacteria	highly_fragmented	79.63802634043866	1.979121134143125	79.63802634043866	18.30251334869905	1072951	26	875712	34	1050854	0.1999995432288241		175142	0	0	0	True	73.28	11.95	checkm2	-6.358026340438656	9.970878865856875	6.358026340438656	9.970878865856875	low	medium
G_r041_uneven_coverage_40pct	41	23	uneven_coverage	0.4	40.0	lognormal_sigma1.0	RS_GCF_000772145.1	Chlamydiota	Bacteria	highly_fragmented	79.63802634043866	1.979121134143125	79.63802634043866	34.62599876415605	1072951	26	875712	35	1225997	0.4000002283855879		350285	0	0	0	True	63.73	23.71	checkm2	-15.90802634043866	21.730878865856877	15.90802634043866	21.730878865856877	low	medium
G_r042_none_control	42	0	none	0.0	0.0	control	RS_GCF_009884095.1	Spirochaetota	Bacteria	highly_fragmented	69.96157403363347	0.0	69.96157403363347	0.0	4556294	265	3187655	265	3187655	0.0		0	0	0	0	True	66.1	0.42	checkm2	-3.861574033633474	0.42	3.861574033633474	0.42	medium	medium
G_r042_substitution_0p1pct	42	1	substitution	0.001	0.1	uniform	RS_GCF_009884095.1	Spirochaetota	Bacteria	highly_fragmented	69.96157403363347	0.0	69.96157403363347	0.0	4556294	265	3187655	265	3187655	0.0010051198587365	0.0089640838741259	0	3199	0	0	True	65.33	1.67	checkm2	-4.63157403363347	1.67	4.63157403363347	1.67	medium	medium
G_r042_substitution_0p5pct	42	2	substitution	0.005	0.5	uniform	RS_GCF_009884095.1	Spirochaetota	Bacteria	highly_fragmented	69.96157403363347	0.0	69.96157403363347	0.0	4556294	265	3187655	265	3187655	0.0050535629283895	0.0441104216424403	0	16084	0	0	True	61.13	0.66	checkm2	-8.831574033633466	0.66	8.831574033633466	0.66	medium	medium
G_r042_substitution_1pct	42	3	substitution	0.01	1.0	uniform	RS_GCF_009884095.1	Spirochaetota	Bacteria	highly_fragmented	69.96157403363347	0.0	69.96157403363347	0.0	4556294	265	3187655	265	3187655	0.0100191503768021	0.0864827525163591	0	31888	0	0	True	56.4	1.51	checkm2	-13.56157403363347	1.51	13.56157403363347	1.51	medium	medium
G_r042_substitution_2pct	42	4	substitution	0.02	2.0	uniform	RS_GCF_009884095.1	Spirochaetota	Bacteria	highly_fragmented	69.96157403363347	0.0	69.96157403363347	0.0	4556294	265	3187655	265	3187655	0.0199540956513406	0.1662522378698502	0	63508	0	0	True	51.21	1.41	checkm2	-18.751574033633467	1.41	18.751574033633467	1.41	medium	medium
G_r042_substitution_5pct	42	5	substitution	0.05	5.0	uniform	RS_GCF_009884095.1	Spirochaetota	Bacteria	highly_fragmented	69.96157403363347	0.0	69.96157403363347	0.0	4556294	265	3187655	265	3187655	0.0501023500450088	0.3697505902753909	0	159461	0	0	True	40.41	1.08	checkm2	-29.55157403363347	1.08	29.55157403363347	1.08	low	medium
G_r042_substitution_titv_0p1pct	42	6	substitution_titv	0.001	0.1	titv_2	RS_GCF_009884095.1	Spirochaetota	Bacteria	highly_fragmented	69.96157403363347	0.0	69.96157403363347	0.0	4556294	265	3187655	265	3187655	0.0010066908494503	0.0089640838741259	0	3204	0	0	True	64.98	0.52	checkm2	-4.981574033633464	0.52	4.981574033633464	0.52	medium	medium
G_r042_substitution_titv_0p5pct	42	7	substitution_titv	0.005	0.5	titv_2	RS_GCF_009884095.1	Spirochaetota	Bacteria	highly_fragmented	69.96157403363347	0.0	69.96157403363347	0.0	4556294	265	3187655	265	3187655	0.0049014910272865	0.0441104216424403	0	15600	0	0	True	61.93	0.85	checkm2	-8.031574033633468	0.85	8.031574033633468	0.85	medium	medium
G_r042_substitution_titv_1pct	42	8	substitution_titv	0.01	1.0	titv_2	RS_GCF_009884095.1	Spirochaetota	Bacteria	highly_fragmented	69.96157403363347	0.0	69.96157403363347	0.0	4556294	265	3187655	265	3187655	0.0100458572189379	0.0864827525163591	0	31973	0	0	True	60.85	1.54	checkm2	-9.111574033633467	1.54	9.111574033633467	1.54	medium	medium
G_r042_substitution_titv_2pct	42	9	substitution_titv	0.02	2.0	titv_2	RS_GCF_009884095.1	Spirochaetota	Bacteria	highly_fragmented	69.96157403363347	0.0	69.96157403363347	0.0	4556294	265	3187655	265	3187655	0.0200059383448984	0.1662522378698502	0	63673	0	0	True	50.65	1.0	checkm2	-19.31157403363347	1.0	19.31157403363347	1.0	medium	medium
G_r042_substitution_titv_5pct	42	10	substitution_titv	0.05	5.0	titv_2	RS_GCF_009884095.1	Spirochaetota	Bacteria	highly_fragmented	69.96157403363347	0.0	69.96157403363347	0.0	4556294	265	3187655	265	3187655	0.0498629310602145	0.3697505902753909	0	158699	0	0	True	44.34	1.66	checkm2	-25.621574033633465	1.66	25.621574033633465	1.66	low	medium
G_r042_indel_0p1pct	42	11	indel	0.001	0.1	ins0.5_geom0.75	RS_GCF_009884095.1	Spirochaetota	Bacteria	highly_fragmented	69.96157403363347	0.0	69.9642297007173	0.0	4556294	265	3187655	265	3187776	0.001025832469323		0	0	3270	0	True	48.64	1.45	checkm2	-21.321574033633468	1.45	21.321574033633468	1.45	low	medium
G_r042_indel_0p5pct	42	12	indel	0.005	0.5	ins0.5_geom0.75	RS_GCF_009884095.1	Spirochaetota	Bacteria	highly_fragmented	69.96157403363347	0.0	69.95966458705254	0.0	4556294	265	3187655	265	3187568	0.0049497200920425		0	0	15778	0	True	38.26	3.48	checkm2	-31.70157403363347	3.48	31.70157403363347	3.48	low	medium
G_r042_indel_1pct	42	13	indel	0.01	1.0	ins0.5_geom0.75	RS_GCF_009884095.1	Spirochaetota	Bacteria	highly_fragmented	69.96157403363347	0.0	69.96543682211903	0.0	4556294	265	3187655	265	3187831	0.0099606136799622		0	0	31751	0	True	39.2	7.29	checkm2	-30.761574033633465	7.29	30.761574033633465	7.29	low	medium
G_r042_indel_2pct	42	14	indel	0.02	2.0	ins0.5_geom0.75	RS_GCF_009884095.1	Spirochaetota	Bacteria	highly_fragmented	69.96157403363347	0.0	69.97621312408725	0.0	4556294	265	3187655	265	3188322	0.0199391088433346		0	0	63559	0	True	28.12	5.81	checkm2	-41.841574033633464	5.81	41.841574033633464	5.81	low	medium
G_r042_indel_5pct	42	15	indel	0.05	5.0	ins0.5_geom0.75	RS_GCF_009884095.1	Spirochaetota	Bacteria	highly_fragmented	69.96157403363347	0.0	69.96359321852366	0.0	4556294	265	3187655	265	3187747	0.0498538894579244		0	0	158917	0	True	13.25	6.61	checkm2	-56.71157403363347	6.61	56.71157403363347	6.61	low	medium
G_r042_chimera_5pct	42	16	chimera	0.05	5.0	rc0.5	RS_GCF_009884095.1	Spirochaetota	Bacteria	highly_fragmented	69.96157403363347	0.0	69.96157403363347	0.0	4556294	265	3187655	258	3187655	0.0528301886792452		0	0	0	7	True	66.1	0.42	checkm2	-3.861574033633474	0.42	3.861574033633474	0.42	medium	medium
G_r042_chimera_10pct	42	17	chimera	0.1	10.0	rc0.5	RS_GCF_009884095.1	Spirochaetota	Bacteria	highly_fragmented	69.96157403363347	0.0	69.96157403363347	0.0	4556294	265	3187655	252	3187655	0.0981132075471698		0	0	0	13	True	66.1	0.42	checkm2	-3.861574033633474	0.42	3.861574033633474	0.42	medium	medium
G_r042_chimera_20pct	42	18	chimera	0.2	20.0	rc0.5	RS_GCF_009884095.1	Spirochaetota	Bacteria	highly_fragmented	69.96157403363347	0.0	69.96157403363347	0.0	4556294	265	3187655	238	3187655	0.2037735849056604		0	0	0	27	True	65.76	0.42	checkm2	-4.201574033633463	0.42	4.201574033633463	0.42	medium	medium
G_r042_chimera_40pct	42	19	chimera	0.4	40.0	rc0.5	RS_GCF_009884095.1	Spirochaetota	Bacteria	highly_fragmented	69.96157403363347	0.0	69.96157403363347	0.0	4556294	265	3187655	212	3187655	0.4		0	0	0	53	True	65.38	0.41	checkm2	-4.581574033633473	0.41	4.581574033633473	0.41	medium	medium
G_r042_uneven_coverage_5pct	42	20	uneven_coverage	0.05	5.0	lognormal_sigma1.0	RS_GCF_009884095.1	Spirochaetota	Bacteria	highly_fragmented	69.96157403363347	0.0	69.96157403363347	3.498084188597136	4556294	265	3187655	279	3347038	0.0500000784275588		159383	0	0	0	True	64.55	5.42	checkm2	-5.411574033633471	5.42	5.411574033633471	5.42	medium	medium
G_r042_uneven_coverage_10pct	42	21	uneven_coverage	0.1	10.0	lognormal_sigma1.0	RS_GCF_009884095.1	Spirochaetota	Bacteria	highly_fragmented	69.96157403363347	0.0	69.96157403363347	6.996168377194272	4556294	265	3187655	298	3506421	0.1000001568551176		318766	0	0	0	True	67.03	7.77	checkm2	-2.931574033633467	7.77	2.931574033633467	7.77	medium	medium
G_r042_uneven_coverage_20pct	42	22	uneven_coverage	0.2	20.0	lognormal_sigma1.0	RS_GCF_009884095.1	Spirochaetota	Bacteria	highly_fragmented	69.96157403363347	0.0	69.96157403363347	13.992314806726696	4556294	265	3187655	325	3825186	0.2		637531	0	0	0	True	63.58	11.87	checkm2	-6.38157403363347	11.87	6.38157403363347	11.87	low	medium
G_r042_uneven_coverage_40pct	42	23	uneven_coverage	0.4	40.0	lognormal_sigma1.0	RS_GCF_009884095.1	Spirochaetota	Bacteria	highly_fragmented	69.96157403363347	0.0	69.96157403363347	27.98462961345339	4556294	265	3187655	383	4462717	0.4		1275062	0	0	0	True	63.53	23.46	checkm2	-6.431574033633467	23.46	6.431574033633467	23.46	low	medium
G_r043_none_control	43	0	none	0.0	0.0	control	RS_GCF_000023905.1	Fusobacteriota	Bacteria	medium	100.0	10.0	100.0	10.0	2465610	3	2712171	3	2712171	0.0		0	0	0	0	True	100.0	9.31	checkm2	0.0	-0.6899999999999995	0.0	0.6899999999999995	medium	low
G_r043_substitution_0p1pct	43	1	substitution	0.001	0.1	uniform	RS_GCF_000023905.1	Fusobacteriota	Bacteria	medium	100.0	10.0	100.0	10.0	2465610	3	2712171	3	2712171	0.001006573700552	0.0089640838741259	0	2730	0	0	True	100.0	9.14	checkm2	0.0	-0.8599999999999994	0.0	0.8599999999999994	medium	low
G_r043_substitution_0p5pct	43	2	substitution	0.005	0.5	uniform	RS_GCF_000023905.1	Fusobacteriota	Bacteria	medium	100.0	10.0	100.0	10.0	2465610	3	2712171	3	2712171	0.0050395052524343	0.0441104216424403	0	13668	0	0	True	97.98	11.04	checkm2	-2.019999999999996	1.0399999999999991	2.019999999999996	1.0399999999999991	low	low
G_r043_substitution_1pct	43	3	substitution	0.01	1.0	uniform	RS_GCF_000023905.1	Fusobacteriota	Bacteria	medium	100.0	10.0	100.0	10.0	2465610	3	2712171	3	2712171	0.01003955871514	0.0864827525163591	0	27229	0	0	True	91.19	13.91	checkm2	-8.810000000000002	3.91	8.810000000000002	3.91	low	low
G_r043_substitution_2pct	43	4	substitution	0.02	2.0	uniform	RS_GCF_000023905.1	Fusobacteriota	Bacteria	medium	100.0	10.0	100.0	10.0	2465610	3	2712171	3	2712171	0.0199434327702788	0.1662522378698502	0	54090	0	0	True	79.35	12.98	checkm2	-20.650000000000006	2.9800000000000004	20.650000000000006	2.9800000000000004	low	low
G_r043_substitution_5pct	43	5	substitution	0.05	5.0	uniform	RS_GCF_000023905.1	Fusobacteriota	Bacteria	medium	100.0	10.0	100.0	10.0	2465610	3	2712171	3	2712171	0.0499850488778178	0.3697505902753909	0	135568	0	0	True	50.21	7.13	checkm2	-49.79	-2.87	49.79	2.87	medium	low
G_r043_substitution_titv_0p1pct	43	6	substitution_titv	0.001	0.1	titv_2	RS_GCF_000023905.1	Fusobacteriota	Bacteria	medium	100.0	10.0	100.0	10.0	2465610	3	2712171	3	2712171	0.0009840824933236	0.0089640838741259	0	2669	0	0	True	100.0	9.77	checkm2	0.0	-0.23000000000000043	0.0	0.23000000000000043	medium	low
G_r043_substitution_titv_0p5pct	43	7	substitution_titv	0.005	0.5	titv_2	RS_GCF_000023905.1	Fusobacteriota	Bacteria	medium	100.0	10.0	100.0	10.0	2465610	3	2712171	3	2712171	0.0049617077979227	0.0441104216424403	0	13457	0	0	True	99.63	10.32	checkm2	-0.37000000000000455	0.3200000000000003	0.37000000000000455	0.3200000000000003	low	low
G_r043_substitution_titv_1pct	43	8	substitution_titv	0.01	1.0	titv_2	RS_GCF_000023905.1	Fusobacteriota	Bacteria	medium	100.0	10.0	100.0	10.0	2465610	3	2712171	3	2712171	0.0100815914630751	0.0864827525163591	0	27343	0	0	True	88.42	12.23	checkm2	-11.579999999999998	2.2300000000000004	11.579999999999998	2.2300000000000004	low	low
G_r043_substitution_titv_2pct	43	9	substitution_titv	0.02	2.0	titv_2	RS_GCF_000023905.1	Fusobacteriota	Bacteria	medium	100.0	10.0	100.0	10.0	2465610	3	2712171	3	2712171	0.0200400343488666	0.1662522378698502	0	54352	0	0	True	91.84	13.46	checkm2	-8.159999999999997	3.460000000000001	8.159999999999997	3.460000000000001	low	low
G_r043_substitution_titv_5pct	43	10	substitution_titv	0.05	5.0	titv_2	RS_GCF_000023905.1	Fusobacteriota	Bacteria	medium	100.0	10.0	100.0	10.0	2465610	3	2712171	3	2712171	0.0500108584598832	0.3697505902753909	0	135638	0	0	True	75.06	6.7	checkm2	-24.939999999999998	-3.3	24.939999999999998	3.3	medium	low
G_r043_indel_0p1pct	43	11	indel	0.001	0.1	ins0.5_geom0.75	RS_GCF_000023905.1	Fusobacteriota	Bacteria	medium	100.0	10.0	100.00191728323917	10.0	2465610	3	2712171	3	2712223	0.0010253778246283		0	0	2781	0	True	79.73	11.25	checkm2	-20.269999999999996	1.25	20.269999999999996	1.25	low	low
G_r043_indel_0p5pct	43	12	indel	0.005	0.5	ins0.5_geom0.75	RS_GCF_000023905.1	Fusobacteriota	Bacteria	medium	100.0	10.0	99.99000800465753	10.0	2465610	3	2712171	3	2711900	0.0050616277513475		0	0	13728	0	True	43.79	4.44	checkm2	-56.21	-5.56	56.21	5.56	low	low
G_r043_indel_1pct	43	13	indel	0.01	1.0	ins0.5_geom0.75	RS_GCF_000023905.1	Fusobacteriota	Bacteria	medium	100.0	10.0	100.01227798689683	10.0	2465610	3	2712171	3	2712504	0.0099628673855741		0	0	27021	0	True	40.27	2.88	checkm2	-59.73	-7.12	59.73	7.12	low	low
G_r043_indel_2pct	43	14	indel	0.02	2.0	ins0.5_geom0.75	RS_GCF_000023905.1	Fusobacteriota	Bacteria	medium	100.0	10.0	99.99240460870644	10.0	2465610	3	2712171	3	2711965	0.0200470398068558		0	0	54371	0	True	30.14	6.96	checkm2	-69.86	-3.04	69.86	3.04	low	low
G_r043_indel_5pct	43	15	indel	0.05	5.0	ins0.5_geom0.75	RS_GCF_000023905.1	Fusobacteriota	Bacteria	medium	100.0	10.0	100.00176979991303	10.0	2465610	3	2712171	3	2712219	0.0500565782909705		0	0	135762	0	True	13.53	6.51	checkm2	-86.47	-3.49	86.47	3.49	low	low
G_r043_chimera_5pct	43	16	chimera	0.05	5.0	rc0.5	RS_GCF_000023905.1	Fusobacteriota	Bacteria	medium	100.0	10.0	100.0	10.0	2465610	3	2712171	3	2712171	0.0		0	0	0	0	True	100.0	9.31	checkm2	0.0	-0.6899999999999995	0.0	0.6899999999999995	medium	low
G_r043_chimera_10pct	43	17	chimera	0.1	10.0	rc0.5	RS_GCF_000023905.1	Fusobacteriota	Bacteria	medium	100.0	10.0	100.0	10.0	2465610	3	2712171	3	2712171	0.0		0	0	0	0	True	100.0	9.31	checkm2	0.0	-0.6899999999999995	0.0	0.6899999999999995	medium	low
G_r043_chimera_20pct	43	18	chimera	0.2	20.0	rc0.5	RS_GCF_000023905.1	Fusobacteriota	Bacteria	medium	100.0	10.0	100.0	10.0	2465610	3	2712171	3	2712171	0.0		0	0	0	0	True	100.0	9.31	checkm2	0.0	-0.6899999999999995	0.0	0.6899999999999995	medium	low
G_r043_chimera_40pct	43	19	chimera	0.4	40.0	rc0.5	RS_GCF_000023905.1	Fusobacteriota	Bacteria	medium	100.0	10.0	100.0	10.0	2465610	3	2712171	3	2712171	0.0		0	0	0	0	True	100.0	9.31	checkm2	0.0	-0.6899999999999995	0.0	0.6899999999999995	medium	low
G_r043_uneven_coverage_5pct	43	20	uneven_coverage	0.05	5.0	lognormal_sigma1.0	RS_GCF_000023905.1	Fusobacteriota	Bacteria	medium	100.0	10.0	100.0	15.500018251061604	2465610	3	2712171	4	2847780	0.0500001659187418		135609	0	0	0	True	100.0	17.67	checkm2	0.0	7.670000000000002	0.0	7.670000000000002	low	low
G_r043_uneven_coverage_10pct	43	21	uneven_coverage	0.1	10.0	lognormal_sigma1.0	RS_GCF_000023905.1	Fusobacteriota	Bacteria	medium	100.0	10.0	100.0	20.99999594420853	2465610	3	2712171	4	2983388	0.0999999631291684		271217	0	0	0	True	100.0	19.03	checkm2	0.0	9.030000000000001	0.0	9.030000000000001	low	low
G_r043_uneven_coverage_20pct	43	22	uneven_coverage	0.2	20.0	lognormal_sigma1.0	RS_GCF_000023905.1	Fusobacteriota	Bacteria	medium	100.0	10.0	100.0	31.999991888417064	2465610	3	2712171	4	3254605	0.1999999262583369		542434	0	0	0	True	100.0	27.54	checkm2	0.0	17.54	0.0	17.54	low	low
G_r043_uneven_coverage_40pct	43	23	uneven_coverage	0.4	40.0	lognormal_sigma1.0	RS_GCF_000023905.1	Fusobacteriota	Bacteria	medium	100.0	10.0	100.0	53.99998377683413	2465610	3	2712171	4	3797039	0.3999998525166739		1084868	0	0	0	True	100.0	43.8	checkm2	0.0	33.8	0.0	33.8	low	low
G_r044_none_control	44	0	none	0.0	0.0	control	RS_GCF_029225785.1	Halobacteriota	Archaea	low	68.46798835868258	20.0	68.46798835868258	20.0	3784795	33	3348332	33	3348332	0.0		0	0	0	0	True	93.27	9.12	checkm2	24.80201164131742	-10.88	24.80201164131742	10.88	medium	low
G_r044_substitution_0p1pct	44	1	substitution	0.001	0.1	uniform	RS_GCF_029225785.1	Halobacteriota	Archaea	low	68.46798835868258	20.0	68.46798835868258	20.0	3784795	33	3348332	33	3348332	0.0010187161846555	0.0089640838741259	0	3411	0	0	True	91.84	9.24	checkm2	23.372011641317428	-10.76	23.372011641317428	10.76	medium	low
G_r044_substitution_0p5pct	44	2	substitution	0.005	0.5	uniform	RS_GCF_029225785.1	Halobacteriota	Archaea	low	68.46798835868258	20.0	68.46798835868258	20.0	3784795	33	3348332	33	3348332	0.0050278765666009	0.0441104216424403	0	16835	0	0	True	87.25	6.87	checkm2	18.782011641317425	-13.129999999999999	18.782011641317425	13.129999999999999	medium	low
G_r044_substitution_1pct	44	3	substitution	0.01	1.0	uniform	RS_GCF_029225785.1	Halobacteriota	Archaea	low	68.46798835868258	20.0	68.46798835868258	20.0	3784795	33	3348332	33	3348332	0.0099646630023546	0.0864827525163591	0	33365	0	0	True	84.74	7.67	checkm2	16.27201164131742	-12.33	16.27201164131742	12.33	medium	low
G_r044_substitution_2pct	44	4	substitution	0.02	2.0	uniform	RS_GCF_029225785.1	Halobacteriota	Archaea	low	68.46798835868258	20.0	68.46798835868258	20.0	3784795	33	3348332	33	3348332	0.0199747217420494	0.1662522378698502	0	66882	0	0	True	81.29	5.92	checkm2	12.822011641317431	-14.08	12.822011641317431	14.08	medium	low
G_r044_substitution_5pct	44	5	substitution	0.05	5.0	uniform	RS_GCF_029225785.1	Halobacteriota	Archaea	low	68.46798835868258	20.0	68.46798835868258	20.0	3784795	33	3348332	33	3348332	0.0500986759974817	0.3697505902753909	0	167747	0	0	True	48.43	5.29	checkm2	-20.037988358682576	-14.71	20.037988358682576	14.71	low	low
G_r044_substitution_titv_0p1pct	44	6	substitution_titv	0.001	0.1	titv_2	RS_GCF_029225785.1	Halobacteriota	Archaea	low	68.46798835868258	20.0	68.46798835868258	20.0	3784795	33	3348332	33	3348332	0.0009772029774825	0.0089640838741259	0	3272	0	0	True	92.81	7.26	checkm2	24.342011641317427	-12.74	24.342011641317427	12.74	medium	low
G_r044_substitution_titv_0p5pct	44	7	substitution_titv	0.005	0.5	titv_2	RS_GCF_029225785.1	Halobacteriota	Archaea	low	68.46798835868258	20.0	68.46798835868258	20.0	3784795	33	3348332	33	3348332	0.0049690413017586	0.0441104216424403	0	16638	0	0	True	89.61	8.74	checkm2	21.142011641317424	-11.26	21.142011641317424	11.26	medium	low
G_r044_substitution_titv_1pct	44	8	substitution_titv	0.01	1.0	titv_2	RS_GCF_029225785.1	Halobacteriota	Archaea	low	68.46798835868258	20.0	68.46798835868258	20.0	3784795	33	3348332	33	3348332	0.0100058775533608	0.0864827525163591	0	33503	0	0	True	82.13	6.19	checkm2	13.66201164131742	-13.809999999999999	13.66201164131742	13.809999999999999	medium	low
G_r044_substitution_titv_2pct	44	9	substitution_titv	0.02	2.0	titv_2	RS_GCF_029225785.1	Halobacteriota	Archaea	low	68.46798835868258	20.0	68.46798835868258	20.0	3784795	33	3348332	33	3348332	0.0199848760517176	0.1662522378698502	0	66916	0	0	True	78.0	5.04	checkm2	9.532011641317425	-14.96	9.532011641317425	14.96	medium	low
G_r044_substitution_titv_5pct	44	10	substitution_titv	0.05	5.0	titv_2	RS_GCF_029225785.1	Halobacteriota	Archaea	low	68.46798835868258	20.0	68.46798835868258	20.0	3784795	33	3348332	33	3348332	0.0500025087118003	0.3697505902753909	0	167425	0	0	True	68.54	2.79	checkm2	0.07201164131743099	-17.21	0.07201164131743099	17.21	medium	low
G_r044_indel_0p1pct	44	11	indel	0.001	0.1	ins0.5_geom0.75	RS_GCF_029225785.1	Halobacteriota	Archaea	low	68.46798835868258	20.0	68.46888808770818	20.0	3784795	33	3348332	33	3348376	0.0010070685941537		0	0	3372	0	True	75.95	5.22	checkm2	7.482011641317428	-14.780000000000001	7.482011641317428	14.780000000000001	medium	low
G_r044_indel_0p5pct	44	12	indel	0.005	0.5	ins0.5_geom0.75	RS_GCF_029225785.1	Halobacteriota	Archaea	low	68.46798835868258	20.0	68.47093292640275	20.0	3784795	33	3348332	33	3348476	0.004969638614092		0	0	16640	0	True	33.45	5.47	checkm2	-35.01798835868257	-14.530000000000001	35.01798835868257	14.530000000000001	low	low
G_r044_indel_1pct	44	13	indel	0.01	1.0	ins0.5_geom0.75	RS_GCF_029225785.1	Halobacteriota	Archaea	low	68.46798835868258	20.0	68.47113741027222	20.0	3784795	33	3348332	33	3348486	0.0099613777845207		0	0	33354	0	True	34.52	4.28	checkm2	-33.94798835868257	-15.719999999999999	33.94798835868257	15.719999999999999	low	low
G_r044_indel_2pct	44	14	indel	0.02	2.0	ins0.5_geom0.75	RS_GCF_029225785.1	Halobacteriota	Archaea	low	68.46798835868258	20.0	68.47258924574535	20.0	3784795	33	3348332	33	3348557	0.0200867178045665		0	0	67257	0	True	26.31	8.3	checkm2	-42.15798835868257	-11.7	42.15798835868257	11.7	low	low
G_r044_indel_5pct	44	15	indel	0.05	5.0	ins0.5_geom0.75	RS_GCF_029225785.1	Halobacteriota	Archaea	low	68.46798835868258	20.0	68.4538176265292	20.0	3784795	33	3348332	33	3347639	0.0497782179305994		0	0	166674	0	True	31.11	8.9	checkm2	-37.357988358682576	-11.1	37.357988358682576	11.1	low	low
G_r044_chimera_5pct	44	16	chimera	0.05	5.0	rc0.5	RS_GCF_029225785.1	Halobacteriota	Archaea	low	68.46798835868258	20.0	68.46798835868258	20.0	3784795	33	3348332	32	3348332	0.0606060606060606		0	0	0	1	True	93.44	9.12	checkm2	24.972011641317422	-10.88	24.972011641317422	10.88	medium	low
G_r044_chimera_10pct	44	17	chimera	0.1	10.0	rc0.5	RS_GCF_029225785.1	Halobacteriota	Archaea	low	68.46798835868258	20.0	68.46798835868258	20.0	3784795	33	3348332	32	3348332	0.0606060606060606		0	0	0	1	True	93.39	9.12	checkm2	24.922011641317425	-10.88	24.922011641317425	10.88	medium	low
G_r044_chimera_20pct	44	18	chimera	0.2	20.0	rc0.5	RS_GCF_029225785.1	Halobacteriota	Archaea	low	68.46798835868258	20.0	68.46798835868258	20.0	3784795	33	3348332	29	3348332	0.2424242424242424		0	0	0	4	True	93.39	9.12	checkm2	24.922011641317425	-10.88	24.922011641317425	10.88	medium	low
G_r044_chimera_40pct	44	19	chimera	0.4	40.0	rc0.5	RS_GCF_029225785.1	Halobacteriota	Archaea	low	68.46798835868258	20.0	68.46798835868258	20.0	3784795	33	3348332	27	3348332	0.3636363636363636		0	0	0	6	True	93.49	9.12	checkm2	25.02201164131742	-10.88	25.02201164131742	10.88	medium	low
G_r044_uneven_coverage_5pct	44	20	uneven_coverage	0.05	5.0	lognormal_sigma1.0	RS_GCF_029225785.1	Halobacteriota	Archaea	low	68.46798835868258	20.0	68.46798835868258	24.42340998653824	3784795	33	3348332	34	3515749	0.0500001194624666		167417	0	0	0	True	93.01	13.52	checkm2	24.54201164131743	-6.48	24.54201164131743	6.48	low	low
G_r044_uneven_coverage_10pct	44	21	uneven_coverage	0.1	10.0	lognormal_sigma1.0	RS_GCF_029225785.1	Halobacteriota	Archaea	low	68.46798835868258	20.0	68.46798835868258	28.8467935515662	3784795	33	3348332	38	3683165	0.0999999402687666		334833	0	0	0	True	88.19	13.96	checkm2	19.722011641317422	-6.039999999999999	19.722011641317422	6.039999999999999	low	low
G_r044_uneven_coverage_20pct	44	22	uneven_coverage	0.2	20.0	lognormal_sigma1.0	RS_GCF_029225785.1	Halobacteriota	Archaea	low	68.46798835868258	20.0	68.46798835868258	37.6935871031324	3784795	33	3348332	42	4017998	0.1999998805375333		669666	0	0	0	True	86.06	17.6	checkm2	17.592011641317427	-2.3999999999999986	17.592011641317427	2.3999999999999986	low	low
G_r044_uneven_coverage_40pct	44	23	uneven_coverage	0.4	40.0	lognormal_sigma1.0	RS_GCF_029225785.1	Halobacteriota	Archaea	low	68.46798835868258	20.0	68.46798835868258	55.38720062777509	3784795	33	3348332	53	4687665	0.4000000597312333		1339333	0	0	0	True	91.95	33.66	checkm2	23.482011641317428	13.659999999999997	23.482011641317428	13.659999999999997	low	low
G_r045_none_control	45	0	none	0.0	0.0	control	RS_GCF_018847395.1	Verrucomicrobiota	Bacteria	high	100.0	0.0	100.0	0.0	2965470	3	2965470	3	2965470	0.0		0	0	0	0	True	100.0	0.3	checkm2	0.0	0.3	0.0	0.3	high	high
G_r045_substitution_0p1pct	45	1	substitution	0.001	0.1	uniform	RS_GCF_018847395.1	Verrucomicrobiota	Bacteria	high	100.0	0.0	100.0	0.0	2965470	3	2965470	3	2965470	0.0010052369438908	0.0089640838741259	0	2981	0	0	True	99.99	0.25	checkm2	-0.010000000000005116	0.25	0.010000000000005116	0.25	high	high
G_r045_substitution_0p5pct	45	2	substitution	0.005	0.5	uniform	RS_GCF_018847395.1	Verrucomicrobiota	Bacteria	high	100.0	0.0	100.0	0.0	2965470	3	2965470	3	2965470	0.0050177543525984	0.0441104216424403	0	14880	0	0	True	95.36	1.13	checkm2	-4.640000000000001	1.13	4.640000000000001	1.13	high	high
G_r045_substitution_1pct	45	3	substitution	0.01	1.0	uniform	RS_GCF_018847395.1	Verrucomicrobiota	Bacteria	high	100.0	0.0	100.0	0.0	2965470	3	2965470	3	2965470	0.0099063554849652	0.0864827525163591	0	29377	0	0	True	93.79	3.12	checkm2	-6.209999999999994	3.12	6.209999999999994	3.12	high	high
G_r045_substitution_2pct	45	4	substitution	0.02	2.0	uniform	RS_GCF_018847395.1	Verrucomicrobiota	Bacteria	high	100.0	0.0	100.0	0.0	2965470	3	2965470	3	2965470	0.0199921091766229	0.1662522378698502	0	59286	0	0	True	87.25	1.13	checkm2	-12.75	1.13	12.75	1.13	medium	high
G_r045_substitution_5pct	45	5	substitution	0.05	5.0	uniform	RS_GCF_018847395.1	Verrucomicrobiota	Bacteria	high	100.0	0.0	100.0	0.0	2965470	3	2965470	3	2965470	0.0500106222622383	0.3697505902753909	0	148305	0	0	True	57.11	2.09	checkm2	-42.89	2.09	42.89	2.09	medium	high
G_r045_substitution_titv_0p1pct	45	6	substitution_titv	0.001	0.1	titv_2	RS_GCF_018847395.1	Verrucomicrobiota	Bacteria	high	100.0	0.0	100.0	0.0	2965470	3	2965470	3	2965470	0.0010146789547693	0.0089640838741259	0	3009	0	0	True	99.99	0.3	checkm2	-0.010000000000005116	0.3	0.010000000000005116	0.3	high	high
G_r045_substitution_titv_0p5pct	45	7	substitution_titv	0.005	0.5	titv_2	RS_GCF_018847395.1	Verrucomicrobiota	Bacteria	high	100.0	0.0	100.0	0.0	2965470	3	2965470	3	2965470	0.0050393360917493	0.0441104216424403	0	14944	0	0	True	99.89	2.15	checkm2	-0.10999999999999943	2.15	0.10999999999999943	2.15	high	high
G_r045_substitution_titv_1pct	45	8	substitution_titv	0.01	1.0	titv_2	RS_GCF_018847395.1	Verrucomicrobiota	Bacteria	high	100.0	0.0	100.0	0.0	2965470	3	2965470	3	2965470	0.010103626069392	0.0864827525163591	0	29962	0	0	True	91.82	2.21	checkm2	-8.180000000000007	2.21	8.180000000000007	2.21	high	high
G_r045_substitution_titv_2pct	45	9	substitution_titv	0.02	2.0	titv_2	RS_GCF_018847395.1	Verrucomicrobiota	Bacteria	high	100.0	0.0	100.0	0.0	2965470	3	2965470	3	2965470	0.0199607482119191	0.1662522378698502	0	59193	0	0	True	81.36	7.11	checkm2	-18.64	7.11	18.64	7.11	medium	high
G_r045_substitution_titv_5pct	45	10	substitution_titv	0.05	5.0	titv_2	RS_GCF_018847395.1	Verrucomicrobiota	Bacteria	high	100.0	0.0	100.0	0.0	2965470	3	2965470	3	2965470	0.0499620633491487	0.3697505902753909	0	148161	0	0	True	75.38	2.95	checkm2	-24.620000000000005	2.95	24.620000000000005	2.95	medium	high
G_r045_indel_0p1pct	45	11	indel	0.001	0.1	ins0.5_geom0.75	RS_GCF_018847395.1	Verrucomicrobiota	Bacteria	high	100.0	0.0	100.00168607337118	0.0	2965470	3	2965470	3	2965520	0.0009984926504061		0	0	2961	0	True	75.38	2.1	checkm2	-24.620000000000005	2.1	24.620000000000005	2.1	medium	high
G_r045_indel_0p5pct	45	12	indel	0.005	0.5	ins0.5_geom0.75	RS_GCF_018847395.1	Verrucomicrobiota	Bacteria	high	100.0	0.0	100.00785710190964	0.0	2965470	3	2965470	3	2965703	0.0050113472737879		0	0	14861	0	True	38.91	1.36	checkm2	-61.09	1.36	61.09	1.36	low	high
G_r045_indel_1pct	45	13	indel	0.01	1.0	ins0.5_geom0.75	RS_GCF_018847395.1	Verrucomicrobiota	Bacteria	high	100.0	0.0	100.00320353940522	0.0	2965470	3	2965470	3	2965565	0.0100226945475759		0	0	29722	0	True	34.7	8.76	checkm2	-65.3	8.76	65.3	8.76	low	high
G_r045_indel_2pct	45	14	indel	0.02	2.0	ins0.5_geom0.75	RS_GCF_018847395.1	Verrucomicrobiota	Bacteria	high	100.0	0.0	100.016725847842	0.0	2965470	3	2965470	3	2965966	0.0198359787824526		0	0	58823	0	True	41.55	9.02	checkm2	-58.45	9.02	58.45	9.02	low	high
G_r045_indel_5pct	45	15	indel	0.05	5.0	ins0.5_geom0.75	RS_GCF_018847395.1	Verrucomicrobiota	Bacteria	high	100.0	0.0	100.0048896127764	0.0	2965470	3	2965470	3	2965615	0.0501202170313643		0	0	148630	0	True	23.48	8.07	checkm2	-76.52	8.07	76.52	8.07	low	high
G_r045_chimera_5pct	45	16	chimera	0.05	5.0	rc0.5	RS_GCF_018847395.1	Verrucomicrobiota	Bacteria	high	100.0	0.0	100.0	0.0	2965470	3	2965470	3	2965470	0.0		0	0	0	0	True	100.0	0.3	checkm2	0.0	0.3	0.0	0.3	high	high
G_r045_chimera_10pct	45	17	chimera	0.1	10.0	rc0.5	RS_GCF_018847395.1	Verrucomicrobiota	Bacteria	high	100.0	0.0	100.0	0.0	2965470	3	2965470	3	2965470	0.0		0	0	0	0	True	100.0	0.3	checkm2	0.0	0.3	0.0	0.3	high	high
G_r045_chimera_20pct	45	18	chimera	0.2	20.0	rc0.5	RS_GCF_018847395.1	Verrucomicrobiota	Bacteria	high	100.0	0.0	100.0	0.0	2965470	3	2965470	2	2965470	0.6666666666666666		0	0	0	1	True	100.0	0.3	checkm2	0.0	0.3	0.0	0.3	high	high
G_r045_chimera_40pct	45	19	chimera	0.4	40.0	rc0.5	RS_GCF_018847395.1	Verrucomicrobiota	Bacteria	high	100.0	0.0	100.0	0.0	2965470	3	2965470	2	2965470	0.6666666666666666		0	0	0	1	True	100.0	0.31	checkm2	0.0	0.31	0.0	0.31	high	high
G_r045_uneven_coverage_5pct	45	20	uneven_coverage	0.05	5.0	lognormal_sigma1.0	RS_GCF_018847395.1	Verrucomicrobiota	Bacteria	high	100.0	0.0	100.0	5.000016860733711	2965470	3	2965470	4	3113744	0.0500001686073371		148274	0	0	0	True	99.98	8.32	checkm2	-0.01999999999999602	8.32	0.01999999999999602	8.32	medium	high
G_r045_uneven_coverage_10pct	45	21	uneven_coverage	0.1	10.0	lognormal_sigma1.0	RS_GCF_018847395.1	Verrucomicrobiota	Bacteria	high	100.0	0.0	100.0	10.0	2965470	3	2965470	4	3262017	0.1		296547	0	0	0	True	100.0	11.69	checkm2	0.0	11.69	0.0	11.69	low	high
G_r045_uneven_coverage_20pct	45	22	uneven_coverage	0.2	20.0	lognormal_sigma1.0	RS_GCF_018847395.1	Verrucomicrobiota	Bacteria	high	100.0	0.0	100.0	20.0	2965470	3	2965470	4	3558564	0.2		593094	0	0	0	True	100.0	24.29	checkm2	0.0	24.29	0.0	24.29	low	high
G_r045_uneven_coverage_40pct	45	23	uneven_coverage	0.4	40.0	lognormal_sigma1.0	RS_GCF_018847395.1	Verrucomicrobiota	Bacteria	high	100.0	0.0	100.0	40.0	2965470	3	2965470	5	4151658	0.4		1186188	0	0	0	True	99.97	37.66	checkm2	-0.030000000000001137	37.66	0.030000000000001137	37.66	low	high
G_r046_none_control	46	0	none	0.0	0.0	control	RS_GCF_003852215.1	Thermoproteota	Archaea	high	100.0	1.999982015561036	100.0	1.999982015561036	2668974	3	2722353	3	2722353	0.0		0	0	0	0	True	99.99	1.13	checkm2	-0.010000000000005116	-0.869982015561036	0.010000000000005116	0.869982015561036	high	high
G_r046_substitution_0p1pct	46	1	substitution	0.001	0.1	uniform	RS_GCF_003852215.1	Thermoproteota	Archaea	high	100.0	1.999982015561036	100.0	1.999982015561036	2668974	3	2722353	3	2722353	0.0010233794074464	0.0089640838741259	0	2786	0	0	True	99.94	1.27	checkm2	-0.060000000000002274	-0.7299820155610359	0.060000000000002274	0.7299820155610359	high	high
G_r046_substitution_0p5pct	46	2	substitution	0.005	0.5	uniform	RS_GCF_003852215.1	Thermoproteota	Archaea	high	100.0	1.999982015561036	100.0	1.999982015561036	2668974	3	2722353	3	2722353	0.0049802505406168	0.0441104216424403	0	13558	0	0	True	90.52	1.48	checkm2	-9.480000000000004	-0.519982015561036	9.480000000000004	0.519982015561036	high	high
G_r046_substitution_1pct	46	3	substitution	0.01	1.0	uniform	RS_GCF_003852215.1	Thermoproteota	Archaea	high	100.0	1.999982015561036	100.0	1.999982015561036	2668974	3	2722353	3	2722353	0.0099898874245918	0.0864827525163591	0	27196	0	0	True	83.15	1.35	checkm2	-16.849999999999994	-0.6499820155610359	16.849999999999994	0.6499820155610359	medium	high
G_r046_substitution_2pct	46	4	substitution	0.02	2.0	uniform	RS_GCF_003852215.1	Thermoproteota	Archaea	high	100.0	1.999982015561036	100.0	1.999982015561036	2668974	3	2722353	3	2722353	0.0200679338792581	0.1662522378698502	0	54632	0	0	True	61.81	2.45	checkm2	-38.19	0.45001798443896424	38.19	0.45001798443896424	medium	high
G_r046_substitution_5pct	46	5	substitution	0.05	5.0	uniform	RS_GCF_003852215.1	Thermoproteota	Archaea	high	100.0	1.999982015561036	100.0	1.999982015561036	2668974	3	2722353	3	2722353	0.0500662478378079	0.3697505902753909	0	136298	0	0	True	38.78	2.36	checkm2	-61.22	0.36001798443896393	61.22	0.36001798443896393	low	high
G_r046_substitution_titv_0p1pct	46	6	substitution_titv	0.001	0.1	titv_2	RS_GCF_003852215.1	Thermoproteota	Archaea	high	100.0	1.999982015561036	100.0	1.999982015561036	2668974	3	2722353	3	2722353	0.0009958297105481	0.0089640838741259	0	2711	0	0	True	99.47	1.49	checkm2	-0.5300000000000011	-0.509982015561036	0.5300000000000011	0.509982015561036	high	high
G_r046_substitution_titv_0p5pct	46	7	substitution_titv	0.005	0.5	titv_2	RS_GCF_003852215.1	Thermoproteota	Archaea	high	100.0	1.999982015561036	100.0	1.999982015561036	2668974	3	2722353	3	2722353	0.0050144121647706	0.0441104216424403	0	13651	0	0	True	93.13	1.01	checkm2	-6.8700000000000045	-0.9899820155610359	6.8700000000000045	0.9899820155610359	high	high
G_r046_substitution_titv_1pct	46	8	substitution_titv	0.01	1.0	titv_2	RS_GCF_003852215.1	Thermoproteota	Archaea	high	100.0	1.999982015561036	100.0	1.999982015561036	2668974	3	2722353	3	2722353	0.0100350689275049	0.0864827525163591	0	27319	0	0	True	91.21	1.18	checkm2	-8.790000000000006	-0.819982015561036	8.790000000000006	0.819982015561036	high	high
G_r046_substitution_titv_2pct	46	9	substitution_titv	0.02	2.0	titv_2	RS_GCF_003852215.1	Thermoproteota	Archaea	high	100.0	1.999982015561036	100.0	1.999982015561036	2668974	3	2722353	3	2722353	0.0201336858225219	0.1662522378698502	0	54811	0	0	True	75.39	1.26	checkm2	-24.61	-0.7399820155610359	24.61	0.7399820155610359	medium	high
G_r046_substitution_titv_5pct	46	10	substitution_titv	0.05	5.0	titv_2	RS_GCF_003852215.1	Thermoproteota	Archaea	high	100.0	1.999982015561036	100.0	1.999982015561036	2668974	3	2722353	3	2722353	0.0501382443790353	0.3697505902753909	0	136494	0	0	True	55.21	0.83	checkm2	-44.79	-1.169982015561036	44.79	1.169982015561036	medium	high
G_r046_indel_0p1pct	46	11	indel	0.001	0.1	ins0.5_geom0.75	RS_GCF_003852215.1	Thermoproteota	Archaea	high	100.0	1.999982015561036	99.99783275717732	1.999982015561036	2668974	3	2722353	3	2722294	0.0010119921993951		0	0	2755	0	True	75.73	0.56	checkm2	-24.269999999999996	-1.4399820155610359	24.269999999999996	1.4399820155610359	medium	high
G_r046_indel_0p5pct	46	12	indel	0.005	0.5	ins0.5_geom0.75	RS_GCF_003852215.1	Thermoproteota	Archaea	high	100.0	1.999982015561036	100.01050561775054	1.999982015561036	2668974	3	2722353	3	2722639	0.0050114735304348		0	0	13643	0	True	38.64	3.19	checkm2	-61.36	1.190017984438964	61.36	1.190017984438964	low	high
G_r046_indel_1pct	46	13	indel	0.01	1.0	ins0.5_geom0.75	RS_GCF_003852215.1	Thermoproteota	Archaea	high	100.0	1.999982015561036	99.99199222143493	1.999982015561036	2668974	3	2722353	3	2722135	0.0098598528552322		0	0	26842	0	True	35.17	5.46	checkm2	-64.83	3.460017984438964	64.83	3.460017984438964	low	high
G_r046_indel_2pct	46	14	indel	0.02	2.0	ins0.5_geom0.75	RS_GCF_003852215.1	Thermoproteota	Archaea	high	100.0	1.999982015561036	100.01094641290088	1.999982015561036	2668974	3	2722353	3	2722651	0.0199823461542276		0	0	54399	0	True	20.03	6.47	checkm2	-79.97	4.470017984438964	79.97	4.470017984438964	low	high
G_r046_indel_5pct	46	15	indel	0.05	5.0	ins0.5_geom0.75	RS_GCF_003852215.1	Thermoproteota	Archaea	high	100.0	1.999982015561036	99.97858470227776	1.999982015561036	2668974	3	2722353	3	2721770	0.0500313515550701		0	0	136203	0	True	5.27	0.02	checkm2	-94.73	-1.979982015561036	94.73	1.979982015561036	low	high
G_r046_chimera_5pct	46	16	chimera	0.05	5.0	rc0.5	RS_GCF_003852215.1	Thermoproteota	Archaea	high	100.0	1.999982015561036	100.0	1.999982015561036	2668974	3	2722353	2	2722353	0.6666666666666666		0	0	0	1	True	99.99	1.13	checkm2	-0.010000000000005116	-0.869982015561036	0.010000000000005116	0.869982015561036	high	high
G_r046_chimera_10pct	46	17	chimera	0.1	10.0	rc0.5	RS_GCF_003852215.1	Thermoproteota	Archaea	high	100.0	1.999982015561036	100.0	1.999982015561036	2668974	3	2722353	3	2722353	0.0		0	0	0	0	True	99.99	1.13	checkm2	-0.010000000000005116	-0.869982015561036	0.010000000000005116	0.869982015561036	high	high
G_r046_chimera_20pct	46	18	chimera	0.2	20.0	rc0.5	RS_GCF_003852215.1	Thermoproteota	Archaea	high	100.0	1.999982015561036	100.0	1.999982015561036	2668974	3	2722353	3	2722353	0.0		0	0	0	0	True	99.99	1.13	checkm2	-0.010000000000005116	-0.869982015561036	0.010000000000005116	0.869982015561036	high	high
G_r046_chimera_40pct	46	19	chimera	0.4	40.0	rc0.5	RS_GCF_003852215.1	Thermoproteota	Archaea	high	100.0	1.999982015561036	100.0	1.999982015561036	2668974	3	2722353	2	2722353	0.6666666666666666		0	0	0	1	True	99.99	1.13	checkm2	-0.010000000000005116	-0.869982015561036	0.010000000000005116	0.869982015561036	high	high
G_r046_uneven_coverage_5pct	46	20	uneven_coverage	0.05	5.0	lognormal_sigma1.0	RS_GCF_003852215.1	Thermoproteota	Archaea	high	100.0	1.999982015561036	100.0	7.099994229992499	2668974	3	2722353	4	2858471	0.0500001285652521		136118	0	0	0	True	100.0	8.19	checkm2	0.0	6.190017984438963	0.0	6.190017984438963	medium	high
G_r046_uneven_coverage_10pct	46	21	uneven_coverage	0.1	10.0	lognormal_sigma1.0	RS_GCF_003852215.1	Thermoproteota	Archaea	high	100.0	1.999982015561036	100.0	12.199968976842786	2668974	3	2722353	4	2994588	0.0999998898012124		272235	0	0	0	True	99.99	11.78	checkm2	-0.010000000000005116	9.780017984438963	0.010000000000005116	9.780017984438963	low	high
G_r046_uneven_coverage_20pct	46	22	uneven_coverage	0.2	20.0	lognormal_sigma1.0	RS_GCF_003852215.1	Thermoproteota	Archaea	high	100.0	1.999982015561036	100.0	22.399993405705715	2668974	3	2722353	5	3266824	0.2000001469317167		544471	0	0	0	True	99.99	16.58	checkm2	-0.010000000000005116	14.580017984438962	0.010000000000005116	14.580017984438962	low	high
G_r046_uneven_coverage_40pct	46	23	uneven_coverage	0.4	40.0	lognormal_sigma1.0	RS_GCF_003852215.1	Thermoproteota	Archaea	high	100.0	1.999982015561036	100.0	42.79996732826922	2668974	3	2722353	4	3811294	0.3999999265341416		1088941	0	0	0	True	100.0	46.51	checkm2	0.0	44.51001798443896	0.0	44.51001798443896	low	high
G_r047_none_control	47	0	none	0.0	0.0	control	RS_GCF_002240205.1	Bacteroidota_A	Bacteria	low	59.927388484973946	9.999963540301538	59.927388484973946	9.999963540301538	2468479	108	1726142	108	1726142	0.0		0	0	0	0	True	59.9	6.89	checkm2	-0.027388484973947413	-3.109963540301538	0.027388484973947413	3.109963540301538	medium	medium
G_r047_substitution_0p1pct	47	1	substitution	0.001	0.1	uniform	RS_GCF_002240205.1	Bacteroidota_A	Bacteria	low	59.927388484973946	9.999963540301538	59.927388484973946	9.999963540301538	2468479	108	1726142	108	1726142	0.001025987433247	0.0089640838741259	0	1771	0	0	True	58.55	7.35	checkm2	-1.3773884849739488	-2.6499635403015382	1.3773884849739488	2.6499635403015382	medium	medium
G_r047_substitution_0p5pct	47	2	substitution	0.005	0.5	uniform	RS_GCF_002240205.1	Bacteroidota_A	Bacteria	low	59.927388484973946	9.999963540301538	59.927388484973946	9.999963540301538	2468479	108	1726142	108	1726142	0.0049885814724396	0.0441104216424403	0	8611	0	0	True	54.4	8.01	checkm2	-5.527388484973947	-1.989963540301538	5.527388484973947	1.989963540301538	medium	medium
G_r047_substitution_1pct	47	3	substitution	0.01	1.0	uniform	RS_GCF_002240205.1	Bacteroidota_A	Bacteria	low	59.927388484973946	9.999963540301538	59.927388484973946	9.999963540301538	2468479	108	1726142	108	1726142	0.0099991773562082	0.0864827525163591	0	17260	0	0	True	54.76	7.01	checkm2	-5.167388484973948	-2.989963540301538	5.167388484973948	2.989963540301538	medium	medium
G_r047_substitution_2pct	47	4	substitution	0.02	2.0	uniform	RS_GCF_002240205.1	Bacteroidota_A	Bacteria	low	59.927388484973946	9.999963540301538	59.927388484973946	9.999963540301538	2468479	108	1726142	108	1726142	0.0200597633334916	0.1662522378698502	0	34626	0	0	True	56.23	6.57	checkm2	-3.697388484973949	-3.4299635403015376	3.697388484973949	3.4299635403015376	medium	medium
G_r047_substitution_5pct	47	5	substitution	0.05	5.0	uniform	RS_GCF_002240205.1	Bacteroidota_A	Bacteria	low	59.927388484973946	9.999963540301538	59.927388484973946	9.999963540301538	2468479	108	1726142	108	1726142	0.049997045434269	0.3697505902753909	0	86302	0	0	True	36.68	3.3	checkm2	-23.247388484973946	-6.699963540301538	23.247388484973946	6.699963540301538	low	medium
G_r047_substitution_titv_0p1pct	47	6	substitution_titv	0.001	0.1	titv_2	RS_GCF_002240205.1	Bacteroidota_A	Bacteria	low	59.927388484973946	9.999963540301538	59.927388484973946	9.999963540301538	2468479	108	1726142	108	1726142	0.0010138215743548	0.0089640838741259	0	1750	0	0	True	58.33	8.21	checkm2	-1.5973884849739477	-1.789963540301537	1.5973884849739477	1.789963540301537	medium	medium
G_r047_substitution_titv_0p5pct	47	7	substitution_titv	0.005	0.5	titv_2	RS_GCF_002240205.1	Bacteroidota_A	Bacteria	low	59.927388484973946	9.999963540301538	59.927388484973946	9.999963540301538	2468479	108	1726142	108	1726142	0.0050013266579458	0.0441104216424403	0	8633	0	0	True	58.68	7.15	checkm2	-1.2473884849739463	-2.8499635403015375	1.2473884849739463	2.8499635403015375	medium	medium
G_r047_substitution_titv_1pct	47	8	substitution_titv	0.01	1.0	titv_2	RS_GCF_002240205.1	Bacteroidota_A	Bacteria	low	59.927388484973946	9.999963540301538	59.927388484973946	9.999963540301538	2468479	108	1726142	108	1726142	0.0100420475256381	0.0864827525163591	0	17334	0	0	True	55.34	8.71	checkm2	-4.587388484973943	-1.289963540301537	4.587388484973943	1.289963540301537	medium	medium
G_r047_substitution_titv_2pct	47	9	substitution_titv	0.02	2.0	titv_2	RS_GCF_002240205.1	Bacteroidota_A	Bacteria	low	59.927388484973946	9.999963540301538	59.927388484973946	9.999963540301538	2468479	108	1726142	108	1726142	0.0198934965952974	0.1662522378698502	0	34339	0	0	True	55.17	9.03	checkm2	-4.757388484973944	-0.9699635403015385	4.757388484973944	0.9699635403015385	medium	medium
G_r047_substitution_titv_5pct	47	10	substitution_titv	0.05	5.0	titv_2	RS_GCF_002240205.1	Bacteroidota_A	Bacteria	low	59.927388484973946	9.999963540301538	59.927388484973946	9.999963540301538	2468479	108	1726142	108	1726142	0.0500822064465148	0.3697505902753909	0	86449	0	0	True	44.92	5.45	checkm2	-15.007388484973944	-4.549963540301538	15.007388484973944	4.549963540301538	low	medium
G_r047_indel_0p1pct	47	11	indel	0.001	0.1	ins0.5_geom0.75	RS_GCF_002240205.1	Bacteroidota_A	Bacteria	low	59.927388484973946	9.999963540301538	59.92669413435291	9.999963540301538	2468479	108	1726142	108	1726122	0.0009993384090069		0	0	1725	0	True	43.41	5.84	checkm2	-16.51738848497395	-4.159963540301538	16.51738848497395	4.159963540301538	low	medium
G_r047_indel_0p5pct	47	12	indel	0.005	0.5	ins0.5_geom0.75	RS_GCF_002240205.1	Bacteroidota_A	Bacteria	low	59.927388484973946	9.999963540301538	59.928082835594985	9.999963540301538	2468479	108	1726142	108	1726162	0.0049561391820603		0	0	8555	0	True	26.25	1.2	checkm2	-33.677388484973946	-8.799963540301539	33.677388484973946	8.799963540301539	low	medium
G_r047_indel_1pct	47	13	indel	0.01	1.0	ins0.5_geom0.75	RS_GCF_002240205.1	Bacteroidota_A	Bacteria	low	59.927388484973946	9.999963540301538	59.926346959042384	9.999963540301538	2468479	108	1726142	108	1726112	0.0102175834896549		0	0	17637	0	True	16.53	4.47	checkm2	-43.397388484973945	-5.529963540301538	43.397388484973945	5.529963540301538	low	medium
G_r047_indel_2pct	47	14	indel	0.02	2.0	ins0.5_geom0.75	RS_GCF_002240205.1	Bacteroidota_A	Bacteria	low	59.927388484973946	9.999963540301538	59.92683300447711	9.999963540301538	2468479	108	1726142	108	1726126	0.0199780782809293		0	0	34485	0	True	22.31	6.53	checkm2	-37.617388484973944	-3.4699635403015376	37.617388484973944	3.4699635403015376	low	medium
G_r047_indel_5pct	47	15	indel	0.05	5.0	ins0.5_geom0.75	RS_GCF_002240205.1	Bacteroidota_A	Bacteria	low	59.927388484973946	9.999963540301538	59.948462026322446	9.999963540301538	2468479	108	1726142	108	1726749	0.0502003890757539		0	0	86653	0	True	27.23	6.86	checkm2	-32.69738848497394	-3.1399635403015376	32.69738848497394	3.1399635403015376	low	medium
G_r047_chimera_5pct	47	16	chimera	0.05	5.0	rc0.5	RS_GCF_002240205.1	Bacteroidota_A	Bacteria	low	59.927388484973946	9.999963540301538	59.927388484973946	9.999963540301538	2468479	108	1726142	106	1726142	0.037037037037037		0	0	0	2	True	59.42	7.12	checkm2	-0.5073884849739443	-2.879963540301538	0.5073884849739443	2.879963540301538	medium	medium
G_r047_chimera_10pct	47	17	chimera	0.1	10.0	rc0.5	RS_GCF_002240205.1	Bacteroidota_A	Bacteria	low	59.927388484973946	9.999963540301538	59.927388484973946	9.999963540301538	2468479	108	1726142	103	1726142	0.0925925925925925		0	0	0	5	True	59.69	7.16	checkm2	-0.23738848497394827	-2.8399635403015377	0.23738848497394827	2.8399635403015377	medium	medium
G_r047_chimera_20pct	47	18	chimera	0.2	20.0	rc0.5	RS_GCF_002240205.1	Bacteroidota_A	Bacteria	low	59.927388484973946	9.999963540301538	59.927388484973946	9.999963540301538	2468479	108	1726142	97	1726142	0.2037037037037037		0	0	0	11	True	60.07	6.89	checkm2	0.1426115150260543	-3.109963540301538	0.1426115150260543	3.109963540301538	medium	medium
G_r047_chimera_40pct	47	19	chimera	0.4	40.0	rc0.5	RS_GCF_002240205.1	Bacteroidota_A	Bacteria	low	59.927388484973946	9.999963540301538	59.927388484973946	9.999963540301538	2468479	108	1726142	86	1726142	0.4074074074074074		0	0	0	22	True	60.23	6.48	checkm2	0.3026115150260509	-3.5199635403015375	0.3026115150260509	3.5199635403015375	medium	medium
G_r047_uneven_coverage_5pct	47	20	uneven_coverage	0.05	5.0	lognormal_sigma1.0	RS_GCF_002240205.1	Bacteroidota_A	Bacteria	low	59.927388484973946	9.999963540301538	59.927388484973946	13.496327090487704	2468479	108	1726142	112	1812449	0.0499999420673386		86307	0	0	0	True	59.01	8.56	checkm2	-0.917388484973948	-1.4399635403015374	0.917388484973948	1.4399635403015374	medium	medium
G_r047_uneven_coverage_10pct	47	21	uneven_coverage	0.1	10.0	lognormal_sigma1.0	RS_GCF_002240205.1	Bacteroidota_A	Bacteria	low	59.927388484973946	9.999963540301538	59.927388484973946	16.99269064067387	2468479	108	1726142	122	1898756	0.0999998841346772		172614	0	0	0	True	59.57	12.09	checkm2	-0.3573884849739457	2.090036459698462	0.3573884849739457	2.090036459698462	low	medium
G_r047_uneven_coverage_20pct	47	22	uneven_coverage	0.2	20.0	lognormal_sigma1.0	RS_GCF_002240205.1	Bacteroidota_A	Bacteria	low	59.927388484973946	9.999963540301538	59.927388484973946	23.98541774104621	2468479	108	1726142	141	2071370	0.1999997682693544		345228	0	0	0	True	58.44	18.17	checkm2	-1.4873884849739483	8.170036459698464	1.4873884849739483	8.170036459698464	low	medium
G_r047_uneven_coverage_40pct	47	23	uneven_coverage	0.4	40.0	lognormal_sigma1.0	RS_GCF_002240205.1	Bacteroidota_A	Bacteria	low	59.927388484973946	9.999963540301538	59.927388484973946	37.97091245256694	2468479	108	1726142	147	2416599	0.4000001158653228		690457	0	0	0	True	54.64	22.86	checkm2	-5.287388484973945	12.860036459698462	5.287388484973945	12.860036459698462	low	medium
G_r048_none_control	48	0	none	0.0	0.0	control	GB_GCA_030583765.1	Patescibacteriota	Bacteria	high	100.0	4.999926846991542	100.0	4.999926846991542	615149	2	645906	2	645906	0.0		0	0	0	0	True	99.56	0.28	checkm2	-0.4399999999999977	-4.719926846991542	0.4399999999999977	4.719926846991542	high	high
G_r048_substitution_0p1pct	48	1	substitution	0.001	0.1	uniform	GB_GCA_030583765.1	Patescibacteriota	Bacteria	high	100.0	4.999926846991542	100.0	4.999926846991542	615149	2	645906	2	645906	0.0008855777775713	0.0089640838741259	0	572	0	0	True	95.91	0.26	checkm2	-4.090000000000003	-4.739926846991542	4.090000000000003	4.739926846991542	high	high
G_r048_substitution_0p5pct	48	2	substitution	0.005	0.5	uniform	GB_GCA_030583765.1	Patescibacteriota	Bacteria	high	100.0	4.999926846991542	100.0	4.999926846991542	615149	2	645906	2	645906	0.0049434437828414	0.0441104216424403	0	3193	0	0	True	95.21	2.16	checkm2	-4.790000000000006	-2.839926846991542	4.790000000000006	2.839926846991542	high	high
G_r048_substitution_1pct	48	3	substitution	0.01	1.0	uniform	GB_GCA_030583765.1	Patescibacteriota	Bacteria	high	100.0	4.999926846991542	100.0	4.999926846991542	615149	2	645906	2	645906	0.0103203871770814	0.0864827525163591	0	6666	0	0	True	91.83	2.8	checkm2	-8.170000000000002	-2.1999268469915423	8.170000000000002	2.1999268469915423	high	high
G_r048_substitution_2pct	48	4	substitution	0.02	2.0	uniform	GB_GCA_030583765.1	Patescibacteriota	Bacteria	high	100.0	4.999926846991542	100.0	4.999926846991542	615149	2	645906	2	645906	0.0199146625050704	0.1662522378698502	0	12863	0	0	True	82.4	1.66	checkm2	-17.599999999999994	-3.339926846991542	17.599999999999994	3.339926846991542	medium	high
G_r048_substitution_5pct	48	5	substitution	0.05	5.0	uniform	GB_GCA_030583765.1	Patescibacteriota	Bacteria	high	100.0	4.999926846991542	100.0	4.999926846991542	615149	2	645906	2	645906	0.0499515409362972	0.3697505902753909	0	32264	0	0	True	52.97	4.13	checkm2	-47.03	-0.8699268469915422	47.03	0.8699268469915422	medium	high
G_r048_substitution_titv_0p1pct	48	6	substitution_titv	0.001	0.1	titv_2	GB_GCA_030583765.1	Patescibacteriota	Bacteria	high	100.0	4.999926846991542	100.0	4.999926846991542	615149	2	645906	2	645906	0.0009444098676897	0.0089640838741259	0	610	0	0	True	99.47	0.92	checkm2	-0.5300000000000011	-4.079926846991542	0.5300000000000011	4.079926846991542	high	high
G_r048_substitution_titv_0p5pct	48	7	substitution_titv	0.005	0.5	titv_2	GB_GCA_030583765.1	Patescibacteriota	Bacteria	high	100.0	4.999926846991542	100.0	4.999926846991542	615149	2	645906	2	645906	0.0050796865178524	0.0441104216424403	0	3281	0	0	True	96.69	1.52	checkm2	-3.3100000000000023	-3.479926846991542	3.3100000000000023	3.479926846991542	high	high
G_r048_substitution_titv_1pct	48	8	substitution_titv	0.01	1.0	titv_2	GB_GCA_030583765.1	Patescibacteriota	Bacteria	high	100.0	4.999926846991542	100.0	4.999926846991542	615149	2	645906	2	645906	0.0098079287078924	0.0864827525163591	0	6335	0	0	True	95.53	0.63	checkm2	-4.469999999999999	-4.369926846991542	4.469999999999999	4.369926846991542	high	high
G_r048_substitution_titv_2pct	48	9	substitution_titv	0.02	2.0	titv_2	GB_GCA_030583765.1	Patescibacteriota	Bacteria	high	100.0	4.999926846991542	100.0	4.999926846991542	615149	2	645906	2	645906	0.0201407015881567	0.1662522378698502	0	13009	0	0	True	85.01	2.39	checkm2	-14.989999999999995	-2.609926846991542	14.989999999999995	2.609926846991542	medium	high
G_r048_substitution_titv_5pct	48	10	substitution_titv	0.05	5.0	titv_2	GB_GCA_030583765.1	Patescibacteriota	Bacteria	high	100.0	4.999926846991542	100.0	4.999926846991542	615149	2	645906	2	645906	0.0500939765228996	0.3697505902753909	0	32356	0	0	True	46.27	2.75	checkm2	-53.73	-2.249926846991542	53.73	2.249926846991542	low	high
G_r048_indel_0p1pct	48	11	indel	0.001	0.1	ins0.5_geom0.75	GB_GCA_030583765.1	Patescibacteriota	Bacteria	high	100.0	4.999926846991542	100.00696695804034	4.999926846991542	615149	2	645906	2	645951	0.00106671868662		0	0	689	0	True	77.51	3.52	checkm2	-22.489999999999995	-1.479926846991542	22.489999999999995	1.479926846991542	medium	high
G_r048_indel_0p5pct	48	12	indel	0.005	0.5	ins0.5_geom0.75	GB_GCA_030583765.1	Patescibacteriota	Bacteria	high	100.0	4.999926846991542	99.98699501165804	4.999926846991542	615149	2	645906	2	645822	0.0049991794471641		0	0	3229	0	True	31.62	2.06	checkm2	-68.38	-2.939926846991542	68.38	2.939926846991542	low	high
G_r048_indel_1pct	48	13	indel	0.01	1.0	ins0.5_geom0.75	GB_GCA_030583765.1	Patescibacteriota	Bacteria	high	100.0	4.999926846991542	99.98405340715212	4.999926846991542	615149	2	645906	2	645803	0.0100138410233067		0	0	6468	0	True	20.12	3.36	checkm2	-79.88	-1.6399268469915422	79.88	1.6399268469915422	low	high
G_r048_indel_2pct	48	14	indel	0.02	2.0	ins0.5_geom0.75	GB_GCA_030583765.1	Patescibacteriota	Bacteria	high	100.0	4.999926846991542	99.9865305477887	4.999926846991542	615149	2	645906	2	645819	0.0200803212851405		0	0	12970	0	True	5.7	0.02	checkm2	-94.3	-4.9799268469915425	94.3	4.9799268469915425	low	high
G_r048_indel_5pct	48	15	indel	0.05	5.0	ins0.5_geom0.75	GB_GCA_030583765.1	Patescibacteriota	Bacteria	high	100.0	4.999926846991542	99.993497505829	4.999926846991542	615149	2	645906	2	645864	0.0497905267949206		0	0	32160	0	True	4.19	0.01	checkm2	-95.81	-4.989926846991542	95.81	4.989926846991542	low	high
G_r048_chimera_5pct	48	16	chimera	0.05	5.0	rc0.5	GB_GCA_030583765.1	Patescibacteriota	Bacteria	high	100.0	4.999926846991542	100.0	4.999926846991542	615149	2	645906	2	645906	0.0		0	0	0	0	True	99.56	0.28	checkm2	-0.4399999999999977	-4.719926846991542	0.4399999999999977	4.719926846991542	high	high
G_r048_chimera_10pct	48	17	chimera	0.1	10.0	rc0.5	GB_GCA_030583765.1	Patescibacteriota	Bacteria	high	100.0	4.999926846991542	100.0	4.999926846991542	615149	2	645906	2	645906	0.0		0	0	0	0	True	99.56	0.28	checkm2	-0.4399999999999977	-4.719926846991542	0.4399999999999977	4.719926846991542	high	high
G_r048_chimera_20pct	48	18	chimera	0.2	20.0	rc0.5	GB_GCA_030583765.1	Patescibacteriota	Bacteria	high	100.0	4.999926846991542	100.0	4.999926846991542	615149	2	645906	2	645906	0.0		0	0	0	0	True	99.56	0.28	checkm2	-0.4399999999999977	-4.719926846991542	0.4399999999999977	4.719926846991542	high	high
G_r048_chimera_40pct	48	19	chimera	0.4	40.0	rc0.5	GB_GCA_030583765.1	Patescibacteriota	Bacteria	high	100.0	4.999926846991542	100.0	4.999926846991542	615149	2	645906	2	645906	0.0		0	0	0	0	True	99.56	0.28	checkm2	-0.4399999999999977	-4.719926846991542	0.4399999999999977	4.719926846991542	high	high
G_r048_uneven_coverage_5pct	48	20	uneven_coverage	0.05	5.0	lognormal_sigma1.0	GB_GCA_030583765.1	Patescibacteriota	Bacteria	high	100.0	4.999926846991542	100.0	10.249874420668814	615149	2	645906	3	678201	0.0499995355361306		32295	0	0	0	True	99.56	0.37	checkm2	-0.4399999999999977	-4.629926846991542	0.4399999999999977	4.629926846991542	high	high
G_r048_uneven_coverage_10pct	48	21	uneven_coverage	0.1	10.0	lognormal_sigma1.0	GB_GCA_030583765.1	Patescibacteriota	Bacteria	high	100.0	4.999926846991542	100.0	15.499984556587105	615149	2	645906	3	710497	0.1000006192851591		64591	0	0	0	True	100.0	12.19	checkm2	0.0	7.190073153008457	0.0	7.190073153008457	low	high
G_r048_uneven_coverage_20pct	48	22	uneven_coverage	0.2	20.0	lognormal_sigma1.0	GB_GCA_030583765.1	Patescibacteriota	Bacteria	high	100.0	4.999926846991542	100.0	25.999879703941648	615149	2	645906	3	775087	0.1999996903574204		129181	0	0	0	True	99.57	26.16	checkm2	-0.4300000000000068	21.160073153008458	0.4300000000000068	21.160073153008458	low	high
G_r048_uneven_coverage_40pct	48	23	uneven_coverage	0.4	40.0	lognormal_sigma1.0	GB_GCA_030583765.1	Patescibacteriota	Bacteria	high	100.0	4.999926846991542	100.0	46.99983256089176	615149	2	645906	3	904268	0.3999993807148408		258362	0	0	0	True	100.0	34.02	checkm2	0.0	29.02007315300846	0.0	29.02007315300846	low	high
G_r049_none_control	49	0	none	0.0	0.0	control	GB_GCA_009177165.1	Deinococcota	Bacteria	medium	69.04218972205354	1.999980563358592	69.04218972205354	1.999980563358592	4013039	8	2850950	8	2850950	0.0		0	0	0	0	True	70.81	0.22	checkm2	1.7678102779464666	-1.7799805633585921	1.7678102779464666	1.7799805633585921	medium	medium
G_r049_substitution_0p1pct	49	1	substitution	0.001	0.1	uniform	GB_GCA_009177165.1	Deinococcota	Bacteria	medium	69.04218972205354	1.999980563358592	69.04218972205354	1.999980563358592	4013039	8	2850950	8	2850950	0.0010021220996509	0.0089640838741259	0	2857	0	0	True	70.06	0.28	checkm2	1.0178102779464666	-1.719980563358592	1.0178102779464666	1.719980563358592	medium	medium
G_r049_substitution_0p5pct	49	2	substitution	0.005	0.5	uniform	GB_GCA_009177165.1	Deinococcota	Bacteria	medium	69.04218972205354	1.999980563358592	69.04218972205354	1.999980563358592	4013039	8	2850950	8	2850950	0.0050758519090127	0.0441104216424403	0	14471	0	0	True	69.93	1.94	checkm2	0.8878102779464712	-0.05998056335859214	0.8878102779464712	0.05998056335859214	medium	medium
G_r049_substitution_1pct	49	3	substitution	0.01	1.0	uniform	GB_GCA_009177165.1	Deinococcota	Bacteria	medium	69.04218972205354	1.999980563358592	69.04218972205354	1.999980563358592	4013039	8	2850950	8	2850950	0.0099963170171346	0.0864827525163591	0	28499	0	0	True	63.88	0.88	checkm2	-5.162189722053533	-1.1199805633585922	5.162189722053533	1.1199805633585922	medium	medium
G_r049_substitution_2pct	49	4	substitution	0.02	2.0	uniform	GB_GCA_009177165.1	Deinococcota	Bacteria	medium	69.04218972205354	1.999980563358592	69.04218972205354	1.999980563358592	4013039	8	2850950	8	2850950	0.019944930637156	0.1662522378698502	0	56862	0	0	True	61.67	2.58	checkm2	-7.372189722053534	0.580019436641408	7.372189722053534	0.580019436641408	medium	medium
G_r049_substitution_5pct	49	5	substitution	0.05	5.0	uniform	GB_GCA_009177165.1	Deinococcota	Bacteria	medium	69.04218972205354	1.999980563358592	69.04218972205354	1.999980563358592	4013039	8	2850950	8	2850950	0.050040162051246	0.3697505902753909	0	142662	0	0	True	50.12	2.08	checkm2	-18.922189722053538	0.08001943664140798	18.922189722053538	0.08001943664140798	medium	medium
G_r049_substitution_titv_0p1pct	49	6	substitution_titv	0.001	0.1	titv_2	GB_GCA_009177165.1	Deinococcota	Bacteria	medium	69.04218972205354	1.999980563358592	69.04218972205354	1.999980563358592	4013039	8	2850950	8	2850950	0.0010042266612883	0.0089640838741259	0	2863	0	0	True	71.49	0.11	checkm2	2.4478102779464592	-1.889980563358592	2.4478102779464592	1.889980563358592	medium	medium
G_r049_substitution_titv_0p5pct	49	7	substitution_titv	0.005	0.5	titv_2	GB_GCA_009177165.1	Deinococcota	Bacteria	medium	69.04218972205354	1.999980563358592	69.04218972205354	1.999980563358592	4013039	8	2850950	8	2850950	0.0050709412651923	0.0441104216424403	0	14457	0	0	True	68.39	0.17	checkm2	-0.6521897220535351	-1.8299805633585922	0.6521897220535351	1.8299805633585922	medium	medium
G_r049_substitution_titv_1pct	49	8	substitution_titv	0.01	1.0	titv_2	GB_GCA_009177165.1	Deinococcota	Bacteria	medium	69.04218972205354	1.999980563358592	69.04218972205354	1.999980563358592	4013039	8	2850950	8	2850950	0.0099156421543695	0.0864827525163591	0	28269	0	0	True	66.1	0.25	checkm2	-2.9421897220535413	-1.749980563358592	2.9421897220535413	1.749980563358592	medium	medium
G_r049_substitution_titv_2pct	49	9	substitution_titv	0.02	2.0	titv_2	GB_GCA_009177165.1	Deinococcota	Bacteria	medium	69.04218972205354	1.999980563358592	69.04218972205354	1.999980563358592	4013039	8	2850950	8	2850950	0.0199119591715042	0.1662522378698502	0	56768	0	0	True	62.15	1.68	checkm2	-6.892189722053537	-0.31998056335859215	6.892189722053537	0.31998056335859215	medium	medium
G_r049_substitution_titv_5pct	49	10	substitution_titv	0.05	5.0	titv_2	GB_GCA_009177165.1	Deinococcota	Bacteria	medium	69.04218972205354	1.999980563358592	69.04218972205354	1.999980563358592	4013039	8	2850950	8	2850950	0.0500313930444237	0.3697505902753909	0	142637	0	0	True	47.03	2.82	checkm2	-22.012189722053535	0.8200194366414078	22.012189722053535	0.8200194366414078	low	medium
G_r049_indel_0p1pct	49	11	indel	0.001	0.1	ins0.5_geom0.75	GB_GCA_009177165.1	Deinococcota	Bacteria	medium	69.04218972205354	1.999980563358592	69.03826652636965	1.999980563358592	4013039	8	2850950	8	2850788	0.0010172047913853		0	0	2900	0	True	55.86	0.89	checkm2	-13.182189722053536	-1.109980563358592	13.182189722053536	1.109980563358592	medium	medium
G_r049_indel_0p5pct	49	12	indel	0.005	0.5	ins0.5_geom0.75	GB_GCA_009177165.1	Deinococcota	Bacteria	medium	69.04218972205354	1.999980563358592	69.04073668661506	1.999980563358592	4013039	8	2850950	8	2850890	0.0050453357652712		0	0	14384	0	True	31.24	7.76	checkm2	-37.80218972205354	5.760019436641407	37.80218972205354	5.760019436641407	low	medium
G_r049_indel_1pct	49	13	indel	0.01	1.0	ins0.5_geom0.75	GB_GCA_009177165.1	Deinococcota	Bacteria	medium	69.04218972205354	1.999980563358592	69.03153412883805	1.999980563358592	4013039	8	2850950	8	2850510	0.0100398112909731		0	0	28623	0	True	25.64	1.6	checkm2	-43.402189722053535	-0.399980563358592	43.402189722053535	0.399980563358592	low	medium
G_r049_indel_2pct	49	14	indel	0.02	2.0	ins0.5_geom0.75	GB_GCA_009177165.1	Deinococcota	Bacteria	medium	69.04218972205354	1.999980563358592	69.04897055409975	1.999980563358592	4013039	8	2850950	8	2851230	0.0201220645749662		0	0	57367	0	True	36.17	10.1	checkm2	-32.872189722053534	8.100019436641407	32.872189722053534	8.100019436641407	low	medium
G_r049_indel_5pct	49	15	indel	0.05	5.0	ins0.5_geom0.75	GB_GCA_009177165.1	Deinococcota	Bacteria	medium	69.04218972205354	1.999980563358592	69.03121930449305	1.999980563358592	4013039	8	2850950	8	2850497	0.0502344832424279		0	0	143216	0	True	35.25	15.54	checkm2	-33.792189722053536	13.540019436641407	33.792189722053536	13.540019436641407	low	medium
G_r049_chimera_5pct	49	16	chimera	0.05	5.0	rc0.5	GB_GCA_009177165.1	Deinococcota	Bacteria	medium	69.04218972205354	1.999980563358592	69.04218972205354	1.999980563358592	4013039	8	2850950	8	2850950	0.0		0	0	0	0	True	70.81	0.22	checkm2	1.7678102779464666	-1.7799805633585921	1.7678102779464666	1.7799805633585921	medium	medium
G_r049_chimera_10pct	49	17	chimera	0.1	10.0	rc0.5	GB_GCA_009177165.1	Deinococcota	Bacteria	medium	69.04218972205354	1.999980563358592	69.04218972205354	1.999980563358592	4013039	8	2850950	8	2850950	0.0		0	0	0	0	True	70.81	0.22	checkm2	1.7678102779464666	-1.7799805633585921	1.7678102779464666	1.7799805633585921	medium	medium
G_r049_chimera_20pct	49	18	chimera	0.2	20.0	rc0.5	GB_GCA_009177165.1	Deinococcota	Bacteria	medium	69.04218972205354	1.999980563358592	69.04218972205354	1.999980563358592	4013039	8	2850950	7	2850950	0.25		0	0	0	1	True	70.81	0.22	checkm2	1.7678102779464666	-1.7799805633585921	1.7678102779464666	1.7799805633585921	medium	medium
G_r049_chimera_40pct	49	19	chimera	0.4	40.0	rc0.5	GB_GCA_009177165.1	Deinococcota	Bacteria	medium	69.04218972205354	1.999980563358592	69.04218972205354	1.999980563358592	4013039	8	2850950	6	2850950	0.5		0	0	0	2	True	70.76	0.22	checkm2	1.7178102779464695	-1.7799805633585921	1.7178102779464695	1.7799805633585921	medium	medium
G_r049_uneven_coverage_5pct	49	20	uneven_coverage	0.05	5.0	lognormal_sigma1.0	GB_GCA_009177165.1	Deinococcota	Bacteria	medium	69.04218972205354	1.999980563358592	69.04218972205354	5.552101537014717	4013039	8	2850950	9	2993498	0.0500001753801364		142548	0	0	0	True	70.57	5.56	checkm2	1.5278102779464575	3.5600194366414075	1.5278102779464575	3.5600194366414075	medium	medium
G_r049_uneven_coverage_10pct	49	21	uneven_coverage	0.1	10.0	lognormal_sigma1.0	GB_GCA_009177165.1	Deinococcota	Bacteria	medium	69.04218972205354	1.999980563358592	69.04218972205354	9.104197591899805	4013039	8	2850950	9	3136045	0.1		285095	0	0	0	True	71.99	7.03	checkm2	2.9478102779464592	5.030019436641409	2.9478102779464592	5.030019436641409	medium	medium
G_r049_uneven_coverage_20pct	49	22	uneven_coverage	0.2	20.0	lognormal_sigma1.0	GB_GCA_009177165.1	Deinococcota	Bacteria	medium	69.04218972205354	1.999980563358592	69.04218972205354	16.20841462044102	4013039	8	2850950	9	3421140	0.2		570190	0	0	0	True	73.51	12.9	checkm2	4.4678102779464695	10.900019436641408	4.4678102779464695	10.900019436641408	low	medium
G_r049_uneven_coverage_40pct	49	23	uneven_coverage	0.4	40.0	lognormal_sigma1.0	GB_GCA_009177165.1	Deinococcota	Bacteria	medium	69.04218972205354	1.999980563358592	69.04218972205354	30.416848677523443	4013039	8	2850950	14	3991330	0.4		1140380	0	0	0	True	72.72	20.81	checkm2	3.677810277946463	18.810019436641408	3.677810277946463	18.810019436641408	low	medium
G_r050_none_control	50	0	none	0.0	0.0	control	RS_GCF_007748155.1	Planctomycetota	Bacteria	medium	79.7641909148204	4.999996167949083	79.7641909148204	4.999996167949083	7828706	66	6635939	66	6635939	0.0		0	0	0	0	True	87.25	4.6	checkm2	7.485809085179596	-0.39999616794908377	7.485809085179596	0.39999616794908377	medium	medium
G_r050_substitution_0p1pct	50	1	substitution	0.001	0.1	uniform	RS_GCF_007748155.1	Planctomycetota	Bacteria	medium	79.7641909148204	4.999996167949083	79.7641909148204	4.999996167949083	7828706	66	6635939	66	6635939	0.0010209445436337	0.0089640838741259	0	6759	0	0	True	85.5	6.33	checkm2	5.735809085179596	1.3300038320509167	5.735809085179596	1.3300038320509167	medium	medium
G_r050_substitution_0p5pct	50	2	substitution	0.005	0.5	uniform	RS_GCF_007748155.1	Planctomycetota	Bacteria	medium	79.7641909148204	4.999996167949083	79.7641909148204	4.999996167949083	7828706	66	6635939	66	6635939	0.004994758577354	0.0441104216424403	0	33067	0	0	True	79.81	7.37	checkm2	0.045809085179598696	2.3700038320509167	0.045809085179598696	2.3700038320509167	medium	medium
G_r050_substitution_1pct	50	3	substitution	0.01	1.0	uniform	RS_GCF_007748155.1	Planctomycetota	Bacteria	medium	79.7641909148204	4.999996167949083	79.7641909148204	4.999996167949083	7828706	66	6635939	66	6635939	0.0099757716371062	0.0864827525163591	0	66043	0	0	True	80.21	3.1	checkm2	0.44580908517959017	-1.8999961679490833	0.44580908517959017	1.8999961679490833	medium	medium
G_r050_substitution_2pct	50	4	substitution	0.02	2.0	uniform	RS_GCF_007748155.1	Planctomycetota	Bacteria	medium	79.7641909148204	4.999996167949083	79.7641909148204	4.999996167949083	7828706	66	6635939	66	6635939	0.0199800916569239	0.1662522378698502	0	132275	0	0	True	72.1	6.36	checkm2	-7.664190914820409	1.360003832050917	7.664190914820409	1.360003832050917	medium	medium
G_r050_substitution_5pct	50	5	substitution	0.05	5.0	uniform	RS_GCF_007748155.1	Planctomycetota	Bacteria	medium	79.7641909148204	4.999996167949083	79.7641909148204	4.999996167949083	7828706	66	6635939	66	6635939	0.0500252252905439	0.3697505902753909	0	331184	0	0	True	44.68	2.66	checkm2	-35.084190914820404	-2.3399961679490833	35.084190914820404	2.3399961679490833	low	medium
G_r050_substitution_titv_0p1pct	50	6	substitution_titv	0.001	0.1	titv_2	RS_GCF_007748155.1	Planctomycetota	Bacteria	medium	79.7641909148204	4.999996167949083	79.7641909148204	4.999996167949083	7828706	66	6635939	66	6635939	0.0010182256500421	0.0089640838741259	0	6741	0	0	True	86.16	5.47	checkm2	6.395809085179593	0.47000383205091634	6.395809085179593	0.47000383205091634	medium	medium
G_r050_substitution_titv_0p5pct	50	7	substitution_titv	0.005	0.5	titv_2	RS_GCF_007748155.1	Planctomycetota	Bacteria	medium	79.7641909148204	4.999996167949083	79.7641909148204	4.999996167949083	7828706	66	6635939	66	6635939	0.0049574493152919	0.0441104216424403	0	32820	0	0	True	81.51	5.45	checkm2	1.7458090851796015	0.45000383205091676	1.7458090851796015	0.45000383205091676	medium	medium
G_r050_substitution_titv_1pct	50	8	substitution_titv	0.01	1.0	titv_2	RS_GCF_007748155.1	Planctomycetota	Bacteria	medium	79.7641909148204	4.999996167949083	79.7641909148204	4.999996167949083	7828706	66	6635939	66	6635939	0.0099701828002791	0.0864827525163591	0	66006	0	0	True	79.66	7.4	checkm2	-0.10419091482040699	2.400003832050917	0.10419091482040699	2.400003832050917	medium	medium
G_r050_substitution_titv_2pct	50	9	substitution_titv	0.02	2.0	titv_2	RS_GCF_007748155.1	Planctomycetota	Bacteria	medium	79.7641909148204	4.999996167949083	79.7641909148204	4.999996167949083	7828706	66	6635939	66	6635939	0.0200198177132896	0.1662522378698502	0	132538	0	0	True	71.54	5.02	checkm2	-8.224190914820397	0.02000383205091616	8.224190914820397	0.02000383205091616	medium	medium
G_r050_substitution_titv_5pct	50	10	substitution_titv	0.05	5.0	titv_2	RS_GCF_007748155.1	Planctomycetota	Bacteria	medium	79.7641909148204	4.999996167949083	79.7641909148204	4.999996167949083	7828706	66	6635939	66	6635939	0.0500980312189404	0.3697505902753909	0	331666	0	0	True	54.37	3.0	checkm2	-25.394190914820406	-1.9999961679490834	25.394190914820406	1.9999961679490834	medium	medium
G_r050_indel_0p1pct	50	11	indel	0.001	0.1	ins0.5_geom0.75	RS_GCF_007748155.1	Planctomycetota	Bacteria	medium	79.7641909148204	4.999996167949083	79.76256821066754	4.999996167949083	7828706	66	6635939	66	6635804	0.0010024203055513		0	0	6652	0	True	63.56	4.11	checkm2	-16.2041909148204	-0.8899961679490831	16.2041909148204	0.8899961679490831	medium	medium
G_r050_indel_0p5pct	50	12	indel	0.005	0.5	ins0.5_geom0.75	RS_GCF_007748155.1	Planctomycetota	Bacteria	medium	79.7641909148204	4.999996167949083	79.76206336937553	4.999996167949083	7828706	66	6635939	66	6635762	0.0049873876176378		0	0	33096	0	True	53.25	1.85	checkm2	-26.514190914820404	-3.1499961679490833	26.514190914820404	3.1499961679490833	medium	medium
G_r050_indel_1pct	50	13	indel	0.01	1.0	ins0.5_geom0.75	RS_GCF_007748155.1	Planctomycetota	Bacteria	medium	79.7641909148204	4.999996167949083	79.77223231540019	4.999996167949083	7828706	66	6635939	66	6636608	0.010010188460141		0	0	66427	0	True	74.88	9.69	checkm2	-4.884190914820408	4.690003832050916	4.884190914820408	4.690003832050916	medium	medium
G_r050_indel_2pct	50	14	indel	0.02	2.0	ins0.5_geom0.75	RS_GCF_007748155.1	Planctomycetota	Bacteria	medium	79.7641909148204	4.999996167949083	79.75540427233338	4.999996167949083	7828706	66	6635939	66	6635208	0.0200051567683186		0	0	132753	0	True	85.52	9.09	checkm2	5.755809085179592	4.090003832050916	5.755809085179592	4.090003832050916	medium	medium
G_r050_indel_5pct	50	15	indel	0.05	5.0	ins0.5_geom0.75	RS_GCF_007748155.1	Planctomycetota	Bacteria	medium	79.7641909148204	4.999996167949083	79.76702764208024	4.999996167949083	7828706	66	6635939	66	6636175	0.0499285783067023		0	0	331323	0	True	84.89	19.56	checkm2	5.125809085179597	14.560003832050915	5.125809085179597	14.560003832050915	low	medium
G_r050_chimera_5pct	50	16	chimera	0.05	5.0	rc0.5	RS_GCF_007748155.1	Planctomycetota	Bacteria	medium	79.7641909148204	4.999996167949083	79.7641909148204	4.999996167949083	7828706	66	6635939	65	6635939	0.0303030303030303		0	0	0	1	True	87.16	4.58	checkm2	7.395809085179593	-0.41999616794908334	7.395809085179593	0.41999616794908334	medium	medium
G_r050_chimera_10pct	50	17	chimera	0.1	10.0	rc0.5	RS_GCF_007748155.1	Planctomycetota	Bacteria	medium	79.7641909148204	4.999996167949083	79.7641909148204	4.999996167949083	7828706	66	6635939	63	6635939	0.0909090909090909		0	0	0	3	True	87.29	4.6	checkm2	7.525809085179603	-0.39999616794908377	7.525809085179603	0.39999616794908377	medium	medium
G_r050_chimera_20pct	50	18	chimera	0.2	20.0	rc0.5	RS_GCF_007748155.1	Planctomycetota	Bacteria	medium	79.7641909148204	4.999996167949083	79.7641909148204	4.999996167949083	7828706	66	6635939	59	6635939	0.2121212121212121		0	0	0	7	True	87.31	4.58	checkm2	7.545809085179599	-0.41999616794908334	7.545809085179599	0.41999616794908334	medium	medium
G_r050_chimera_40pct	50	19	chimera	0.4	40.0	rc0.5	RS_GCF_007748155.1	Planctomycetota	Bacteria	medium	79.7641909148204	4.999996167949083	79.7641909148204	4.999996167949083	7828706	66	6635939	53	6635939	0.3939393939393939		0	0	0	13	True	87.25	4.55	checkm2	7.485809085179596	-0.4499961679490836	7.485809085179596	0.4499961679490836	medium	medium
G_r050_uneven_coverage_5pct	50	20	uneven_coverage	0.05	5.0	lognormal_sigma1.0	RS_GCF_007748155.1	Planctomycetota	Bacteria	medium	79.7641909148204	4.999996167949083	79.7641909148204	9.238206160762712	7828706	66	6635939	73	6967736	0.0500000075347287		331797	0	0	0	True	86.17	9.77	checkm2	6.405809085179598	4.770003832050916	6.405809085179598	4.770003832050916	medium	medium
G_r050_uneven_coverage_10pct	50	21	uneven_coverage	0.1	10.0	lognormal_sigma1.0	RS_GCF_007748155.1	Planctomycetota	Bacteria	medium	79.7641909148204	4.999996167949083	79.7641909148204	13.476416153576338	7828706	66	6635939	72	7299533	0.1000000150694574		663594	0	0	0	True	85.6	15.67	checkm2	5.835809085179591	10.670003832050917	5.835809085179591	10.670003832050917	low	medium
G_r050_uneven_coverage_20pct	50	22	uneven_coverage	0.2	20.0	lognormal_sigma1.0	RS_GCF_007748155.1	Planctomycetota	Bacteria	medium	79.7641909148204	4.999996167949083	79.7641909148204	21.952836139203598	7828706	66	6635939	86	7963127	0.2000000301389148		1327188	0	0	0	True	81.72	21.54	checkm2	1.9558090851795953	16.540003832050914	1.9558090851795953	16.540003832050914	low	medium
G_r050_uneven_coverage_40pct	50	23	uneven_coverage	0.4	40.0	lognormal_sigma1.0	RS_GCF_007748155.1	Planctomycetota	Bacteria	medium	79.7641909148204	4.999996167949083	79.7641909148204	38.9056761104581	7828706	66	6635939	103	9290315	0.4000000602778296		2654376	0	0	0	True	82.06	27.24	checkm2	2.2958090851795987	22.240003832050917	2.2958090851795987	22.240003832050917	low	medium
G_r051_none_control	51	0	none	0.0	0.0	control	RS_GCF_018771565.1	Chloroflexota	Bacteria	medium	96.56674540006595	9.999975879479408	96.56674540006595	9.999975879479408	3316678	26	3534475	26	3534475	0.0		0	0	0	0	True	96.77	11.45	checkm2	0.20325459993404138	1.4500241205205917	0.20325459993404138	1.4500241205205917	low	medium
G_r051_substitution_0p1pct	51	1	substitution	0.001	0.1	uniform	RS_GCF_018771565.1	Chloroflexota	Bacteria	medium	96.56674540006595	9.999975879479408	96.56674540006595	9.999975879479408	3316678	26	3534475	26	3534475	0.0010066558682689	0.0089640838741259	0	3558	0	0	True	98.77	12.19	checkm2	2.2032545999340414	2.190024120520592	2.2032545999340414	2.190024120520592	low	medium
G_r051_substitution_0p5pct	51	2	substitution	0.005	0.5	uniform	RS_GCF_018771565.1	Chloroflexota	Bacteria	medium	96.56674540006595	9.999975879479408	96.56674540006595	9.999975879479408	3316678	26	3534475	26	3534475	0.0049894255865439	0.0441104216424403	0	17635	0	0	True	93.84	9.72	checkm2	-2.7267454000659512	-0.27997587947940694	2.7267454000659512	0.27997587947940694	medium	medium
G_r051_substitution_1pct	51	3	substitution	0.01	1.0	uniform	RS_GCF_018771565.1	Chloroflexota	Bacteria	medium	96.56674540006595	9.999975879479408	96.56674540006595	9.999975879479408	3316678	26	3534475	26	3534475	0.0100051634259684	0.0864827525163591	0	35363	0	0	True	88.33	11.84	checkm2	-8.236745400065956	1.8400241205205923	8.236745400065956	1.8400241205205923	low	medium
G_r051_substitution_2pct	51	4	substitution	0.02	2.0	uniform	RS_GCF_018771565.1	Chloroflexota	Bacteria	medium	96.56674540006595	9.999975879479408	96.56674540006595	9.999975879479408	3316678	26	3534475	26	3534475	0.0200926587399826	0.1662522378698502	0	71017	0	0	True	89.36	7.84	checkm2	-7.206745400065955	-2.1599758794794077	7.206745400065955	2.1599758794794077	medium	medium
G_r051_substitution_5pct	51	5	substitution	0.05	5.0	uniform	RS_GCF_018771565.1	Chloroflexota	Bacteria	medium	96.56674540006595	9.999975879479408	96.56674540006595	9.999975879479408	3316678	26	3534475	26	3534475	0.0501191831884509	0.3697505902753909	0	177145	0	0	True	65.49	2.79	checkm2	-31.07674540006596	-7.2099758794794075	31.07674540006596	7.2099758794794075	medium	medium
G_r051_substitution_titv_0p1pct	51	6	substitution_titv	0.001	0.1	titv_2	RS_GCF_018771565.1	Chloroflexota	Bacteria	medium	96.56674540006595	9.999975879479408	96.56674540006595	9.999975879479408	3316678	26	3534475	26	3534475	0.0010075046506199	0.0089640838741259	0	3561	0	0	True	96.52	11.68	checkm2	-0.04674540006595862	1.6800241205205921	0.04674540006595862	1.6800241205205921	low	medium
G_r051_substitution_titv_0p5pct	51	7	substitution_titv	0.005	0.5	titv_2	RS_GCF_018771565.1	Chloroflexota	Bacteria	medium	96.56674540006595	9.999975879479408	96.56674540006595	9.999975879479408	3316678	26	3534475	26	3534475	0.004926615692571	0.0441104216424403	0	17413	0	0	True	95.63	12.25	checkm2	-0.9367454000659592	2.2500241205205924	0.9367454000659592	2.2500241205205924	low	medium
G_r051_substitution_titv_1pct	51	8	substitution_titv	0.01	1.0	titv_2	RS_GCF_018771565.1	Chloroflexota	Bacteria	medium	96.56674540006595	9.999975879479408	96.56674540006595	9.999975879479408	3316678	26	3534475	26	3534475	0.0100450561964648	0.0864827525163591	0	35504	0	0	True	94.28	10.76	checkm2	-2.2867454000659535	0.7600241205205922	2.2867454000659535	0.7600241205205922	low	medium
G_r051_substitution_titv_2pct	51	9	substitution_titv	0.02	2.0	titv_2	RS_GCF_018771565.1	Chloroflexota	Bacteria	medium	96.56674540006595	9.999975879479408	96.56674540006595	9.999975879479408	3316678	26	3534475	26	3534475	0.0199036632031631	0.1662522378698502	0	70349	0	0	True	85.13	11.93	checkm2	-11.43674540006596	1.9300241205205921	11.43674540006596	1.9300241205205921	low	medium
G_r051_substitution_titv_5pct	51	10	substitution_titv	0.05	5.0	titv_2	RS_GCF_018771565.1	Chloroflexota	Bacteria	medium	96.56674540006595	9.999975879479408	96.56674540006595	9.999975879479408	3316678	26	3534475	26	3534475	0.049914343714413	0.3697505902753909	0	176421	0	0	True	69.12	9.81	checkm2	-27.44674540006595	-0.18997587947940708	27.44674540006595	0.18997587947940708	medium	medium
G_r051_indel_0p1pct	51	11	indel	0.001	0.1	ins0.5_geom0.75	RS_GCF_018771565.1	Chloroflexota	Bacteria	medium	96.56674540006595	9.999975879479408	96.5681934333683	9.999975879479408	3316678	26	3534475	26	3534528	0.0010052412310173		0	0	3553	0	True	81.09	9.37	checkm2	-15.476745400065951	-0.6299758794794084	15.476745400065951	0.6299758794794084	medium	medium
G_r051_indel_0p5pct	51	12	indel	0.005	0.5	ins0.5_geom0.75	RS_GCF_018771565.1	Chloroflexota	Bacteria	medium	96.56674540006595	9.999975879479408	96.55969648323584	9.999975879479408	3316678	26	3534475	26	3534217	0.0049206742161141		0	0	17392	0	True	35.18	2.02	checkm2	-61.386745400065955	-7.979975879479408	61.386745400065955	7.979975879479408	low	medium
G_r051_indel_1pct	51	13	indel	0.01	1.0	ins0.5_geom0.75	RS_GCF_018771565.1	Chloroflexota	Bacteria	medium	96.56674540006595	9.999975879479408	96.56166362281634	9.999975879479408	3316678	26	3534475	26	3534289	0.0100246854200411		0	0	35432	0	True	37.04	14.36	checkm2	-59.526745400065955	4.360024120520592	59.526745400065955	4.360024120520592	low	medium
G_r051_indel_2pct	51	14	indel	0.02	2.0	ins0.5_geom0.75	RS_GCF_018771565.1	Chloroflexota	Bacteria	medium	96.56674540006595	9.999975879479408	96.561527015901	9.999975879479408	3316678	26	3534475	26	3534284	0.0200584245184928		0	0	70896	0	True	41.53	20.41	checkm2	-55.03674540006595	10.410024120520593	55.03674540006595	10.410024120520593	low	medium
G_r051_indel_5pct	51	15	indel	0.05	5.0	ins0.5_geom0.75	RS_GCF_018771565.1	Chloroflexota	Bacteria	medium	96.56674540006595	9.999975879479408	96.58704518768144	9.999975879479408	3316678	26	3534475	26	3535218	0.0500343049533523		0	0	176845	0	True	42.26	9.06	checkm2	-54.30674540006596	-0.9399758794794071	54.30674540006596	0.9399758794794071	low	medium
G_r051_chimera_5pct	51	16	chimera	0.05	5.0	rc0.5	RS_GCF_018771565.1	Chloroflexota	Bacteria	medium	96.56674540006595	9.999975879479408	96.56674540006595	9.999975879479408	3316678	26	3534475	26	3534475	0.0		0	0	0	0	True	96.77	11.45	checkm2	0.20325459993404138	1.4500241205205917	0.20325459993404138	1.4500241205205917	low	medium
G_r051_chimera_10pct	51	17	chimera	0.1	10.0	rc0.5	RS_GCF_018771565.1	Chloroflexota	Bacteria	medium	96.56674540006595	9.999975879479408	96.56674540006595	9.999975879479408	3316678	26	3534475	25	3534475	0.0769230769230769		0	0	0	1	True	96.77	11.45	checkm2	0.20325459993404138	1.4500241205205917	0.20325459993404138	1.4500241205205917	low	medium
G_r051_chimera_20pct	51	18	chimera	0.2	20.0	rc0.5	RS_GCF_018771565.1	Chloroflexota	Bacteria	medium	96.56674540006595	9.999975879479408	96.56674540006595	9.999975879479408	3316678	26	3534475	23	3534475	0.2307692307692307		0	0	0	3	True	96.77	11.45	checkm2	0.20325459993404138	1.4500241205205917	0.20325459993404138	1.4500241205205917	low	medium
G_r051_chimera_40pct	51	19	chimera	0.4	40.0	rc0.5	RS_GCF_018771565.1	Chloroflexota	Bacteria	medium	96.56674540006595	9.999975879479408	96.56674540006595	9.999975879479408	3316678	26	3534475	21	3534475	0.3846153846153846		0	0	0	5	True	96.97	11.45	checkm2	0.4032545999340442	1.4500241205205917	0.4032545999340442	1.4500241205205917	low	medium
G_r051_uneven_coverage_5pct	51	20	uneven_coverage	0.05	5.0	lognormal_sigma1.0	RS_GCF_018771565.1	Chloroflexota	Bacteria	medium	96.56674540006595	9.999975879479408	96.56674540006595	15.328319481119362	3316678	26	3534475	28	3711199	0.0500000707318625		176724	0	0	0	True	96.78	14.94	checkm2	0.2132545999340465	4.940024120520592	0.2132545999340465	4.940024120520592	low	medium
G_r051_uneven_coverage_10pct	51	21	uneven_coverage	0.1	10.0	lognormal_sigma1.0	RS_GCF_018771565.1	Chloroflexota	Bacteria	medium	96.56674540006595	9.999975879479408	96.56674540006595	20.65666308275932	3316678	26	3534475	28	3887923	0.1000001414637251		353448	0	0	0	True	97.21	20.06	checkm2	0.6432545999340391	10.060024120520591	0.6432545999340391	10.060024120520591	low	medium
G_r051_uneven_coverage_20pct	51	22	uneven_coverage	0.2	20.0	lognormal_sigma1.0	RS_GCF_018771565.1	Chloroflexota	Bacteria	medium	96.56674540006595	9.999975879479408	96.56674540006595	31.313320135388484	3316678	26	3534475	34	4241370	0.2		706895	0	0	0	True	96.63	26.44	checkm2	0.06325459993404081	16.440024120520594	0.06325459993404081	16.440024120520594	low	medium
G_r051_uneven_coverage_40pct	51	23	uneven_coverage	0.4	40.0	lognormal_sigma1.0	RS_GCF_018771565.1	Chloroflexota	Bacteria	medium	96.56674540006595	9.999975879479408	96.56674540006595	52.62666439129756	3316678	26	3534475	44	4948265	0.4		1413790	0	0	0	True	96.0	37.69	checkm2	-0.5667454000659546	27.69002412052059	0.5667454000659546	27.69002412052059	low	medium
G_r052_none_control	52	0	none	0.0	0.0	control	RS_GCF_001887775.1	Desulfobacterota	Bacteria	medium	70.89159473028947	0.0	70.89159473028947	0.0	3218469	20	2281624	20	2281624	0.0		0	0	0	0	True	70.11	1.52	checkm2	-0.7815947302894699	1.52	0.7815947302894699	1.52	medium	medium
G_r052_substitution_0p1pct	52	1	substitution	0.001	0.1	uniform	RS_GCF_001887775.1	Desulfobacterota	Bacteria	medium	70.89159473028947	0.0	70.89159473028947	0.0	3218469	20	2281624	20	2281624	0.0010150664614327	0.0089640838741259	0	2316	0	0	True	70.06	1.39	checkm2	-0.8315947302894671	1.39	0.8315947302894671	1.39	medium	medium
G_r052_substitution_0p5pct	52	2	substitution	0.005	0.5	uniform	RS_GCF_001887775.1	Desulfobacterota	Bacteria	medium	70.89159473028947	0.0	70.89159473028947	0.0	3218469	20	2281624	20	2281624	0.0049710206414378	0.0441104216424403	0	11342	0	0	True	73.82	2.22	checkm2	2.928405269710524	2.22	2.928405269710524	2.22	medium	medium
G_r052_substitution_1pct	52	3	substitution	0.01	1.0	uniform	RS_GCF_001887775.1	Desulfobacterota	Bacteria	medium	70.89159473028947	0.0	70.89159473028947	0.0	3218469	20	2281624	20	2281624	0.0100235621644933	0.0864827525163591	0	22870	0	0	True	79.05	3.83	checkm2	8.158405269710528	3.83	8.158405269710528	3.83	medium	medium
G_r052_substitution_2pct	52	4	substitution	0.02	2.0	uniform	RS_GCF_001887775.1	Desulfobacterota	Bacteria	medium	70.89159473028947	0.0	70.89159473028947	0.0	3218469	20	2281624	20	2281624	0.0198740020266266	0.1662522378698502	0	45345	0	0	True	63.09	2.95	checkm2	-7.801594730289466	2.95	7.801594730289466	2.95	medium	medium
G_r052_substitution_5pct	52	5	substitution	0.05	5.0	uniform	RS_GCF_001887775.1	Desulfobacterota	Bacteria	medium	70.89159473028947	0.0	70.89159473028947	0.0	3218469	20	2281624	20	2281624	0.0499898318040132	0.3697505902753909	0	114058	0	0	True	50.29	1.07	checkm2	-20.60159473028947	1.07	20.60159473028947	1.07	medium	medium
G_r052_substitution_titv_0p1pct	52	6	substitution_titv	0.001	0.1	titv_2	RS_GCF_001887775.1	Desulfobacterota	Bacteria	medium	70.89159473028947	0.0	70.89159473028947	0.0	3218469	20	2281624	20	2281624	0.0009957819518027	0.0089640838741259	0	2272	0	0	True	68.4	1.64	checkm2	-2.4915947302894637	1.64	2.4915947302894637	1.64	medium	medium
G_r052_substitution_titv_0p5pct	52	7	substitution_titv	0.005	0.5	titv_2	RS_GCF_001887775.1	Desulfobacterota	Bacteria	medium	70.89159473028947	0.0	70.89159473028947	0.0	3218469	20	2281624	20	2281624	0.0050095896606978	0.0441104216424403	0	11430	0	0	True	68.14	1.69	checkm2	-2.7515947302894688	1.69	2.7515947302894688	1.69	medium	medium
G_r052_substitution_titv_1pct	52	8	substitution_titv	0.01	1.0	titv_2	RS_GCF_001887775.1	Desulfobacterota	Bacteria	medium	70.89159473028947	0.0	70.89159473028947	0.0	3218469	20	2281624	20	2281624	0.0099630789297447	0.0864827525163591	0	22732	0	0	True	68.2	3.04	checkm2	-2.6915947302894665	3.04	2.6915947302894665	3.04	medium	medium
G_r052_substitution_titv_2pct	52	9	substitution_titv	0.02	2.0	titv_2	RS_GCF_001887775.1	Desulfobacterota	Bacteria	medium	70.89159473028947	0.0	70.89159473028947	0.0	3218469	20	2281624	20	2281624	0.0198266673211712	0.1662522378698502	0	45237	0	0	True	78.24	3.29	checkm2	7.3484052697105255	3.29	7.3484052697105255	3.29	medium	medium
G_r052_substitution_titv_5pct	52	10	substitution_titv	0.05	5.0	titv_2	RS_GCF_001887775.1	Desulfobacterota	Bacteria	medium	70.89159473028947	0.0	70.89159473028947	0.0	3218469	20	2281624	20	2281624	0.0502585000859037	0.3697505902753909	0	114671	0	0	True	62.56	3.53	checkm2	-8.331594730289467	3.53	8.331594730289467	3.53	medium	medium
G_r052_indel_0p1pct	52	11	indel	0.001	0.1	ins0.5_geom0.75	RS_GCF_001887775.1	Desulfobacterota	Bacteria	medium	70.89159473028947	0.0	70.89109759951083	0.0	3218469	20	2281624	20	2281608	0.0009887694028463		0	0	2256	0	True	69.08	1.94	checkm2	-1.811594730289471	1.94	1.811594730289471	1.94	medium	medium
G_r052_indel_0p5pct	52	12	indel	0.005	0.5	ins0.5_geom0.75	RS_GCF_001887775.1	Desulfobacterota	Bacteria	medium	70.89159473028947	0.0	70.88873622831228	0.0	3218469	20	2281624	20	2281532	0.004984169170731		0	0	11372	0	True	40.29	1.66	checkm2	-30.60159473028947	1.66	30.60159473028947	1.66	low	medium
G_r052_indel_1pct	52	13	indel	0.01	1.0	ins0.5_geom0.75	RS_GCF_001887775.1	Desulfobacterota	Bacteria	medium	70.89159473028947	0.0	70.90405407042914	0.0	3218469	20	2281624	20	2282025	0.0100502975073894		0	0	22931	0	True	36.66	2.52	checkm2	-34.23159473028947	2.52	34.23159473028947	2.52	low	medium
G_r052_indel_2pct	52	14	indel	0.02	2.0	ins0.5_geom0.75	RS_GCF_001887775.1	Desulfobacterota	Bacteria	medium	70.89159473028947	0.0	70.88556701959845	0.0	3218469	20	2281624	20	2281430	0.0199958450647433		0	0	45623	0	True	20.71	1.95	checkm2	-50.18159473028947	1.95	50.18159473028947	1.95	low	medium
G_r052_indel_5pct	52	15	indel	0.05	5.0	ins0.5_geom0.75	RS_GCF_001887775.1	Desulfobacterota	Bacteria	medium	70.89159473028947	0.0	70.88146569067466	0.0	3218469	20	2281624	20	2281298	0.0501384101850261		0	0	114397	0	True	18.86	4.22	checkm2	-52.03159473028947	4.22	52.03159473028947	4.22	low	medium
G_r052_chimera_5pct	52	16	chimera	0.05	5.0	rc0.5	RS_GCF_001887775.1	Desulfobacterota	Bacteria	medium	70.89159473028947	0.0	70.89159473028947	0.0	3218469	20	2281624	19	2281624	0.1		0	0	0	1	True	70.11	1.52	checkm2	-0.7815947302894699	1.52	0.7815947302894699	1.52	medium	medium
G_r052_chimera_10pct	52	17	chimera	0.1	10.0	rc0.5	RS_GCF_001887775.1	Desulfobacterota	Bacteria	medium	70.89159473028947	0.0	70.89159473028947	0.0	3218469	20	2281624	19	2281624	0.1		0	0	0	1	True	70.11	1.52	checkm2	-0.7815947302894699	1.52	0.7815947302894699	1.52	medium	medium
G_r052_chimera_20pct	52	18	chimera	0.2	20.0	rc0.5	RS_GCF_001887775.1	Desulfobacterota	Bacteria	medium	70.89159473028947	0.0	70.89159473028947	0.0	3218469	20	2281624	18	2281624	0.2		0	0	0	2	True	70.11	1.52	checkm2	-0.7815947302894699	1.52	0.7815947302894699	1.52	medium	medium
G_r052_chimera_40pct	52	19	chimera	0.4	40.0	rc0.5	RS_GCF_001887775.1	Desulfobacterota	Bacteria	medium	70.89159473028947	0.0	70.89159473028947	0.0	3218469	20	2281624	16	2281624	0.4		0	0	0	4	True	70.08	1.52	checkm2	-0.811594730289471	1.52	0.811594730289471	1.52	medium	medium
G_r052_uneven_coverage_5pct	52	20	uneven_coverage	0.05	5.0	lognormal_sigma1.0	RS_GCF_001887775.1	Desulfobacterota	Bacteria	medium	70.89159473028947	0.0	70.89159473028947	3.54457352237974	3218469	20	2281624	21	2395705	0.049999912343138		114081	0	0	0	True	71.84	6.46	checkm2	0.9484052697105341	6.46	0.9484052697105341	6.46	medium	medium
G_r052_uneven_coverage_10pct	52	21	uneven_coverage	0.1	10.0	lognormal_sigma1.0	RS_GCF_001887775.1	Desulfobacterota	Bacteria	medium	70.89159473028947	0.0	70.89159473028947	7.08914704475948	3218469	20	2281624	25	2509786	0.099999824686276		228162	0	0	0	True	71.75	10.12	checkm2	0.8584052697105307	10.12	0.8584052697105307	10.12	low	medium
G_r052_uneven_coverage_20pct	52	22	uneven_coverage	0.2	20.0	lognormal_sigma1.0	RS_GCF_001887775.1	Desulfobacterota	Bacteria	medium	70.89159473028947	0.0	70.89159473028947	14.178325160192626	3218469	20	2281624	25	2737949	0.2000000876568619		456325	0	0	0	True	71.56	18.49	checkm2	0.6684052697105329	18.49	0.6684052697105329	18.49	low	medium
G_r052_uneven_coverage_40pct	52	23	uneven_coverage	0.4	40.0	lognormal_sigma1.0	RS_GCF_001887775.1	Desulfobacterota	Bacteria	medium	70.89159473028947	0.0	70.89159473028947	28.356650320385253	3218469	20	2281624	31	3194274	0.4000001753137239		912650	0	0	0	True	79.76	20.23	checkm2	8.868405269710536	20.23	8.868405269710536	20.23	low	medium
G_r053_none_control	53	0	none	0.0	0.0	control	RS_GCF_002214485.1	Methanobacteriota_B	Archaea	high	100.0	1.999974239404415	100.0	1.999974239404415	1785673	3	1821386	3	1821386	0.0		0	0	0	0	True	99.98	0.38	checkm2	-0.01999999999999602	-1.619974239404415	0.01999999999999602	1.619974239404415	high	high
G_r053_substitution_0p1pct	53	1	substitution	0.001	0.1	uniform	RS_GCF_002214485.1	Methanobacteriota_B	Archaea	high	100.0	1.999974239404415	100.0	1.999974239404415	1785673	3	1821386	3	1821386	0.0010124158196011	0.0089640838741259	0	1844	0	0	True	99.84	0.42	checkm2	-0.1599999999999966	-1.5799742394044152	0.1599999999999966	1.5799742394044152	high	high
G_r053_substitution_0p5pct	53	2	substitution	0.005	0.5	uniform	RS_GCF_002214485.1	Methanobacteriota_B	Archaea	high	100.0	1.999974239404415	100.0	1.999974239404415	1785673	3	1821386	3	1821386	0.0050456081248016	0.0441104216424403	0	9190	0	0	True	93.97	0.29	checkm2	-6.030000000000001	-1.709974239404415	6.030000000000001	1.709974239404415	high	high
G_r053_substitution_1pct	53	3	substitution	0.01	1.0	uniform	RS_GCF_002214485.1	Methanobacteriota_B	Archaea	high	100.0	1.999974239404415	100.0	1.999974239404415	1785673	3	1821386	3	1821386	0.0098683090789102	0.0864827525163591	0	17974	0	0	True	93.58	0.66	checkm2	-6.420000000000002	-1.3399742394044152	6.420000000000002	1.3399742394044152	high	high
G_r053_substitution_2pct	53	4	substitution	0.02	2.0	uniform	RS_GCF_002214485.1	Methanobacteriota_B	Archaea	high	100.0	1.999974239404415	100.0	1.999974239404415	1785673	3	1821386	3	1821386	0.0202735718842683	0.1662522378698502	0	36926	0	0	True	68.16	0.63	checkm2	-31.840000000000003	-1.369974239404415	31.840000000000003	1.369974239404415	medium	high
G_r053_substitution_5pct	53	5	substitution	0.05	5.0	uniform	RS_GCF_002214485.1	Methanobacteriota_B	Archaea	high	100.0	1.999974239404415	100.0	1.999974239404415	1785673	3	1821386	3	1821386	0.0499965410956271	0.3697505902753909	0	91063	0	0	True	51.1	0.52	checkm2	-48.9	-1.479974239404415	48.9	1.479974239404415	medium	high
G_r053_substitution_titv_0p1pct	53	6	substitution_titv	0.001	0.1	titv_2	RS_GCF_002214485.1	Methanobacteriota_B	Archaea	high	100.0	1.999974239404415	100.0	1.999974239404415	1785673	3	1821386	3	1821386	0.001003631300559	0.0089640838741259	0	1828	0	0	True	99.97	0.4	checkm2	-0.030000000000001137	-1.599974239404415	0.030000000000001137	1.599974239404415	high	high
G_r053_substitution_titv_0p5pct	53	7	substitution_titv	0.005	0.5	titv_2	RS_GCF_002214485.1	Methanobacteriota_B	Archaea	high	100.0	1.999974239404415	100.0	1.999974239404415	1785673	3	1821386	3	1821386	0.005013764243274	0.0441104216424403	0	9132	0	0	True	98.41	0.61	checkm2	-1.5900000000000034	-1.389974239404415	1.5900000000000034	1.389974239404415	high	high
G_r053_substitution_titv_1pct	53	8	substitution_titv	0.01	1.0	titv_2	RS_GCF_002214485.1	Methanobacteriota_B	Archaea	high	100.0	1.999974239404415	100.0	1.999974239404415	1785673	3	1821386	3	1821386	0.0100500388165935	0.0864827525163591	0	18305	0	0	True	89.28	1.55	checkm2	-10.719999999999999	-0.44997423940441506	10.719999999999999	0.44997423940441506	medium	high
G_r053_substitution_titv_2pct	53	9	substitution_titv	0.02	2.0	titv_2	RS_GCF_002214485.1	Methanobacteriota_B	Archaea	high	100.0	1.999974239404415	100.0	1.999974239404415	1785673	3	1821386	3	1821386	0.0198030510830762	0.1662522378698502	0	36069	0	0	True	80.52	1.92	checkm2	-19.480000000000004	-0.07997423940441517	19.480000000000004	0.07997423940441517	medium	high
G_r053_substitution_titv_5pct	53	10	substitution_titv	0.05	5.0	titv_2	RS_GCF_002214485.1	Methanobacteriota_B	Archaea	high	100.0	1.999974239404415	100.0	1.999974239404415	1785673	3	1821386	3	1821386	0.0500865824158086	0.3697505902753909	0	91227	0	0	True	60.29	0.59	checkm2	-39.71	-1.409974239404415	39.71	1.409974239404415	medium	high
G_r053_indel_0p1pct	53	11	indel	0.001	0.1	ins0.5_geom0.75	RS_GCF_002214485.1	Methanobacteriota_B	Archaea	high	100.0	1.999974239404415	100.00214122651651	1.999974239404415	1785673	3	1821386	3	1821425	0.0009866112949149		0	0	1797	0	True	71.62	0.14	checkm2	-28.379999999999995	-1.8599742394044152	28.379999999999995	1.8599742394044152	medium	high
G_r053_indel_0p5pct	53	12	indel	0.005	0.5	ins0.5_geom0.75	RS_GCF_002214485.1	Methanobacteriota_B	Archaea	high	100.0	1.999974239404415	99.99148999717796	1.999974239404415	1785673	3	1821386	3	1821231	0.0049467822855781		0	0	9010	0	True	31.75	2.64	checkm2	-68.25	0.640025760595585	68.25	0.640025760595585	low	high
G_r053_indel_1pct	53	13	indel	0.01	1.0	ins0.5_geom0.75	RS_GCF_002214485.1	Methanobacteriota_B	Archaea	high	100.0	1.999974239404415	100.0315144620635	1.999974239404415	1785673	3	1821386	3	1821960	0.0099918413779396		0	0	18199	0	True	27.47	5.09	checkm2	-72.53	3.0900257605955845	72.53	3.0900257605955845	low	high
G_r053_indel_2pct	53	14	indel	0.02	2.0	ins0.5_geom0.75	RS_GCF_002214485.1	Methanobacteriota_B	Archaea	high	100.0	1.999974239404415	99.9797407029592	1.999974239404415	1785673	3	1821386	3	1821017	0.0199946634046819		0	0	36418	0	True	17.95	5.54	checkm2	-82.05	3.5400257605955847	82.05	3.5400257605955847	low	high
G_r053_indel_5pct	53	15	indel	0.05	5.0	ins0.5_geom0.75	RS_GCF_002214485.1	Methanobacteriota_B	Archaea	high	100.0	1.999974239404415	99.99385083667056	1.999974239404415	1785673	3	1821386	3	1821274	0.0498944210617628		0	0	90877	0	True	9.52	4.02	checkm2	-90.48	2.0200257605955843	90.48	2.0200257605955843	low	high
G_r053_chimera_5pct	53	16	chimera	0.05	5.0	rc0.5	RS_GCF_002214485.1	Methanobacteriota_B	Archaea	high	100.0	1.999974239404415	100.0	1.999974239404415	1785673	3	1821386	3	1821386	0.0		0	0	0	0	True	99.98	0.38	checkm2	-0.01999999999999602	-1.619974239404415	0.01999999999999602	1.619974239404415	high	high
G_r053_chimera_10pct	53	17	chimera	0.1	10.0	rc0.5	RS_GCF_002214485.1	Methanobacteriota_B	Archaea	high	100.0	1.999974239404415	100.0	1.999974239404415	1785673	3	1821386	3	1821386	0.0		0	0	0	0	True	99.98	0.38	checkm2	-0.01999999999999602	-1.619974239404415	0.01999999999999602	1.619974239404415	high	high
G_r053_chimera_20pct	53	18	chimera	0.2	20.0	rc0.5	RS_GCF_002214485.1	Methanobacteriota_B	Archaea	high	100.0	1.999974239404415	100.0	1.999974239404415	1785673	3	1821386	3	1821386	0.0		0	0	0	0	True	99.98	0.38	checkm2	-0.01999999999999602	-1.619974239404415	0.01999999999999602	1.619974239404415	high	high
G_r053_chimera_40pct	53	19	chimera	0.4	40.0	rc0.5	RS_GCF_002214485.1	Methanobacteriota_B	Archaea	high	100.0	1.999974239404415	100.0	1.999974239404415	1785673	3	1821386	3	1821386	0.0		0	0	0	0	True	99.98	0.38	checkm2	-0.01999999999999602	-1.619974239404415	0.01999999999999602	1.619974239404415	high	high
G_r053_uneven_coverage_5pct	53	20	uneven_coverage	0.05	5.0	lognormal_sigma1.0	RS_GCF_002214485.1	Methanobacteriota_B	Archaea	high	100.0	1.999974239404415	100.0	7.099956150986211	1785673	3	1821386	4	1912455	0.0499998352902679		91069	0	0	0	True	100.0	6.92	checkm2	0.0	4.920025760595585	0.0	4.920025760595585	medium	high
G_r053_uneven_coverage_10pct	53	21	uneven_coverage	0.1	10.0	lognormal_sigma1.0	RS_GCF_002214485.1	Methanobacteriota_B	Archaea	high	100.0	1.999974239404415	100.0	12.199994063862755	1785673	3	1821386	4	2003525	0.100000219612976		182139	0	0	0	True	99.99	9.67	checkm2	-0.010000000000005116	7.670025760595585	0.010000000000005116	7.670025760595585	medium	high
G_r053_uneven_coverage_20pct	53	22	uneven_coverage	0.2	20.0	lognormal_sigma1.0	RS_GCF_002214485.1	Methanobacteriota_B	Archaea	high	100.0	1.999974239404415	100.0	22.39995788702635	1785673	3	1821386	4	2185663	0.1999998901935119		364277	0	0	0	True	99.99	22.05	checkm2	-0.010000000000005116	20.050025760595585	0.010000000000005116	20.050025760595585	low	high
G_r053_uneven_coverage_40pct	53	23	uneven_coverage	0.4	40.0	lognormal_sigma1.0	RS_GCF_002214485.1	Methanobacteriota_B	Archaea	high	100.0	1.999974239404415	100.0	42.79994153464828	1785673	3	1821386	4	2549940	0.3999997803870239		728554	0	0	0	True	100.0	33.19	checkm2	0.0	31.19002576059558	0.0	31.19002576059558	low	high
G_r054_none_control	54	0	none	0.0	0.0	control	GB_GCA_951813605.1	Acidobacteriota	Bacteria	high	62.63230959325284	9.999988683369905	62.63230959325284	9.999988683369905	6185587	9	4492734	9	4492734	0.0		0	0	0	0	True	78.06	7.16	checkm2	15.42769040674716	-2.8399886833699046	15.42769040674716	2.8399886833699046	medium	medium
G_r054_substitution_0p1pct	54	1	substitution	0.001	0.1	uniform	GB_GCA_951813605.1	Acidobacteriota	Bacteria	high	62.63230959325284	9.999988683369905	62.63230959325284	9.999988683369905	6185587	9	4492734	9	4492734	0.0010214270419748	0.0089640838741259	0	4589	0	0	True	78.19	7.13	checkm2	15.557690406747156	-2.869988683369905	15.557690406747156	2.869988683369905	medium	medium
G_r054_substitution_0p5pct	54	2	substitution	0.005	0.5	uniform	GB_GCA_951813605.1	Acidobacteriota	Bacteria	high	62.63230959325284	9.999988683369905	62.63230959325284	9.999988683369905	6185587	9	4492734	9	4492734	0.0049871637181279	0.0441104216424403	0	22406	0	0	True	75.43	6.91	checkm2	12.797690406747165	-3.0899886833699046	12.797690406747165	3.0899886833699046	medium	medium
G_r054_substitution_1pct	54	3	substitution	0.01	1.0	uniform	GB_GCA_951813605.1	Acidobacteriota	Bacteria	high	62.63230959325284	9.999988683369905	62.63230959325284	9.999988683369905	6185587	9	4492734	9	4492734	0.0099585241414247	0.0864827525163591	0	44741	0	0	True	73.49	6.54	checkm2	10.857690406747153	-3.4599886833699047	10.857690406747153	3.4599886833699047	medium	medium
G_r054_substitution_2pct	54	4	substitution	0.02	2.0	uniform	GB_GCA_951813605.1	Acidobacteriota	Bacteria	high	62.63230959325284	9.999988683369905	62.63230959325284	9.999988683369905	6185587	9	4492734	9	4492734	0.0200768618840999	0.1662522378698502	0	90200	0	0	True	63.25	6.72	checkm2	0.6176904067471582	-3.279988683369905	0.6176904067471582	3.279988683369905	medium	medium
G_r054_substitution_5pct	54	5	substitution	0.05	5.0	uniform	GB_GCA_951813605.1	Acidobacteriota	Bacteria	high	62.63230959325284	9.999988683369905	62.63230959325284	9.999988683369905	6185587	9	4492734	9	4492734	0.0501002285022883	0.3697505902753909	0	225087	0	0	True	54.21	10.55	checkm2	-8.422309593252841	0.550011316630096	8.422309593252841	0.550011316630096	low	medium
G_r054_substitution_titv_0p1pct	54	6	substitution_titv	0.001	0.1	titv_2	GB_GCA_951813605.1	Acidobacteriota	Bacteria	high	62.63230959325284	9.999988683369905	62.63230959325284	9.999988683369905	6185587	9	4492734	9	4492734	0.000994717247894	0.0089640838741259	0	4469	0	0	True	77.07	7.43	checkm2	14.437690406747151	-2.569988683369905	14.437690406747151	2.569988683369905	medium	medium
G_r054_substitution_titv_0p5pct	54	7	substitution_titv	0.005	0.5	titv_2	GB_GCA_951813605.1	Acidobacteriota	Bacteria	high	62.63230959325284	9.999988683369905	62.63230959325284	9.999988683369905	6185587	9	4492734	9	4492734	0.0049677991174193	0.0441104216424403	0	22319	0	0	True	70.87	7.08	checkm2	8.237690406747163	-2.9199886833699047	8.237690406747163	2.9199886833699047	medium	medium
G_r054_substitution_titv_1pct	54	8	substitution_titv	0.01	1.0	titv_2	GB_GCA_951813605.1	Acidobacteriota	Bacteria	high	62.63230959325284	9.999988683369905	62.63230959325284	9.999988683369905	6185587	9	4492734	9	4492734	0.0100328664016164	0.0864827525163591	0	45075	0	0	True	71.83	9.51	checkm2	9.197690406747157	-0.489988683369905	9.197690406747157	0.489988683369905	medium	medium
G_r054_substitution_titv_2pct	54	9	substitution_titv	0.02	2.0	titv_2	GB_GCA_951813605.1	Acidobacteriota	Bacteria	high	62.63230959325284	9.999988683369905	62.63230959325284	9.999988683369905	6185587	9	4492734	9	4492734	0.0199778130643835	0.1662522378698502	0	89755	0	0	True	66.37	6.5	checkm2	3.737690406747163	-3.4999886833699048	3.737690406747163	3.4999886833699048	medium	medium
G_r054_substitution_titv_5pct	54	10	substitution_titv	0.05	5.0	titv_2	GB_GCA_951813605.1	Acidobacteriota	Bacteria	high	62.63230959325284	9.999988683369905	62.63230959325284	9.999988683369905	6185587	9	4492734	9	4492734	0.0499439762069154	0.3697505902753909	0	224385	0	0	True	55.69	6.1	checkm2	-6.942309593252844	-3.899988683369905	6.942309593252844	3.899988683369905	medium	medium
G_r054_indel_0p1pct	54	11	indel	0.001	0.1	ins0.5_geom0.75	GB_GCA_951813605.1	Acidobacteriota	Bacteria	high	62.63230959325284	9.999988683369905	62.63317392290038	9.999988683369905	6185587	9	4492734	9	4492796	0.0010031753493529		0	0	4507	0	True	60.17	6.99	checkm2	-2.46230959325284	-3.0099886833699045	2.46230959325284	3.0099886833699045	medium	medium
G_r054_indel_0p5pct	54	12	indel	0.005	0.5	ins0.5_geom0.75	GB_GCA_951813605.1	Acidobacteriota	Bacteria	high	62.63230959325284	9.999988683369905	62.63263023167048	9.999988683369905	6185587	9	4492734	9	4492757	0.0050038573394285		0	0	22481	0	True	44.93	5.47	checkm2	-17.702309593252842	-4.529988683369905	17.702309593252842	4.529988683369905	low	medium
G_r054_indel_1pct	54	13	indel	0.01	1.0	ins0.5_geom0.75	GB_GCA_951813605.1	Acidobacteriota	Bacteria	high	62.63230959325284	9.999988683369905	62.634010370946406	9.999988683369905	6185587	9	4492734	9	4492856	0.0100486696964476		0	0	45146	0	True	32.06	12.13	checkm2	-30.57230959325284	2.130011316630096	30.57230959325284	2.130011316630096	low	medium
G_r054_indel_2pct	54	14	indel	0.02	2.0	ins0.5_geom0.75	GB_GCA_951813605.1	Acidobacteriota	Bacteria	high	62.63230959325284	9.999988683369905	62.62814129382349	9.999988683369905	6185587	9	4492734	9	4492435	0.0200025196239082		0	0	89866	0	True	58.27	13.33	checkm2	-4.362309593252839	3.3300113166300953	4.362309593252839	3.3300113166300953	low	medium
G_r054_indel_5pct	54	15	indel	0.05	5.0	ins0.5_geom0.75	GB_GCA_951813605.1	Acidobacteriota	Bacteria	high	62.63230959325284	9.999988683369905	62.61401926264649	9.999988683369905	6185587	9	4492734	9	4491422	0.0501204834294663		0	0	225178	0	True	63.26	14.99	checkm2	0.6276904067471563	4.9900113166300955	0.6276904067471563	4.9900113166300955	low	medium
G_r054_chimera_5pct	54	16	chimera	0.05	5.0	rc0.5	GB_GCA_951813605.1	Acidobacteriota	Bacteria	high	62.63230959325284	9.999988683369905	62.63230959325284	9.999988683369905	6185587	9	4492734	9	4492734	0.0		0	0	0	0	True	78.06	7.16	checkm2	15.42769040674716	-2.8399886833699046	15.42769040674716	2.8399886833699046	medium	medium
G_r054_chimera_10pct	54	17	chimera	0.1	10.0	rc0.5	GB_GCA_951813605.1	Acidobacteriota	Bacteria	high	62.63230959325284	9.999988683369905	62.63230959325284	9.999988683369905	6185587	9	4492734	9	4492734	0.0		0	0	0	0	True	78.06	7.16	checkm2	15.42769040674716	-2.8399886833699046	15.42769040674716	2.8399886833699046	medium	medium
G_r054_chimera_20pct	54	18	chimera	0.2	20.0	rc0.5	GB_GCA_951813605.1	Acidobacteriota	Bacteria	high	62.63230959325284	9.999988683369905	62.63230959325284	9.999988683369905	6185587	9	4492734	8	4492734	0.2222222222222222		0	0	0	1	True	78.06	7.16	checkm2	15.42769040674716	-2.8399886833699046	15.42769040674716	2.8399886833699046	medium	medium
G_r054_chimera_40pct	54	19	chimera	0.4	40.0	rc0.5	GB_GCA_951813605.1	Acidobacteriota	Bacteria	high	62.63230959325284	9.999988683369905	62.63230959325284	9.999988683369905	6185587	9	4492734	7	4492734	0.4444444444444444		0	0	0	2	True	78.06	7.16	checkm2	15.42769040674716	-2.8399886833699046	15.42769040674716	2.8399886833699046	medium	medium
G_r054_uneven_coverage_5pct	54	20	uneven_coverage	0.05	5.0	lognormal_sigma1.0	GB_GCA_951813605.1	Acidobacteriota	Bacteria	high	62.63230959325284	9.999988683369905	62.63230959325284	13.631608447185368	6185587	9	4492734	10	4717371	0.0500000667744852		224637	0	0	0	True	78.08	9.17	checkm2	15.447690406747157	-0.8299886833699048	15.447690406747157	0.8299886833699048	medium	medium
G_r054_uneven_coverage_10pct	54	21	uneven_coverage	0.1	10.0	lognormal_sigma1.0	GB_GCA_951813605.1	Acidobacteriota	Bacteria	high	62.63230959325284	9.999988683369905	62.63230959325284	17.26321204438641	6185587	9	4492734	12	4942007	0.099999910967353		449273	0	0	0	True	78.16	16.62	checkm2	15.527690406747155	6.620011316630096	15.527690406747155	6.620011316630096	low	medium
G_r054_uneven_coverage_20pct	54	22	uneven_coverage	0.2	20.0	lognormal_sigma1.0	GB_GCA_951813605.1	Acidobacteriota	Bacteria	high	62.63230959325284	9.999988683369905	62.63230959325284	24.526451572017336	6185587	9	4492734	11	5391281	0.2000000445163234		898547	0	0	0	True	78.78	18.07	checkm2	16.14769040674716	8.070011316630096	16.14769040674716	8.070011316630096	low	medium
G_r054_uneven_coverage_40pct	54	23	uneven_coverage	0.4	40.0	lognormal_sigma1.0	GB_GCA_951813605.1	Acidobacteriota	Bacteria	high	62.63230959325284	9.999988683369905	62.63230959325284	39.052914460664766	6185587	9	4492734	15	6289828	0.4000000890326469		1797094	0	0	0	True	78.56	26.45	checkm2	15.92769040674716	16.450011316630096	15.92769040674716	16.450011316630096	low	medium
G_r055_none_control	55	0	none	0.0	0.0	control	RS_GCF_000023445.1	Desulfobacterota_I	Bacteria	high	86.54753887492957	19.99999067565813	86.54753887492957	19.99999067565813	4289847	8	4570726	8	4570726	0.0		0	0	0	0	True	100.0	17.32	checkm2	13.452461125070428	-2.6799906756581287	13.452461125070428	2.6799906756581287	low	low
G_r055_substitution_0p1pct	55	1	substitution	0.001	0.1	uniform	RS_GCF_000023445.1	Desulfobacterota_I	Bacteria	high	86.54753887492957	19.99999067565813	86.54753887492957	19.99999067565813	4289847	8	4570726	8	4570726	0.0009836511748899	0.0089640838741259	0	4496	0	0	True	100.0	18.85	checkm2	13.452461125070428	-1.1499906756581275	13.452461125070428	1.1499906756581275	low	low
G_r055_substitution_0p5pct	55	2	substitution	0.005	0.5	uniform	RS_GCF_000023445.1	Desulfobacterota_I	Bacteria	high	86.54753887492957	19.99999067565813	86.54753887492957	19.99999067565813	4289847	8	4570726	8	4570726	0.0049867351488581	0.0441104216424403	0	22793	0	0	True	92.54	17.89	checkm2	5.9924611250704345	-2.1099906756581284	5.9924611250704345	2.1099906756581284	low	low
G_r055_substitution_1pct	55	3	substitution	0.01	1.0	uniform	RS_GCF_000023445.1	Desulfobacterota_I	Bacteria	high	86.54753887492957	19.99999067565813	86.54753887492957	19.99999067565813	4289847	8	4570726	8	4570726	0.0100356048470199	0.0864827525163591	0	45870	0	0	True	100.0	17.41	checkm2	13.452461125070428	-2.589990675658129	13.452461125070428	2.589990675658129	low	low
G_r055_substitution_2pct	55	4	substitution	0.02	2.0	uniform	RS_GCF_000023445.1	Desulfobacterota_I	Bacteria	high	86.54753887492957	19.99999067565813	86.54753887492957	19.99999067565813	4289847	8	4570726	8	4570726	0.0199561295076537	0.1662522378698502	0	91214	0	0	True	90.93	17.31	checkm2	4.382461125070435	-2.68999067565813	4.382461125070435	2.68999067565813	low	low
G_r055_substitution_5pct	55	5	substitution	0.05	5.0	uniform	RS_GCF_000023445.1	Desulfobacterota_I	Bacteria	high	86.54753887492957	19.99999067565813	86.54753887492957	19.99999067565813	4289847	8	4570726	8	4570726	0.0498861668802724	0.3697505902753909	0	228016	0	0	True	70.96	11.29	checkm2	-15.587538874929578	-8.70999067565813	15.587538874929578	8.70999067565813	low	low
G_r055_substitution_titv_0p1pct	55	6	substitution_titv	0.001	0.1	titv_2	RS_GCF_000023445.1	Desulfobacterota_I	Bacteria	high	86.54753887492957	19.99999067565813	86.54753887492957	19.99999067565813	4289847	8	4570726	8	4570726	0.0009930588707351	0.0089640838741259	0	4539	0	0	True	100.0	18.89	checkm2	13.452461125070428	-1.1099906756581284	13.452461125070428	1.1099906756581284	low	low
G_r055_substitution_titv_0p5pct	55	7	substitution_titv	0.005	0.5	titv_2	RS_GCF_000023445.1	Desulfobacterota_I	Bacteria	high	86.54753887492957	19.99999067565813	86.54753887492957	19.99999067565813	4289847	8	4570726	8	4570726	0.0049663882717975	0.0441104216424403	0	22700	0	0	True	99.51	17.91	checkm2	12.962461125070433	-2.089990675658129	12.962461125070433	2.089990675658129	low	low
G_r055_substitution_titv_1pct	55	8	substitution_titv	0.01	1.0	titv_2	RS_GCF_000023445.1	Desulfobacterota_I	Bacteria	high	86.54753887492957	19.99999067565813	86.54753887492957	19.99999067565813	4289847	8	4570726	8	4570726	0.009978939888324	0.0864827525163591	0	45611	0	0	True	95.21	19.99	checkm2	8.662461125070422	-0.009990675658130499	8.662461125070422	0.009990675658130499	low	low
G_r055_substitution_titv_2pct	55	9	substitution_titv	0.02	2.0	titv_2	RS_GCF_000023445.1	Desulfobacterota_I	Bacteria	high	86.54753887492957	19.99999067565813	86.54753887492957	19.99999067565813	4289847	8	4570726	8	4570726	0.0200079812266147	0.1662522378698502	0	91451	0	0	True	90.97	16.1	checkm2	4.422461125070427	-3.8999906756581275	4.422461125070427	3.8999906756581275	low	low
G_r055_substitution_titv_5pct	55	10	substitution_titv	0.05	5.0	titv_2	RS_GCF_000023445.1	Desulfobacterota_I	Bacteria	high	86.54753887492957	19.99999067565813	86.54753887492957	19.99999067565813	4289847	8	4570726	8	4570726	0.0500662258030781	0.3697505902753909	0	228839	0	0	True	83.69	9.08	checkm2	-2.857538874929574	-10.919990675658129	2.857538874929574	10.919990675658129	medium	low
G_r055_indel_0p1pct	55	11	indel	0.001	0.1	ins0.5_geom0.75	RS_GCF_000023445.1	Desulfobacterota_I	Bacteria	high	86.54753887492957	19.99999067565813	86.54984896740564	19.99999067565813	4289847	8	4570726	8	4570848	0.0010236885781383		0	0	4679	0	True	86.71	15.39	checkm2	0.16246112507042199	-4.609990675658128	0.16246112507042199	4.609990675658128	low	low
G_r055_indel_0p5pct	55	12	indel	0.005	0.5	ins0.5_geom0.75	RS_GCF_000023445.1	Desulfobacterota_I	Bacteria	high	86.54753887492957	19.99999067565813	86.54608086574387	19.99999067565813	4289847	8	4570726	8	4570649	0.0050252410667364		0	0	22969	0	True	40.56	3.71	checkm2	-45.98753887492957	-16.289990675658128	45.98753887492957	16.289990675658128	low	low
G_r055_indel_1pct	55	13	indel	0.01	1.0	ins0.5_geom0.75	RS_GCF_000023445.1	Desulfobacterota_I	Bacteria	high	86.54753887492957	19.99999067565813	86.54142281042327	19.99999067565813	4289847	8	4570726	8	4570403	0.0100369175487657		0	0	45876	0	True	50.58	2.19	checkm2	-35.96753887492957	-17.809990675658128	35.96753887492957	17.809990675658128	medium	low
G_r055_indel_2pct	55	14	indel	0.02	2.0	ins0.5_geom0.75	RS_GCF_000023445.1	Desulfobacterota_I	Bacteria	high	86.54753887492957	19.99999067565813	86.54303230108283	19.99999067565813	4289847	8	4570726	8	4570488	0.0200970261617082		0	0	91858	0	True	30.38	4.54	checkm2	-56.167538874929576	-15.45999067565813	56.167538874929576	15.45999067565813	low	low
G_r055_indel_5pct	55	15	indel	0.05	5.0	ins0.5_geom0.75	RS_GCF_000023445.1	Desulfobacterota_I	Bacteria	high	86.54753887492957	19.99999067565813	86.57724817898647	19.99999067565813	4289847	8	4570726	8	4572295	0.0501034190192105		0	0	229009	0	True	22.07	6.12	checkm2	-64.47753887492956	-13.879990675658128	64.47753887492956	13.879990675658128	low	low
G_r055_chimera_5pct	55	16	chimera	0.05	5.0	rc0.5	RS_GCF_000023445.1	Desulfobacterota_I	Bacteria	high	86.54753887492957	19.99999067565813	86.54753887492957	19.99999067565813	4289847	8	4570726	8	4570726	0.0		0	0	0	0	True	100.0	17.32	checkm2	13.452461125070428	-2.6799906756581287	13.452461125070428	2.6799906756581287	low	low
G_r055_chimera_10pct	55	17	chimera	0.1	10.0	rc0.5	RS_GCF_000023445.1	Desulfobacterota_I	Bacteria	high	86.54753887492957	19.99999067565813	86.54753887492957	19.99999067565813	4289847	8	4570726	7	4570726	0.25		0	0	0	1	True	100.0	17.32	checkm2	13.452461125070428	-2.6799906756581287	13.452461125070428	2.6799906756581287	low	low
G_r055_chimera_20pct	55	18	chimera	0.2	20.0	rc0.5	RS_GCF_000023445.1	Desulfobacterota_I	Bacteria	high	86.54753887492957	19.99999067565813	86.54753887492957	19.99999067565813	4289847	8	4570726	7	4570726	0.25		0	0	0	1	True	100.0	17.32	checkm2	13.452461125070428	-2.6799906756581287	13.452461125070428	2.6799906756581287	low	low
G_r055_chimera_40pct	55	19	chimera	0.4	40.0	rc0.5	RS_GCF_000023445.1	Desulfobacterota_I	Bacteria	high	86.54753887492957	19.99999067565813	86.54753887492957	19.99999067565813	4289847	8	4570726	6	4570726	0.5		0	0	0	2	True	100.0	17.32	checkm2	13.452461125070428	-2.6799906756581287	13.452461125070428	2.6799906756581287	low	low
G_r055_uneven_coverage_5pct	55	20	uneven_coverage	0.05	5.0	lognormal_sigma1.0	RS_GCF_000023445.1	Desulfobacterota_I	Bacteria	high	86.54753887492957	19.99999067565813	86.54753887492957	25.32736015993111	4289847	8	4570726	10	4799262	0.0499999343649127		228536	0	0	0	True	100.0	19.18	checkm2	13.452461125070428	-0.8199906756581292	13.452461125070428	0.8199906756581292	low	low
G_r055_uneven_coverage_10pct	55	21	uneven_coverage	0.1	10.0	lognormal_sigma1.0	RS_GCF_000023445.1	Desulfobacterota_I	Bacteria	high	86.54753887492957	19.99999067565813	86.54753887492957	30.65475295505877	4289847	8	4570726	10	5027799	0.1000000875134497		457073	0	0	0	True	99.99	26.81	checkm2	13.442461125070423	6.81000932434187	13.442461125070423	6.81000932434187	low	low
G_r055_uneven_coverage_20pct	55	22	uneven_coverage	0.2	20.0	lognormal_sigma1.0	RS_GCF_000023445.1	Desulfobacterota_I	Bacteria	high	86.54753887492957	19.99999067565813	86.54753887492957	41.30949192360473	4289847	8	4570726	10	5484871	0.1999999562432751		914145	0	0	0	True	100.0	39.8	checkm2	13.452461125070428	19.800009324341868	13.452461125070428	19.800009324341868	low	low
G_r055_uneven_coverage_40pct	55	23	uneven_coverage	0.4	40.0	lognormal_sigma1.0	RS_GCF_000023445.1	Desulfobacterota_I	Bacteria	high	86.54753887492957	19.99999067565813	86.54753887492957	62.61899317155134	4289847	8	4570726	13	6399016	0.3999999124865502		1828290	0	0	0	True	98.02	60.64	checkm2	11.472461125070424	40.640009324341875	11.472461125070424	40.640009324341875	low	low
G_r056_none_control	56	0	none	0.0	0.0	control	RS_GCF_000018605.1	Thermotogota	Bacteria	highly_fragmented	89.2611272025325	19.999972344469903	89.2611272025325	19.999972344469903	2169548	88	2370472	88	2370472	0.0		0	0	0	0	True	83.17	4.37	checkm2	-6.091127202532505	-15.629972344469902	6.091127202532505	15.629972344469902	medium	low
G_r056_substitution_0p1pct	56	1	substitution	0.001	0.1	uniform	RS_GCF_000018605.1	Thermotogota	Bacteria	highly_fragmented	89.2611272025325	19.999972344469903	89.2611272025325	19.999972344469903	2169548	88	2370472	88	2370472	0.001007394307969	0.0089640838741259	0	2388	0	0	True	81.84	5.19	checkm2	-7.421127202532503	-14.809972344469902	7.421127202532503	14.809972344469902	medium	low
G_r056_substitution_0p5pct	56	2	substitution	0.005	0.5	uniform	RS_GCF_000018605.1	Thermotogota	Bacteria	highly_fragmented	89.2611272025325	19.999972344469903	89.2611272025325	19.999972344469903	2169548	88	2370472	88	2370472	0.0050483616764931	0.0441104216424403	0	11967	0	0	True	76.63	6.66	checkm2	-12.631127202532511	-13.339972344469903	12.631127202532511	13.339972344469903	medium	low
G_r056_substitution_1pct	56	3	substitution	0.01	1.0	uniform	RS_GCF_000018605.1	Thermotogota	Bacteria	highly_fragmented	89.2611272025325	19.999972344469903	89.2611272025325	19.999972344469903	2169548	88	2370472	88	2370472	0.0099389488675673	0.0864827525163591	0	23560	0	0	True	80.84	10.79	checkm2	-8.421127202532503	-9.209972344469904	8.421127202532503	9.209972344469904	low	low
G_r056_substitution_2pct	56	4	substitution	0.02	2.0	uniform	RS_GCF_000018605.1	Thermotogota	Bacteria	highly_fragmented	89.2611272025325	19.999972344469903	89.2611272025325	19.999972344469903	2169548	88	2370472	88	2370472	0.0200403126465952	0.1662522378698502	0	47505	0	0	True	62.42	6.39	checkm2	-26.841127202532505	-13.609972344469902	26.841127202532505	13.609972344469902	medium	low
G_r056_substitution_5pct	56	5	substitution	0.05	5.0	uniform	RS_GCF_000018605.1	Thermotogota	Bacteria	highly_fragmented	89.2611272025325	19.999972344469903	89.2611272025325	19.999972344469903	2169548	88	2370472	88	2370472	0.0502030819178627	0.3697505902753909	0	119005	0	0	True	39.69	4.08	checkm2	-49.57112720253251	-15.919972344469903	49.57112720253251	15.919972344469903	low	low
G_r056_substitution_titv_0p1pct	56	6	substitution_titv	0.001	0.1	titv_2	RS_GCF_000018605.1	Thermotogota	Bacteria	highly_fragmented	89.2611272025325	19.999972344469903	89.2611272025325	19.999972344469903	2169548	88	2370472	88	2370472	0.0009782861809799	0.0089640838741259	0	2319	0	0	True	83.34	6.45	checkm2	-5.921127202532503	-13.549972344469904	5.921127202532503	13.549972344469904	medium	low
G_r056_substitution_titv_0p5pct	56	7	substitution_titv	0.005	0.5	titv_2	RS_GCF_000018605.1	Thermotogota	Bacteria	highly_fragmented	89.2611272025325	19.999972344469903	89.2611272025325	19.999972344469903	2169548	88	2370472	88	2370472	0.0050006918453371	0.0441104216424403	0	11854	0	0	True	80.21	7.75	checkm2	-9.051127202532513	-12.249972344469903	9.051127202532513	12.249972344469903	medium	low
G_r056_substitution_titv_1pct	56	8	substitution_titv	0.01	1.0	titv_2	RS_GCF_000018605.1	Thermotogota	Bacteria	highly_fragmented	89.2611272025325	19.999972344469903	89.2611272025325	19.999972344469903	2169548	88	2370472	88	2370472	0.0099680569945563	0.0864827525163591	0	23629	0	0	True	76.22	6.53	checkm2	-13.041127202532508	-13.469972344469902	13.041127202532508	13.469972344469902	medium	low
G_r056_substitution_titv_2pct	56	9	substitution_titv	0.02	2.0	titv_2	RS_GCF_000018605.1	Thermotogota	Bacteria	highly_fragmented	89.2611272025325	19.999972344469903	89.2611272025325	19.999972344469903	2169548	88	2370472	88	2370472	0.020059296207675	0.1662522378698502	0	47550	0	0	True	70.96	6.08	checkm2	-18.301127202532513	-13.919972344469903	18.301127202532513	13.919972344469903	medium	low
G_r056_substitution_titv_5pct	56	10	substitution_titv	0.05	5.0	titv_2	RS_GCF_000018605.1	Thermotogota	Bacteria	highly_fragmented	89.2611272025325	19.999972344469903	89.2611272025325	19.999972344469903	2169548	88	2370472	88	2370472	0.050154568372881	0.3697505902753909	0	118890	0	0	True	52.79	6.29	checkm2	-36.47112720253251	-13.709972344469904	36.47112720253251	13.709972344469904	medium	low
G_r056_indel_0p1pct	56	11	indel	0.001	0.1	ins0.5_geom0.75	RS_GCF_000018605.1	Thermotogota	Bacteria	highly_fragmented	89.2611272025325	19.999972344469903	89.25958333016646	19.999972344469903	2169548	88	2370472	88	2370431	0.0010584389944281		0	0	2509	0	True	58.49	3.87	checkm2	-30.771127202532504	-16.129972344469902	30.771127202532504	16.129972344469902	medium	low
G_r056_indel_0p5pct	56	12	indel	0.005	0.5	ins0.5_geom0.75	RS_GCF_000018605.1	Thermotogota	Bacteria	highly_fragmented	89.2611272025325	19.999972344469903	89.26285935201636	19.999972344469903	2169548	88	2370472	88	2370518	0.0050036448437273		0	0	11861	0	True	37.01	3.43	checkm2	-52.25112720253251	-16.569972344469903	52.25112720253251	16.569972344469903	low	low
G_r056_indel_1pct	56	13	indel	0.01	1.0	ins0.5_geom0.75	RS_GCF_000018605.1	Thermotogota	Bacteria	highly_fragmented	89.2611272025325	19.999972344469903	89.25781352525902	19.999972344469903	2169548	88	2370472	88	2370384	0.0101351123320587		0	0	24025	0	True	29.74	2.33	checkm2	-59.52112720253251	-17.669972344469905	59.52112720253251	17.669972344469905	low	low
G_r056_indel_2pct	56	14	indel	0.02	2.0	ins0.5_geom0.75	RS_GCF_000018605.1	Thermotogota	Bacteria	highly_fragmented	89.2611272025325	19.999972344469903	89.25909380966014	19.999972344469903	2169548	88	2370472	88	2370418	0.0200580306369364		0	0	47547	0	True	29.64	6.25	checkm2	-59.621127202532506	-13.749972344469903	59.621127202532506	13.749972344469903	low	low
G_r056_indel_5pct	56	15	indel	0.05	5.0	ins0.5_geom0.75	RS_GCF_000018605.1	Thermotogota	Bacteria	highly_fragmented	89.2611272025325	19.999972344469903	89.26349949421693	19.999972344469903	2169548	88	2370472	88	2370535	0.0502279714757229		0	0	119064	0	True	15.01	5.67	checkm2	-74.2511272025325	-14.329972344469903	74.2511272025325	14.329972344469903	low	low
G_r056_chimera_5pct	56	16	chimera	0.05	5.0	rc0.5	RS_GCF_000018605.1	Thermotogota	Bacteria	highly_fragmented	89.2611272025325	19.999972344469903	89.2611272025325	19.999972344469903	2169548	88	2370472	85	2370472	0.0681818181818181		0	0	0	3	True	83.54	4.37	checkm2	-5.7211272025325	-15.629972344469902	5.7211272025325	15.629972344469902	medium	low
G_r056_chimera_10pct	56	17	chimera	0.1	10.0	rc0.5	RS_GCF_000018605.1	Thermotogota	Bacteria	highly_fragmented	89.2611272025325	19.999972344469903	89.2611272025325	19.999972344469903	2169548	88	2370472	83	2370472	0.1136363636363636		0	0	0	5	True	83.38	4.45	checkm2	-5.881127202532511	-15.549972344469904	5.881127202532511	15.549972344469904	medium	low
G_r056_chimera_20pct	56	18	chimera	0.2	20.0	rc0.5	RS_GCF_000018605.1	Thermotogota	Bacteria	highly_fragmented	89.2611272025325	19.999972344469903	89.2611272025325	19.999972344469903	2169548	88	2370472	79	2370472	0.2045454545454545		0	0	0	9	True	83.09	4.37	checkm2	-6.171127202532503	-15.629972344469902	6.171127202532503	15.629972344469902	medium	low
G_r056_chimera_40pct	56	19	chimera	0.4	40.0	rc0.5	RS_GCF_000018605.1	Thermotogota	Bacteria	highly_fragmented	89.2611272025325	19.999972344469903	89.2611272025325	19.999972344469903	2169548	88	2370472	70	2370472	0.4090909090909091		0	0	0	18	True	82.93	4.47	checkm2	-6.3311272025325	-15.529972344469904	6.3311272025325	15.529972344469904	medium	low
G_r056_uneven_coverage_5pct	56	20	uneven_coverage	0.05	5.0	lognormal_sigma1.0	RS_GCF_000018605.1	Thermotogota	Bacteria	highly_fragmented	89.2611272025325	19.999972344469903	89.2611272025325	25.46304575884009	2169548	88	2370472	93	2488996	0.0500001687427651		118524	0	0	0	True	83.09	7.98	checkm2	-6.171127202532503	-12.019972344469902	6.171127202532503	12.019972344469902	medium	low
G_r056_uneven_coverage_10pct	56	21	uneven_coverage	0.1	10.0	lognormal_sigma1.0	RS_GCF_000018605.1	Thermotogota	Bacteria	highly_fragmented	89.2611272025325	19.999972344469903	89.2611272025325	30.92607308066012	2169548	88	2370472	98	2607519	0.0999999156286174		237047	0	0	0	True	83.51	18.8	checkm2	-5.751127202532501	-1.1999723444699022	5.751127202532501	1.1999723444699022	low	low
G_r056_uneven_coverage_20pct	56	22	uneven_coverage	0.2	20.0	lognormal_sigma1.0	RS_GCF_000018605.1	Thermotogota	Bacteria	highly_fragmented	89.2611272025325	19.999972344469903	89.2611272025325	41.85217381685033	2169548	88	2370472	107	2844566	0.1999998312572348		474094	0	0	0	True	84.58	22.72	checkm2	-4.681127202532508	2.720027655530096	4.681127202532508	2.720027655530096	low	low
G_r056_uneven_coverage_40pct	56	23	uneven_coverage	0.4	40.0	lognormal_sigma1.0	RS_GCF_000018605.1	Thermotogota	Bacteria	highly_fragmented	89.2611272025325	19.999972344469903	89.2611272025325	63.7044213817809	2169548	88	2370472	128	3318661	0.4000000843713825		948189	0	0	0	True	82.99	41.0	checkm2	-6.2711272025325115	21.000027655530097	6.2711272025325115	21.000027655530097	low	low
G_r057_none_control	57	0	none	0.0	0.0	control	RS_GCF_040746155.1	Bdellovibrionota	Bacteria	high	94.59887406492592	0.0	94.59887406492592	0.0	3782989	2	3578665	2	3578665	0.0		0	0	0	0	True	99.44	0.26	checkm2	4.841125935074075	0.26	4.841125935074075	0.26	high	high
G_r057_substitution_0p1pct	57	1	substitution	0.001	0.1	uniform	RS_GCF_040746155.1	Bdellovibrionota	Bacteria	high	94.59887406492592	0.0	94.59887406492592	0.0	3782989	2	3578665	2	3578665	0.0009953693806829	0.0089640838741259	0	3562	0	0	True	95.64	0.77	checkm2	1.0411259350740778	0.77	1.0411259350740778	0.77	high	high
G_r057_substitution_0p5pct	57	2	substitution	0.005	0.5	uniform	RS_GCF_040746155.1	Bdellovibrionota	Bacteria	high	94.59887406492592	0.0	94.59887406492592	0.0	3782989	2	3578665	2	3578665	0.0049458289356282	0.0441104216424403	0	17699	0	0	True	93.13	1.04	checkm2	-1.4688740649259273	1.04	1.4688740649259273	1.04	high	high
G_r057_substitution_1pct	57	3	substitution	0.01	1.0	uniform	RS_GCF_040746155.1	Bdellovibrionota	Bacteria	high	94.59887406492592	0.0	94.59887406492592	0.0	3782989	2	3578665	2	3578665	0.0099889033918846	0.0864827525163591	0	35746	0	0	True	82.49	3.41	checkm2	-12.108874064925928	3.41	12.108874064925928	3.41	medium	high
G_r057_substitution_2pct	57	4	substitution	0.02	2.0	uniform	RS_GCF_040746155.1	Bdellovibrionota	Bacteria	high	94.59887406492592	0.0	94.59887406492592	0.0	3782989	2	3578665	2	3578665	0.0200079864281021	0.1662522378698502	0	71600	0	0	True	79.26	3.77	checkm2	-15.338874064925918	3.77	15.338874064925918	3.77	medium	high
G_r057_substitution_5pct	57	5	substitution	0.05	5.0	uniform	RS_GCF_040746155.1	Bdellovibrionota	Bacteria	high	94.59887406492592	0.0	94.59887406492592	0.0	3782989	2	3578665	2	3578665	0.0499207644615685	0.3697505902753909	0	178645	0	0	True	61.56	4.38	checkm2	-33.03887406492592	4.38	33.03887406492592	4.38	medium	high
G_r057_substitution_titv_0p1pct	57	6	substitution_titv	0.001	0.1	titv_2	RS_GCF_040746155.1	Bdellovibrionota	Bacteria	high	94.59887406492592	0.0	94.59887406492592	0.0	3782989	2	3578665	2	3578665	0.0010194013196887	0.0089640838741259	0	3648	0	0	True	98.72	0.78	checkm2	4.121125935074076	0.78	4.121125935074076	0.78	high	high
G_r057_substitution_titv_0p5pct	57	7	substitution_titv	0.005	0.5	titv_2	RS_GCF_040746155.1	Bdellovibrionota	Bacteria	high	94.59887406492592	0.0	94.59887406492592	0.0	3782989	2	3578665	2	3578665	0.0050017171658743	0.0441104216424403	0	17899	0	0	True	97.34	0.37	checkm2	2.7411259350740806	0.37	2.7411259350740806	0.37	high	high
G_r057_substitution_titv_1pct	57	8	substitution_titv	0.01	1.0	titv_2	RS_GCF_040746155.1	Bdellovibrionota	Bacteria	high	94.59887406492592	0.0	94.59887406492592	0.0	3782989	2	3578665	2	3578665	0.0099413983961754	0.0864827525163591	0	35576	0	0	True	87.55	0.64	checkm2	-7.048874064925926	0.64	7.048874064925926	0.64	medium	high
G_r057_substitution_titv_2pct	57	9	substitution_titv	0.02	2.0	titv_2	RS_GCF_040746155.1	Bdellovibrionota	Bacteria	high	94.59887406492592	0.0	94.59887406492592	0.0	3782989	2	3578665	2	3578665	0.0200113397219169	0.1662522378698502	0	71612	0	0	True	82.59	2.55	checkm2	-12.00887406492592	2.55	12.00887406492592	2.55	medium	high
G_r057_substitution_titv_5pct	57	10	substitution_titv	0.05	5.0	titv_2	RS_GCF_040746155.1	Bdellovibrionota	Bacteria	high	94.59887406492592	0.0	94.59887406492592	0.0	3782989	2	3578665	2	3578665	0.0498984091694701	0.3697505902753909	0	178565	0	0	True	67.85	5.19	checkm2	-26.74887406492593	5.19	26.74887406492593	5.19	medium	high
G_r057_indel_0p1pct	57	11	indel	0.001	0.1	ins0.5_geom0.75	RS_GCF_040746155.1	Bdellovibrionota	Bacteria	high	94.59887406492592	0.0	94.60157034556538	0.0	3782989	2	3578665	2	3578767	0.0010224483152236		0	0	3659	0	True	79.41	2.24	checkm2	-15.188874064925926	2.24	15.188874064925926	2.24	medium	high
G_r057_indel_0p5pct	57	12	indel	0.005	0.5	ins0.5_geom0.75	RS_GCF_040746155.1	Bdellovibrionota	Bacteria	high	94.59887406492592	0.0	94.59895336729764	0.0	3782989	2	3578665	2	3578668	0.0049635827885538		0	0	17763	0	True	45.6	1.32	checkm2	-48.99887406492592	1.32	48.99887406492592	1.32	low	high
G_r057_indel_1pct	57	13	indel	0.01	1.0	ins0.5_geom0.75	RS_GCF_040746155.1	Bdellovibrionota	Bacteria	high	94.59887406492592	0.0	94.59477677571888	0.0	3782989	2	3578665	2	3578510	0.0100109957204711		0	0	35826	0	True	54.68	1.29	checkm2	-39.91887406492592	1.29	39.91887406492592	1.29	medium	high
G_r057_indel_2pct	57	14	indel	0.02	2.0	ins0.5_geom0.75	RS_GCF_040746155.1	Bdellovibrionota	Bacteria	high	94.59887406492592	0.0	94.58668793380048	0.0	3782989	2	3578665	2	3578204	0.0199322931875434		0	0	71331	0	True	52.74	6.58	checkm2	-41.85887406492592	6.58	41.85887406492592	6.58	medium	high
G_r057_indel_5pct	57	15	indel	0.05	5.0	ins0.5_geom0.75	RS_GCF_040746155.1	Bdellovibrionota	Bacteria	high	94.59887406492592	0.0	94.57537412876432	0.0	3782989	2	3578665	2	3577776	0.0498289166490856		0	0	178321	0	True	60.38	13.86	checkm2	-34.21887406492592	13.86	34.21887406492592	13.86	low	high
G_r057_chimera_5pct	57	16	chimera	0.05	5.0	rc0.5	RS_GCF_040746155.1	Bdellovibrionota	Bacteria	high	94.59887406492592	0.0	94.59887406492592	0.0	3782989	2	3578665	2	3578665	0.0		0	0	0	0	True	99.44	0.26	checkm2	4.841125935074075	0.26	4.841125935074075	0.26	high	high
G_r057_chimera_10pct	57	17	chimera	0.1	10.0	rc0.5	RS_GCF_040746155.1	Bdellovibrionota	Bacteria	high	94.59887406492592	0.0	94.59887406492592	0.0	3782989	2	3578665	2	3578665	0.0		0	0	0	0	True	99.44	0.26	checkm2	4.841125935074075	0.26	4.841125935074075	0.26	high	high
G_r057_chimera_20pct	57	18	chimera	0.2	20.0	rc0.5	RS_GCF_040746155.1	Bdellovibrionota	Bacteria	high	94.59887406492592	0.0	94.59887406492592	0.0	3782989	2	3578665	1	3578665	1.0		0	0	0	1	True	99.44	0.26	checkm2	4.841125935074075	0.26	4.841125935074075	0.26	high	high
G_r057_chimera_40pct	57	19	chimera	0.4	40.0	rc0.5	RS_GCF_040746155.1	Bdellovibrionota	Bacteria	high	94.59887406492592	0.0	94.59887406492592	0.0	3782989	2	3578665	2	3578665	0.0		0	0	0	0	True	99.44	0.26	checkm2	4.841125935074075	0.26	4.841125935074075	0.26	high	high
G_r057_uneven_coverage_5pct	57	20	uneven_coverage	0.05	5.0	lognormal_sigma1.0	RS_GCF_040746155.1	Bdellovibrionota	Bacteria	high	94.59887406492592	0.0	94.59887406492592	4.729937094715316	3782989	2	3578665	3	3757598	0.0499999301415471		178933	0	0	0	True	99.61	5.06	checkm2	5.011125935074077	5.06	5.011125935074077	5.06	medium	high
G_r057_uneven_coverage_10pct	57	21	uneven_coverage	0.1	10.0	lognormal_sigma1.0	RS_GCF_040746155.1	Bdellovibrionota	Bacteria	high	94.59887406492592	0.0	94.59887406492592	9.459874189430632	3782989	2	3578665	3	3936531	0.0999998602830943		357866	0	0	0	True	97.9	8.49	checkm2	3.301125935074083	8.49	3.301125935074083	8.49	medium	high
G_r057_uneven_coverage_20pct	57	22	uneven_coverage	0.2	20.0	lognormal_sigma1.0	RS_GCF_040746155.1	Bdellovibrionota	Bacteria	high	94.59887406492592	0.0	94.59887406492592	18.91977481298518	3782989	2	3578665	4	4294398	0.2		715733	0	0	0	True	99.95	20.95	checkm2	5.35112593507408	20.95	5.35112593507408	20.95	low	high
G_r057_uneven_coverage_40pct	57	23	uneven_coverage	0.4	40.0	lognormal_sigma1.0	RS_GCF_040746155.1	Bdellovibrionota	Bacteria	high	94.59887406492592	0.0	94.59887406492592	37.83954962597036	3782989	2	3578665	4	5010131	0.4		1431466	0	0	0	True	98.16	27.76	checkm2	3.561125935074074	27.76	3.561125935074074	27.76	low	high
G_r058_none_control	58	0	none	0.0	0.0	control	RS_GCF_001548675.1	Methanobacteriota	Archaea	highly_fragmented	87.32351616331529	0.0	87.32351616331529	0.0	2273296	41	1985122	41	1985122	0.0		0	0	0	0	True	86.0	0.59	checkm2	-1.3235161633152899	0.59	1.3235161633152899	0.59	medium	medium
G_r058_substitution_0p1pct	58	1	substitution	0.001	0.1	uniform	RS_GCF_001548675.1	Methanobacteriota	Archaea	highly_fragmented	87.32351616331529	0.0	87.32351616331529	0.0	2273296	41	1985122	41	1985122	0.0010326821223078	0.0089640838741259	0	2050	0	0	True	84.48	0.55	checkm2	-2.843516163315286	0.55	2.843516163315286	0.55	medium	medium
G_r058_substitution_0p5pct	58	2	substitution	0.005	0.5	uniform	RS_GCF_001548675.1	Methanobacteriota	Archaea	highly_fragmented	87.32351616331529	0.0	87.32351616331529	0.0	2273296	41	1985122	41	1985122	0.0050107751563883	0.0441104216424403	0	9947	0	0	True	81.39	1.23	checkm2	-5.933516163315289	1.23	5.933516163315289	1.23	medium	medium
G_r058_substitution_1pct	58	3	substitution	0.01	1.0	uniform	RS_GCF_001548675.1	Methanobacteriota	Archaea	highly_fragmented	87.32351616331529	0.0	87.32351616331529	0.0	2273296	41	1985122	41	1985122	0.009950521932657	0.0864827525163591	0	19753	0	0	True	72.8	1.39	checkm2	-14.523516163315293	1.39	14.523516163315293	1.39	medium	medium
G_r058_substitution_2pct	58	4	substitution	0.02	2.0	uniform	RS_GCF_001548675.1	Methanobacteriota	Archaea	highly_fragmented	87.32351616331529	0.0	87.32351616331529	0.0	2273296	41	1985122	41	1985122	0.0199670347716664	0.1662522378698502	0	39637	0	0	True	60.92	2.97	checkm2	-26.403516163315288	2.97	26.403516163315288	2.97	medium	medium
G_r058_substitution_5pct	58	5	substitution	0.05	5.0	uniform	RS_GCF_001548675.1	Methanobacteriota	Archaea	highly_fragmented	87.32351616331529	0.0	87.32351616331529	0.0	2273296	41	1985122	41	1985122	0.0500865941740608	0.3697505902753909	0	99428	0	0	True	40.33	2.67	checkm2	-46.99351616331529	2.67	46.99351616331529	2.67	low	medium
G_r058_substitution_titv_0p1pct	58	6	substitution_titv	0.001	0.1	titv_2	RS_GCF_001548675.1	Methanobacteriota	Archaea	highly_fragmented	87.32351616331529	0.0	87.32351616331529	0.0	2273296	41	1985122	41	1985122	0.0010034647744571	0.0089640838741259	0	1992	0	0	True	84.59	0.62	checkm2	-2.7335161633152865	0.62	2.7335161633152865	0.62	medium	medium
G_r058_substitution_titv_0p5pct	58	7	substitution_titv	0.005	0.5	titv_2	RS_GCF_001548675.1	Methanobacteriota	Archaea	highly_fragmented	87.32351616331529	0.0	87.32351616331529	0.0	2273296	41	1985122	41	1985122	0.0050384812621088	0.0441104216424403	0	10002	0	0	True	80.99	0.75	checkm2	-6.333516163315295	0.75	6.333516163315295	0.75	medium	medium
G_r058_substitution_titv_1pct	58	8	substitution_titv	0.01	1.0	titv_2	RS_GCF_001548675.1	Methanobacteriota	Archaea	highly_fragmented	87.32351616331529	0.0	87.32351616331529	0.0	2273296	41	1985122	41	1985122	0.0099646268592056	0.0864827525163591	0	19781	0	0	True	82.62	0.16	checkm2	-4.703516163315285	0.16	4.703516163315285	0.16	medium	medium
G_r058_substitution_titv_2pct	58	9	substitution_titv	0.02	2.0	titv_2	RS_GCF_001548675.1	Methanobacteriota	Archaea	highly_fragmented	87.32351616331529	0.0	87.32351616331529	0.0	2273296	41	1985122	41	1985122	0.0199519223503643	0.1662522378698502	0	39607	0	0	True	68.43	0.9	checkm2	-18.893516163315283	0.9	18.893516163315283	0.9	medium	medium
G_r058_substitution_titv_5pct	58	10	substitution_titv	0.05	5.0	titv_2	RS_GCF_001548675.1	Methanobacteriota	Archaea	highly_fragmented	87.32351616331529	0.0	87.32351616331529	0.0	2273296	41	1985122	41	1985122	0.0502231097131561	0.3697505902753909	0	99699	0	0	True	50.89	0.37	checkm2	-36.43351616331529	0.37	36.43351616331529	0.37	medium	medium
G_r058_indel_0p1pct	58	11	indel	0.001	0.1	ins0.5_geom0.75	RS_GCF_001548675.1	Methanobacteriota	Archaea	highly_fragmented	87.32351616331529	0.0	87.32320824036994	0.0	2273296	41	1985122	41	1985115	0.0010069910060943		0	0	1999	0	True	78.1	1.88	checkm2	-9.223516163315296	1.88	9.223516163315296	1.88	medium	medium
G_r058_indel_0p5pct	58	12	indel	0.005	0.5	ins0.5_geom0.75	RS_GCF_001548675.1	Methanobacteriota	Archaea	highly_fragmented	87.32351616331529	0.0	87.32597954687819	0.0	2273296	41	1985122	41	1985178	0.004996166482463		0	0	9918	0	True	34.47	2.85	checkm2	-52.85351616331529	2.85	52.85351616331529	2.85	low	medium
G_r058_indel_1pct	58	13	indel	0.01	1.0	ins0.5_geom0.75	RS_GCF_001548675.1	Methanobacteriota	Archaea	highly_fragmented	87.32351616331529	0.0	87.32320824036994	0.0	2273296	41	1985122	41	1985115	0.0100280990286743		0	0	19907	0	True	29.76	6.23	checkm2	-57.563516163315285	6.23	57.563516163315285	6.23	low	medium
G_r058_indel_2pct	58	14	indel	0.02	2.0	ins0.5_geom0.75	RS_GCF_001548675.1	Methanobacteriota	Archaea	highly_fragmented	87.32351616331529	0.0	87.31977709897875	0.0	2273296	41	1985122	41	1985037	0.0200053195722983		0	0	39713	0	True	23.25	5.84	checkm2	-64.07351616331529	5.84	64.07351616331529	5.84	low	medium
G_r058_indel_5pct	58	15	indel	0.05	5.0	ins0.5_geom0.75	RS_GCF_001548675.1	Methanobacteriota	Archaea	highly_fragmented	87.32351616331529	0.0	87.3152902217749	0.0	2273296	41	1985122	41	1984935	0.0499198537923613		0	0	99097	0	True	10.57	3.99	checkm2	-76.75351616331528	3.99	76.75351616331528	3.99	low	medium
G_r058_chimera_5pct	58	16	chimera	0.05	5.0	rc0.5	RS_GCF_001548675.1	Methanobacteriota	Archaea	highly_fragmented	87.32351616331529	0.0	87.32351616331529	0.0	2273296	41	1985122	40	1985122	0.048780487804878		0	0	0	1	True	86.0	0.59	checkm2	-1.3235161633152899	0.59	1.3235161633152899	0.59	medium	medium
G_r058_chimera_10pct	58	17	chimera	0.1	10.0	rc0.5	RS_GCF_001548675.1	Methanobacteriota	Archaea	highly_fragmented	87.32351616331529	0.0	87.32351616331529	0.0	2273296	41	1985122	39	1985122	0.0975609756097561		0	0	0	2	True	85.92	0.59	checkm2	-1.4035161633152882	0.59	1.4035161633152882	0.59	medium	medium
G_r058_chimera_20pct	58	18	chimera	0.2	20.0	rc0.5	RS_GCF_001548675.1	Methanobacteriota	Archaea	highly_fragmented	87.32351616331529	0.0	87.32351616331529	0.0	2273296	41	1985122	37	1985122	0.1951219512195122		0	0	0	4	True	86.16	0.59	checkm2	-1.1635161633152933	0.59	1.1635161633152933	0.59	medium	medium
G_r058_chimera_40pct	58	19	chimera	0.4	40.0	rc0.5	RS_GCF_001548675.1	Methanobacteriota	Archaea	highly_fragmented	87.32351616331529	0.0	87.32351616331529	0.0	2273296	41	1985122	32	1985122	0.4390243902439024		0	0	0	9	True	86.0	0.59	checkm2	-1.3235161633152899	0.59	1.3235161633152899	0.59	medium	medium
G_r058_uneven_coverage_5pct	58	20	uneven_coverage	0.05	5.0	lognormal_sigma1.0	RS_GCF_001548675.1	Methanobacteriota	Archaea	highly_fragmented	87.32351616331529	0.0	87.32351616331529	4.366171409266546	2273296	41	1985122	44	2084378	0.0499999496252623		99256	0	0	0	True	87.63	8.6	checkm2	0.3064838366847056	8.6	0.3064838366847056	8.6	medium	medium
G_r058_uneven_coverage_10pct	58	21	uneven_coverage	0.1	10.0	lognormal_sigma1.0	RS_GCF_001548675.1	Methanobacteriota	Archaea	highly_fragmented	87.32351616331529	0.0	87.32351616331529	8.732342818533091	2273296	41	1985122	45	2183634	0.0999998992505246		198512	0	0	0	True	86.91	9.44	checkm2	-0.4135161633152933	9.44	0.4135161633152933	9.44	medium	medium
G_r058_uneven_coverage_20pct	58	22	uneven_coverage	0.2	20.0	lognormal_sigma1.0	RS_GCF_001548675.1	Methanobacteriota	Archaea	highly_fragmented	87.32351616331529	0.0	87.32351616331529	17.464685637066182	2273296	41	1985122	54	2382146	0.1999997985010493		397024	0	0	0	True	84.44	14.62	checkm2	-2.883516163315292	14.62	2.883516163315292	14.62	low	medium
G_r058_uneven_coverage_40pct	58	23	uneven_coverage	0.4	40.0	lognormal_sigma1.0	RS_GCF_001548675.1	Methanobacteriota	Archaea	highly_fragmented	87.32351616331529	0.0	87.32351616331529	34.929415263124554	2273296	41	1985122	61	2779171	0.4000001007494753		794049	0	0	0	True	71.52	30.45	checkm2	-15.803516163315294	30.45	15.803516163315294	30.45	low	medium
G_r059_none_control	59	0	none	0.0	0.0	control	RS_GCF_000017505.1	Myxococcota	Bacteria	highly_fragmented	69.98148916538304	1.9999848427147453	69.98148916538304	1.9999848427147453	5277990	320	3799175	320	3799175	0.0		0	0	0	0	True	72.84	2.81	checkm2	2.8585108346169648	0.8100151572852547	2.8585108346169648	0.8100151572852547	medium	medium
G_r059_substitution_0p1pct	59	1	substitution	0.001	0.1	uniform	RS_GCF_000017505.1	Myxococcota	Bacteria	highly_fragmented	69.98148916538304	1.9999848427147453	69.98148916538304	1.9999848427147453	5277990	320	3799175	320	3799175	0.0009970585719267	0.0089640838741259	0	3788	0	0	True	72.56	3.29	checkm2	2.5785108346169636	1.2900151572852547	2.5785108346169636	1.2900151572852547	medium	medium
G_r059_substitution_0p5pct	59	2	substitution	0.005	0.5	uniform	RS_GCF_000017505.1	Myxococcota	Bacteria	highly_fragmented	69.98148916538304	1.9999848427147453	69.98148916538304	1.9999848427147453	5277990	320	3799175	320	3799175	0.0050008225470003	0.0441104216424403	0	18999	0	0	True	73.2	3.54	checkm2	3.218510834616964	1.5400151572852547	3.218510834616964	1.5400151572852547	medium	medium
G_r059_substitution_1pct	59	3	substitution	0.01	1.0	uniform	RS_GCF_000017505.1	Myxococcota	Bacteria	highly_fragmented	69.98148916538304	1.9999848427147453	69.98148916538304	1.9999848427147453	5277990	320	3799175	320	3799175	0.0100584995426638	0.0864827525163591	0	38214	0	0	True	69.51	4.68	checkm2	-0.47148916538303354	2.680015157285254	0.47148916538303354	2.680015157285254	medium	medium
G_r059_substitution_2pct	59	4	substitution	0.02	2.0	uniform	RS_GCF_000017505.1	Myxococcota	Bacteria	highly_fragmented	69.98148916538304	1.9999848427147453	69.98148916538304	1.9999848427147453	5277990	320	3799175	320	3799175	0.0200317174123329	0.1662522378698502	0	76104	0	0	True	68.51	2.0	checkm2	-1.4714891653830335	1.5157285254696617e-05	1.4714891653830335	1.5157285254696617e-05	medium	medium
G_r059_substitution_5pct	59	5	substitution	0.05	5.0	uniform	RS_GCF_000017505.1	Myxococcota	Bacteria	highly_fragmented	69.98148916538304	1.9999848427147453	69.98148916538304	1.9999848427147453	5277990	320	3799175	320	3799175	0.0499987497285594	0.3697505902753909	0	189954	0	0	True	53.03	4.03	checkm2	-16.951489165383038	2.0300151572852547	16.951489165383038	2.0300151572852547	medium	medium
G_r059_substitution_titv_0p1pct	59	6	substitution_titv	0.001	0.1	titv_2	RS_GCF_000017505.1	Myxococcota	Bacteria	highly_fragmented	69.98148916538304	1.9999848427147453	69.98148916538304	1.9999848427147453	5277990	320	3799175	320	3799175	0.0010110089690524	0.0089640838741259	0	3841	0	0	True	72.78	3.23	checkm2	2.7985108346169625	1.2300151572852547	2.7985108346169625	1.2300151572852547	medium	medium
G_r059_substitution_titv_0p5pct	59	7	substitution_titv	0.005	0.5	titv_2	RS_GCF_000017505.1	Myxococcota	Bacteria	highly_fragmented	69.98148916538304	1.9999848427147453	69.98148916538304	1.9999848427147453	5277990	320	3799175	320	3799175	0.0050071397079629	0.0441104216424403	0	19023	0	0	True	69.35	3.13	checkm2	-0.6314891653830443	1.1300151572852546	0.6314891653830443	1.1300151572852546	medium	medium
G_r059_substitution_titv_1pct	59	8	substitution_titv	0.01	1.0	titv_2	RS_GCF_000017505.1	Myxococcota	Bacteria	highly_fragmented	69.98148916538304	1.9999848427147453	69.98148916538304	1.9999848427147453	5277990	320	3799175	320	3799175	0.0100484973711397	0.0864827525163591	0	38176	0	0	True	68.33	4.51	checkm2	-1.6514891653830404	2.5100151572852543	1.6514891653830404	2.5100151572852543	medium	medium
G_r059_substitution_titv_2pct	59	9	substitution_titv	0.02	2.0	titv_2	RS_GCF_000017505.1	Myxococcota	Bacteria	highly_fragmented	69.98148916538304	1.9999848427147453	69.98148916538304	1.9999848427147453	5277990	320	3799175	320	3799175	0.0199306428369317	0.1662522378698502	0	75720	0	0	True	68.39	4.5	checkm2	-1.591489165383038	2.5000151572852545	1.591489165383038	2.5000151572852545	medium	medium
G_r059_substitution_titv_5pct	59	10	substitution_titv	0.05	5.0	titv_2	RS_GCF_000017505.1	Myxococcota	Bacteria	highly_fragmented	69.98148916538304	1.9999848427147453	69.98148916538304	1.9999848427147453	5277990	320	3799175	320	3799175	0.0501390433449367	0.3697505902753909	0	190487	0	0	True	59.46	3.73	checkm2	-10.521489165383038	1.7300151572852547	10.521489165383038	1.7300151572852547	medium	medium
G_r059_indel_0p1pct	59	11	indel	0.001	0.1	ins0.5_geom0.75	RS_GCF_000017505.1	Myxococcota	Bacteria	highly_fragmented	69.98148916538304	1.9999848427147453	69.98281541837741	1.9999848427147453	5277990	320	3799175	320	3799247	0.0010165364848947		0	0	3862	0	True	57.81	2.95	checkm2	-12.171489165383036	0.9500151572852549	12.171489165383036	0.9500151572852549	medium	medium
G_r059_indel_0p5pct	59	12	indel	0.005	0.5	ins0.5_geom0.75	RS_GCF_000017505.1	Myxococcota	Bacteria	highly_fragmented	69.98148916538304	1.9999848427147453	69.98211545151926	1.9999848427147453	5277990	320	3799175	320	3799209	0.004904485842321		0	0	18633	0	True	33.48	0.85	checkm2	-36.50148916538304	-1.1499848427147454	36.50148916538304	1.1499848427147454	low	medium
G_r059_indel_1pct	59	13	indel	0.01	1.0	ins0.5_geom0.75	RS_GCF_000017505.1	Myxococcota	Bacteria	highly_fragmented	69.98148916538304	1.9999848427147453	69.97268431911482	1.9999848427147453	5277990	320	3799175	320	3798697	0.0099921693525568		0	0	37962	0	True	28.95	1.25	checkm2	-41.031489165383036	-0.7499848427147453	41.031489165383036	0.7499848427147453	low	medium
G_r059_indel_2pct	59	14	indel	0.02	2.0	ins0.5_geom0.75	RS_GCF_000017505.1	Myxococcota	Bacteria	highly_fragmented	69.98148916538304	1.9999848427147453	69.97294220164149	1.9999848427147453	5277990	320	3799175	320	3798711	0.0199416978686162		0	0	75762	0	True	26.54	2.93	checkm2	-43.44148916538304	0.9300151572852549	43.44148916538304	0.9300151572852549	low	medium
G_r059_indel_5pct	59	15	indel	0.05	5.0	ins0.5_geom0.75	RS_GCF_000017505.1	Myxococcota	Bacteria	highly_fragmented	69.98148916538304	1.9999848427147453	70.01088777342504	1.9999848427147453	5277990	320	3799175	320	3800771	0.0497213210762862		0	0	188900	0	True	35.37	11.25	checkm2	-34.61148916538304	9.250015157285254	34.61148916538304	9.250015157285254	low	medium
G_r059_chimera_5pct	59	16	chimera	0.05	5.0	rc0.5	RS_GCF_000017505.1	Myxococcota	Bacteria	highly_fragmented	69.98148916538304	1.9999848427147453	69.98148916538304	1.9999848427147453	5277990	320	3799175	312	3799175	0.05		0	0	0	8	True	72.93	2.79	checkm2	2.948510834616968	0.7900151572852547	2.948510834616968	0.7900151572852547	medium	medium
G_r059_chimera_10pct	59	17	chimera	0.1	10.0	rc0.5	RS_GCF_000017505.1	Myxococcota	Bacteria	highly_fragmented	69.98148916538304	1.9999848427147453	69.98148916538304	1.9999848427147453	5277990	320	3799175	304	3799175	0.1		0	0	0	16	True	72.76	2.81	checkm2	2.7785108346169665	0.8100151572852547	2.7785108346169665	0.8100151572852547	medium	medium
G_r059_chimera_20pct	59	18	chimera	0.2	20.0	rc0.5	RS_GCF_000017505.1	Myxococcota	Bacteria	highly_fragmented	69.98148916538304	1.9999848427147453	69.98148916538304	1.9999848427147453	5277990	320	3799175	288	3799175	0.2		0	0	0	32	True	72.46	2.85	checkm2	2.478510834616955	0.8500151572852548	2.478510834616955	0.8500151572852548	medium	medium
G_r059_chimera_40pct	59	19	chimera	0.4	40.0	rc0.5	RS_GCF_000017505.1	Myxococcota	Bacteria	highly_fragmented	69.98148916538304	1.9999848427147453	69.98148916538304	1.9999848427147453	5277990	320	3799175	256	3799175	0.4		0	0	0	64	True	71.9	2.65	checkm2	1.918510834616967	0.6500151572852546	1.918510834616967	0.6500151572852546	medium	medium
G_r059_uneven_coverage_5pct	59	20	uneven_coverage	0.05	5.0	lognormal_sigma1.0	RS_GCF_000017505.1	Myxococcota	Bacteria	highly_fragmented	69.98148916538304	1.9999848427147453	69.98148916538304	5.5990632797712765	5277990	320	3799175	339	3989134	0.05000006580376		189959	0	0	0	True	72.4	5.51	checkm2	2.418510834616967	3.5100151572852543	2.418510834616967	3.5100151572852543	medium	medium
G_r059_uneven_coverage_10pct	59	21	uneven_coverage	0.1	10.0	lognormal_sigma1.0	RS_GCF_000017505.1	Myxococcota	Bacteria	highly_fragmented	69.98148916538304	1.9999848427147453	69.98148916538304	9.198141716827807	5277990	320	3799175	353	4179093	0.10000013160752		379918	0	0	0	True	71.82	7.67	checkm2	1.8385108346169545	5.670015157285254	1.8385108346169545	5.670015157285254	medium	medium
G_r059_uneven_coverage_20pct	59	22	uneven_coverage	0.2	20.0	lognormal_sigma1.0	RS_GCF_000017505.1	Myxococcota	Bacteria	highly_fragmented	69.98148916538304	1.9999848427147453	69.98148916538304	16.396279644334303	5277990	320	3799175	395	4559010	0.2		759835	0	0	0	True	70.44	17.95	checkm2	0.4585108346169591	15.950015157285254	0.4585108346169591	15.950015157285254	low	medium
G_r059_uneven_coverage_40pct	59	23	uneven_coverage	0.4	40.0	lognormal_sigma1.0	RS_GCF_000017505.1	Myxococcota	Bacteria	highly_fragmented	69.98148916538304	1.9999848427147453	69.98148916538304	30.792574445953857	5277990	320	3799175	462	5318845	0.4		1519670	0	0	0	True	68.27	27.18	checkm2	-1.7114891653830426	25.180015157285254	1.7114891653830426	25.180015157285254	low	medium
G_r060_none_control	60	0	none	0.0	0.0	control	RS_GCF_902387285.1	Thermoplasmatota	Archaea	highly_fragmented	59.90058765475058	8.393233721003483	59.90058765475058	8.393233721003483	1666795	69	1138318	69	1138318	0.0		0	0	0	0	True	61.74	2.35	checkm2	1.8394123452494213	-6.043233721003483	1.8394123452494213	6.043233721003483	medium	medium
G_r060_substitution_0p1pct	60	1	substitution	0.001	0.1	uniform	RS_GCF_902387285.1	Thermoplasmatota	Archaea	highly_fragmented	59.90058765475058	8.393233721003483	59.90058765475058	8.393233721003483	1666795	69	1138318	69	1138318	0.0009935738350105	0.0089640838741259	0	1131	0	0	True	59.99	2.56	checkm2	0.08941234524942132	-5.833233721003483	0.08941234524942132	5.833233721003483	medium	medium
G_r060_substitution_0p5pct	60	2	substitution	0.005	0.5	uniform	RS_GCF_902387285.1	Thermoplasmatota	Archaea	highly_fragmented	59.90058765475058	8.393233721003483	59.90058765475058	8.393233721003483	1666795	69	1138318	69	1138318	0.0049037392988759	0.0441104216424403	0	5582	0	0	True	57.22	3.43	checkm2	-2.680587654750582	-4.963233721003483	2.680587654750582	4.963233721003483	medium	medium
G_r060_substitution_1pct	60	3	substitution	0.01	1.0	uniform	RS_GCF_902387285.1	Thermoplasmatota	Archaea	highly_fragmented	59.90058765475058	8.393233721003483	59.90058765475058	8.393233721003483	1666795	69	1138318	69	1138318	0.0100394003417331	0.0864827525163591	0	11428	0	0	True	52.18	3.09	checkm2	-7.720587654750581	-5.303233721003483	7.720587654750581	5.303233721003483	medium	medium
G_r060_substitution_2pct	60	4	substitution	0.02	2.0	uniform	RS_GCF_902387285.1	Thermoplasmatota	Archaea	highly_fragmented	59.90058765475058	8.393233721003483	59.90058765475058	8.393233721003483	1666795	69	1138318	69	1138318	0.019798561909489	0.1662522378698502	0	22537	0	0	True	45.57	2.4	checkm2	-14.33058765475058	-5.993233721003483	14.33058765475058	5.993233721003483	low	medium
G_r060_substitution_5pct	60	5	substitution	0.05	5.0	uniform	RS_GCF_902387285.1	Thermoplasmatota	Archaea	highly_fragmented	59.90058765475058	8.393233721003483	59.90058765475058	8.393233721003483	1666795	69	1138318	69	1138318	0.0499808928108651	0.3697505902753909	0	56894	0	0	True	34.3	0.44	checkm2	-25.600587654750584	-7.953233721003483	25.600587654750584	7.953233721003483	low	medium
G_r060_substitution_titv_0p1pct	60	6	substitution_titv	0.001	0.1	titv_2	RS_GCF_902387285.1	Thermoplasmatota	Archaea	highly_fragmented	59.90058765475058	8.393233721003483	59.90058765475058	8.393233721003483	1666795	69	1138318	69	1138318	0.0009417428391965	0.0089640838741259	0	1072	0	0	True	61.6	2.53	checkm2	1.6994123452494208	-5.863233721003484	1.6994123452494208	5.863233721003484	medium	medium
G_r060_substitution_titv_0p5pct	60	7	substitution_titv	0.005	0.5	titv_2	RS_GCF_902387285.1	Thermoplasmatota	Archaea	highly_fragmented	59.90058765475058	8.393233721003483	59.90058765475058	8.393233721003483	1666795	69	1138318	69	1138318	0.0050688956923171	0.0441104216424403	0	5770	0	0	True	58.91	2.65	checkm2	-0.9905876547505841	-5.743233721003483	0.9905876547505841	5.743233721003483	medium	medium
G_r060_substitution_titv_1pct	60	8	substitution_titv	0.01	1.0	titv_2	RS_GCF_902387285.1	Thermoplasmatota	Archaea	highly_fragmented	59.90058765475058	8.393233721003483	59.90058765475058	8.393233721003483	1666795	69	1138318	69	1138318	0.0100437927990055	0.0864827525163591	0	11433	0	0	True	55.97	2.37	checkm2	-3.930587654750582	-6.023233721003483	3.930587654750582	6.023233721003483	medium	medium
G_r060_substitution_titv_2pct	60	9	substitution_titv	0.02	2.0	titv_2	RS_GCF_902387285.1	Thermoplasmatota	Archaea	highly_fragmented	59.90058765475058	8.393233721003483	59.90058765475058	8.393233721003483	1666795	69	1138318	69	1138318	0.0198662057514835	0.1662522378698502	0	22614	0	0	True	50.0	3.85	checkm2	-9.90058765475058	-4.543233721003483	9.90058765475058	4.543233721003483	medium	medium
G_r060_substitution_titv_5pct	60	10	substitution_titv	0.05	5.0	titv_2	RS_GCF_902387285.1	Thermoplasmatota	Archaea	highly_fragmented	59.90058765475058	8.393233721003483	59.90058765475058	8.393233721003483	1666795	69	1138318	69	1138318	0.0497691763703368	0.3697505902753909	0	56653	0	0	True	35.66	0.26	checkm2	-24.240587654750584	-8.133233721003483	24.240587654750584	8.133233721003483	low	medium
G_r060_indel_0p1pct	60	11	indel	0.001	0.1	ins0.5_geom0.75	RS_GCF_902387285.1	Thermoplasmatota	Archaea	highly_fragmented	59.90058765475058	8.393233721003483	59.89869326218579	8.393233721003483	1666795	69	1138318	69	1138282	0.0010243183363524		0	0	1166	0	True	43.9	2.85	checkm2	-16.000587654750582	-5.543233721003483	16.000587654750582	5.543233721003483	low	medium
G_r060_indel_0p5pct	60	12	indel	0.005	0.5	ins0.5_geom0.75	RS_GCF_902387285.1	Thermoplasmatota	Archaea	highly_fragmented	59.90058765475058	8.393233721003483	59.896483137526864	8.393233721003483	1666795	69	1138318	69	1138240	0.0050513125506229		0	0	5750	0	True	20.34	3.88	checkm2	-39.56058765475058	-4.513233721003483	39.56058765475058	4.513233721003483	low	medium
G_r060_indel_1pct	60	13	indel	0.01	1.0	ins0.5_geom0.75	RS_GCF_902387285.1	Thermoplasmatota	Archaea	highly_fragmented	59.90058765475058	8.393233721003483	59.89669362558961	8.393233721003483	1666795	69	1138318	69	1138244	0.0101026251012458		0	0	11500	0	True	14.74	2.35	checkm2	-45.16058765475058	-6.043233721003483	45.16058765475058	6.043233721003483	low	medium
G_r060_indel_2pct	60	14	indel	0.02	2.0	ins0.5_geom0.75	RS_GCF_902387285.1	Thermoplasmatota	Archaea	highly_fragmented	59.90058765475058	8.393233721003483	59.89395728077381	8.393233721003483	1666795	69	1138318	69	1138192	0.0200884111469729		0	0	22867	0	True	14.19	2.64	checkm2	-45.71058765475058	-5.7532337210034825	45.71058765475058	5.7532337210034825	low	medium
G_r060_indel_5pct	60	15	indel	0.05	5.0	ins0.5_geom0.75	RS_GCF_902387285.1	Thermoplasmatota	Archaea	highly_fragmented	59.90058765475058	8.393233721003483	59.91237498626486	8.393233721003483	1666795	69	1138318	69	1138542	0.0500343489253442		0	0	56955	0	True	13.26	4.52	checkm2	-46.64058765475058	-3.8732337210034835	46.64058765475058	3.8732337210034835	low	medium
G_r060_chimera_5pct	60	16	chimera	0.05	5.0	rc0.5	RS_GCF_902387285.1	Thermoplasmatota	Archaea	highly_fragmented	59.90058765475058	8.393233721003483	59.90058765475058	8.393233721003483	1666795	69	1138318	67	1138318	0.0579710144927536		0	0	0	2	True	61.74	2.35	checkm2	1.8394123452494213	-6.043233721003483	1.8394123452494213	6.043233721003483	medium	medium
G_r060_chimera_10pct	60	17	chimera	0.1	10.0	rc0.5	RS_GCF_902387285.1	Thermoplasmatota	Archaea	highly_fragmented	59.90058765475058	8.393233721003483	59.90058765475058	8.393233721003483	1666795	69	1138318	65	1138318	0.1159420289855072		0	0	0	4	True	61.82	2.35	checkm2	1.9194123452494196	-6.043233721003483	1.9194123452494196	6.043233721003483	medium	medium
G_r060_chimera_20pct	60	18	chimera	0.2	20.0	rc0.5	RS_GCF_902387285.1	Thermoplasmatota	Archaea	highly_fragmented	59.90058765475058	8.393233721003483	59.90058765475058	8.393233721003483	1666795	69	1138318	62	1138318	0.2028985507246377		0	0	0	7	True	61.72	2.35	checkm2	1.8194123452494182	-6.043233721003483	1.8194123452494182	6.043233721003483	medium	medium
G_r060_chimera_40pct	60	19	chimera	0.4	40.0	rc0.5	RS_GCF_902387285.1	Thermoplasmatota	Archaea	highly_fragmented	59.90058765475058	8.393233721003483	59.90058765475058	8.393233721003483	1666795	69	1138318	56	1138318	0.3768115942028985		0	0	0	13	True	61.94	2.64	checkm2	2.039412345249417	-5.7532337210034825	2.039412345249417	5.7532337210034825	medium	medium
G_r060_uneven_coverage_5pct	60	20	uneven_coverage	0.05	5.0	lognormal_sigma1.0	RS_GCF_902387285.1	Thermoplasmatota	Archaea	highly_fragmented	59.90058765475058	8.393233721003483	59.90058765475058	11.80793078932922	1666795	69	1138318	73	1195234	0.0500000878489139		56916	0	0	0	True	61.54	6.15	checkm2	1.6394123452494185	-2.2432337210034827	1.6394123452494185	2.2432337210034827	medium	medium
G_r060_uneven_coverage_10pct	60	21	uneven_coverage	0.1	10.0	lognormal_sigma1.0	RS_GCF_902387285.1	Thermoplasmatota	Archaea	highly_fragmented	59.90058765475058	8.393233721003483	59.90058765475058	15.22262785765496	1666795	69	1138318	82	1252150	0.1000001756978278		113832	0	0	0	True	62.29	10.72	checkm2	2.3894123452494185	2.3267662789965176	2.3894123452494185	2.3267662789965176	low	medium
G_r060_uneven_coverage_20pct	60	22	uneven_coverage	0.2	20.0	lognormal_sigma1.0	RS_GCF_902387285.1	Thermoplasmatota	Archaea	highly_fragmented	59.90058765475058	8.393233721003483	59.90058765475058	22.05202199430644	1666795	69	1138318	84	1365982	0.2000003513956557		227664	0	0	0	True	61.68	16.85	checkm2	1.779412345249419	8.456766278996518	1.779412345249419	8.456766278996518	low	medium
G_r060_uneven_coverage_40pct	60	23	uneven_coverage	0.4	40.0	lognormal_sigma1.0	RS_GCF_902387285.1	Thermoplasmatota	Archaea	highly_fragmented	59.90058765475058	8.393233721003483	59.90058765475058	35.710750272229035	1666795	69	1138318	106	1593645	0.3999998243021722		455327	0	0	0	True	61.21	21.36	checkm2	1.3094123452494202	12.966766278996516	1.3094123452494202	12.966766278996516	low	medium
G_r061_none_control	61	0	none	0.0	0.0	control	GB_GCA_963677495.1	Cloacimonadota	Bacteria	medium	83.55392487662326	8.740706401506927	83.55392487662326	8.740706401506927	3408260	5	3145641	5	3145641	0.0		0	0	0	0	True	88.46	1.21	checkm2	4.906075123376738	-7.530706401506927	4.906075123376738	7.530706401506927	medium	medium
G_r061_substitution_0p1pct	61	1	substitution	0.001	0.1	uniform	GB_GCA_963677495.1	Cloacimonadota	Bacteria	medium	83.55392487662326	8.740706401506927	83.55392487662326	8.740706401506927	3408260	5	3145641	5	3145641	0.0009988425252595	0.0089640838741259	0	3142	0	0	True	89.03	1.63	checkm2	5.476075123376745	-7.110706401506927	5.476075123376745	7.110706401506927	medium	medium
G_r061_substitution_0p5pct	61	2	substitution	0.005	0.5	uniform	GB_GCA_963677495.1	Cloacimonadota	Bacteria	medium	83.55392487662326	8.740706401506927	83.55392487662326	8.740706401506927	3408260	5	3145641	5	3145641	0.005023141547303	0.0441104216424403	0	15801	0	0	True	86.77	3.35	checkm2	3.21607512337674	-5.390706401506927	3.21607512337674	5.390706401506927	medium	medium
G_r061_substitution_1pct	61	3	substitution	0.01	1.0	uniform	GB_GCA_963677495.1	Cloacimonadota	Bacteria	medium	83.55392487662326	8.740706401506927	83.55392487662326	8.740706401506927	3408260	5	3145641	5	3145641	0.0100173541736008	0.0864827525163591	0	31511	0	0	True	80.11	2.46	checkm2	-3.4439248766232566	-6.280706401506927	3.4439248766232566	6.280706401506927	medium	medium
G_r061_substitution_2pct	61	4	substitution	0.02	2.0	uniform	GB_GCA_963677495.1	Cloacimonadota	Bacteria	medium	83.55392487662326	8.740706401506927	83.55392487662326	8.740706401506927	3408260	5	3145641	5	3145641	0.0200521928598972	0.1662522378698502	0	63077	0	0	True	73.31	7.54	checkm2	-10.243924876623254	-1.2007064015069266	10.243924876623254	1.2007064015069266	medium	medium
G_r061_substitution_5pct	61	5	substitution	0.05	5.0	uniform	GB_GCA_963677495.1	Cloacimonadota	Bacteria	medium	83.55392487662326	8.740706401506927	83.55392487662326	8.740706401506927	3408260	5	3145641	5	3145641	0.0501153818887787	0.3697505902753909	0	157645	0	0	True	38.35	1.69	checkm2	-45.203924876623255	-7.050706401506927	45.203924876623255	7.050706401506927	low	medium
G_r061_substitution_titv_0p1pct	61	6	substitution_titv	0.001	0.1	titv_2	GB_GCA_963677495.1	Cloacimonadota	Bacteria	medium	83.55392487662326	8.740706401506927	83.55392487662326	8.740706401506927	3408260	5	3145641	5	3145641	0.0009921666204121	0.0089640838741259	0	3121	0	0	True	88.45	1.85	checkm2	4.896075123376747	-6.890706401506927	4.896075123376747	6.890706401506927	medium	medium
G_r061_substitution_titv_0p5pct	61	7	substitution_titv	0.005	0.5	titv_2	GB_GCA_963677495.1	Cloacimonadota	Bacteria	medium	83.55392487662326	8.740706401506927	83.55392487662326	8.740706401506927	3408260	5	3145641	5	3145641	0.0049951663269902	0.0441104216424403	0	15713	0	0	True	87.73	3.57	checkm2	4.176075123376748	-5.170706401506926	4.176075123376748	5.170706401506926	medium	medium
G_r061_substitution_titv_1pct	61	8	substitution_titv	0.01	1.0	titv_2	GB_GCA_963677495.1	Cloacimonadota	Bacteria	medium	83.55392487662326	8.740706401506927	83.55392487662326	8.740706401506927	3408260	5	3145641	5	3145641	0.010098100832231	0.0864827525163591	0	31765	0	0	True	82.31	4.17	checkm2	-1.2439248766232538	-4.570706401506927	1.2439248766232538	4.570706401506927	medium	medium
G_r061_substitution_titv_2pct	61	9	substitution_titv	0.02	2.0	titv_2	GB_GCA_963677495.1	Cloacimonadota	Bacteria	medium	83.55392487662326	8.740706401506927	83.55392487662326	8.740706401506927	3408260	5	3145641	5	3145641	0.0200490138575889	0.1662522378698502	0	63067	0	0	True	79.18	3.09	checkm2	-4.373924876623249	-5.650706401506927	4.373924876623249	5.650706401506927	medium	medium
G_r061_substitution_titv_5pct	61	10	substitution_titv	0.05	5.0	titv_2	GB_GCA_963677495.1	Cloacimonadota	Bacteria	medium	83.55392487662326	8.740706401506927	83.55392487662326	8.740706401506927	3408260	5	3145641	5	3145641	0.0499707372837523	0.3697505902753909	0	157190	0	0	True	62.67	2.86	checkm2	-20.883924876623254	-5.880706401506927	20.883924876623254	5.880706401506927	medium	medium
G_r061_indel_0p1pct	61	11	indel	0.001	0.1	ins0.5_geom0.75	GB_GCA_963677495.1	Cloacimonadota	Bacteria	medium	83.55392487662326	8.740706401506927	83.55177336985088	8.740706401506927	3408260	5	3145641	5	3145560	0.0010036110287219		0	0	3157	0	True	72.72	5.21	checkm2	-10.833924876623257	-3.5307064015069267	10.833924876623257	3.5307064015069267	medium	medium
G_r061_indel_0p5pct	61	12	indel	0.005	0.5	ins0.5_geom0.75	GB_GCA_963677495.1	Cloacimonadota	Bacteria	medium	83.55392487662326	8.740706401506927	83.55692636137981	8.740706401506927	3408260	5	3145641	5	3145754	0.0050275921505346		0	0	15815	0	True	45.09	2.41	checkm2	-38.46392487662325	-6.3307064015069265	38.46392487662325	6.3307064015069265	low	medium
G_r061_indel_1pct	61	13	indel	0.01	1.0	ins0.5_geom0.75	GB_GCA_963677495.1	Cloacimonadota	Bacteria	medium	83.55392487662326	8.740706401506927	83.5618668584127	8.740706401506927	3408260	5	3145641	5	3145940	0.0100055918650602		0	0	31474	0	True	42.24	5.54	checkm2	-41.313924876623254	-3.2007064015069266	41.313924876623254	3.2007064015069266	low	medium
G_r061_indel_2pct	61	14	indel	0.02	2.0	ins0.5_geom0.75	GB_GCA_963677495.1	Cloacimonadota	Bacteria	medium	83.55392487662326	8.740706401506927	83.54547822040573	8.740706401506927	3408260	5	3145641	5	3145323	0.0199323444728753		0	0	62700	0	True	35.35	5.29	checkm2	-48.203924876623255	-3.4507064015069266	48.203924876623255	3.4507064015069266	low	medium
G_r061_indel_5pct	61	15	indel	0.05	5.0	ins0.5_geom0.75	GB_GCA_963677495.1	Cloacimonadota	Bacteria	medium	83.55392487662326	8.740706401506927	83.55254366239902	8.740706401506927	3408260	5	3145641	5	3145589	0.0498877653235064		0	0	156929	0	True	52.05	7.25	checkm2	-31.50392487662326	-1.4907064015069267	31.50392487662326	1.4907064015069267	medium	medium
G_r061_chimera_5pct	61	16	chimera	0.05	5.0	rc0.5	GB_GCA_963677495.1	Cloacimonadota	Bacteria	medium	83.55392487662326	8.740706401506927	83.55392487662326	8.740706401506927	3408260	5	3145641	5	3145641	0.0		0	0	0	0	True	88.46	1.21	checkm2	4.906075123376738	-7.530706401506927	4.906075123376738	7.530706401506927	medium	medium
G_r061_chimera_10pct	61	17	chimera	0.1	10.0	rc0.5	GB_GCA_963677495.1	Cloacimonadota	Bacteria	medium	83.55392487662326	8.740706401506927	83.55392487662326	8.740706401506927	3408260	5	3145641	5	3145641	0.0		0	0	0	0	True	88.46	1.21	checkm2	4.906075123376738	-7.530706401506927	4.906075123376738	7.530706401506927	medium	medium
G_r061_chimera_20pct	61	18	chimera	0.2	20.0	rc0.5	GB_GCA_963677495.1	Cloacimonadota	Bacteria	medium	83.55392487662326	8.740706401506927	83.55392487662326	8.740706401506927	3408260	5	3145641	5	3145641	0.0		0	0	0	0	True	88.46	1.21	checkm2	4.906075123376738	-7.530706401506927	4.906075123376738	7.530706401506927	medium	medium
G_r061_chimera_40pct	61	19	chimera	0.4	40.0	rc0.5	GB_GCA_963677495.1	Cloacimonadota	Bacteria	medium	83.55392487662326	8.740706401506927	83.55392487662326	8.740706401506927	3408260	5	3145641	4	3145641	0.4		0	0	0	1	True	88.46	1.21	checkm2	4.906075123376738	-7.530706401506927	4.906075123376738	7.530706401506927	medium	medium
G_r061_uneven_coverage_5pct	61	20	uneven_coverage	0.05	5.0	lognormal_sigma1.0	GB_GCA_963677495.1	Cloacimonadota	Bacteria	medium	83.55392487662326	8.740706401506927	83.55392487662326	13.355436498389208	3408260	5	3145641	6	3302923	0.0499999841049884		157282	0	0	0	True	89.85	7.26	checkm2	6.296075123376738	-1.480706401506927	6.296075123376738	1.480706401506927	medium	medium
G_r061_uneven_coverage_10pct	61	21	uneven_coverage	0.1	10.0	lognormal_sigma1.0	GB_GCA_963677495.1	Cloacimonadota	Bacteria	medium	83.55392487662326	8.740706401506927	83.55392487662326	17.970166595271486	3408260	5	3145641	6	3460205	0.0999999682099769		314564	0	0	0	True	89.37	8.44	checkm2	5.8160751233767485	-0.3007064015069272	5.8160751233767485	0.3007064015069272	medium	medium
G_r061_uneven_coverage_20pct	61	22	uneven_coverage	0.2	20.0	lognormal_sigma1.0	GB_GCA_963677495.1	Cloacimonadota	Bacteria	medium	83.55392487662326	8.740706401506927	83.55392487662326	27.19962678903605	3408260	5	3145641	7	3774769	0.1999999364199538		629128	0	0	0	True	89.46	16.49	checkm2	5.906075123376738	7.749293598493072	5.906075123376738	7.749293598493072	low	medium
G_r061_uneven_coverage_40pct	61	23	uneven_coverage	0.4	40.0	lognormal_sigma1.0	GB_GCA_963677495.1	Cloacimonadota	Bacteria	medium	83.55392487662326	8.740706401506927	83.55392487662326	45.658547176565165	3408260	5	3145641	7	4403897	0.3999998728399077		1258256	0	0	0	True	90.33	35.52	checkm2	6.776075123376742	26.779293598493076	6.776075123376742	26.779293598493076	low	medium
G_r062_none_control	62	0	none	0.0	0.0	control	RS_GCF_000024905.1	Synergistota	Bacteria	low	80.77576422497692	4.999962130925293	80.77576422497692	4.999962130925293	1848474	13	1585542	13	1585542	0.0		0	0	0	0	True	70.57	1.41	checkm2	-10.205764224976932	-3.5899621309252927	10.205764224976932	3.5899621309252927	medium	medium
G_r062_substitution_0p1pct	62	1	substitution	0.001	0.1	uniform	RS_GCF_000024905.1	Synergistota	Bacteria	low	80.77576422497692	4.999962130925293	80.77576422497692	4.999962130925293	1848474	13	1585542	13	1585542	0.0010475912968562	0.0089640838741259	0	1661	0	0	True	69.5	1.37	checkm2	-11.275764224976925	-3.6299621309252927	11.275764224976925	3.6299621309252927	medium	medium
G_r062_substitution_0p5pct	62	2	substitution	0.005	0.5	uniform	RS_GCF_000024905.1	Synergistota	Bacteria	low	80.77576422497692	4.999962130925293	80.77576422497692	4.999962130925293	1848474	13	1585542	13	1585542	0.0049490962711804	0.0441104216424403	0	7847	0	0	True	66.91	1.51	checkm2	-13.865764224976928	-3.489962130925293	13.865764224976928	3.489962130925293	medium	medium
G_r062_substitution_1pct	62	3	substitution	0.01	1.0	uniform	RS_GCF_000024905.1	Synergistota	Bacteria	low	80.77576422497692	4.999962130925293	80.77576422497692	4.999962130925293	1848474	13	1585542	13	1585542	0.0099410800849173	0.0864827525163591	0	15762	0	0	True	71.52	2.35	checkm2	-9.255764224976929	-2.6499621309252928	9.255764224976929	2.6499621309252928	medium	medium
G_r062_substitution_2pct	62	4	substitution	0.02	2.0	uniform	RS_GCF_000024905.1	Synergistota	Bacteria	low	80.77576422497692	4.999962130925293	80.77576422497692	4.999962130925293	1848474	13	1585542	13	1585542	0.0199149565259072	0.1662522378698502	0	31576	0	0	True	59.06	3.17	checkm2	-21.715764224976922	-1.829962130925293	21.715764224976922	1.829962130925293	medium	medium
G_r062_substitution_5pct	62	5	substitution	0.05	5.0	uniform	RS_GCF_000024905.1	Synergistota	Bacteria	low	80.77576422497692	4.999962130925293	80.77576422497692	4.999962130925293	1848474	13	1585542	13	1585542	0.0498889338787619	0.3697505902753909	0	79101	0	0	True	45.13	1.69	checkm2	-35.64576422497692	-3.309962130925293	35.64576422497692	3.309962130925293	low	medium
G_r062_substitution_titv_0p1pct	62	6	substitution_titv	0.001	0.1	titv_2	RS_GCF_000024905.1	Synergistota	Bacteria	low	80.77576422497692	4.999962130925293	80.77576422497692	4.999962130925293	1848474	13	1585542	13	1585542	0.0009832599830215	0.0089640838741259	0	1559	0	0	True	70.7	1.42	checkm2	-10.075764224976922	-3.579962130925293	10.075764224976922	3.579962130925293	medium	medium
G_r062_substitution_titv_0p5pct	62	7	substitution_titv	0.005	0.5	titv_2	RS_GCF_000024905.1	Synergistota	Bacteria	low	80.77576422497692	4.999962130925293	80.77576422497692	4.999962130925293	1848474	13	1585542	13	1585542	0.0050411783478457	0.0441104216424403	0	7993	0	0	True	69.73	1.8	checkm2	-11.04576422497692	-3.199962130925293	11.04576422497692	3.199962130925293	medium	medium
G_r062_substitution_titv_1pct	62	8	substitution_titv	0.01	1.0	titv_2	RS_GCF_000024905.1	Synergistota	Bacteria	low	80.77576422497692	4.999962130925293	80.77576422497692	4.999962130925293	1848474	13	1585542	13	1585542	0.0101593019926309	0.0864827525163591	0	16108	0	0	True	67.14	0.89	checkm2	-13.635764224976924	-4.109962130925293	13.635764224976924	4.109962130925293	medium	medium
G_r062_substitution_titv_2pct	62	9	substitution_titv	0.02	2.0	titv_2	RS_GCF_000024905.1	Synergistota	Bacteria	low	80.77576422497692	4.999962130925293	80.77576422497692	4.999962130925293	1848474	13	1585542	13	1585542	0.019925047712391	0.1662522378698502	0	31592	0	0	True	59.03	1.2	checkm2	-21.745764224976924	-3.7999621309252927	21.745764224976924	3.7999621309252927	medium	medium
G_r062_substitution_titv_5pct	62	10	substitution_titv	0.05	5.0	titv_2	RS_GCF_000024905.1	Synergistota	Bacteria	low	80.77576422497692	4.999962130925293	80.77576422497692	4.999962130925293	1848474	13	1585542	13	1585542	0.049972816866409	0.3697505902753909	0	79234	0	0	True	51.25	1.65	checkm2	-29.525764224976925	-3.349962130925293	29.525764224976925	3.349962130925293	medium	medium
G_r062_indel_0p1pct	62	11	indel	0.001	0.1	ins0.5_geom0.75	RS_GCF_000024905.1	Synergistota	Bacteria	low	80.77576422497692	4.999962130925293	80.7756623345644	4.999962130925293	1848474	13	1585542	13	1585540	0.0010059651526102		0	0	1595	0	True	51.24	2.95	checkm2	-29.535764224976923	-2.0499621309252927	29.535764224976923	2.0499621309252927	medium	medium
G_r062_indel_0p5pct	62	12	indel	0.005	0.5	ins0.5_geom0.75	RS_GCF_000024905.1	Synergistota	Bacteria	low	80.77576422497692	4.999962130925293	80.78844958133583	4.999962130925293	1848474	13	1585542	13	1585791	0.004997660106134		0	0	7924	0	True	28.15	0.53	checkm2	-52.625764224976926	-4.469962130925293	52.625764224976926	4.469962130925293	low	medium
G_r062_indel_1pct	62	13	indel	0.01	1.0	ins0.5_geom0.75	RS_GCF_000024905.1	Synergistota	Bacteria	low	80.77576422497692	4.999962130925293	80.79181196494903	4.999962130925293	1848474	13	1585542	13	1585857	0.0100218095767882		0	0	15890	0	True	24.59	1.33	checkm2	-56.18576422497692	-3.6699621309252928	56.18576422497692	3.6699621309252928	low	medium
G_r062_indel_2pct	62	14	indel	0.02	2.0	ins0.5_geom0.75	RS_GCF_000024905.1	Synergistota	Bacteria	low	80.77576422497692	4.999962130925293	80.79079306082384	4.999962130925293	1848474	13	1585542	13	1585837	0.0201659747896933		0	0	31974	0	True	28.01	3.56	checkm2	-52.76576422497692	-1.4399621309252928	52.76576422497692	1.4399621309252928	low	medium
G_r062_indel_5pct	62	15	indel	0.05	5.0	ins0.5_geom0.75	RS_GCF_000024905.1	Synergistota	Bacteria	low	80.77576422497692	4.999962130925293	80.78467963607254	4.999962130925293	1848474	13	1585542	13	1585717	0.0499444354044232		0	0	79189	0	True	11.61	4.13	checkm2	-69.16576422497693	-0.869962130925293	69.16576422497693	0.869962130925293	low	medium
G_r062_chimera_5pct	62	16	chimera	0.05	5.0	rc0.5	RS_GCF_000024905.1	Synergistota	Bacteria	low	80.77576422497692	4.999962130925293	80.77576422497692	4.999962130925293	1848474	13	1585542	13	1585542	0.0		0	0	0	0	True	70.57	1.41	checkm2	-10.205764224976932	-3.5899621309252927	10.205764224976932	3.5899621309252927	medium	medium
G_r062_chimera_10pct	62	17	chimera	0.1	10.0	rc0.5	RS_GCF_000024905.1	Synergistota	Bacteria	low	80.77576422497692	4.999962130925293	80.77576422497692	4.999962130925293	1848474	13	1585542	12	1585542	0.1538461538461538		0	0	0	1	True	70.57	1.41	checkm2	-10.205764224976932	-3.5899621309252927	10.205764224976932	3.5899621309252927	medium	medium
G_r062_chimera_20pct	62	18	chimera	0.2	20.0	rc0.5	RS_GCF_000024905.1	Synergistota	Bacteria	low	80.77576422497692	4.999962130925293	80.77576422497692	4.999962130925293	1848474	13	1585542	12	1585542	0.1538461538461538		0	0	0	1	True	70.57	1.41	checkm2	-10.205764224976932	-3.5899621309252927	10.205764224976932	3.5899621309252927	medium	medium
G_r062_chimera_40pct	62	19	chimera	0.4	40.0	rc0.5	RS_GCF_000024905.1	Synergistota	Bacteria	low	80.77576422497692	4.999962130925293	80.77576422497692	4.999962130925293	1848474	13	1585542	10	1585542	0.4615384615384615		0	0	0	3	True	70.55	1.41	checkm2	-10.225764224976928	-3.5899621309252927	10.225764224976928	3.5899621309252927	medium	medium
G_r062_uneven_coverage_5pct	62	20	uneven_coverage	0.05	5.0	lognormal_sigma1.0	RS_GCF_000024905.1	Synergistota	Bacteria	low	80.77576422497692	4.999962130925293	80.77576422497692	9.288743038852587	1848474	13	1585542	14	1664819	0.0499999369300844		79277	0	0	0	True	70.81	2.39	checkm2	-9.965764224976922	-2.6099621309252927	9.965764224976922	2.6099621309252927	medium	medium
G_r062_uneven_coverage_10pct	62	21	uneven_coverage	0.1	10.0	lognormal_sigma1.0	RS_GCF_000024905.1	Synergistota	Bacteria	low	80.77576422497692	4.999962130925293	80.77576422497692	13.577523946779884	1848474	13	1585542	16	1744096	0.0999998738601689		158554	0	0	0	True	69.37	5.58	checkm2	-11.40576422497692	0.5800378690747072	11.40576422497692	0.5800378690747072	medium	medium
G_r062_uneven_coverage_20pct	62	22	uneven_coverage	0.2	20.0	lognormal_sigma1.0	RS_GCF_000024905.1	Synergistota	Bacteria	low	80.77576422497692	4.999962130925293	80.77576422497692	22.155085762634474	1848474	13	1585542	16	1902650	0.1999997477203379		317108	0	0	0	True	69.77	10.44	checkm2	-11.005764224976929	5.440037869074707	11.005764224976929	5.440037869074707	low	medium
G_r062_uneven_coverage_40pct	62	23	uneven_coverage	0.4	40.0	lognormal_sigma1.0	RS_GCF_000024905.1	Synergistota	Bacteria	low	80.77576422497692	4.999962130925293	80.77576422497692	39.31026349302181	1848474	13	1585542	21	2219759	0.400000126139831		634217	0	0	0	True	70.65	25.24	checkm2	-10.125764224976919	20.240037869074705	10.125764224976919	20.240037869074705	low	medium
G_r063_none_control	63	0	none	0.0	0.0	control	GB_GCA_951812745.1	Nitrospirota	Bacteria	high	100.0	0.0	100.0	0.0	2346994	2	2346994	2	2346994	0.0		0	0	0	0	True	100.0	0.23	checkm2	0.0	0.23	0.0	0.23	high	high
G_r063_substitution_0p1pct	63	1	substitution	0.001	0.1	uniform	GB_GCA_951812745.1	Nitrospirota	Bacteria	high	100.0	0.0	100.0	0.0	2346994	2	2346994	2	2346994	0.0010161934798299	0.0089640838741259	0	2385	0	0	True	99.96	0.24	checkm2	-0.04000000000000625	0.24	0.04000000000000625	0.24	high	high
G_r063_substitution_0p5pct	63	2	substitution	0.005	0.5	uniform	GB_GCA_951812745.1	Nitrospirota	Bacteria	high	100.0	0.0	100.0	0.0	2346994	2	2346994	2	2346994	0.0049753003203246	0.0441104216424403	0	11677	0	0	True	96.46	0.74	checkm2	-3.5400000000000063	0.74	3.5400000000000063	0.74	high	high
G_r063_substitution_1pct	63	3	substitution	0.01	1.0	uniform	GB_GCA_951812745.1	Nitrospirota	Bacteria	high	100.0	0.0	100.0	0.0	2346994	2	2346994	2	2346994	0.0099565657176797	0.0864827525163591	0	23368	0	0	True	94.91	2.67	checkm2	-5.090000000000003	2.67	5.090000000000003	2.67	high	high
G_r063_substitution_2pct	63	4	substitution	0.02	2.0	uniform	GB_GCA_951812745.1	Nitrospirota	Bacteria	high	100.0	0.0	100.0	0.0	2346994	2	2346994	2	2346994	0.0200528846686442	0.1662522378698502	0	47064	0	0	True	88.46	5.12	checkm2	-11.540000000000006	5.12	11.540000000000006	5.12	medium	high
G_r063_substitution_5pct	63	5	substitution	0.05	5.0	uniform	GB_GCA_951812745.1	Nitrospirota	Bacteria	high	100.0	0.0	100.0	0.0	2346994	2	2346994	2	2346994	0.0500137622848631	0.3697505902753909	0	117382	0	0	True	65.55	2.61	checkm2	-34.45	2.61	34.45	2.61	medium	high
G_r063_substitution_titv_0p1pct	63	6	substitution_titv	0.001	0.1	titv_2	GB_GCA_951812745.1	Nitrospirota	Bacteria	high	100.0	0.0	100.0	0.0	2346994	2	2346994	2	2346994	0.0010012807872538	0.0089640838741259	0	2350	0	0	True	97.61	0.2	checkm2	-2.3900000000000006	0.2	2.3900000000000006	0.2	high	high
G_r063_substitution_titv_0p5pct	63	7	substitution_titv	0.005	0.5	titv_2	GB_GCA_951812745.1	Nitrospirota	Bacteria	high	100.0	0.0	100.0	0.0	2346994	2	2346994	2	2346994	0.0050196123211222	0.0441104216424403	0	11781	0	0	True	96.84	1.77	checkm2	-3.1599999999999966	1.77	3.1599999999999966	1.77	high	high
G_r063_substitution_titv_1pct	63	8	substitution_titv	0.01	1.0	titv_2	GB_GCA_951812745.1	Nitrospirota	Bacteria	high	100.0	0.0	100.0	0.0	2346994	2	2346994	2	2346994	0.0099714784102558	0.0864827525163591	0	23403	0	0	True	94.17	2.34	checkm2	-5.829999999999998	2.34	5.829999999999998	2.34	high	high
G_r063_substitution_titv_2pct	63	9	substitution_titv	0.02	2.0	titv_2	GB_GCA_951812745.1	Nitrospirota	Bacteria	high	100.0	0.0	100.0	0.0	2346994	2	2346994	2	2346994	0.0199957903599242	0.1662522378698502	0	46930	0	0	True	94.59	5.91	checkm2	-5.409999999999997	5.91	5.409999999999997	5.91	medium	high
G_r063_substitution_titv_5pct	63	10	substitution_titv	0.05	5.0	titv_2	GB_GCA_951812745.1	Nitrospirota	Bacteria	high	100.0	0.0	100.0	0.0	2346994	2	2346994	2	2346994	0.0499754153610959	0.3697505902753909	0	117292	0	0	True	69.8	2.45	checkm2	-30.200000000000003	2.45	30.200000000000003	2.45	medium	high
G_r063_indel_0p1pct	63	11	indel	0.001	0.1	ins0.5_geom0.75	GB_GCA_951812745.1	Nitrospirota	Bacteria	high	100.0	0.0	99.9986365538216	0.0	2346994	2	2346994	2	2346962	0.0010396277110209		0	0	2440	0	True	82.47	2.12	checkm2	-17.53	2.12	17.53	2.12	medium	high
G_r063_indel_0p5pct	63	12	indel	0.005	0.5	ins0.5_geom0.75	GB_GCA_951812745.1	Nitrospirota	Bacteria	high	100.0	0.0	100.01533876950688	0.0	2346994	2	2346994	2	2347354	0.005041768321521		0	0	11833	0	True	38.79	0.7	checkm2	-61.21	0.7	61.21	0.7	low	high
G_r063_indel_1pct	63	13	indel	0.01	1.0	ins0.5_geom0.75	GB_GCA_951812745.1	Nitrospirota	Bacteria	high	100.0	0.0	99.9922880075535	0.0	2346994	2	2346994	2	2346813	0.0100451897192749		0	0	23576	0	True	32.79	9.1	checkm2	-67.21000000000001	9.1	67.21000000000001	9.1	low	high
G_r063_indel_2pct	63	14	indel	0.02	2.0	ins0.5_geom0.75	GB_GCA_951812745.1	Nitrospirota	Bacteria	high	100.0	0.0	100.00298253851524	0.0	2346994	2	2346994	2	2347064	0.0199962164368549		0	0	46931	0	True	36.19	7.31	checkm2	-63.81	7.31	63.81	7.31	low	high
G_r063_indel_5pct	63	15	indel	0.05	5.0	ins0.5_geom0.75	GB_GCA_951812745.1	Nitrospirota	Bacteria	high	100.0	0.0	99.99518533068256	0.0	2346994	2	2346994	2	2346881	0.0500597785933837		0	0	117490	0	True	50.76	8.9	checkm2	-49.24	8.9	49.24	8.9	medium	high
G_r063_chimera_5pct	63	16	chimera	0.05	5.0	rc0.5	GB_GCA_951812745.1	Nitrospirota	Bacteria	high	100.0	0.0	100.0	0.0	2346994	2	2346994	1	2346994	1.0		0	0	0	1	True	100.0	0.23	checkm2	0.0	0.23	0.0	0.23	high	high
G_r063_chimera_10pct	63	17	chimera	0.1	10.0	rc0.5	GB_GCA_951812745.1	Nitrospirota	Bacteria	high	100.0	0.0	100.0	0.0	2346994	2	2346994	2	2346994	0.0		0	0	0	0	True	100.0	0.23	checkm2	0.0	0.23	0.0	0.23	high	high
G_r063_chimera_20pct	63	18	chimera	0.2	20.0	rc0.5	GB_GCA_951812745.1	Nitrospirota	Bacteria	high	100.0	0.0	100.0	0.0	2346994	2	2346994	2	2346994	0.0		0	0	0	0	True	100.0	0.23	checkm2	0.0	0.23	0.0	0.23	high	high
G_r063_chimera_40pct	63	19	chimera	0.4	40.0	rc0.5	GB_GCA_951812745.1	Nitrospirota	Bacteria	high	100.0	0.0	100.0	0.0	2346994	2	2346994	2	2346994	0.0		0	0	0	0	True	100.0	0.23	checkm2	0.0	0.23	0.0	0.23	high	high
G_r063_uneven_coverage_5pct	63	20	uneven_coverage	0.05	5.0	lognormal_sigma1.0	GB_GCA_951812745.1	Nitrospirota	Bacteria	high	100.0	0.0	100.0	5.000012782307922	2346994	2	2346994	3	2464344	0.0500001278230792		117350	0	0	0	True	100.0	6.27	checkm2	0.0	6.27	0.0	6.27	medium	high
G_r063_uneven_coverage_10pct	63	21	uneven_coverage	0.1	10.0	lognormal_sigma1.0	GB_GCA_951812745.1	Nitrospirota	Bacteria	high	100.0	0.0	100.0	9.99998295692277	2346994	2	2346994	3	2581693	0.0999998295692277		234699	0	0	0	True	100.0	9.85	checkm2	0.0	9.85	0.0	9.85	medium	high
G_r063_uneven_coverage_20pct	63	22	uneven_coverage	0.2	20.0	lognormal_sigma1.0	GB_GCA_951812745.1	Nitrospirota	Bacteria	high	100.0	0.0	100.0	20.00000852153861	2346994	2	2346994	3	2816393	0.2000000852153861		469399	0	0	0	True	100.0	17.36	checkm2	0.0	17.36	0.0	17.36	low	high
G_r063_uneven_coverage_40pct	63	23	uneven_coverage	0.4	40.0	lognormal_sigma1.0	GB_GCA_951812745.1	Nitrospirota	Bacteria	high	100.0	0.0	100.0	40.00001704307723	2346994	2	2346994	3	3285792	0.4000001704307723		938798	0	0	0	True	100.0	39.18	checkm2	0.0	39.18	0.0	39.18	low	high
G_r064_none_control	64	0	none	0.0	0.0	control	RS_GCF_016615815.1	Pseudomonadota	Bacteria	medium	100.0	1.999989406485085	100.0	1.999989406485085	3020716	6	3081130	6	3081130	0.0		0	0	0	0	True	100.0	1.24	checkm2	0.0	-0.759989406485085	0.0	0.759989406485085	high	high
G_r064_substitution_0p1pct	64	1	substitution	0.001	0.1	uniform	RS_GCF_016615815.1	Pseudomonadota	Bacteria	medium	100.0	1.999989406485085	100.0	1.999989406485085	3020716	6	3081130	6	3081130	0.0010223521889696	0.0089640838741259	0	3150	0	0	True	100.0	1.42	checkm2	0.0	-0.579989406485085	0.0	0.579989406485085	high	high
G_r064_substitution_0p5pct	64	2	substitution	0.005	0.5	uniform	RS_GCF_016615815.1	Pseudomonadota	Bacteria	medium	100.0	1.999989406485085	100.0	1.999989406485085	3020716	6	3081130	6	3081130	0.0049900523509232	0.0441104216424403	0	15375	0	0	True	98.38	1.96	checkm2	-1.6200000000000045	-0.03998940648508498	1.6200000000000045	0.03998940648508498	high	high
G_r064_substitution_1pct	64	3	substitution	0.01	1.0	uniform	RS_GCF_016615815.1	Pseudomonadota	Bacteria	medium	100.0	1.999989406485085	100.0	1.999989406485085	3020716	6	3081130	6	3081130	0.0100784452457377	0.0864827525163591	0	31053	0	0	True	96.89	3.8	checkm2	-3.1099999999999994	1.8000105935149149	3.1099999999999994	1.8000105935149149	high	high
G_r064_substitution_2pct	64	4	substitution	0.02	2.0	uniform	RS_GCF_016615815.1	Pseudomonadota	Bacteria	medium	100.0	1.999989406485085	100.0	1.999989406485085	3020716	6	3081130	6	3081130	0.0199955860349936	0.1662522378698502	0	61609	0	0	True	96.91	4.61	checkm2	-3.0900000000000034	2.6100105935149154	3.0900000000000034	2.6100105935149154	high	high
G_r064_substitution_5pct	64	5	substitution	0.05	5.0	uniform	RS_GCF_016615815.1	Pseudomonadota	Bacteria	medium	100.0	1.999989406485085	100.0	1.999989406485085	3020716	6	3081130	6	3081130	0.0501884049033958	0.3697505902753909	0	154637	0	0	True	74.26	3.05	checkm2	-25.739999999999995	1.0500105935149149	25.739999999999995	1.0500105935149149	medium	high
G_r064_substitution_titv_0p1pct	64	6	substitution_titv	0.001	0.1	titv_2	RS_GCF_016615815.1	Pseudomonadota	Bacteria	medium	100.0	1.999989406485085	100.0	1.999989406485085	3020716	6	3081130	6	3081130	0.0009915193451753	0.0089640838741259	0	3055	0	0	True	100.0	0.93	checkm2	0.0	-1.0699894064850848	0.0	1.0699894064850848	high	high
G_r064_substitution_titv_0p5pct	64	7	substitution_titv	0.005	0.5	titv_2	RS_GCF_016615815.1	Pseudomonadota	Bacteria	medium	100.0	1.999989406485085	100.0	1.999989406485085	3020716	6	3081130	6	3081130	0.0049306585570878	0.0441104216424403	0	15192	0	0	True	99.97	3.19	checkm2	-0.030000000000001137	1.190010593514915	0.030000000000001137	1.190010593514915	high	high
G_r064_substitution_titv_1pct	64	8	substitution_titv	0.01	1.0	titv_2	RS_GCF_016615815.1	Pseudomonadota	Bacteria	medium	100.0	1.999989406485085	100.0	1.999989406485085	3020716	6	3081130	6	3081130	0.0100372266019285	0.0864827525163591	0	30926	0	0	True	100.0	6.83	checkm2	0.0	4.830010593514915	0.0	4.830010593514915	medium	high
G_r064_substitution_titv_2pct	64	9	substitution_titv	0.02	2.0	titv_2	RS_GCF_016615815.1	Pseudomonadota	Bacteria	medium	100.0	1.999989406485085	100.0	1.999989406485085	3020716	6	3081130	6	3081130	0.0199595602911918	0.1662522378698502	0	61498	0	0	True	89.37	2.71	checkm2	-10.629999999999995	0.710010593514915	10.629999999999995	0.710010593514915	medium	high
G_r064_substitution_titv_5pct	64	10	substitution_titv	0.05	5.0	titv_2	RS_GCF_016615815.1	Pseudomonadota	Bacteria	medium	100.0	1.999989406485085	100.0	1.999989406485085	3020716	6	3081130	6	3081130	0.0500757838844839	0.3697505902753909	0	154290	0	0	True	82.47	2.71	checkm2	-17.53	0.710010593514915	17.53	0.710010593514915	medium	high
G_r064_indel_0p1pct	64	11	indel	0.001	0.1	ins0.5_geom0.75	RS_GCF_016615815.1	Pseudomonadota	Bacteria	medium	100.0	1.999989406485085	100.0018175150026	1.999989406485085	3020716	6	3081130	6	3081186	0.0010096944952014		0	0	3111	0	True	70.18	3.24	checkm2	-29.819999999999993	1.2400105935149153	29.819999999999993	1.2400105935149153	medium	high
G_r064_indel_0p5pct	64	12	indel	0.005	0.5	ins0.5_geom0.75	RS_GCF_016615815.1	Pseudomonadota	Bacteria	medium	100.0	1.999989406485085	100.00714023751028	1.999989406485085	3020716	6	3081130	6	3081350	0.0050095257259511		0	0	15435	0	True	34.33	0.71	checkm2	-65.67	-1.289989406485085	65.67	1.289989406485085	low	high
G_r064_indel_1pct	64	13	indel	0.01	1.0	ins0.5_geom0.75	RS_GCF_016615815.1	Pseudomonadota	Bacteria	medium	100.0	1.999989406485085	100.0024990831286	1.999989406485085	3020716	6	3081130	6	3081207	0.0100446913956892		0	0	30949	0	True	33.26	2.72	checkm2	-66.74000000000001	0.7200105935149153	66.74000000000001	0.7200105935149153	low	high
G_r064_indel_2pct	64	14	indel	0.02	2.0	ins0.5_geom0.75	RS_GCF_016615815.1	Pseudomonadota	Bacteria	medium	100.0	1.999989406485085	100.00379730813049	1.999989406485085	3020716	6	3081130	6	3081247	0.020093926578885		0	0	61912	0	True	36.98	4.14	checkm2	-63.02	2.1400105935149147	63.02	2.1400105935149147	low	high
G_r064_indel_5pct	64	15	indel	0.05	5.0	ins0.5_geom0.75	RS_GCF_016615815.1	Pseudomonadota	Bacteria	medium	100.0	1.999989406485085	99.99474218874244	1.999989406485085	3020716	6	3081130	6	3080968	0.0500585824032092		0	0	154237	0	True	44.4	16.43	checkm2	-55.6	14.430010593514915	55.6	14.430010593514915	low	high
G_r064_chimera_5pct	64	16	chimera	0.05	5.0	rc0.5	RS_GCF_016615815.1	Pseudomonadota	Bacteria	medium	100.0	1.999989406485085	100.0	1.999989406485085	3020716	6	3081130	6	3081130	0.0		0	0	0	0	True	100.0	1.24	checkm2	0.0	-0.759989406485085	0.0	0.759989406485085	high	high
G_r064_chimera_10pct	64	17	chimera	0.1	10.0	rc0.5	RS_GCF_016615815.1	Pseudomonadota	Bacteria	medium	100.0	1.999989406485085	100.0	1.999989406485085	3020716	6	3081130	6	3081130	0.0		0	0	0	0	True	100.0	1.24	checkm2	0.0	-0.759989406485085	0.0	0.759989406485085	high	high
G_r064_chimera_20pct	64	18	chimera	0.2	20.0	rc0.5	RS_GCF_016615815.1	Pseudomonadota	Bacteria	medium	100.0	1.999989406485085	100.0	1.999989406485085	3020716	6	3081130	6	3081130	0.0		0	0	0	0	True	100.0	1.24	checkm2	0.0	-0.759989406485085	0.0	0.759989406485085	high	high
G_r064_chimera_40pct	64	19	chimera	0.4	40.0	rc0.5	RS_GCF_016615815.1	Pseudomonadota	Bacteria	medium	100.0	1.999989406485085	100.0	1.999989406485085	3020716	6	3081130	5	3081130	0.3333333333333333		0	0	0	1	True	100.0	1.24	checkm2	0.0	-0.759989406485085	0.0	0.759989406485085	high	high
G_r064_uneven_coverage_5pct	64	20	uneven_coverage	0.05	5.0	lognormal_sigma1.0	RS_GCF_016615815.1	Pseudomonadota	Bacteria	medium	100.0	1.999989406485085	100.0	7.099972324442285	3020716	6	3081130	7	3235186	0.0499998377218747		154056	0	0	0	True	100.0	10.55	checkm2	0.0	8.550010593514916	0.0	8.550010593514916	low	high
G_r064_uneven_coverage_10pct	64	21	uneven_coverage	0.1	10.0	lognormal_sigma1.0	RS_GCF_016615815.1	Pseudomonadota	Bacteria	medium	100.0	1.999989406485085	100.0	12.199988347133594	3020716	6	3081130	7	3389243	0.1		308113	0	0	0	True	100.0	13.49	checkm2	0.0	11.490010593514915	0.0	11.490010593514915	low	high
G_r064_uneven_coverage_20pct	64	22	uneven_coverage	0.2	20.0	lognormal_sigma1.0	RS_GCF_016615815.1	Pseudomonadota	Bacteria	medium	100.0	1.999989406485085	100.0	22.399987287782103	3020716	6	3081130	9	3697356	0.2		616226	0	0	0	True	100.0	23.6	checkm2	0.0	21.600010593514916	0.0	21.600010593514916	low	high
G_r064_uneven_coverage_40pct	64	23	uneven_coverage	0.4	40.0	lognormal_sigma1.0	RS_GCF_016615815.1	Pseudomonadota	Bacteria	medium	100.0	1.999989406485085	100.0	42.79998516907912	3020716	6	3081130	8	4313582	0.4		1232452	0	0	0	True	98.65	25.29	checkm2	-1.3499999999999943	23.290010593514914	1.3499999999999943	23.290010593514914	low	high
G_r065_none_control	65	0	none	0.0	0.0	control	RS_GCF_033344055.1	Bacillota	Bacteria	medium	100.0	1.6243791856648486	100.0	1.6243791856648486	1985497	8	2017749	8	2017749	0.0		0	0	0	0	True	100.0	0.88	checkm2	0.0	-0.7443791856648486	0.0	0.7443791856648486	high	high
G_r065_substitution_0p1pct	65	1	substitution	0.001	0.1	uniform	RS_GCF_033344055.1	Bacillota	Bacteria	medium	100.0	1.6243791856648486	100.0	1.6243791856648486	1985497	8	2017749	8	2017749	0.0010179660601987	0.0089640838741259	0	2054	0	0	True	99.99	4.14	checkm2	-0.010000000000005116	2.515620814335151	0.010000000000005116	2.515620814335151	high	high
G_r065_substitution_0p5pct	65	2	substitution	0.005	0.5	uniform	RS_GCF_033344055.1	Bacillota	Bacteria	medium	100.0	1.6243791856648486	100.0	1.6243791856648486	1985497	8	2017749	8	2017749	0.0050209416532978	0.0441104216424403	0	10131	0	0	True	98.73	2.25	checkm2	-1.269999999999996	0.6256208143351514	1.269999999999996	0.6256208143351514	high	high
G_r065_substitution_1pct	65	3	substitution	0.01	1.0	uniform	RS_GCF_033344055.1	Bacillota	Bacteria	medium	100.0	1.6243791856648486	100.0	1.6243791856648486	1985497	8	2017749	8	2017749	0.009956639800094	0.0864827525163591	0	20090	0	0	True	86.39	6.12	checkm2	-13.61	4.495620814335151	13.61	4.495620814335151	medium	high
G_r065_substitution_2pct	65	4	substitution	0.02	2.0	uniform	RS_GCF_033344055.1	Bacillota	Bacteria	medium	100.0	1.6243791856648486	100.0	1.6243791856648486	1985497	8	2017749	8	2017749	0.0199212092286999	0.1662522378698502	0	40196	0	0	True	86.75	3.95	checkm2	-13.25	2.3256208143351516	13.25	2.3256208143351516	medium	high
G_r065_substitution_5pct	65	5	substitution	0.05	5.0	uniform	RS_GCF_033344055.1	Bacillota	Bacteria	medium	100.0	1.6243791856648486	100.0	1.6243791856648486	1985497	8	2017749	8	2017749	0.0495700902342164	0.3697505902753909	0	100020	0	0	True	66.19	3.4	checkm2	-33.81	1.7756208143351513	33.81	1.7756208143351513	medium	high
G_r065_substitution_titv_0p1pct	65	6	substitution_titv	0.001	0.1	titv_2	RS_GCF_033344055.1	Bacillota	Bacteria	medium	100.0	1.6243791856648486	100.0	1.6243791856648486	1985497	8	2017749	8	2017749	0.0010397725386061	0.0089640838741259	0	2098	0	0	True	99.98	1.03	checkm2	-0.01999999999999602	-0.5943791856648486	0.01999999999999602	0.5943791856648486	high	high
G_r065_substitution_titv_0p5pct	65	7	substitution_titv	0.005	0.5	titv_2	RS_GCF_033344055.1	Bacillota	Bacteria	medium	100.0	1.6243791856648486	100.0	1.6243791856648486	1985497	8	2017749	8	2017749	0.0049654342537154	0.0441104216424403	0	10019	0	0	True	99.27	3.15	checkm2	-0.730000000000004	1.5256208143351513	0.730000000000004	1.5256208143351513	high	high
G_r065_substitution_titv_1pct	65	8	substitution_titv	0.01	1.0	titv_2	RS_GCF_033344055.1	Bacillota	Bacteria	medium	100.0	1.6243791856648486	100.0	1.6243791856648486	1985497	8	2017749	8	2017749	0.0100557601564912	0.0864827525163591	0	20290	0	0	True	94.07	5.55	checkm2	-5.930000000000007	3.925620814335151	5.930000000000007	3.925620814335151	medium	high
G_r065_substitution_titv_2pct	65	9	substitution_titv	0.02	2.0	titv_2	RS_GCF_033344055.1	Bacillota	Bacteria	medium	100.0	1.6243791856648486	100.0	1.6243791856648486	1985497	8	2017749	8	2017749	0.0198751182629752	0.1662522378698502	0	40103	0	0	True	83.63	5.39	checkm2	-16.370000000000005	3.765620814335151	16.370000000000005	3.765620814335151	medium	high
G_r065_substitution_titv_5pct	65	10	substitution_titv	0.05	5.0	titv_2	RS_GCF_033344055.1	Bacillota	Bacteria	medium	100.0	1.6243791856648486	100.0	1.6243791856648486	1985497	8	2017749	8	2017749	0.0500533019716525	0.3697505902753909	0	100995	0	0	True	66.78	4.14	checkm2	-33.22	2.515620814335151	33.22	2.515620814335151	medium	high
G_r065_indel_0p1pct	65	11	indel	0.001	0.1	ins0.5_geom0.75	RS_GCF_033344055.1	Bacillota	Bacteria	medium	100.0	1.6243791856648486	99.99573782467492	1.6243791856648486	1985497	8	2017749	8	2017663	0.0009867431479336		0	0	1991	0	True	83.43	6.28	checkm2	-16.569999999999993	4.655620814335151	16.569999999999993	4.655620814335151	medium	high
G_r065_indel_0p5pct	65	12	indel	0.005	0.5	ins0.5_geom0.75	RS_GCF_033344055.1	Bacillota	Bacteria	medium	100.0	1.6243791856648486	100.006987985126	1.6243791856648486	1985497	8	2017749	8	2017890	0.0049054664380951		0	0	9898	0	True	45.25	3.47	checkm2	-54.75	1.8456208143351516	54.75	1.8456208143351516	low	high
G_r065_indel_1pct	65	13	indel	0.01	1.0	ins0.5_geom0.75	RS_GCF_033344055.1	Bacillota	Bacteria	medium	100.0	1.6243791856648486	99.999752199109	1.6243791856648486	1985497	8	2017749	8	2017744	0.0100245372442261		0	0	20227	0	True	31.79	1.67	checkm2	-68.21000000000001	0.045620814335151305	68.21000000000001	0.045620814335151305	low	high
G_r065_indel_2pct	65	14	indel	0.02	2.0	ins0.5_geom0.75	RS_GCF_033344055.1	Bacillota	Bacteria	medium	100.0	1.6243791856648486	99.98072109068076	1.6243791856648486	1985497	8	2017749	8	2017360	0.0198671886344634		0	0	40087	0	True	19.04	5.17	checkm2	-80.96000000000001	3.5456208143351513	80.96000000000001	3.5456208143351513	low	high
G_r065_indel_5pct	65	15	indel	0.05	5.0	ins0.5_geom0.75	RS_GCF_033344055.1	Bacillota	Bacteria	medium	100.0	1.6243791856648486	99.9868665527774	1.6243791856648486	1985497	8	2017749	8	2017484	0.0500547887769985		0	0	100998	0	True	7.89	2.69	checkm2	-92.11	1.0656208143351513	92.11	1.0656208143351513	low	high
G_r065_chimera_5pct	65	16	chimera	0.05	5.0	rc0.5	RS_GCF_033344055.1	Bacillota	Bacteria	medium	100.0	1.6243791856648486	100.0	1.6243791856648486	1985497	8	2017749	8	2017749	0.0		0	0	0	0	True	100.0	0.88	checkm2	0.0	-0.7443791856648486	0.0	0.7443791856648486	high	high
G_r065_chimera_10pct	65	17	chimera	0.1	10.0	rc0.5	RS_GCF_033344055.1	Bacillota	Bacteria	medium	100.0	1.6243791856648486	100.0	1.6243791856648486	1985497	8	2017749	8	2017749	0.0		0	0	0	0	True	100.0	0.88	checkm2	0.0	-0.7443791856648486	0.0	0.7443791856648486	high	high
G_r065_chimera_20pct	65	18	chimera	0.2	20.0	rc0.5	RS_GCF_033344055.1	Bacillota	Bacteria	medium	100.0	1.6243791856648486	100.0	1.6243791856648486	1985497	8	2017749	7	2017749	0.25		0	0	0	1	True	100.0	0.88	checkm2	0.0	-0.7443791856648486	0.0	0.7443791856648486	high	high
G_r065_chimera_40pct	65	19	chimera	0.4	40.0	rc0.5	RS_GCF_033344055.1	Bacillota	Bacteria	medium	100.0	1.6243791856648486	100.0	1.6243791856648486	1985497	8	2017749	7	2017749	0.25		0	0	0	1	True	100.0	0.88	checkm2	0.0	-0.7443791856648486	0.0	0.7443791856648486	high	high
G_r065_uneven_coverage_5pct	65	20	uneven_coverage	0.05	5.0	lognormal_sigma1.0	RS_GCF_033344055.1	Bacillota	Bacteria	medium	100.0	1.6243791856648486	100.0	6.705575480597553	1985497	8	2017749	9	2118636	0.0499997769791981		100887	0	0	0	True	100.0	5.05	checkm2	0.0	3.425620814335151	0.0	3.425620814335151	medium	high
G_r065_uneven_coverage_10pct	65	21	uneven_coverage	0.1	10.0	lognormal_sigma1.0	RS_GCF_033344055.1	Bacillota	Bacteria	medium	100.0	1.6243791856648486	100.0	11.786822140753674	1985497	8	2017749	9	2219524	0.1000000495601782		201775	0	0	0	True	100.0	9.86	checkm2	0.0	8.235620814335151	0.0	8.235620814335151	medium	high
G_r065_uneven_coverage_20pct	65	22	uneven_coverage	0.2	20.0	lognormal_sigma1.0	RS_GCF_033344055.1	Bacillota	Bacteria	medium	100.0	1.6243791856648486	100.0	21.949265095842502	1985497	8	2017749	10	2421299	0.2000000991203564		403550	0	0	0	True	100.0	16.92	checkm2	0.0	15.295620814335154	0.0	15.295620814335154	low	high
G_r065_uneven_coverage_40pct	65	23	uneven_coverage	0.4	40.0	lognormal_sigma1.0	RS_GCF_033344055.1	Bacillota	Bacteria	medium	100.0	1.6243791856648486	100.0	42.27415100602016	1985497	8	2017749	12	2824849	0.4000001982407128		807100	0	0	0	True	100.0	33.57	checkm2	0.0	31.94562081433515	0.0	31.94562081433515	low	high
G_r066_none_control	66	0	none	0.0	0.0	control	RS_GCF_000145235.1	Actinomycetota	Bacteria	low	86.47316177972458	4.602793884443928	86.47316177972458	4.602793884443928	7025559	210	6398595	210	6398595	0.0		0	0	0	0	True	88.65	2.87	checkm2	2.176838220275428	-1.732793884443928	2.176838220275428	1.732793884443928	medium	medium
G_r066_substitution_0p1pct	66	1	substitution	0.001	0.1	uniform	RS_GCF_000145235.1	Actinomycetota	Bacteria	low	86.47316177972458	4.602793884443928	86.47316177972458	4.602793884443928	7025559	210	6398595	210	6398595	0.001013972598672	0.0089640838741259	0	6488	0	0	True	88.67	2.9	checkm2	2.196838220275424	-1.702793884443928	2.196838220275424	1.702793884443928	medium	medium
G_r066_substitution_0p5pct	66	2	substitution	0.005	0.5	uniform	RS_GCF_000145235.1	Actinomycetota	Bacteria	low	86.47316177972458	4.602793884443928	86.47316177972458	4.602793884443928	7025559	210	6398595	210	6398595	0.005000160191417	0.0441104216424403	0	31994	0	0	True	87.26	4.69	checkm2	0.7868382202754276	0.08720611555607238	0.7868382202754276	0.08720611555607238	medium	medium
G_r066_substitution_1pct	66	3	substitution	0.01	1.0	uniform	RS_GCF_000145235.1	Actinomycetota	Bacteria	low	86.47316177972458	4.602793884443928	86.47316177972458	4.602793884443928	7025559	210	6398595	210	6398595	0.0100522067735182	0.0864827525163591	0	64320	0	0	True	84.98	4.17	checkm2	-1.4931617797245735	-0.4327938844439281	1.4931617797245735	0.4327938844439281	medium	medium
G_r066_substitution_2pct	66	4	substitution	0.02	2.0	uniform	RS_GCF_000145235.1	Actinomycetota	Bacteria	low	86.47316177972458	4.602793884443928	86.47316177972458	4.602793884443928	7025559	210	6398595	210	6398595	0.0199832932073369	0.1662522378698502	0	127865	0	0	True	77.59	4.88	checkm2	-8.883161779724574	0.2772061155560719	8.883161779724574	0.2772061155560719	medium	medium
G_r066_substitution_5pct	66	5	substitution	0.05	5.0	uniform	RS_GCF_000145235.1	Actinomycetota	Bacteria	low	86.47316177972458	4.602793884443928	86.47316177972458	4.602793884443928	7025559	210	6398595	210	6398595	0.0499522160724346	0.3697505902753909	0	319624	0	0	True	67.16	2.36	checkm2	-19.31316177972458	-2.242793884443928	19.31316177972458	2.242793884443928	medium	medium
G_r066_substitution_titv_0p1pct	66	6	substitution_titv	0.001	0.1	titv_2	RS_GCF_000145235.1	Actinomycetota	Bacteria	low	86.47316177972458	4.602793884443928	86.47316177972458	4.602793884443928	7025559	210	6398595	210	6398595	0.0010117846183419	0.0089640838741259	0	6474	0	0	True	89.15	3.28	checkm2	2.676838220275428	-1.3227938844439282	2.676838220275428	1.3227938844439282	medium	medium
G_r066_substitution_titv_0p5pct	66	7	substitution_titv	0.005	0.5	titv_2	RS_GCF_000145235.1	Actinomycetota	Bacteria	low	86.47316177972458	4.602793884443928	86.47316177972458	4.602793884443928	7025559	210	6398595	210	6398595	0.0049940651033547	0.0441104216424403	0	31955	0	0	True	85.52	2.62	checkm2	-0.9531617797245815	-1.982793884443928	0.9531617797245815	1.982793884443928	medium	medium
G_r066_substitution_titv_1pct	66	8	substitution_titv	0.01	1.0	titv_2	RS_GCF_000145235.1	Actinomycetota	Bacteria	low	86.47316177972458	4.602793884443928	86.47316177972458	4.602793884443928	7025559	210	6398595	210	6398595	0.0099831291088121	0.0864827525163591	0	63878	0	0	True	85.99	4.93	checkm2	-0.48316177972458263	0.3272061155560717	0.48316177972458263	0.3272061155560717	medium	medium
G_r066_substitution_titv_2pct	66	9	substitution_titv	0.02	2.0	titv_2	RS_GCF_000145235.1	Actinomycetota	Bacteria	low	86.47316177972458	4.602793884443928	86.47316177972458	4.602793884443928	7025559	210	6398595	210	6398595	0.0200445566565785	0.1662522378698502	0	128257	0	0	True	76.98	4.39	checkm2	-9.493161779724574	-0.21279388444392833	9.493161779724574	0.21279388444392833	medium	medium
G_r066_substitution_titv_5pct	66	10	substitution_titv	0.05	5.0	titv_2	RS_GCF_000145235.1	Actinomycetota	Bacteria	low	86.47316177972458	4.602793884443928	86.47316177972458	4.602793884443928	7025559	210	6398595	210	6398595	0.0498454738891897	0.3697505902753909	0	318941	0	0	True	68.46	5.22	checkm2	-18.013161779724584	0.6172061155560717	18.013161779724584	0.6172061155560717	medium	medium
G_r066_indel_0p1pct	66	11	indel	0.001	0.1	ins0.5_geom0.75	RS_GCF_000145235.1	Actinomycetota	Bacteria	low	86.47316177972458	4.602793884443928	86.47583763060003	4.602793884443928	7025559	210	6398595	210	6398793	0.0010030326970217		0	0	6418	0	True	51.3	11.15	checkm2	-35.17316177972458	6.547206115556072	35.17316177972458	6.547206115556072	low	medium
G_r066_indel_0p5pct	66	12	indel	0.005	0.5	ins0.5_geom0.75	RS_GCF_000145235.1	Actinomycetota	Bacteria	low	86.47316177972458	4.602793884443928	86.47879728384103	4.602793884443928	7025559	210	6398595	210	6399012	0.0050450137881831		0	0	32281	0	True	46.04	24.89	checkm2	-40.43316177972458	20.287206115556074	40.43316177972458	20.287206115556074	low	medium
G_r066_indel_1pct	66	13	indel	0.01	1.0	ins0.5_geom0.75	RS_GCF_000145235.1	Actinomycetota	Bacteria	low	86.47316177972458	4.602793884443928	86.47333746690327	4.602793884443928	7025559	210	6398595	210	6398608	0.0100043837748755		0	0	64014	0	True	57.87	28.31	checkm2	-28.60316177972458	23.70720611555607	28.60316177972458	23.70720611555607	low	medium
G_r066_indel_2pct	66	14	indel	0.02	2.0	ins0.5_geom0.75	RS_GCF_000145235.1	Actinomycetota	Bacteria	low	86.47316177972458	4.602793884443928	86.48479767671326	4.602793884443928	7025559	210	6398595	210	6399456	0.0200181446083085		0	0	128088	0	True	62.03	30.57	checkm2	-24.443161779724576	25.967206115556074	24.443161779724576	25.967206115556074	low	medium
G_r066_indel_5pct	66	15	indel	0.05	5.0	ins0.5_geom0.75	RS_GCF_000145235.1	Actinomycetota	Bacteria	low	86.47316177972458	4.602793884443928	86.4963119441167	4.602793884443928	7025559	210	6398595	210	6400308	0.0499576860232597		0	0	319659	0	True	62.41	25.78	checkm2	-24.06316177972458	21.177206115556075	24.06316177972458	21.177206115556075	low	medium
G_r066_chimera_5pct	66	16	chimera	0.05	5.0	rc0.5	RS_GCF_000145235.1	Actinomycetota	Bacteria	low	86.47316177972458	4.602793884443928	86.47316177972458	4.602793884443928	7025559	210	6398595	205	6398595	0.0476190476190476		0	0	0	5	True	88.65	2.87	checkm2	2.176838220275428	-1.732793884443928	2.176838220275428	1.732793884443928	medium	medium
G_r066_chimera_10pct	66	17	chimera	0.1	10.0	rc0.5	RS_GCF_000145235.1	Actinomycetota	Bacteria	low	86.47316177972458	4.602793884443928	86.47316177972458	4.602793884443928	7025559	210	6398595	200	6398595	0.0952380952380952		0	0	0	10	True	88.66	2.87	checkm2	2.186838220275419	-1.732793884443928	2.186838220275419	1.732793884443928	medium	medium
G_r066_chimera_20pct	66	18	chimera	0.2	20.0	rc0.5	RS_GCF_000145235.1	Actinomycetota	Bacteria	low	86.47316177972458	4.602793884443928	86.47316177972458	4.602793884443928	7025559	210	6398595	189	6398595	0.2		0	0	0	21	True	88.83	2.85	checkm2	2.356838220275421	-1.752793884443928	2.356838220275421	1.752793884443928	medium	medium
G_r066_chimera_40pct	66	19	chimera	0.4	40.0	rc0.5	RS_GCF_000145235.1	Actinomycetota	Bacteria	low	86.47316177972458	4.602793884443928	86.47316177972458	4.602793884443928	7025559	210	6398595	168	6398595	0.4		0	0	0	42	True	88.45	2.85	checkm2	1.9768382202754253	-1.752793884443928	1.9768382202754253	1.752793884443928	medium	medium
G_r066_uneven_coverage_5pct	66	20	uneven_coverage	0.05	5.0	lognormal_sigma1.0	RS_GCF_000145235.1	Actinomycetota	Bacteria	low	86.47316177972458	4.602793884443928	86.47316177972458	9.15659522608806	7025559	210	6398595	226	6718525	0.0500000390710773		319930	0	0	0	True	88.62	9.82	checkm2	2.146838220275427	5.217206115556072	2.146838220275427	5.217206115556072	medium	medium
G_r066_uneven_coverage_10pct	66	21	uneven_coverage	0.1	10.0	lognormal_sigma1.0	RS_GCF_000145235.1	Actinomycetota	Bacteria	low	86.47316177972458	4.602793884443928	86.47316177972458	13.710396567732191	7025559	210	6398595	244	7038455	0.1000000781421546		639860	0	0	0	True	89.34	6.28	checkm2	2.866838220275426	1.6772061155560722	2.866838220275426	1.6772061155560722	medium	medium
G_r066_uneven_coverage_20pct	66	22	uneven_coverage	0.2	20.0	lognormal_sigma1.0	RS_GCF_000145235.1	Actinomycetota	Bacteria	low	86.47316177972458	4.602793884443928	86.47316177972458	22.81798501727763	7025559	210	6398595	249	7678314	0.2		1279719	0	0	0	True	84.55	16.41	checkm2	-1.9231617797245804	11.807206115556072	1.9231617797245804	11.807206115556072	low	medium
G_r066_uneven_coverage_40pct	66	23	uneven_coverage	0.4	40.0	lognormal_sigma1.0	RS_GCF_000145235.1	Actinomycetota	Bacteria	low	86.47316177972458	4.602793884443928	86.47316177972458	41.03317615011133	7025559	210	6398595	316	8958033	0.4		2559438	0	0	0	True	83.42	30.13	checkm2	-3.053161779724576	25.52720611555607	3.053161779724576	25.52720611555607	low	medium
G_r067_none_control	67	0	none	0.0	0.0	control	RS_GCF_001670625.2	Bacteroidota	Bacteria	high	100.0	9.999990709738794	100.0	9.999990709738794	2152792	3	2368071	3	2368071	0.0		0	0	0	0	True	99.29	3.6	checkm2	-0.7099999999999937	-6.399990709738795	0.7099999999999937	6.399990709738795	high	medium
G_r067_substitution_0p1pct	67	1	substitution	0.001	0.1	uniform	RS_GCF_001670625.2	Bacteroidota	Bacteria	high	100.0	9.999990709738794	100.0	9.999990709738794	2152792	3	2368071	3	2368071	0.0009560524156581	0.0089640838741259	0	2264	0	0	True	96.74	3.81	checkm2	-3.260000000000005	-6.189990709738794	3.260000000000005	6.189990709738794	high	medium
G_r067_substitution_0p5pct	67	2	substitution	0.005	0.5	uniform	RS_GCF_001670625.2	Bacteroidota	Bacteria	high	100.0	9.999990709738794	100.0	9.999990709738794	2152792	3	2368071	3	2368071	0.0049816918496109	0.0441104216424403	0	11797	0	0	True	90.9	4.69	checkm2	-9.099999999999994	-5.309990709738794	9.099999999999994	5.309990709738794	high	medium
G_r067_substitution_1pct	67	3	substitution	0.01	1.0	uniform	RS_GCF_001670625.2	Bacteroidota	Bacteria	high	100.0	9.999990709738794	100.0	9.999990709738794	2152792	3	2368071	3	2368071	0.0100246149714261	0.0864827525163591	0	23739	0	0	True	83.93	3.12	checkm2	-16.069999999999993	-6.879990709738794	16.069999999999993	6.879990709738794	medium	medium
G_r067_substitution_2pct	67	4	substitution	0.02	2.0	uniform	RS_GCF_001670625.2	Bacteroidota	Bacteria	high	100.0	9.999990709738794	100.0	9.999990709738794	2152792	3	2368071	3	2368071	0.0198807383731315	0.1662522378698502	0	47079	0	0	True	86.1	6.02	checkm2	-13.900000000000006	-3.9799907097387948	13.900000000000006	3.9799907097387948	medium	medium
G_r067_substitution_5pct	67	5	substitution	0.05	5.0	uniform	RS_GCF_001670625.2	Bacteroidota	Bacteria	high	100.0	9.999990709738794	100.0	9.999990709738794	2152792	3	2368071	3	2368071	0.0501028051946077	0.3697505902753909	0	118647	0	0	True	57.81	3.23	checkm2	-42.19	-6.769990709738794	42.19	6.769990709738794	medium	medium
G_r067_substitution_titv_0p1pct	67	6	substitution_titv	0.001	0.1	titv_2	RS_GCF_001670625.2	Bacteroidota	Bacteria	high	100.0	9.999990709738794	100.0	9.999990709738794	2152792	3	2368071	3	2368071	0.0009923688943448	0.0089640838741259	0	2350	0	0	True	98.47	4.14	checkm2	-1.5300000000000011	-5.859990709738795	1.5300000000000011	5.859990709738795	high	medium
G_r067_substitution_titv_0p5pct	67	7	substitution_titv	0.005	0.5	titv_2	RS_GCF_001670625.2	Bacteroidota	Bacteria	high	100.0	9.999990709738794	100.0	9.999990709738794	2152792	3	2368071	3	2368071	0.0049559324868215	0.0441104216424403	0	11736	0	0	True	93.91	6.59	checkm2	-6.090000000000003	-3.4099907097387945	6.090000000000003	3.4099907097387945	medium	medium
G_r067_substitution_titv_1pct	67	8	substitution_titv	0.01	1.0	titv_2	RS_GCF_001670625.2	Bacteroidota	Bacteria	high	100.0	9.999990709738794	100.0	9.999990709738794	2152792	3	2368071	3	2368071	0.010040239502954	0.0864827525163591	0	23776	0	0	True	92.66	3.74	checkm2	-7.340000000000003	-6.259990709738794	7.340000000000003	6.259990709738794	high	medium
G_r067_substitution_titv_2pct	67	9	substitution_titv	0.02	2.0	titv_2	RS_GCF_001670625.2	Bacteroidota	Bacteria	high	100.0	9.999990709738794	100.0	9.999990709738794	2152792	3	2368071	3	2368071	0.0198938291968441	0.1662522378698502	0	47110	0	0	True	90.41	5.64	checkm2	-9.590000000000003	-4.359990709738795	9.590000000000003	4.359990709738795	medium	medium
G_r067_substitution_titv_5pct	67	10	substitution_titv	0.05	5.0	titv_2	RS_GCF_001670625.2	Bacteroidota	Bacteria	high	100.0	9.999990709738794	100.0	9.999990709738794	2152792	3	2368071	3	2368071	0.0500753566932748	0.3697505902753909	0	118582	0	0	True	69.33	7.87	checkm2	-30.67	-2.1299907097387942	30.67	2.1299907097387942	medium	medium
G_r067_indel_0p1pct	67	11	indel	0.001	0.1	ins0.5_geom0.75	RS_GCF_001670625.2	Bacteroidota	Bacteria	high	100.0	9.999990709738794	99.99679063676724	9.999990709738794	2152792	3	2368071	3	2367995	0.0009843454862628		0	0	2331	0	True	87.04	5.65	checkm2	-12.959999999999994	-4.349990709738794	12.959999999999994	4.349990709738794	medium	medium
G_r067_indel_0p5pct	67	12	indel	0.005	0.5	ins0.5_geom0.75	RS_GCF_001670625.2	Bacteroidota	Bacteria	high	100.0	9.999990709738794	100.00050674156306	9.999990709738794	2152792	3	2368071	3	2368083	0.0049791581417955		0	0	11791	0	True	35.43	1.45	checkm2	-64.57	-8.549990709738795	64.57	8.549990709738795	low	medium
G_r067_indel_1pct	67	13	indel	0.01	1.0	ins0.5_geom0.75	RS_GCF_001670625.2	Bacteroidota	Bacteria	high	100.0	9.999990709738794	100.00329382015995	9.999990709738794	2152792	3	2368071	3	2368149	0.0100850016743585		0	0	23882	0	True	44.34	5.52	checkm2	-55.66	-4.479990709738795	55.66	4.479990709738795	low	medium
G_r067_indel_2pct	67	14	indel	0.02	2.0	ins0.5_geom0.75	RS_GCF_001670625.2	Bacteroidota	Bacteria	high	100.0	9.999990709738794	99.99881760301948	9.999990709738794	2152792	3	2368071	3	2368043	0.0199018526049261		0	0	47129	0	True	34.08	8.17	checkm2	-65.92	-1.8299907097387944	65.92	1.8299907097387944	low	medium
G_r067_indel_5pct	67	15	indel	0.05	5.0	ins0.5_geom0.75	RS_GCF_001670625.2	Bacteroidota	Bacteria	high	100.0	9.999990709738794	99.99328567428933	9.999990709738794	2152792	3	2368071	3	2367912	0.0502670739179695		0	0	119036	0	True	7.82	3.97	checkm2	-92.18	-6.029990709738794	92.18	6.029990709738794	low	medium
G_r067_chimera_5pct	67	16	chimera	0.05	5.0	rc0.5	RS_GCF_001670625.2	Bacteroidota	Bacteria	high	100.0	9.999990709738794	100.0	9.999990709738794	2152792	3	2368071	3	2368071	0.0		0	0	0	0	True	99.29	3.6	checkm2	-0.7099999999999937	-6.399990709738795	0.7099999999999937	6.399990709738795	high	medium
G_r067_chimera_10pct	67	17	chimera	0.1	10.0	rc0.5	RS_GCF_001670625.2	Bacteroidota	Bacteria	high	100.0	9.999990709738794	100.0	9.999990709738794	2152792	3	2368071	3	2368071	0.0		0	0	0	0	True	99.29	3.6	checkm2	-0.7099999999999937	-6.399990709738795	0.7099999999999937	6.399990709738795	high	medium
G_r067_chimera_20pct	67	18	chimera	0.2	20.0	rc0.5	RS_GCF_001670625.2	Bacteroidota	Bacteria	high	100.0	9.999990709738794	100.0	9.999990709738794	2152792	3	2368071	2	2368071	0.6666666666666666		0	0	0	1	True	99.29	3.6	checkm2	-0.7099999999999937	-6.399990709738795	0.7099999999999937	6.399990709738795	high	medium
G_r067_chimera_40pct	67	19	chimera	0.4	40.0	rc0.5	RS_GCF_001670625.2	Bacteroidota	Bacteria	high	100.0	9.999990709738794	100.0	9.999990709738794	2152792	3	2368071	2	2368071	0.6666666666666666		0	0	0	1	True	99.29	3.6	checkm2	-0.7099999999999937	-6.399990709738795	0.7099999999999937	6.399990709738795	high	medium
G_r067_uneven_coverage_5pct	67	20	uneven_coverage	0.05	5.0	lognormal_sigma1.0	RS_GCF_001670625.2	Bacteroidota	Bacteria	high	100.0	9.999990709738794	100.0	15.500011148313446	2152792	3	2368071	4	2486475	0.0500001900280861		118404	0	0	0	True	98.24	8.05	checkm2	-1.7600000000000051	-1.9499907097387936	1.7600000000000051	1.9499907097387936	medium	medium
G_r067_uneven_coverage_10pct	67	21	uneven_coverage	0.1	10.0	lognormal_sigma1.0	RS_GCF_001670625.2	Bacteroidota	Bacteria	high	100.0	9.999990709738794	100.0	20.999985135582072	2152792	3	2368071	5	2604878	0.0999999577715364		236807	0	0	0	True	94.17	9.55	checkm2	-5.829999999999998	-0.4499907097387936	5.829999999999998	0.4499907097387936	medium	medium
G_r067_uneven_coverage_20pct	67	22	uneven_coverage	0.2	20.0	lognormal_sigma1.0	RS_GCF_001670625.2	Bacteroidota	Bacteria	high	100.0	9.999990709738794	100.0	31.99997956142535	2152792	3	2368071	4	2841685	0.1999999155430728		473614	0	0	0	True	97.34	15.77	checkm2	-2.6599999999999966	5.770009290261205	2.6599999999999966	5.770009290261205	low	medium
G_r067_uneven_coverage_40pct	67	23	uneven_coverage	0.4	40.0	lognormal_sigma1.0	RS_GCF_001670625.2	Bacteroidota	Bacteria	high	100.0	9.999990709738794	100.0	53.9999684131119	2152792	3	2368071	4	3315299	0.3999998310861456		947228	0	0	0	True	99.99	40.57	checkm2	-0.010000000000005116	30.570009290261204	0.010000000000005116	30.570009290261204	low	medium
G_r068_none_control	68	0	none	0.0	0.0	control	RS_GCF_037694895.1	Campylobacterota	Bacteria	high	85.72405712245289	0.0	85.72405712245289	0.0	1691524	1	1450043	1	1450043	0.0		0	0	0	0	True	86.63	0.04	checkm2	0.9059428775471048	0.04	0.9059428775471048	0.04	medium	medium
G_r068_substitution_0p1pct	68	1	substitution	0.001	0.1	uniform	RS_GCF_037694895.1	Campylobacterota	Bacteria	high	85.72405712245289	0.0	85.72405712245289	0.0	1691524	1	1450043	1	1450043	0.0010110045012458	0.0089640838741259	0	1466	0	0	True	84.79	0.25	checkm2	-0.9340571224528844	0.25	0.9340571224528844	0.25	medium	medium
G_r068_substitution_0p5pct	68	2	substitution	0.005	0.5	uniform	RS_GCF_037694895.1	Campylobacterota	Bacteria	high	85.72405712245289	0.0	85.72405712245289	0.0	1691524	1	1450043	1	1450043	0.0051474335588668	0.0441104216424403	0	7464	0	0	True	84.15	0.36	checkm2	-1.574057122452885	0.36	1.574057122452885	0.36	medium	medium
G_r068_substitution_1pct	68	3	substitution	0.01	1.0	uniform	RS_GCF_037694895.1	Campylobacterota	Bacteria	high	85.72405712245289	0.0	85.72405712245289	0.0	1691524	1	1450043	1	1450043	0.0100824596236111	0.0864827525163591	0	14620	0	0	True	78.47	1.56	checkm2	-7.254057122452892	1.56	7.254057122452892	1.56	medium	medium
G_r068_substitution_2pct	68	4	substitution	0.02	2.0	uniform	RS_GCF_037694895.1	Campylobacterota	Bacteria	high	85.72405712245289	0.0	85.72405712245289	0.0	1691524	1	1450043	1	1450043	0.0199683733516868	0.1662522378698502	0	28955	0	0	True	58.74	3.57	checkm2	-26.98405712245289	3.57	26.98405712245289	3.57	medium	medium
G_r068_substitution_5pct	68	5	substitution	0.05	5.0	uniform	RS_GCF_037694895.1	Campylobacterota	Bacteria	high	85.72405712245289	0.0	85.72405712245289	0.0	1691524	1	1450043	1	1450043	0.0498157640842375	0.3697505902753909	0	72235	0	0	True	39.11	0.47	checkm2	-46.61405712245289	0.47	46.61405712245289	0.47	low	medium
G_r068_substitution_titv_0p1pct	68	6	substitution_titv	0.001	0.1	titv_2	RS_GCF_037694895.1	Campylobacterota	Bacteria	high	85.72405712245289	0.0	85.72405712245289	0.0	1691524	1	1450043	1	1450043	0.0009985910762646	0.0089640838741259	0	1448	0	0	True	86.9	0.06	checkm2	1.175942877547115	0.06	1.175942877547115	0.06	medium	medium
G_r068_substitution_titv_0p5pct	68	7	substitution_titv	0.005	0.5	titv_2	RS_GCF_037694895.1	Campylobacterota	Bacteria	high	85.72405712245289	0.0	85.72405712245289	0.0	1691524	1	1450043	1	1450043	0.0050446779854114	0.0441104216424403	0	7315	0	0	True	84.38	1.06	checkm2	-1.3440571224528952	1.06	1.3440571224528952	1.06	medium	medium
G_r068_substitution_titv_1pct	68	8	substitution_titv	0.01	1.0	titv_2	RS_GCF_037694895.1	Campylobacterota	Bacteria	high	85.72405712245289	0.0	85.72405712245289	0.0	1691524	1	1450043	1	1450043	0.0101424578443535	0.0864827525163591	0	14707	0	0	True	79.02	1.0	checkm2	-6.704057122452895	1.0	6.704057122452895	1.0	medium	medium
G_r068_substitution_titv_2pct	68	9	substitution_titv	0.02	2.0	titv_2	RS_GCF_037694895.1	Campylobacterota	Bacteria	high	85.72405712245289	0.0	85.72405712245289	0.0	1691524	1	1450043	1	1450043	0.0201187137209034	0.1662522378698502	0	29173	0	0	True	68.86	1.91	checkm2	-16.86405712245289	1.91	16.86405712245289	1.91	medium	medium
G_r068_substitution_titv_5pct	68	10	substitution_titv	0.05	5.0	titv_2	RS_GCF_037694895.1	Campylobacterota	Bacteria	high	85.72405712245289	0.0	85.72405712245289	0.0	1691524	1	1450043	1	1450043	0.0500578258713707	0.3697505902753909	0	72586	0	0	True	47.35	0.65	checkm2	-38.37405712245289	0.65	38.37405712245289	0.65	low	medium
G_r068_indel_0p1pct	68	11	indel	0.001	0.1	ins0.5_geom0.75	RS_GCF_037694895.1	Campylobacterota	Bacteria	high	85.72405712245289	0.0	85.72399800416666	0.0	1691524	1	1450043	1	1450042	0.0010310039081599		0	0	1495	0	True	63.36	4.12	checkm2	-22.36405712245289	4.12	22.36405712245289	4.12	medium	medium
G_r068_indel_0p5pct	68	12	indel	0.005	0.5	ins0.5_geom0.75	RS_GCF_037694895.1	Campylobacterota	Bacteria	high	85.72405712245289	0.0	85.72470742360144	0.0	1691524	1	1450043	1	1450054	0.0048653729579053		0	0	7055	0	True	26.62	0.59	checkm2	-59.104057122452886	0.59	59.104057122452886	0.59	low	medium
G_r068_indel_1pct	68	13	indel	0.01	1.0	ins0.5_geom0.75	RS_GCF_037694895.1	Campylobacterota	Bacteria	high	85.72405712245289	0.0	85.7354078334094	0.0	1691524	1	1450043	1	1450235	0.0098928100752874		0	0	14345	0	True	23.4	2.11	checkm2	-62.32405712245289	2.11	62.32405712245289	2.11	low	medium
G_r068_indel_2pct	68	14	indel	0.02	2.0	ins0.5_geom0.75	RS_GCF_037694895.1	Campylobacterota	Bacteria	high	85.72405712245289	0.0	85.75113329754707	0.0	1691524	1	1450043	1	1450501	0.0201862979235788		0	0	29271	0	True	19.84	4.93	checkm2	-65.88405712245289	4.93	65.88405712245289	4.93	low	medium
G_r068_indel_5pct	68	15	indel	0.05	5.0	ins0.5_geom0.75	RS_GCF_037694895.1	Campylobacterota	Bacteria	high	85.72405712245289	0.0	85.77625856919559	0.0	1691524	1	1450043	1	1450926	0.0499123129452023		0	0	72375	0	True	4.54	0.0	checkm2	-81.18405712245288	0.0	81.18405712245288	0.0	low	medium
G_r068_chimera_5pct	68	16	chimera	0.05	5.0	rc0.5	RS_GCF_037694895.1	Campylobacterota	Bacteria	high	85.72405712245289	0.0	85.72405712245289	0.0	1691524	1	1450043	1	1450043	0.0		0	0	0	0	True	86.63	0.04	checkm2	0.9059428775471048	0.04	0.9059428775471048	0.04	medium	medium
G_r068_chimera_10pct	68	17	chimera	0.1	10.0	rc0.5	RS_GCF_037694895.1	Campylobacterota	Bacteria	high	85.72405712245289	0.0	85.72405712245289	0.0	1691524	1	1450043	1	1450043	0.0		0	0	0	0	True	86.63	0.04	checkm2	0.9059428775471048	0.04	0.9059428775471048	0.04	medium	medium
G_r068_chimera_20pct	68	18	chimera	0.2	20.0	rc0.5	RS_GCF_037694895.1	Campylobacterota	Bacteria	high	85.72405712245289	0.0	85.72405712245289	0.0	1691524	1	1450043	1	1450043	0.0		0	0	0	0	True	86.63	0.04	checkm2	0.9059428775471048	0.04	0.9059428775471048	0.04	medium	medium
G_r068_chimera_40pct	68	19	chimera	0.4	40.0	rc0.5	RS_GCF_037694895.1	Campylobacterota	Bacteria	high	85.72405712245289	0.0	85.72405712245289	0.0	1691524	1	1450043	1	1450043	0.0		0	0	0	0	True	86.63	0.04	checkm2	0.9059428775471048	0.04	0.9059428775471048	0.04	medium	medium
G_r068_uneven_coverage_5pct	68	20	uneven_coverage	0.05	5.0	lognormal_sigma1.0	RS_GCF_037694895.1	Campylobacterota	Bacteria	high	85.72405712245289	0.0	85.72405712245289	4.2861939883797096	1691524	1	1450043	2	1522545	0.0499998965547918		72502	0	0	0	True	86.76	5.56	checkm2	1.0359428775471144	5.56	1.0359428775471144	5.56	medium	medium
G_r068_uneven_coverage_10pct	68	21	uneven_coverage	0.1	10.0	lognormal_sigma1.0	RS_GCF_037694895.1	Campylobacterota	Bacteria	high	85.72405712245289	0.0	85.72405712245289	8.572387976759419	1691524	1	1450043	2	1595047	0.0999997931095836		145004	0	0	0	True	86.21	8.53	checkm2	0.4859428775471031	8.53	0.4859428775471031	8.53	medium	medium
G_r068_uneven_coverage_20pct	68	22	uneven_coverage	0.2	20.0	lognormal_sigma1.0	RS_GCF_037694895.1	Campylobacterota	Bacteria	high	85.72405712245289	0.0	85.72405712245289	17.14483507180507	1691524	1	1450043	2	1740052	0.2000002758538884		290009	0	0	0	True	86.37	16.07	checkm2	0.6459428775471139	16.07	0.6459428775471139	16.07	low	medium
G_r068_uneven_coverage_40pct	68	23	uneven_coverage	0.4	40.0	lognormal_sigma1.0	RS_GCF_037694895.1	Campylobacterota	Bacteria	high	85.72405712245289	0.0	85.72405712245289	34.28961102532391	1691524	1	1450043	2	2030060	0.3999998620730557		580017	0	0	0	True	87.05	34.5	checkm2	1.3259428775471065	34.5	1.3259428775471065	34.5	low	medium
G_r069_none_control	69	0	none	0.0	0.0	control	RS_GCF_001693295.1	Cyanobacteriota	Bacteria	low	69.94931733053114	9.999975787569822	69.94931733053114	9.999975787569822	3304088	44	2641595	44	2641595	0.0		0	0	0	0	True	74.94	5.63	checkm2	4.990682669468853	-4.369975787569822	4.990682669468853	4.369975787569822	medium	medium
G_r069_substitution_0p1pct	69	1	substitution	0.001	0.1	uniform	RS_GCF_001693295.1	Cyanobacteriota	Bacteria	low	69.94931733053114	9.999975787569822	69.94931733053114	9.999975787569822	3304088	44	2641595	44	2641595	0.0009679757873557	0.0089640838741259	0	2557	0	0	True	74.27	7.13	checkm2	4.320682669468852	-2.869975787569822	4.320682669468852	2.869975787569822	medium	medium
G_r069_substitution_0p5pct	69	2	substitution	0.005	0.5	uniform	RS_GCF_001693295.1	Cyanobacteriota	Bacteria	low	69.94931733053114	9.999975787569822	69.94931733053114	9.999975787569822	3304088	44	2641595	44	2641595	0.0050227230139366	0.0441104216424403	0	13268	0	0	True	72.81	6.16	checkm2	2.860682669468858	-3.8399757875698217	2.860682669468858	3.8399757875698217	medium	medium
G_r069_substitution_1pct	69	3	substitution	0.01	1.0	uniform	RS_GCF_001693295.1	Cyanobacteriota	Bacteria	low	69.94931733053114	9.999975787569822	69.94931733053114	9.999975787569822	3304088	44	2641595	44	2641595	0.0099879050346476	0.0864827525163591	0	26384	0	0	True	72.49	6.85	checkm2	2.5406826694688505	-3.149975787569822	2.5406826694688505	3.149975787569822	medium	medium
G_r069_substitution_2pct	69	4	substitution	0.02	2.0	uniform	RS_GCF_001693295.1	Cyanobacteriota	Bacteria	low	69.94931733053114	9.999975787569822	69.94931733053114	9.999975787569822	3304088	44	2641595	44	2641595	0.0199837598117803	0.1662522378698502	0	52789	0	0	True	66.85	6.52	checkm2	-3.09931733053115	-3.4799757875698223	3.09931733053115	3.4799757875698223	medium	medium
G_r069_substitution_5pct	69	5	substitution	0.05	5.0	uniform	RS_GCF_001693295.1	Cyanobacteriota	Bacteria	low	69.94931733053114	9.999975787569822	69.94931733053114	9.999975787569822	3304088	44	2641595	44	2641595	0.0499421750873998	0.3697505902753909	0	131927	0	0	True	45.38	4.95	checkm2	-24.569317330531142	-5.049975787569822	24.569317330531142	5.049975787569822	low	medium
G_r069_substitution_titv_0p1pct	69	6	substitution_titv	0.001	0.1	titv_2	RS_GCF_001693295.1	Cyanobacteriota	Bacteria	low	69.94931733053114	9.999975787569822	69.94931733053114	9.999975787569822	3304088	44	2641595	44	2641595	0.0009963677248026	0.0089640838741259	0	2632	0	0	True	73.7	5.83	checkm2	3.7506826694688584	-4.169975787569822	3.7506826694688584	4.169975787569822	medium	medium
G_r069_substitution_titv_0p5pct	69	7	substitution_titv	0.005	0.5	titv_2	RS_GCF_001693295.1	Cyanobacteriota	Bacteria	low	69.94931733053114	9.999975787569822	69.94931733053114	9.999975787569822	3304088	44	2641595	44	2641595	0.0050053092923025	0.0441104216424403	0	13222	0	0	True	73.22	6.13	checkm2	3.2706826694688544	-3.869975787569822	3.2706826694688544	3.869975787569822	medium	medium
G_r069_substitution_titv_1pct	69	8	substitution_titv	0.01	1.0	titv_2	RS_GCF_001693295.1	Cyanobacteriota	Bacteria	low	69.94931733053114	9.999975787569822	69.94931733053114	9.999975787569822	3304088	44	2641595	44	2641595	0.0100189468862562	0.0864827525163591	0	26466	0	0	True	71.36	6.99	checkm2	1.410682669468855	-3.0099757875698216	1.410682669468855	3.0099757875698216	medium	medium
G_r069_substitution_titv_2pct	69	9	substitution_titv	0.02	2.0	titv_2	RS_GCF_001693295.1	Cyanobacteriota	Bacteria	low	69.94931733053114	9.999975787569822	69.94931733053114	9.999975787569822	3304088	44	2641595	44	2641595	0.0200019306517463	0.1662522378698502	0	52837	0	0	True	63.19	6.62	checkm2	-6.759317330531147	-3.3799757875698218	6.759317330531147	3.3799757875698218	medium	medium
G_r069_substitution_titv_5pct	69	10	substitution_titv	0.05	5.0	titv_2	RS_GCF_001693295.1	Cyanobacteriota	Bacteria	low	69.94931733053114	9.999975787569822	69.94931733053114	9.999975787569822	3304088	44	2641595	44	2641595	0.0499175687416125	0.3697505902753909	0	131862	0	0	True	64.5	4.05	checkm2	-5.449317330531144	-5.949975787569822	5.449317330531144	5.949975787569822	medium	medium
G_r069_indel_0p1pct	69	11	indel	0.001	0.1	ins0.5_geom0.75	RS_GCF_001693295.1	Cyanobacteriota	Bacteria	low	69.94931733053114	9.999975787569822	69.94518645751559	9.999975787569822	3304088	44	2641595	44	2641439	0.0010126457689388		0	0	2675	0	True	59.69	6.32	checkm2	-10.259317330531147	-3.6799757875698216	10.259317330531147	3.6799757875698216	medium	medium
G_r069_indel_0p5pct	69	12	indel	0.005	0.5	ins0.5_geom0.75	RS_GCF_001693295.1	Cyanobacteriota	Bacteria	low	69.94931733053114	9.999975787569822	69.951621086636	9.999975787569822	3304088	44	2641595	44	2641682	0.0050390010580728		0	0	13311	0	True	40.77	2.41	checkm2	-29.17931733053114	-7.589975787569822	29.17931733053114	7.589975787569822	low	medium
G_r069_indel_1pct	69	13	indel	0.01	1.0	ins0.5_geom0.75	RS_GCF_001693295.1	Cyanobacteriota	Bacteria	low	69.94931733053114	9.999975787569822	69.95056188842686	9.999975787569822	3304088	44	2641595	44	2641642	0.0100231110370817		0	0	26477	0	True	37.97	2.33	checkm2	-31.979317330531146	-7.669975787569822	31.979317330531146	7.669975787569822	low	medium
G_r069_indel_2pct	69	14	indel	0.02	2.0	ins0.5_geom0.75	RS_GCF_001693295.1	Cyanobacteriota	Bacteria	low	69.94931733053114	9.999975787569822	69.95832051530867	9.999975787569822	3304088	44	2641595	44	2641935	0.0200064733617378		0	0	52849	0	True	31.27	5.88	checkm2	-38.67931733053115	-4.119975787569822	38.67931733053115	4.119975787569822	low	medium
G_r069_indel_5pct	69	15	indel	0.05	5.0	ins0.5_geom0.75	RS_GCF_001693295.1	Cyanobacteriota	Bacteria	low	69.94931733053114	9.999975787569822	69.95440148193492	9.999975787569822	3304088	44	2641595	44	2641787	0.0498286073376123		0	0	131627	0	True	55.29	7.59	checkm2	-14.659317330531145	-2.409975787569822	14.659317330531145	2.409975787569822	medium	medium
G_r069_chimera_5pct	69	16	chimera	0.05	5.0	rc0.5	RS_GCF_001693295.1	Cyanobacteriota	Bacteria	low	69.94931733053114	9.999975787569822	69.94931733053114	9.999975787569822	3304088	44	2641595	43	2641595	0.0454545454545454		0	0	0	1	True	74.81	5.63	checkm2	4.860682669468858	-4.369975787569822	4.860682669468858	4.369975787569822	medium	medium
G_r069_chimera_10pct	69	17	chimera	0.1	10.0	rc0.5	RS_GCF_001693295.1	Cyanobacteriota	Bacteria	low	69.94931733053114	9.999975787569822	69.94931733053114	9.999975787569822	3304088	44	2641595	42	2641595	0.0909090909090909		0	0	0	2	True	74.81	5.63	checkm2	4.860682669468858	-4.369975787569822	4.860682669468858	4.369975787569822	medium	medium
G_r069_chimera_20pct	69	18	chimera	0.2	20.0	rc0.5	RS_GCF_001693295.1	Cyanobacteriota	Bacteria	low	69.94931733053114	9.999975787569822	69.94931733053114	9.999975787569822	3304088	44	2641595	40	2641595	0.1818181818181818		0	0	0	4	True	74.94	5.63	checkm2	4.990682669468853	-4.369975787569822	4.990682669468853	4.369975787569822	medium	medium
G_r069_chimera_40pct	69	19	chimera	0.4	40.0	rc0.5	RS_GCF_001693295.1	Cyanobacteriota	Bacteria	low	69.94931733053114	9.999975787569822	69.94931733053114	9.999975787569822	3304088	44	2641595	35	2641595	0.4090909090909091		0	0	0	9	True	74.94	5.63	checkm2	4.990682669468853	-4.369975787569822	4.990682669468853	4.369975787569822	medium	medium
G_r069_uneven_coverage_5pct	69	20	uneven_coverage	0.05	5.0	lognormal_sigma1.0	RS_GCF_001693295.1	Cyanobacteriota	Bacteria	low	69.94931733053114	9.999975787569822	69.94931733053114	13.9974480098593	3304088	44	2641595	48	2773675	0.0500000946397914		132080	0	0	0	True	74.11	10.0	checkm2	4.160682669468855	2.421243017813879e-05	4.160682669468855	2.421243017813879e-05	low	medium
G_r069_uneven_coverage_10pct	69	21	uneven_coverage	0.1	10.0	lognormal_sigma1.0	RS_GCF_001693295.1	Cyanobacteriota	Bacteria	low	69.94931733053114	9.999975787569822	69.94931733053114	17.99492023214878	3304088	44	2641595	52	2905755	0.1000001892795829		264160	0	0	0	True	75.34	12.13	checkm2	5.390682669468859	2.130024212430179	5.390682669468859	2.130024212430179	low	medium
G_r069_uneven_coverage_20pct	69	22	uneven_coverage	0.2	20.0	lognormal_sigma1.0	RS_GCF_001693295.1	Cyanobacteriota	Bacteria	low	69.94931733053114	9.999975787569822	69.94931733053114	25.989834411190017	3304088	44	2641595	59	3169914	0.2		528319	0	0	0	True	72.34	15.89	checkm2	2.390682669468859	5.890024212430179	2.390682669468859	5.890024212430179	low	medium
G_r069_uneven_coverage_40pct	69	23	uneven_coverage	0.4	40.0	lognormal_sigma1.0	RS_GCF_001693295.1	Cyanobacteriota	Bacteria	low	69.94931733053114	9.999975787569822	69.94931733053114	41.97969303481021	3304088	44	2641595	71	3698233	0.4		1056638	0	0	0	True	76.31	26.69	checkm2	6.360682669468858	16.69002421243018	6.360682669468858	16.69002421243018	low	medium
G_r070_none_control	70	0	none	0.0	0.0	control	RS_GCF_000318565.1	Chlamydiota	Bacteria	low	58.00343955911279	9.883361109024897	58.00343955911279	9.883361109024897	1051879	17	714087	17	714087	0.0		0	0	0	0	True	49.78	1.84	checkm2	-8.22343955911279	-8.043361109024897	8.22343955911279	8.043361109024897	low	medium
G_r070_substitution_0p1pct	70	1	substitution	0.001	0.1	uniform	RS_GCF_000318565.1	Chlamydiota	Bacteria	low	58.00343955911279	9.883361109024897	58.00343955911279	9.883361109024897	1051879	17	714087	17	714087	0.0010082889756204	0.0089640838741259	0	720	0	0	True	48.79	1.69	checkm2	-9.213439559112793	-8.193361109024897	9.213439559112793	8.193361109024897	low	medium
G_r070_substitution_0p5pct	70	2	substitution	0.005	0.5	uniform	RS_GCF_000318565.1	Chlamydiota	Bacteria	low	58.00343955911279	9.883361109024897	58.00343955911279	9.883361109024897	1051879	17	714087	17	714087	0.0050834569187529	0.0441104216424403	0	3630	0	0	True	45.28	2.58	checkm2	-12.72343955911279	-7.303361109024896	12.72343955911279	7.303361109024896	low	medium
G_r070_substitution_1pct	70	3	substitution	0.01	1.0	uniform	RS_GCF_000318565.1	Chlamydiota	Bacteria	low	58.00343955911279	9.883361109024897	58.00343955911279	9.883361109024897	1051879	17	714087	17	714087	0.0097706002540328	0.0864827525163591	0	6977	0	0	True	43.65	3.71	checkm2	-14.353439559112793	-6.1733611090248965	14.353439559112793	6.1733611090248965	low	medium
G_r070_substitution_2pct	70	4	substitution	0.02	2.0	uniform	RS_GCF_000318565.1	Chlamydiota	Bacteria	low	58.00343955911279	9.883361109024897	58.00343955911279	9.883361109024897	1051879	17	714087	17	714087	0.0198814980373375	0.1662522378698502	0	14197	0	0	True	37.7	3.5	checkm2	-20.30343955911279	-6.3833611090248965	20.30343955911279	6.3833611090248965	low	medium
G_r070_substitution_5pct	70	5	substitution	0.05	5.0	uniform	RS_GCF_000318565.1	Chlamydiota	Bacteria	low	58.00343955911279	9.883361109024897	58.00343955911279	9.883361109024897	1051879	17	714087	17	714087	0.0502646058360326	0.3697505902753909	0	35893	0	0	True	21.08	1.87	checkm2	-36.92343955911279	-8.013361109024896	36.92343955911279	8.013361109024896	low	medium
G_r070_substitution_titv_0p1pct	70	6	substitution_titv	0.001	0.1	titv_2	RS_GCF_000318565.1	Chlamydiota	Bacteria	low	58.00343955911279	9.883361109024897	58.00343955911279	9.883361109024897	1051879	17	714087	17	714087	0.000939669309224	0.0089640838741259	0	671	0	0	True	49.49	0.93	checkm2	-8.51343955911279	-8.953361109024897	8.51343955911279	8.953361109024897	low	medium
G_r070_substitution_titv_0p5pct	70	7	substitution_titv	0.005	0.5	titv_2	RS_GCF_000318565.1	Chlamydiota	Bacteria	low	58.00343955911279	9.883361109024897	58.00343955911279	9.883361109024897	1051879	17	714087	17	714087	0.004989630027966	0.0441104216424403	0	3563	0	0	True	46.13	2.46	checkm2	-11.87343955911279	-7.4233611090248965	11.87343955911279	7.4233611090248965	low	medium
G_r070_substitution_titv_1pct	70	8	substitution_titv	0.01	1.0	titv_2	RS_GCF_000318565.1	Chlamydiota	Bacteria	low	58.00343955911279	9.883361109024897	58.00343955911279	9.883361109024897	1051879	17	714087	17	714087	0.0101389058104052	0.0864827525163591	0	7240	0	0	True	46.97	3.04	checkm2	-11.033439559112793	-6.8433611090248965	11.033439559112793	6.8433611090248965	low	medium
G_r070_substitution_titv_2pct	70	9	substitution_titv	0.02	2.0	titv_2	RS_GCF_000318565.1	Chlamydiota	Bacteria	low	58.00343955911279	9.883361109024897	58.00343955911279	9.883361109024897	1051879	17	714087	17	714087	0.0198408863980416	0.1662522378698502	0	14168	0	0	True	40.62	3.28	checkm2	-17.383439559112794	-6.603361109024897	17.383439559112794	6.603361109024897	low	medium
G_r070_substitution_titv_5pct	70	10	substitution_titv	0.05	5.0	titv_2	RS_GCF_000318565.1	Chlamydiota	Bacteria	low	58.00343955911279	9.883361109024897	58.00343955911279	9.883361109024897	1051879	17	714087	17	714087	0.0499761231568967	0.3697505902753909	0	35687	0	0	True	32.71	1.72	checkm2	-25.29343955911279	-8.163361109024896	25.29343955911279	8.163361109024896	low	medium
G_r070_indel_0p1pct	70	11	indel	0.001	0.1	ins0.5_geom0.75	RS_GCF_000318565.1	Chlamydiota	Bacteria	low	58.00343955911279	9.883361109024897	58.00019046259883	9.883361109024897	1051879	17	714087	17	714047	0.0010418898537573		0	0	744	0	True	37.38	1.81	checkm2	-20.62343955911279	-8.073361109024896	20.62343955911279	8.073361109024896	low	medium
G_r070_indel_0p5pct	70	12	indel	0.005	0.5	ins0.5_geom0.75	RS_GCF_000318565.1	Chlamydiota	Bacteria	low	58.00343955911279	9.883361109024897	58.00888179577367	9.883361109024897	1051879	17	714087	17	714154	0.0049489768053472		0	0	3534	0	True	17.39	2.73	checkm2	-40.61343955911279	-7.153361109024896	40.61343955911279	7.153361109024896	low	medium
G_r070_indel_1pct	70	13	indel	0.01	1.0	ins0.5_geom0.75	RS_GCF_000318565.1	Chlamydiota	Bacteria	low	58.00343955911279	9.883361109024897	58.00953161507647	9.883361109024897	1051879	17	714087	17	714162	0.0100730023092424		0	0	7193	0	True	13.15	1.84	checkm2	-44.85343955911279	-8.043361109024897	44.85343955911279	8.043361109024897	low	medium
G_r070_indel_2pct	70	14	indel	0.02	2.0	ins0.5_geom0.75	RS_GCF_000318565.1	Chlamydiota	Bacteria	low	58.00343955911279	9.883361109024897	58.02707673625184	9.883361109024897	1051879	17	714087	17	714378	0.0199303446218738		0	0	14232	0	True	8.29	0.02	checkm2	-49.71343955911279	-9.863361109024897	49.71343955911279	9.863361109024897	low	medium
G_r070_indel_5pct	70	15	indel	0.05	5.0	ins0.5_geom0.75	RS_GCF_000318565.1	Chlamydiota	Bacteria	low	58.00343955911279	9.883361109024897	58.012293347113335	9.883361109024897	1051879	17	714087	17	714196	0.0504098240130404		0	0	35997	0	True	4.38	0.02	checkm2	-53.62343955911279	-9.863361109024897	53.62343955911279	9.863361109024897	low	medium
G_r070_chimera_5pct	70	16	chimera	0.05	5.0	rc0.5	RS_GCF_000318565.1	Chlamydiota	Bacteria	low	58.00343955911279	9.883361109024897	58.00343955911279	9.883361109024897	1051879	17	714087	17	714087	0.0		0	0	0	0	True	49.78	1.84	checkm2	-8.22343955911279	-8.043361109024897	8.22343955911279	8.043361109024897	low	medium
G_r070_chimera_10pct	70	17	chimera	0.1	10.0	rc0.5	RS_GCF_000318565.1	Chlamydiota	Bacteria	low	58.00343955911279	9.883361109024897	58.00343955911279	9.883361109024897	1051879	17	714087	16	714087	0.1176470588235294		0	0	0	1	True	49.78	1.84	checkm2	-8.22343955911279	-8.043361109024897	8.22343955911279	8.043361109024897	low	medium
G_r070_chimera_20pct	70	18	chimera	0.2	20.0	rc0.5	RS_GCF_000318565.1	Chlamydiota	Bacteria	low	58.00343955911279	9.883361109024897	58.00343955911279	9.883361109024897	1051879	17	714087	16	714087	0.1176470588235294		0	0	0	1	True	49.78	1.84	checkm2	-8.22343955911279	-8.043361109024897	8.22343955911279	8.043361109024897	low	medium
G_r070_chimera_40pct	70	19	chimera	0.4	40.0	rc0.5	RS_GCF_000318565.1	Chlamydiota	Bacteria	low	58.00343955911279	9.883361109024897	58.00343955911279	9.883361109024897	1051879	17	714087	14	714087	0.3529411764705882		0	0	0	3	True	49.03	1.84	checkm2	-8.97343955911279	-8.043361109024897	8.97343955911279	8.043361109024897	low	medium
G_r070_uneven_coverage_5pct	70	20	uneven_coverage	0.05	5.0	lognormal_sigma1.0	RS_GCF_000318565.1	Chlamydiota	Bacteria	low	58.00343955911279	9.883361109024897	58.00343955911279	13.277667868642686	1051879	17	714087	18	749791	0.049999509863644		35704	0	0	0	True	50.43	2.73	checkm2	-7.573439559112792	-7.153361109024896	7.573439559112792	7.153361109024896	medium	medium
G_r070_uneven_coverage_10pct	70	21	uneven_coverage	0.1	10.0	lognormal_sigma1.0	RS_GCF_000318565.1	Chlamydiota	Bacteria	low	58.00343955911279	9.883361109024897	58.00343955911279	16.67206969622932	1051879	17	714087	19	785496	0.1000004201168765		71409	0	0	0	True	50.12	10.61	checkm2	-7.883439559112794	0.7266388909751029	7.883439559112794	0.7266388909751029	low	medium
G_r070_uneven_coverage_20pct	70	22	uneven_coverage	0.2	20.0	lognormal_sigma1.0	RS_GCF_000318565.1	Chlamydiota	Bacteria	low	58.00343955911279	9.883361109024897	58.00343955911279	23.460683215464897	1051879	17	714087	21	856904	0.1999994398441646		142817	0	0	0	True	49.73	10.17	checkm2	-8.273439559112795	0.2866388909751034	8.273439559112795	0.2866388909751034	low	medium
G_r070_uneven_coverage_40pct	70	23	uneven_coverage	0.4	40.0	lognormal_sigma1.0	RS_GCF_000318565.1	Chlamydiota	Bacteria	low	58.00343955911279	9.883361109024897	58.00343955911279	37.03810038987374	1051879	17	714087	22	999722	0.4000002800779176		285635	0	0	0	True	52.33	24.26	checkm2	-5.6734395591127935	14.376638890975105	5.6734395591127935	14.376638890975105	low	medium
G_r071_none_control	71	0	none	0.0	0.0	control	RS_GCF_016117655.1	Spirochaetota	Bacteria	highly_fragmented	77.64809175527544	0.0	77.64809175527544	0.0	2738066	116	2126056	116	2126056	0.0		0	0	0	0	True	81.74	1.36	checkm2	4.09190824472455	1.36	4.09190824472455	1.36	medium	medium
G_r071_substitution_0p1pct	71	1	substitution	0.001	0.1	uniform	RS_GCF_016117655.1	Spirochaetota	Bacteria	highly_fragmented	77.64809175527544	0.0	77.64809175527544	0.0	2738066	116	2126056	116	2126056	0.0010074993320966	0.0089640838741259	0	2142	0	0	True	82.22	1.12	checkm2	4.571908244724554	1.12	4.571908244724554	1.12	medium	medium
G_r071_substitution_0p5pct	71	2	substitution	0.005	0.5	uniform	RS_GCF_016117655.1	Spirochaetota	Bacteria	highly_fragmented	77.64809175527544	0.0	77.64809175527544	0.0	2738066	116	2126056	116	2126056	0.0049749395124117	0.0441104216424403	0	10577	0	0	True	82.51	2.56	checkm2	4.86190824472456	2.56	4.86190824472456	2.56	medium	medium
G_r071_substitution_1pct	71	3	substitution	0.01	1.0	uniform	RS_GCF_016117655.1	Spirochaetota	Bacteria	highly_fragmented	77.64809175527544	0.0	77.64809175527544	0.0	2738066	116	2126056	116	2126056	0.0099066064111199	0.0864827525163591	0	21062	0	0	True	71.76	2.66	checkm2	-5.88809175527544	2.66	5.88809175527544	2.66	medium	medium
G_r071_substitution_2pct	71	4	substitution	0.02	2.0	uniform	RS_GCF_016117655.1	Spirochaetota	Bacteria	highly_fragmented	77.64809175527544	0.0	77.64809175527544	0.0	2738066	116	2126056	116	2126056	0.0201565716048871	0.1662522378698502	0	42854	0	0	True	59.78	4.68	checkm2	-17.868091755275444	4.68	17.868091755275444	4.68	medium	medium
G_r071_substitution_5pct	71	5	substitution	0.05	5.0	uniform	RS_GCF_016117655.1	Spirochaetota	Bacteria	highly_fragmented	77.64809175527544	0.0	77.64809175527544	0.0	2738066	116	2126056	116	2126056	0.0501957615415586	0.3697505902753909	0	106719	0	0	True	40.99	0.69	checkm2	-36.65809175527544	0.69	36.65809175527544	0.69	low	medium
G_r071_substitution_titv_0p1pct	71	6	substitution_titv	0.001	0.1	titv_2	RS_GCF_016117655.1	Spirochaetota	Bacteria	highly_fragmented	77.64809175527544	0.0	77.64809175527544	0.0	2738066	116	2126056	116	2126056	0.001010791813574	0.0089640838741259	0	2149	0	0	True	80.34	1.22	checkm2	2.6919082447245586	1.22	2.6919082447245586	1.22	medium	medium
G_r071_substitution_titv_0p5pct	71	7	substitution_titv	0.005	0.5	titv_2	RS_GCF_016117655.1	Spirochaetota	Bacteria	highly_fragmented	77.64809175527544	0.0	77.64809175527544	0.0	2738066	116	2126056	116	2126056	0.0049645917134826	0.0441104216424403	0	10555	0	0	True	76.47	1.73	checkm2	-1.178091755275446	1.73	1.178091755275446	1.73	medium	medium
G_r071_substitution_titv_1pct	71	8	substitution_titv	0.01	1.0	titv_2	RS_GCF_016117655.1	Spirochaetota	Bacteria	highly_fragmented	77.64809175527544	0.0	77.64809175527544	0.0	2738066	116	2126056	116	2126056	0.0100425388606885	0.0864827525163591	0	21351	0	0	True	78.0	1.62	checkm2	0.3519082447245552	1.62	0.3519082447245552	1.62	medium	medium
G_r071_substitution_titv_2pct	71	9	substitution_titv	0.02	2.0	titv_2	RS_GCF_016117655.1	Spirochaetota	Bacteria	highly_fragmented	77.64809175527544	0.0	77.64809175527544	0.0	2738066	116	2126056	116	2126056	0.0199510266897955	0.1662522378698502	0	42417	0	0	True	73.29	5.35	checkm2	-4.358091755275439	5.35	4.358091755275439	5.35	medium	medium
G_r071_substitution_titv_5pct	71	10	substitution_titv	0.05	5.0	titv_2	RS_GCF_016117655.1	Spirochaetota	Bacteria	highly_fragmented	77.64809175527544	0.0	77.64809175527544	0.0	2738066	116	2126056	116	2126056	0.0499262484149053	0.3697505902753909	0	106146	0	0	True	49.9	0.57	checkm2	-27.748091755275446	0.57	27.748091755275446	0.57	low	medium
G_r071_indel_0p1pct	71	11	indel	0.001	0.1	ins0.5_geom0.75	RS_GCF_016117655.1	Spirochaetota	Bacteria	highly_fragmented	77.64809175527544	0.0	77.64900480850352	0.0	2738066	116	2126056	116	2126081	0.0010037364961223		0	0	2134	0	True	62.26	5.69	checkm2	-15.388091755275447	5.69	15.388091755275447	5.69	medium	medium
G_r071_indel_0p5pct	71	12	indel	0.005	0.5	ins0.5_geom0.75	RS_GCF_016117655.1	Spirochaetota	Bacteria	highly_fragmented	77.64809175527544	0.0	77.65514052619623	0.0	2738066	116	2126056	116	2126249	0.0050031607822183		0	0	10637	0	True	34.53	2.04	checkm2	-43.118091755275444	2.04	43.118091755275444	2.04	low	medium
G_r071_indel_1pct	71	13	indel	0.01	1.0	ins0.5_geom0.75	RS_GCF_016117655.1	Spirochaetota	Bacteria	highly_fragmented	77.64809175527544	0.0	77.6522552779955	0.0	2738066	116	2126056	116	2126170	0.0099597564692557		0	0	21175	0	True	37.04	2.35	checkm2	-40.608091755275446	2.35	40.608091755275446	2.35	low	medium
G_r071_indel_2pct	71	14	indel	0.02	2.0	ins0.5_geom0.75	RS_GCF_016117655.1	Spirochaetota	Bacteria	highly_fragmented	77.64809175527544	0.0	77.63424986833772	0.0	2738066	116	2126056	116	2125677	0.0201363463615257		0	0	42811	0	True	28.38	7.32	checkm2	-49.26809175527545	7.32	49.26809175527545	7.32	low	medium
G_r071_indel_5pct	71	15	indel	0.05	5.0	ins0.5_geom0.75	RS_GCF_016117655.1	Spirochaetota	Bacteria	highly_fragmented	77.64809175527544	0.0	77.63213158484858	0.0	2738066	116	2126056	116	2125619	0.0501035720601903		0	0	106523	0	True	11.21	0.67	checkm2	-66.43809175527545	0.67	66.43809175527545	0.67	low	medium
G_r071_chimera_5pct	71	16	chimera	0.05	5.0	rc0.5	RS_GCF_016117655.1	Spirochaetota	Bacteria	highly_fragmented	77.64809175527544	0.0	77.64809175527544	0.0	2738066	116	2126056	113	2126056	0.0517241379310344		0	0	0	3	True	81.74	1.36	checkm2	4.09190824472455	1.36	4.09190824472455	1.36	medium	medium
G_r071_chimera_10pct	71	17	chimera	0.1	10.0	rc0.5	RS_GCF_016117655.1	Spirochaetota	Bacteria	highly_fragmented	77.64809175527544	0.0	77.64809175527544	0.0	2738066	116	2126056	111	2126056	0.0862068965517241		0	0	0	5	True	81.73	1.36	checkm2	4.081908244724559	1.36	4.081908244724559	1.36	medium	medium
G_r071_chimera_20pct	71	18	chimera	0.2	20.0	rc0.5	RS_GCF_016117655.1	Spirochaetota	Bacteria	highly_fragmented	77.64809175527544	0.0	77.64809175527544	0.0	2738066	116	2126056	105	2126056	0.1896551724137931		0	0	0	11	True	81.73	1.36	checkm2	4.081908244724559	1.36	4.081908244724559	1.36	medium	medium
G_r071_chimera_40pct	71	19	chimera	0.4	40.0	rc0.5	RS_GCF_016117655.1	Spirochaetota	Bacteria	highly_fragmented	77.64809175527544	0.0	77.64809175527544	0.0	2738066	116	2126056	93	2126056	0.396551724137931		0	0	0	23	True	81.54	1.42	checkm2	3.8919082447245614	1.42	3.8919082447245614	1.42	medium	medium
G_r071_uneven_coverage_5pct	71	20	uneven_coverage	0.05	5.0	lognormal_sigma1.0	RS_GCF_016117655.1	Spirochaetota	Bacteria	highly_fragmented	77.64809175527544	0.0	77.64809175527544	3.8824118921895967	2738066	116	2126056	125	2232359	0.0500000940708993		106303	0	0	0	True	81.8	5.44	checkm2	4.151908244724552	5.44	4.151908244724552	5.44	medium	medium
G_r071_uneven_coverage_10pct	71	21	uneven_coverage	0.1	10.0	lognormal_sigma1.0	RS_GCF_016117655.1	Spirochaetota	Bacteria	highly_fragmented	77.64809175527544	0.0	77.64809175527544	7.764823784379193	2738066	116	2126056	126	2338662	0.1000001881417987		212606	0	0	0	True	81.11	10.09	checkm2	3.4619082447245546	10.09	3.4619082447245546	10.09	low	medium
G_r071_uneven_coverage_20pct	71	22	uneven_coverage	0.2	20.0	lognormal_sigma1.0	RS_GCF_016117655.1	Spirochaetota	Bacteria	highly_fragmented	77.64809175527544	0.0	77.64809175527544	15.529611046629263	2738066	116	2126056	154	2551267	0.1999999059291006		425211	0	0	0	True	80.97	18.33	checkm2	3.321908244724554	18.33	3.321908244724554	18.33	low	medium
G_r071_uneven_coverage_40pct	71	23	uneven_coverage	0.4	40.0	lognormal_sigma1.0	RS_GCF_016117655.1	Spirochaetota	Bacteria	highly_fragmented	77.64809175527544	0.0	77.64809175527544	31.059222093258526	2738066	116	2126056	178	2976478	0.3999998118582012		850422	0	0	0	True	85.14	13.76	checkm2	7.491908244724556	13.76	7.491908244724556	13.76	low	medium
G_r072_none_control	72	0	none	0.0	0.0	control	RS_GCF_902381645.1	Fusobacteriota	Bacteria	highly_fragmented	69.72920355230767	4.835927966310918	69.72920355230767	4.835927966310918	2268272	107	1691340	107	1691340	0.0		0	0	0	0	True	61.35	1.03	checkm2	-8.379203552307665	-3.805927966310918	8.379203552307665	3.805927966310918	medium	medium
G_r072_substitution_0p1pct	72	1	substitution	0.001	0.1	uniform	RS_GCF_902381645.1	Fusobacteriota	Bacteria	highly_fragmented	69.72920355230767	4.835927966310918	69.72920355230767	4.835927966310918	2268272	107	1691340	107	1691340	0.0009974339872527	0.0089640838741259	0	1687	0	0	True	60.6	1.12	checkm2	-9.129203552307665	-3.715927966310918	9.129203552307665	3.715927966310918	medium	medium
G_r072_substitution_0p5pct	72	2	substitution	0.005	0.5	uniform	RS_GCF_902381645.1	Fusobacteriota	Bacteria	highly_fragmented	69.72920355230767	4.835927966310918	69.72920355230767	4.835927966310918	2268272	107	1691340	107	1691340	0.0049363226790592	0.0441104216424403	0	8349	0	0	True	55.17	2.85	checkm2	-14.559203552307665	-1.9859279663109182	14.559203552307665	1.9859279663109182	medium	medium
G_r072_substitution_1pct	72	3	substitution	0.01	1.0	uniform	RS_GCF_902381645.1	Fusobacteriota	Bacteria	highly_fragmented	69.72920355230767	4.835927966310918	69.72920355230767	4.835927966310918	2268272	107	1691340	107	1691340	0.0098454479879858	0.0864827525163591	0	16652	0	0	True	56.23	2.72	checkm2	-13.49920355230767	-2.115927966310918	13.49920355230767	2.115927966310918	medium	medium
G_r072_substitution_2pct	72	4	substitution	0.02	2.0	uniform	RS_GCF_902381645.1	Fusobacteriota	Bacteria	highly_fragmented	69.72920355230767	4.835927966310918	69.72920355230767	4.835927966310918	2268272	107	1691340	107	1691340	0.0201402438303357	0.1662522378698502	0	34064	0	0	True	41.94	1.68	checkm2	-27.78920355230767	-3.1559279663109185	27.78920355230767	3.1559279663109185	low	medium
G_r072_substitution_5pct	72	5	substitution	0.05	5.0	uniform	RS_GCF_902381645.1	Fusobacteriota	Bacteria	highly_fragmented	69.72920355230767	4.835927966310918	69.72920355230767	4.835927966310918	2268272	107	1691340	107	1691340	0.0498527794529781	0.3697505902753909	0	84318	0	0	True	33.7	2.32	checkm2	-36.02920355230766	-2.5159279663109184	36.02920355230766	2.5159279663109184	low	medium
G_r072_substitution_titv_0p1pct	72	6	substitution_titv	0.001	0.1	titv_2	RS_GCF_902381645.1	Fusobacteriota	Bacteria	highly_fragmented	69.72920355230767	4.835927966310918	69.72920355230767	4.835927966310918	2268272	107	1691340	107	1691340	0.0010193101327941	0.0089640838741259	0	1724	0	0	True	61.44	1.07	checkm2	-8.289203552307669	-3.765927966310918	8.289203552307669	3.765927966310918	medium	medium
G_r072_substitution_titv_0p5pct	72	7	substitution_titv	0.005	0.5	titv_2	RS_GCF_902381645.1	Fusobacteriota	Bacteria	highly_fragmented	69.72920355230767	4.835927966310918	69.72920355230767	4.835927966310918	2268272	107	1691340	107	1691340	0.0049688412737829	0.0441104216424403	0	8404	0	0	True	56.97	1.15	checkm2	-12.759203552307667	-3.6859279663109183	12.759203552307667	3.6859279663109183	medium	medium
G_r072_substitution_titv_1pct	72	8	substitution_titv	0.01	1.0	titv_2	RS_GCF_902381645.1	Fusobacteriota	Bacteria	highly_fragmented	69.72920355230767	4.835927966310918	69.72920355230767	4.835927966310918	2268272	107	1691340	107	1691340	0.0099619236818144	0.0864827525163591	0	16849	0	0	True	56.16	1.23	checkm2	-13.56920355230767	-3.6059279663109183	13.56920355230767	3.6059279663109183	medium	medium
G_r072_substitution_titv_2pct	72	9	substitution_titv	0.02	2.0	titv_2	RS_GCF_902381645.1	Fusobacteriota	Bacteria	highly_fragmented	69.72920355230767	4.835927966310918	69.72920355230767	4.835927966310918	2268272	107	1691340	107	1691340	0.019767758108955	0.1662522378698502	0	33434	0	0	True	49.98	1.82	checkm2	-19.74920355230767	-3.015927966310918	19.74920355230767	3.015927966310918	low	medium
G_r072_substitution_titv_5pct	72	10	substitution_titv	0.05	5.0	titv_2	RS_GCF_902381645.1	Fusobacteriota	Bacteria	highly_fragmented	69.72920355230767	4.835927966310918	69.72920355230767	4.835927966310918	2268272	107	1691340	107	1691340	0.0503441058568945	0.3697505902753909	0	85149	0	0	True	41.81	2.0	checkm2	-27.919203552307664	-2.8359279663109183	27.919203552307664	2.8359279663109183	low	medium
G_r072_indel_0p1pct	72	11	indel	0.001	0.1	ins0.5_geom0.75	RS_GCF_902381645.1	Fusobacteriota	Bacteria	highly_fragmented	69.72920355230767	4.835927966310918	69.72611151270213	4.835927966310918	2268272	107	1691340	107	1691265	0.0010039377061974		0	0	1698	0	True	53.49	3.78	checkm2	-16.239203552307664	-1.0559279663109185	16.239203552307664	1.0559279663109185	medium	medium
G_r072_indel_0p5pct	72	12	indel	0.005	0.5	ins0.5_geom0.75	RS_GCF_902381645.1	Fusobacteriota	Bacteria	highly_fragmented	69.72920355230767	4.835927966310918	69.72182388444912	4.835927966310918	2268272	107	1691340	107	1691161	0.0050930031809098		0	0	8614	0	True	34.94	1.91	checkm2	-34.78920355230767	-2.925927966310918	34.78920355230767	2.925927966310918	low	medium
G_r072_indel_1pct	72	13	indel	0.01	1.0	ins0.5_geom0.75	RS_GCF_902381645.1	Fusobacteriota	Bacteria	highly_fragmented	69.72920355230767	4.835927966310918	69.72285456431763	4.835927966310918	2268272	107	1691340	107	1691186	0.010089633072002		0	0	17065	0	True	27.4	4.85	checkm2	-42.32920355230767	0.014072033689081387	42.32920355230767	0.014072033689081387	low	medium
G_r072_indel_2pct	72	14	indel	0.02	2.0	ins0.5_geom0.75	RS_GCF_902381645.1	Fusobacteriota	Bacteria	highly_fragmented	69.72920355230767	4.835927966310918	69.74045857647181	4.835927966310918	2268272	107	1691340	107	1691613	0.020107725235612		0	0	34009	0	True	22.0	6.33	checkm2	-47.729203552307666	1.4940720336890818	47.729203552307666	1.4940720336890818	low	medium
G_r072_indel_5pct	72	15	indel	0.05	5.0	ins0.5_geom0.75	RS_GCF_902381645.1	Fusobacteriota	Bacteria	highly_fragmented	69.72920355230767	4.835927966310918	69.72652378464953	4.835927966310918	2268272	107	1691340	107	1691275	0.0498037059373041		0	0	84235	0	True	3.95	0.0	checkm2	-65.77920355230766	-4.835927966310918	65.77920355230766	4.835927966310918	low	medium
G_r072_chimera_5pct	72	16	chimera	0.05	5.0	rc0.5	RS_GCF_902381645.1	Fusobacteriota	Bacteria	highly_fragmented	69.72920355230767	4.835927966310918	69.72920355230767	4.835927966310918	2268272	107	1691340	104	1691340	0.0560747663551401		0	0	0	3	True	61.35	1.03	checkm2	-8.379203552307665	-3.805927966310918	8.379203552307665	3.805927966310918	medium	medium
G_r072_chimera_10pct	72	17	chimera	0.1	10.0	rc0.5	RS_GCF_902381645.1	Fusobacteriota	Bacteria	highly_fragmented	69.72920355230767	4.835927966310918	69.72920355230767	4.835927966310918	2268272	107	1691340	101	1691340	0.1121495327102803		0	0	0	6	True	61.0	1.03	checkm2	-8.729203552307666	-3.805927966310918	8.729203552307666	3.805927966310918	medium	medium
G_r072_chimera_20pct	72	18	chimera	0.2	20.0	rc0.5	RS_GCF_902381645.1	Fusobacteriota	Bacteria	highly_fragmented	69.72920355230767	4.835927966310918	69.72920355230767	4.835927966310918	2268272	107	1691340	97	1691340	0.1869158878504672		0	0	0	10	True	61.34	1.03	checkm2	-8.389203552307663	-3.805927966310918	8.389203552307663	3.805927966310918	medium	medium
G_r072_chimera_40pct	72	19	chimera	0.4	40.0	rc0.5	RS_GCF_902381645.1	Fusobacteriota	Bacteria	highly_fragmented	69.72920355230767	4.835927966310918	69.72920355230767	4.835927966310918	2268272	107	1691340	85	1691340	0.411214953271028		0	0	0	22	True	61.31	1.03	checkm2	-8.419203552307664	-3.805927966310918	8.419203552307664	3.805927966310918	medium	medium
G_r072_uneven_coverage_5pct	72	20	uneven_coverage	0.05	5.0	lognormal_sigma1.0	RS_GCF_902381645.1	Fusobacteriota	Bacteria	highly_fragmented	69.72920355230767	4.835927966310918	69.72920355230767	8.564184542241847	2268272	107	1691340	114	1775907	0.05		84567	0	0	0	True	61.1	6.79	checkm2	-8.629203552307665	1.9540720336890818	8.629203552307665	1.9540720336890818	medium	medium
G_r072_uneven_coverage_10pct	72	21	uneven_coverage	0.1	10.0	lognormal_sigma1.0	RS_GCF_902381645.1	Fusobacteriota	Bacteria	highly_fragmented	69.72920355230767	4.835927966310918	69.72920355230767	12.292441118172777	2268272	107	1691340	120	1860474	0.1		169134	0	0	0	True	61.42	7.09	checkm2	-8.309203552307665	2.2540720336890816	8.309203552307665	2.2540720336890816	medium	medium
G_r072_uneven_coverage_20pct	72	22	uneven_coverage	0.2	20.0	lognormal_sigma1.0	RS_GCF_902381645.1	Fusobacteriota	Bacteria	highly_fragmented	69.72920355230767	4.835927966310918	69.72920355230767	19.748954270034638	2268272	107	1691340	130	2029608	0.2		338268	0	0	0	True	59.8	17.35	checkm2	-9.92920355230767	12.514072033689082	9.92920355230767	12.514072033689082	low	medium
G_r072_uneven_coverage_40pct	72	23	uneven_coverage	0.4	40.0	lognormal_sigma1.0	RS_GCF_902381645.1	Fusobacteriota	Bacteria	highly_fragmented	69.72920355230767	4.835927966310918	69.72920355230767	34.66198057375835	2268272	107	1691340	161	2367876	0.4		676536	0	0	0	True	54.86	18.23	checkm2	-14.869203552307667	13.394072033689081	14.869203552307667	13.394072033689081	low	medium
G_r073_none_control	73	0	none	0.0	0.0	control	RS_GCF_000243255.1	Halobacteriota	Archaea	medium	83.8626456053929	9.99998125554133	83.8626456053929	9.99998125554133	3200946	18	3004492	18	3004492	0.0		0	0	0	0	True	78.62	5.65	checkm2	-5.2426456053928945	-4.34998125554133	5.2426456053928945	4.34998125554133	medium	medium
G_r073_substitution_0p1pct	73	1	substitution	0.001	0.1	uniform	RS_GCF_000243255.1	Halobacteriota	Archaea	medium	83.8626456053929	9.99998125554133	83.8626456053929	9.99998125554133	3200946	18	3004492	18	3004492	0.0010067274964444	0.0089640838741259	0	3024	0	0	True	77.6	5.91	checkm2	-6.262645605392905	-4.08998125554133	6.262645605392905	4.08998125554133	medium	medium
G_r073_substitution_0p5pct	73	2	substitution	0.005	0.5	uniform	RS_GCF_000243255.1	Halobacteriota	Archaea	medium	83.8626456053929	9.99998125554133	83.8626456053929	9.99998125554133	3200946	18	3004492	18	3004492	0.0049853651650979	0.0441104216424403	0	14975	0	0	True	74.16	6.05	checkm2	-9.702645605392902	-3.9499812555413305	9.702645605392902	3.9499812555413305	medium	medium
G_r073_substitution_1pct	73	3	substitution	0.01	1.0	uniform	RS_GCF_000243255.1	Halobacteriota	Archaea	medium	83.8626456053929	9.99998125554133	83.8626456053929	9.99998125554133	3200946	18	3004492	18	3004492	0.0101032295178893	0.0864827525163591	0	30348	0	0	True	68.82	9.11	checkm2	-15.042645605392906	-0.8899812555413309	15.042645605392906	0.8899812555413309	medium	medium
G_r073_substitution_2pct	73	4	substitution	0.02	2.0	uniform	RS_GCF_000243255.1	Halobacteriota	Archaea	medium	83.8626456053929	9.99998125554133	83.8626456053929	9.99998125554133	3200946	18	3004492	18	3004492	0.019900512418969	0.1662522378698502	0	59777	0	0	True	59.4	4.1	checkm2	-24.4626456053929	-5.899981255541331	24.4626456053929	5.899981255541331	medium	medium
G_r073_substitution_5pct	73	5	substitution	0.05	5.0	uniform	RS_GCF_000243255.1	Halobacteriota	Archaea	medium	83.8626456053929	9.99998125554133	83.8626456053929	9.99998125554133	3200946	18	3004492	18	3004492	0.0499944736519705	0.3697505902753909	0	150173	0	0	True	40.16	0.81	checkm2	-43.7026456053929	-9.18998125554133	43.7026456053929	9.18998125554133	low	medium
G_r073_substitution_titv_0p1pct	73	6	substitution_titv	0.001	0.1	titv_2	RS_GCF_000243255.1	Halobacteriota	Archaea	medium	83.8626456053929	9.99998125554133	83.8626456053929	9.99998125554133	3200946	18	3004492	18	3004492	0.0010227072979753	0.0089640838741259	0	3072	0	0	True	77.23	5.64	checkm2	-6.632645605392895	-4.359981255541331	6.632645605392895	4.359981255541331	medium	medium
G_r073_substitution_titv_0p5pct	73	7	substitution_titv	0.005	0.5	titv_2	RS_GCF_000243255.1	Halobacteriota	Archaea	medium	83.8626456053929	9.99998125554133	83.8626456053929	9.99998125554133	3200946	18	3004492	18	3004492	0.0049900259405444	0.0441104216424403	0	14989	0	0	True	72.38	7.0	checkm2	-11.482645605392904	-2.9999812555413303	11.482645605392904	2.9999812555413303	medium	medium
G_r073_substitution_titv_1pct	73	8	substitution_titv	0.01	1.0	titv_2	RS_GCF_000243255.1	Halobacteriota	Archaea	medium	83.8626456053929	9.99998125554133	83.8626456053929	9.99998125554133	3200946	18	3004492	18	3004492	0.0100492976877227	0.0864827525163591	0	30186	0	0	True	70.91	4.44	checkm2	-12.952645605392902	-5.55998125554133	12.952645605392902	5.55998125554133	medium	medium
G_r073_substitution_titv_2pct	73	9	substitution_titv	0.02	2.0	titv_2	RS_GCF_000243255.1	Halobacteriota	Archaea	medium	83.8626456053929	9.99998125554133	83.8626456053929	9.99998125554133	3200946	18	3004492	18	3004492	0.0200253546184289	0.1662522378698502	0	60152	0	0	True	63.85	4.97	checkm2	-20.012645605392898	-5.029981255541331	20.012645605392898	5.029981255541331	medium	medium
G_r073_substitution_titv_5pct	73	10	substitution_titv	0.05	5.0	titv_2	RS_GCF_000243255.1	Halobacteriota	Archaea	medium	83.8626456053929	9.99998125554133	83.8626456053929	9.99998125554133	3200946	18	3004492	18	3004492	0.0499481988100374	0.3697505902753909	0	150034	0	0	True	51.74	2.52	checkm2	-32.1226456053929	-7.479981255541331	32.1226456053929	7.479981255541331	medium	medium
G_r073_indel_0p1pct	73	11	indel	0.001	0.1	ins0.5_geom0.75	RS_GCF_000243255.1	Halobacteriota	Archaea	medium	83.8626456053929	9.99998125554133	83.8626456053929	9.99998125554133	3200946	18	3004492	18	3004492	0.0010124839739962		0	0	3042	0	True	53.9	4.26	checkm2	-29.9626456053929	-5.7399812555413305	29.9626456053929	5.7399812555413305	medium	medium
G_r073_indel_0p5pct	73	12	indel	0.005	0.5	ins0.5_geom0.75	RS_GCF_000243255.1	Halobacteriota	Archaea	medium	83.8626456053929	9.99998125554133	83.86038469929163	9.99998125554133	3200946	18	3004492	18	3004411	0.0050091662750308		0	0	15050	0	True	32.11	1.93	checkm2	-51.7526456053929	-8.06998125554133	51.7526456053929	8.06998125554133	low	medium
G_r073_indel_1pct	73	13	indel	0.01	1.0	ins0.5_geom0.75	RS_GCF_000243255.1	Halobacteriota	Archaea	medium	83.8626456053929	9.99998125554133	83.87107515653592	9.99998125554133	3200946	18	3004492	18	3004794	0.010019331054967		0	0	30103	0	True	38.63	1.79	checkm2	-45.2326456053929	-8.20998125554133	45.2326456053929	8.20998125554133	low	medium
G_r073_indel_2pct	73	14	indel	0.02	2.0	ins0.5_geom0.75	RS_GCF_000243255.1	Halobacteriota	Archaea	medium	83.8626456053929	9.99998125554133	83.87205209127104	9.99998125554133	3200946	18	3004492	18	3004829	0.0199384787844334		0	0	59905	0	True	35.92	5.47	checkm2	-47.9426456053929	-4.529981255541331	47.9426456053929	4.529981255541331	low	medium
G_r073_indel_5pct	73	15	indel	0.05	5.0	ins0.5_geom0.75	RS_GCF_000243255.1	Halobacteriota	Archaea	medium	83.8626456053929	9.99998125554133	83.85798423108534	9.99998125554133	3200946	18	3004492	18	3004325	0.050027092766431		0	0	150306	0	True	22.55	7.11	checkm2	-61.3126456053929	-2.88998125554133	61.3126456053929	2.88998125554133	low	medium
G_r073_chimera_5pct	73	16	chimera	0.05	5.0	rc0.5	RS_GCF_000243255.1	Halobacteriota	Archaea	medium	83.8626456053929	9.99998125554133	83.8626456053929	9.99998125554133	3200946	18	3004492	17	3004492	0.1111111111111111		0	0	0	1	True	78.57	5.65	checkm2	-5.292645605392906	-4.34998125554133	5.292645605392906	4.34998125554133	medium	medium
G_r073_chimera_10pct	73	17	chimera	0.1	10.0	rc0.5	RS_GCF_000243255.1	Halobacteriota	Archaea	medium	83.8626456053929	9.99998125554133	83.8626456053929	9.99998125554133	3200946	18	3004492	17	3004492	0.1111111111111111		0	0	0	1	True	78.23	5.65	checkm2	-5.632645605392895	-4.34998125554133	5.632645605392895	4.34998125554133	medium	medium
G_r073_chimera_20pct	73	18	chimera	0.2	20.0	rc0.5	RS_GCF_000243255.1	Halobacteriota	Archaea	medium	83.8626456053929	9.99998125554133	83.8626456053929	9.99998125554133	3200946	18	3004492	16	3004492	0.2222222222222222		0	0	0	2	True	78.57	5.65	checkm2	-5.292645605392906	-4.34998125554133	5.292645605392906	4.34998125554133	medium	medium
G_r073_chimera_40pct	73	19	chimera	0.4	40.0	rc0.5	RS_GCF_000243255.1	Halobacteriota	Archaea	medium	83.8626456053929	9.99998125554133	83.8626456053929	9.99998125554133	3200946	18	3004492	14	3004492	0.4444444444444444		0	0	0	4	True	78.54	5.65	checkm2	-5.322645605392893	-4.34998125554133	5.322645605392893	4.34998125554133	medium	medium
G_r073_uneven_coverage_5pct	73	20	uneven_coverage	0.05	5.0	lognormal_sigma1.0	RS_GCF_000243255.1	Halobacteriota	Archaea	medium	83.8626456053929	9.99998125554133	83.8626456053929	14.693125094893825	3200946	18	3004492	19	3154717	0.0500001331339873		150225	0	0	0	True	78.19	8.43	checkm2	-5.672645605392901	-1.5699812555413306	5.672645605392901	1.5699812555413306	medium	medium
G_r073_uneven_coverage_10pct	73	21	uneven_coverage	0.1	10.0	lognormal_sigma1.0	RS_GCF_000243255.1	Halobacteriota	Archaea	medium	83.8626456053929	9.99998125554133	83.8626456053929	19.386237693481863	3200946	18	3004492	21	3304941	0.0999999334330063		300449	0	0	0	True	78.94	20.75	checkm2	-4.922645605392901	10.75001874445867	4.922645605392901	10.75001874445867	low	medium
G_r073_uneven_coverage_20pct	73	22	uneven_coverage	0.2	20.0	lognormal_sigma1.0	RS_GCF_000243255.1	Halobacteriota	Archaea	medium	83.8626456053929	9.99998125554133	83.8626456053929	28.7724941314224	3200946	18	3004492	27	3605390	0.1999998668660126		600898	0	0	0	True	76.69	29.36	checkm2	-7.172645605392901	19.36001874445867	7.172645605392901	19.36001874445867	low	medium
G_r073_uneven_coverage_40pct	73	23	uneven_coverage	0.4	40.0	lognormal_sigma1.0	RS_GCF_000243255.1	Halobacteriota	Archaea	medium	83.8626456053929	9.99998125554133	83.8626456053929	47.54503824806792	3200946	18	3004492	25	4206289	0.4000000665669936		1201797	0	0	0	True	76.74	33.61	checkm2	-7.122645605392904	23.61001874445867	7.122645605392904	23.61001874445867	low	medium
G_r074_none_control	74	0	none	0.0	0.0	control	GB_GCA_016766715.1	Verrucomicrobiota	Bacteria	high	100.0	20.0	100.0	20.0	917845	2	1101414	2	1101414	0.0		0	0	0	0	True	93.49	0.1	checkm2	-6.510000000000005	-19.9	6.510000000000005	19.9	high	low
G_r074_substitution_0p1pct	74	1	substitution	0.001	0.1	uniform	GB_GCA_016766715.1	Verrucomicrobiota	Bacteria	high	100.0	20.0	100.0	20.0	917845	2	1101414	2	1101414	0.0010232319967459	0.0089640838741259	0	1127	0	0	True	87.51	1.19	checkm2	-12.489999999999995	-18.81	12.489999999999995	18.81	medium	low
G_r074_substitution_0p5pct	74	2	substitution	0.005	0.5	uniform	GB_GCA_016766715.1	Verrucomicrobiota	Bacteria	high	100.0	20.0	100.0	20.0	917845	2	1101414	2	1101414	0.0051561087040998	0.0441104216424403	0	5679	0	0	True	81.39	0.21	checkm2	-18.61	-19.79	18.61	19.79	medium	low
G_r074_substitution_1pct	74	3	substitution	0.01	1.0	uniform	GB_GCA_016766715.1	Verrucomicrobiota	Bacteria	high	100.0	20.0	100.0	20.0	917845	2	1101414	2	1101414	0.0100416556202402	0.0864827525163591	0	11060	0	0	True	79.05	1.69	checkm2	-20.950000000000003	-18.31	20.950000000000003	18.31	medium	low
G_r074_substitution_2pct	74	4	substitution	0.02	2.0	uniform	GB_GCA_016766715.1	Verrucomicrobiota	Bacteria	high	100.0	20.0	100.0	20.0	917845	2	1101414	2	1101414	0.02005244177474	0.1662522378698502	0	22086	0	0	True	70.91	3.51	checkm2	-29.090000000000003	-16.490000000000002	29.090000000000003	16.490000000000002	medium	low
G_r074_substitution_5pct	74	5	substitution	0.05	5.0	uniform	GB_GCA_016766715.1	Verrucomicrobiota	Bacteria	high	100.0	20.0	100.0	20.0	917845	2	1101414	2	1101414	0.0502872676164777	0.3697505902753909	0	55387	0	0	True	49.61	2.21	checkm2	-50.39	-17.79	50.39	17.79	low	low
G_r074_substitution_titv_0p1pct	74	6	substitution_titv	0.001	0.1	titv_2	GB_GCA_016766715.1	Verrucomicrobiota	Bacteria	high	100.0	20.0	100.0	20.0	917845	2	1101414	2	1101414	0.0010005338601722	0.0089640838741259	0	1102	0	0	True	93.27	0.21	checkm2	-6.730000000000004	-19.79	6.730000000000004	19.79	high	low
G_r074_substitution_titv_0p5pct	74	7	substitution_titv	0.005	0.5	titv_2	GB_GCA_016766715.1	Verrucomicrobiota	Bacteria	high	100.0	20.0	100.0	20.0	917845	2	1101414	2	1101414	0.0049118767545659	0.0441104216424403	0	5410	0	0	True	91.32	0.08	checkm2	-8.680000000000007	-19.92	8.680000000000007	19.92	high	low
G_r074_substitution_titv_1pct	74	8	substitution_titv	0.01	1.0	titv_2	GB_GCA_016766715.1	Verrucomicrobiota	Bacteria	high	100.0	20.0	100.0	20.0	917845	2	1101414	2	1101414	0.0100480110984808	0.0864827525163591	0	11067	0	0	True	80.7	1.69	checkm2	-19.299999999999997	-18.31	19.299999999999997	18.31	medium	low
G_r074_substitution_titv_2pct	74	9	substitution_titv	0.02	2.0	titv_2	GB_GCA_016766715.1	Verrucomicrobiota	Bacteria	high	100.0	20.0	100.0	20.0	917845	2	1101414	2	1101414	0.0197628135520586	0.1662522378698502	0	21767	0	0	True	80.32	0.56	checkm2	-19.680000000000007	-19.44	19.680000000000007	19.44	medium	low
G_r074_substitution_titv_5pct	74	10	substitution_titv	0.05	5.0	titv_2	GB_GCA_016766715.1	Verrucomicrobiota	Bacteria	high	100.0	20.0	100.0	20.0	917845	2	1101414	2	1101414	0.0500103503502776	0.3697505902753909	0	55082	0	0	True	55.24	2.74	checkm2	-44.76	-17.259999999999998	44.76	17.259999999999998	medium	low
G_r074_indel_0p1pct	74	11	indel	0.001	0.1	ins0.5_geom0.75	GB_GCA_016766715.1	Verrucomicrobiota	Bacteria	high	100.0	20.0	99.99909207618568	20.0	917845	2	1101414	2	1101404	0.0009905448813979		0	0	1091	0	True	72.73	1.15	checkm2	-27.269999999999996	-18.85	27.269999999999996	18.85	medium	low
G_r074_indel_0p5pct	74	12	indel	0.005	0.5	ins0.5_geom0.75	GB_GCA_016766715.1	Verrucomicrobiota	Bacteria	high	100.0	20.0	100.0030869409686	20.0	917845	2	1101414	2	1101448	0.0050090156834759		0	0	5517	0	True	32.49	3.14	checkm2	-67.50999999999999	-16.86	67.50999999999999	16.86	low	low
G_r074_indel_1pct	74	13	indel	0.01	1.0	ins0.5_geom0.75	GB_GCA_016766715.1	Verrucomicrobiota	Bacteria	high	100.0	20.0	100.00726339051435	20.0	917845	2	1101414	2	1101494	0.0099935174239659		0	0	11007	0	True	12.88	1.19	checkm2	-87.12	-18.81	87.12	18.81	low	low
G_r074_indel_2pct	74	14	indel	0.02	2.0	ins0.5_geom0.75	GB_GCA_016766715.1	Verrucomicrobiota	Bacteria	high	100.0	20.0	99.9874706513627	20.0	917845	2	1101414	2	1101276	0.0200033774765891		0	0	22032	0	True	7.78	1.69	checkm2	-92.22	-18.31	92.22	18.31	low	low
G_r074_indel_5pct	74	15	indel	0.05	5.0	ins0.5_geom0.75	GB_GCA_016766715.1	Verrucomicrobiota	Bacteria	high	100.0	20.0	99.9743057560554	20.0	917845	2	1101414	2	1101131	0.0500583795012592		0	0	55135	0	True	6.07	0.03	checkm2	-93.93	-19.97	93.93	19.97	low	low
G_r074_chimera_5pct	74	16	chimera	0.05	5.0	rc0.5	GB_GCA_016766715.1	Verrucomicrobiota	Bacteria	high	100.0	20.0	100.0	20.0	917845	2	1101414	2	1101414	0.0		0	0	0	0	True	93.49	0.1	checkm2	-6.510000000000005	-19.9	6.510000000000005	19.9	high	low
G_r074_chimera_10pct	74	17	chimera	0.1	10.0	rc0.5	GB_GCA_016766715.1	Verrucomicrobiota	Bacteria	high	100.0	20.0	100.0	20.0	917845	2	1101414	2	1101414	0.0		0	0	0	0	True	93.49	0.1	checkm2	-6.510000000000005	-19.9	6.510000000000005	19.9	high	low
G_r074_chimera_20pct	74	18	chimera	0.2	20.0	rc0.5	GB_GCA_016766715.1	Verrucomicrobiota	Bacteria	high	100.0	20.0	100.0	20.0	917845	2	1101414	2	1101414	0.0		0	0	0	0	True	93.49	0.1	checkm2	-6.510000000000005	-19.9	6.510000000000005	19.9	high	low
G_r074_chimera_40pct	74	19	chimera	0.4	40.0	rc0.5	GB_GCA_016766715.1	Verrucomicrobiota	Bacteria	high	100.0	20.0	100.0	20.0	917845	2	1101414	2	1101414	0.0		0	0	0	0	True	93.49	0.1	checkm2	-6.510000000000005	-19.9	6.510000000000005	19.9	high	low
G_r074_uneven_coverage_5pct	74	20	uneven_coverage	0.05	5.0	lognormal_sigma1.0	GB_GCA_016766715.1	Verrucomicrobiota	Bacteria	high	100.0	20.0	100.0	26.000032685257317	917845	2	1101414	3	1156485	0.0500002723771442		55071	0	0	0	True	90.36	2.49	checkm2	-9.64	-17.509999999999998	9.64	17.509999999999998	high	low
G_r074_uneven_coverage_10pct	74	21	uneven_coverage	0.1	10.0	lognormal_sigma1.0	GB_GCA_016766715.1	Verrucomicrobiota	Bacteria	high	100.0	20.0	100.0	31.999956419656915	917845	2	1101414	4	1211555	0.0999996368304742		110141	0	0	0	True	86.74	3.93	checkm2	-13.260000000000005	-16.07	13.260000000000005	16.07	medium	low
G_r074_uneven_coverage_20pct	74	22	uneven_coverage	0.2	20.0	lognormal_sigma1.0	GB_GCA_016766715.1	Verrucomicrobiota	Bacteria	high	100.0	20.0	100.0	44.00002179017154	917845	2	1101414	3	1321697	0.2000001815847628		220283	0	0	0	True	91.15	16.34	checkm2	-8.849999999999994	-3.66	8.849999999999994	3.66	low	low
G_r074_uneven_coverage_40pct	74	23	uneven_coverage	0.4	40.0	lognormal_sigma1.0	GB_GCA_016766715.1	Verrucomicrobiota	Bacteria	high	100.0	20.0	100.0	68.00004358034309	917845	2	1101414	4	1541980	0.4000003631695257		440566	0	0	0	True	93.25	29.25	checkm2	-6.75	9.25	6.75	9.25	low	low
G_r075_none_control	75	0	none	0.0	0.0	control	RS_GCF_001719125.1	Thermoproteota	Archaea	medium	83.298249425198	1.999987352681994	83.298249425198	1.999987352681994	2688317	6	2293087	6	2293087	0.0		0	0	0	0	True	93.25	0.54	checkm2	9.951750574802006	-1.459987352681994	9.951750574802006	1.459987352681994	high	medium
G_r075_substitution_0p1pct	75	1	substitution	0.001	0.1	uniform	RS_GCF_001719125.1	Thermoproteota	Archaea	medium	83.298249425198	1.999987352681994	83.298249425198	1.999987352681994	2688317	6	2293087	6	2293087	0.0009990898731709	0.0089640838741259	0	2291	0	0	True	90.29	0.79	checkm2	6.991750574802012	-1.209987352681994	6.991750574802012	1.209987352681994	high	medium
G_r075_substitution_0p5pct	75	2	substitution	0.005	0.5	uniform	RS_GCF_001719125.1	Thermoproteota	Archaea	medium	83.298249425198	1.999987352681994	83.298249425198	1.999987352681994	2688317	6	2293087	6	2293087	0.004992832805733	0.0441104216424403	0	11449	0	0	True	82.37	0.66	checkm2	-0.9282494251979898	-1.339987352681994	0.9282494251979898	1.339987352681994	medium	medium
G_r075_substitution_1pct	75	3	substitution	0.01	1.0	uniform	RS_GCF_001719125.1	Thermoproteota	Archaea	medium	83.298249425198	1.999987352681994	83.298249425198	1.999987352681994	2688317	6	2293087	6	2293087	0.0099551390767118	0.0864827525163591	0	22828	0	0	True	75.05	0.42	checkm2	-8.248249425197997	-1.579987352681994	8.248249425197997	1.579987352681994	medium	medium
G_r075_substitution_2pct	75	4	substitution	0.02	2.0	uniform	RS_GCF_001719125.1	Thermoproteota	Archaea	medium	83.298249425198	1.999987352681994	83.298249425198	1.999987352681994	2688317	6	2293087	6	2293087	0.0200602942670731	0.1662522378698502	0	46000	0	0	True	62.82	2.3	checkm2	-20.478249425197994	0.3000126473180058	20.478249425197994	0.3000126473180058	medium	medium
G_r075_substitution_5pct	75	5	substitution	0.05	5.0	uniform	RS_GCF_001719125.1	Thermoproteota	Archaea	medium	83.298249425198	1.999987352681994	83.298249425198	1.999987352681994	2688317	6	2293087	6	2293087	0.0500460732628112	0.3697505902753909	0	114760	0	0	True	50.82	2.38	checkm2	-32.478249425197994	0.3800126473180059	32.478249425197994	0.3800126473180059	medium	medium
G_r075_substitution_titv_0p1pct	75	6	substitution_titv	0.001	0.1	titv_2	RS_GCF_001719125.1	Thermoproteota	Archaea	medium	83.298249425198	1.999987352681994	83.298249425198	1.999987352681994	2688317	6	2293087	6	2293087	0.0009825183257329	0.0089640838741259	0	2253	0	0	True	92.0	0.65	checkm2	8.701750574802006	-1.3499873526819939	8.701750574802006	1.3499873526819939	high	medium
G_r075_substitution_titv_0p5pct	75	7	substitution_titv	0.005	0.5	titv_2	RS_GCF_001719125.1	Thermoproteota	Archaea	medium	83.298249425198	1.999987352681994	83.298249425198	1.999987352681994	2688317	6	2293087	6	2293087	0.0050421113546934	0.0441104216424403	0	11562	0	0	True	88.47	1.04	checkm2	5.1717505748020045	-0.959987352681994	5.1717505748020045	0.959987352681994	medium	medium
G_r075_substitution_titv_1pct	75	8	substitution_titv	0.01	1.0	titv_2	RS_GCF_001719125.1	Thermoproteota	Archaea	medium	83.298249425198	1.999987352681994	83.298249425198	1.999987352681994	2688317	6	2293087	6	2293087	0.0100427938407919	0.0864827525163591	0	23029	0	0	True	79.07	1.07	checkm2	-4.228249425198001	-0.929987352681994	4.228249425198001	0.929987352681994	medium	medium
G_r075_substitution_titv_2pct	75	9	substitution_titv	0.02	2.0	titv_2	RS_GCF_001719125.1	Thermoproteota	Archaea	medium	83.298249425198	1.999987352681994	83.298249425198	1.999987352681994	2688317	6	2293087	6	2293087	0.0199299023543371	0.1662522378698502	0	45701	0	0	True	68.02	1.3	checkm2	-15.278249425197998	-0.699987352681994	15.278249425197998	0.699987352681994	medium	medium
G_r075_substitution_titv_5pct	75	10	substitution_titv	0.05	5.0	titv_2	RS_GCF_001719125.1	Thermoproteota	Archaea	medium	83.298249425198	1.999987352681994	83.298249425198	1.999987352681994	2688317	6	2293087	6	2293087	0.0500674418371391	0.3697505902753909	0	114809	0	0	True	52.16	1.55	checkm2	-31.138249425197998	-0.44998735268199397	31.138249425197998	0.44998735268199397	medium	medium
G_r075_indel_0p1pct	75	11	indel	0.001	0.1	ins0.5_geom0.75	RS_GCF_001719125.1	Thermoproteota	Archaea	medium	83.298249425198	1.999987352681994	83.29806779613327	1.999987352681994	2688317	6	2293087	6	2293082	0.0009764130187821		0	0	2239	0	True	63.71	2.64	checkm2	-19.588249425197994	0.6400126473180061	19.588249425197994	0.6400126473180061	medium	medium
G_r075_indel_0p5pct	75	12	indel	0.005	0.5	ins0.5_geom0.75	RS_GCF_001719125.1	Thermoproteota	Archaea	medium	83.298249425198	1.999987352681994	83.30053795141343	1.999987352681994	2688317	6	2293087	6	2293150	0.0050207427803655		0	0	11513	0	True	34.18	6.71	checkm2	-49.118249425197995	4.710012647318006	49.118249425197995	4.710012647318006	low	medium
G_r075_indel_1pct	75	13	indel	0.01	1.0	ins0.5_geom0.75	RS_GCF_001719125.1	Thermoproteota	Archaea	medium	83.298249425198	1.999987352681994	83.30195465811822	1.999987352681994	2688317	6	2293087	6	2293189	0.0099852295181124		0	0	22897	0	True	35.21	8.55	checkm2	-48.08824942519799	6.550012647318007	48.08824942519799	6.550012647318007	low	medium
G_r075_indel_2pct	75	14	indel	0.02	2.0	ins0.5_geom0.75	RS_GCF_001719125.1	Thermoproteota	Archaea	medium	83.298249425198	1.999987352681994	83.32040817109355	1.999987352681994	2688317	6	2293087	6	2293697	0.0201017231356682		0	0	46095	0	True	18.22	6.93	checkm2	-65.078249425198	4.930012647318006	65.078249425198	4.930012647318006	low	medium
G_r075_indel_5pct	75	15	indel	0.05	5.0	ins0.5_geom0.75	RS_GCF_001719125.1	Thermoproteota	Archaea	medium	83.298249425198	1.999987352681994	83.3136152440731	1.999987352681994	2688317	6	2293087	6	2293510	0.0499906894068999		0	0	114633	0	True	6.35	0.03	checkm2	-76.948249425198	-1.969987352681994	76.948249425198	1.969987352681994	low	medium
G_r075_chimera_5pct	75	16	chimera	0.05	5.0	rc0.5	RS_GCF_001719125.1	Thermoproteota	Archaea	medium	83.298249425198	1.999987352681994	83.298249425198	1.999987352681994	2688317	6	2293087	6	2293087	0.0		0	0	0	0	True	93.25	0.54	checkm2	9.951750574802006	-1.459987352681994	9.951750574802006	1.459987352681994	high	medium
G_r075_chimera_10pct	75	17	chimera	0.1	10.0	rc0.5	RS_GCF_001719125.1	Thermoproteota	Archaea	medium	83.298249425198	1.999987352681994	83.298249425198	1.999987352681994	2688317	6	2293087	5	2293087	0.3333333333333333		0	0	0	1	True	93.1	0.54	checkm2	9.801750574802	-1.459987352681994	9.801750574802	1.459987352681994	high	medium
G_r075_chimera_20pct	75	18	chimera	0.2	20.0	rc0.5	RS_GCF_001719125.1	Thermoproteota	Archaea	medium	83.298249425198	1.999987352681994	83.298249425198	1.999987352681994	2688317	6	2293087	5	2293087	0.3333333333333333		0	0	0	1	True	93.25	0.54	checkm2	9.951750574802006	-1.459987352681994	9.951750574802006	1.459987352681994	high	medium
G_r075_chimera_40pct	75	19	chimera	0.4	40.0	rc0.5	RS_GCF_001719125.1	Thermoproteota	Archaea	medium	83.298249425198	1.999987352681994	83.298249425198	1.999987352681994	2688317	6	2293087	5	2293087	0.3333333333333333		0	0	0	1	True	93.1	0.54	checkm2	9.801750574802	-1.459987352681994	9.801750574802	1.459987352681994	high	medium
G_r075_uneven_coverage_5pct	75	20	uneven_coverage	0.05	5.0	lognormal_sigma1.0	RS_GCF_001719125.1	Thermoproteota	Archaea	medium	83.298249425198	1.999987352681994	83.298249425198	6.264886172278046	2688317	6	2293087	7	2407741	0.0499998473673262		114654	0	0	0	True	93.72	3.14	checkm2	10.421750574802005	1.1400126473180061	10.421750574802005	1.1400126473180061	high	medium
G_r075_uneven_coverage_10pct	75	21	uneven_coverage	0.1	10.0	lognormal_sigma1.0	RS_GCF_001719125.1	Thermoproteota	Archaea	medium	83.298249425198	1.999987352681994	83.298249425198	10.529822189868234	2688317	6	2293087	7	2522396	0.100000130828006		229309	0	0	0	True	94.26	8.72	checkm2	10.96175057480201	6.720012647318007	10.96175057480201	6.720012647318007	medium	medium
G_r075_uneven_coverage_20pct	75	22	uneven_coverage	0.2	20.0	lognormal_sigma1.0	RS_GCF_001719125.1	Thermoproteota	Archaea	medium	83.298249425198	1.999987352681994	83.298249425198	19.05961982906034	2688317	6	2293087	9	2751704	0.1999998255626585		458617	0	0	0	True	98.09	20.42	checkm2	14.791750574802009	18.420012647318007	14.791750574802009	18.420012647318007	low	medium
G_r075_uneven_coverage_40pct	75	23	uneven_coverage	0.4	40.0	lognormal_sigma1.0	RS_GCF_001719125.1	Thermoproteota	Archaea	medium	83.298249425198	1.999987352681994	83.298249425198	36.11928950343282	2688317	6	2293087	10	3210322	0.4000000872186707		917235	0	0	0	True	95.53	26.2	checkm2	12.231750574802007	24.200012647318005	12.231750574802007	24.200012647318005	low	medium
G_r076_none_control	76	0	none	0.0	0.0	control	GB_GCA_963663615.1	Bacteroidota_A	Bacteria	low	90.1594500831497	1.9999800782261647	90.1594500831497	1.9999800782261647	4216492	127	3885895	127	3885895	0.0		0	0	0	0	True	96.76	1.41	checkm2	6.600549916850312	-0.5899800782261648	6.600549916850312	0.5899800782261648	high	high
G_r076_substitution_0p1pct	76	1	substitution	0.001	0.1	uniform	GB_GCA_963663615.1	Bacteroidota_A	Bacteria	low	90.1594500831497	1.9999800782261647	90.1594500831497	1.9999800782261647	4216492	127	3885895	127	3885895	0.0009917921096684	0.0089640838741259	0	3854	0	0	True	93.47	1.77	checkm2	3.310549916850306	-0.22998007822616473	3.310549916850306	0.22998007822616473	high	high
G_r076_substitution_0p5pct	76	2	substitution	0.005	0.5	uniform	GB_GCA_963663615.1	Bacteroidota_A	Bacteria	low	90.1594500831497	1.9999800782261647	90.1594500831497	1.9999800782261647	4216492	127	3885895	127	3885895	0.0050407949777335	0.0441104216424403	0	19588	0	0	True	94.71	4.19	checkm2	4.550549916850301	2.1900199217738354	4.550549916850301	2.1900199217738354	high	high
G_r076_substitution_1pct	76	3	substitution	0.01	1.0	uniform	GB_GCA_963663615.1	Bacteroidota_A	Bacteria	low	90.1594500831497	1.9999800782261647	90.1594500831497	1.9999800782261647	4216492	127	3885895	127	3885895	0.0099642424718115	0.0864827525163591	0	38720	0	0	True	89.07	3.09	checkm2	-1.0894500831496998	1.090019921773835	1.0894500831496998	1.090019921773835	medium	high
G_r076_substitution_2pct	76	4	substitution	0.02	2.0	uniform	GB_GCA_963663615.1	Bacteroidota_A	Bacteria	low	90.1594500831497	1.9999800782261647	90.1594500831497	1.9999800782261647	4216492	127	3885895	127	3885895	0.0200419723126847	0.1662522378698502	0	77881	0	0	True	75.94	6.62	checkm2	-14.219450083149695	4.620019921773835	14.219450083149695	4.620019921773835	medium	high
G_r076_substitution_5pct	76	5	substitution	0.05	5.0	uniform	GB_GCA_963663615.1	Bacteroidota_A	Bacteria	low	90.1594500831497	1.9999800782261647	90.1594500831497	1.9999800782261647	4216492	127	3885895	127	3885895	0.0498711365078057	0.3697505902753909	0	193794	0	0	True	53.57	3.39	checkm2	-36.58945008314969	1.3900199217738354	36.58945008314969	1.3900199217738354	medium	high
G_r076_substitution_titv_0p1pct	76	6	substitution_titv	0.001	0.1	titv_2	GB_GCA_963663615.1	Bacteroidota_A	Bacteria	low	90.1594500831497	1.9999800782261647	90.1594500831497	1.9999800782261647	4216492	127	3885895	127	3885895	0.0010010563846938	0.0089640838741259	0	3890	0	0	True	97.15	3.2	checkm2	6.990549916850313	1.2000199217738354	6.990549916850313	1.2000199217738354	high	high
G_r076_substitution_titv_0p5pct	76	7	substitution_titv	0.005	0.5	titv_2	GB_GCA_963663615.1	Bacteroidota_A	Bacteria	low	90.1594500831497	1.9999800782261647	90.1594500831497	1.9999800782261647	4216492	127	3885895	127	3885895	0.0050171196082241	0.0441104216424403	0	19496	0	0	True	95.5	2.78	checkm2	5.340549916850307	0.7800199217738351	5.340549916850307	0.7800199217738351	high	high
G_r076_substitution_titv_1pct	76	8	substitution_titv	0.01	1.0	titv_2	GB_GCA_963663615.1	Bacteroidota_A	Bacteria	low	90.1594500831497	1.9999800782261647	90.1594500831497	1.9999800782261647	4216492	127	3885895	127	3885895	0.0099969247753734	0.0864827525163591	0	38847	0	0	True	89.72	3.76	checkm2	-0.43945008314969414	1.760019921773835	0.43945008314969414	1.760019921773835	medium	high
G_r076_substitution_titv_2pct	76	9	substitution_titv	0.02	2.0	titv_2	GB_GCA_963663615.1	Bacteroidota_A	Bacteria	low	90.1594500831497	1.9999800782261647	90.1594500831497	1.9999800782261647	4216492	127	3885895	127	3885895	0.0199503589263219	0.1662522378698502	0	77525	0	0	True	85.26	4.98	checkm2	-4.899450083149688	2.9800199217738355	4.899450083149688	2.9800199217738355	medium	high
G_r076_substitution_titv_5pct	76	10	substitution_titv	0.05	5.0	titv_2	GB_GCA_963663615.1	Bacteroidota_A	Bacteria	low	90.1594500831497	1.9999800782261647	90.1594500831497	1.9999800782261647	4216492	127	3885895	127	3885895	0.0501081475438734	0.3697505902753909	0	194715	0	0	True	60.16	2.37	checkm2	-29.999450083149696	0.37001992177383536	29.999450083149696	0.37001992177383536	medium	high
G_r076_indel_0p1pct	76	11	indel	0.001	0.1	ins0.5_geom0.75	GB_GCA_963663615.1	Bacteroidota_A	Bacteria	low	90.1594500831497	1.9999800782261647	90.15571460613258	1.9999800782261647	4216492	127	3885895	127	3885734	0.000996681588154		0	0	3873	0	True	85.35	5.5	checkm2	-4.809450083149699	3.500019921773835	4.809450083149699	3.500019921773835	medium	high
G_r076_indel_0p5pct	76	12	indel	0.005	0.5	ins0.5_geom0.75	GB_GCA_963663615.1	Bacteroidota_A	Bacteria	low	90.1594500831497	1.9999800782261647	90.1550881596763	1.9999800782261647	4216492	127	3885895	127	3885707	0.0049911281699582		0	0	19395	0	True	39.15	1.2	checkm2	-51.009450083149694	-0.7999800782261648	51.009450083149694	0.7999800782261648	low	high
G_r076_indel_1pct	76	13	indel	0.01	1.0	ins0.5_geom0.75	GB_GCA_963663615.1	Bacteroidota_A	Bacteria	low	90.1594500831497	1.9999800782261647	90.16084218638588	1.9999800782261647	4216492	127	3885895	127	3885955	0.010027548351152		0	0	38966	0	True	52.52	1.46	checkm2	-37.63945008314969	-0.5399800782261648	37.63945008314969	0.5399800782261648	medium	high
G_r076_indel_2pct	76	14	indel	0.02	2.0	ins0.5_geom0.75	GB_GCA_963663615.1	Bacteroidota_A	Bacteria	low	90.1594500831497	1.9999800782261647	90.16578415287437	1.9999800782261647	4216492	127	3885895	127	3886168	0.0200437736994952		0	0	77888	0	True	40.53	3.66	checkm2	-49.62945008314969	1.6600199217738354	49.62945008314969	1.6600199217738354	low	high
G_r076_indel_5pct	76	15	indel	0.05	5.0	ins0.5_geom0.75	GB_GCA_963663615.1	Bacteroidota_A	Bacteria	low	90.1594500831497	1.9999800782261647	90.14051747913751	1.9999800782261647	4216492	127	3885895	127	3885079	0.0500075272234581		0	0	194324	0	True	22.0	8.13	checkm2	-68.1594500831497	6.130019921773836	68.1594500831497	6.130019921773836	low	high
G_r076_chimera_5pct	76	16	chimera	0.05	5.0	rc0.5	GB_GCA_963663615.1	Bacteroidota_A	Bacteria	low	90.1594500831497	1.9999800782261647	90.1594500831497	1.9999800782261647	4216492	127	3885895	124	3885895	0.0472440944881889		0	0	0	3	True	96.76	1.41	checkm2	6.600549916850312	-0.5899800782261648	6.600549916850312	0.5899800782261648	high	high
G_r076_chimera_10pct	76	17	chimera	0.1	10.0	rc0.5	GB_GCA_963663615.1	Bacteroidota_A	Bacteria	low	90.1594500831497	1.9999800782261647	90.1594500831497	1.9999800782261647	4216492	127	3885895	121	3885895	0.0944881889763779		0	0	0	6	True	96.76	1.41	checkm2	6.600549916850312	-0.5899800782261648	6.600549916850312	0.5899800782261648	high	high
G_r076_chimera_20pct	76	18	chimera	0.2	20.0	rc0.5	GB_GCA_963663615.1	Bacteroidota_A	Bacteria	low	90.1594500831497	1.9999800782261647	90.1594500831497	1.9999800782261647	4216492	127	3885895	114	3885895	0.2047244094488189		0	0	0	13	True	96.76	1.43	checkm2	6.600549916850312	-0.5699800782261648	6.600549916850312	0.5699800782261648	high	high
G_r076_chimera_40pct	76	19	chimera	0.4	40.0	rc0.5	GB_GCA_963663615.1	Bacteroidota_A	Bacteria	low	90.1594500831497	1.9999800782261647	90.1594500831497	1.9999800782261647	4216492	127	3885895	101	3885895	0.4094488188976378		0	0	0	26	True	96.76	1.41	checkm2	6.600549916850312	-0.5899800782261648	6.600549916850312	0.5899800782261648	high	high
G_r076_uneven_coverage_5pct	76	20	uneven_coverage	0.05	5.0	lognormal_sigma1.0	GB_GCA_963663615.1	Bacteroidota_A	Bacteria	low	90.1594500831497	1.9999800782261647	90.1594500831497	6.607957515394314	4216492	127	3885895	133	4080190	0.0500000643352432		194295	0	0	0	True	96.76	4.54	checkm2	6.600549916850312	2.540019921773835	6.600549916850312	2.540019921773835	high	high
G_r076_uneven_coverage_10pct	76	21	uneven_coverage	0.1	10.0	lognormal_sigma1.0	GB_GCA_963663615.1	Bacteroidota_A	Bacteria	low	90.1594500831497	1.9999800782261647	90.1594500831497	11.215934952562462	4216492	127	3885895	139	4274485	0.1000001286704864		388590	0	0	0	True	96.85	8.35	checkm2	6.690549916850301	6.350019921773835	6.690549916850301	6.350019921773835	medium	high
G_r076_uneven_coverage_20pct	76	22	uneven_coverage	0.2	20.0	lognormal_sigma1.0	GB_GCA_963663615.1	Bacteroidota_A	Bacteria	low	90.1594500831497	1.9999800782261647	90.1594500831497	20.431866110501332	4216492	127	3885895	147	4663074	0.2		777179	0	0	0	True	97.39	17.6	checkm2	7.230549916850308	15.600019921773837	7.230549916850308	15.600019921773837	low	high
G_r076_uneven_coverage_40pct	76	23	uneven_coverage	0.4	40.0	lognormal_sigma1.0	GB_GCA_963663615.1	Bacteroidota_A	Bacteria	low	90.1594500831497	1.9999800782261647	90.1594500831497	38.863752142776505	4216492	127	3885895	165	5440253	0.4		1554358	0	0	0	True	96.34	22.52	checkm2	6.18054991685031	20.520019921773834	6.18054991685031	20.520019921773834	low	high
G_r077_none_control	77	0	none	0.0	0.0	control	GB_GCA_016700095.1	Patescibacteriota	Bacteria	high	100.0	9.999937217380111	100.0	9.999937217380111	1274238	4	1401661	4	1401661	0.0		0	0	0	0	True	95.37	1.27	checkm2	-4.6299999999999955	-8.729937217380112	4.6299999999999955	8.729937217380112	high	medium
G_r077_substitution_0p1pct	77	1	substitution	0.001	0.1	uniform	GB_GCA_016700095.1	Patescibacteriota	Bacteria	high	100.0	9.999937217380111	100.0	9.999937217380111	1274238	4	1401661	4	1401661	0.0010273525481553	0.0089640838741259	0	1440	0	0	True	94.93	0.93	checkm2	-5.069999999999993	-9.069937217380112	5.069999999999993	9.069937217380112	high	medium
G_r077_substitution_0p5pct	77	2	substitution	0.005	0.5	uniform	GB_GCA_016700095.1	Patescibacteriota	Bacteria	high	100.0	9.999937217380111	100.0	9.999937217380111	1274238	4	1401661	4	1401661	0.0050433021964654	0.0441104216424403	0	7069	0	0	True	90.41	2.42	checkm2	-9.590000000000003	-7.579937217380111	9.590000000000003	7.579937217380111	high	medium
G_r077_substitution_1pct	77	3	substitution	0.01	1.0	uniform	GB_GCA_016700095.1	Patescibacteriota	Bacteria	high	100.0	9.999937217380111	100.0	9.999937217380111	1274238	4	1401661	4	1401661	0.0099917169700804	0.0864827525163591	0	14005	0	0	True	88.4	5.29	checkm2	-11.599999999999994	-4.709937217380111	11.599999999999994	4.709937217380111	medium	medium
G_r077_substitution_2pct	77	4	substitution	0.02	2.0	uniform	GB_GCA_016700095.1	Patescibacteriota	Bacteria	high	100.0	9.999937217380111	100.0	9.999937217380111	1274238	4	1401661	4	1401661	0.0198742777319194	0.1662522378698502	0	27857	0	0	True	66.19	4.8	checkm2	-33.81	-5.1999372173801115	33.81	5.1999372173801115	medium	medium
G_r077_substitution_5pct	77	5	substitution	0.05	5.0	uniform	GB_GCA_016700095.1	Patescibacteriota	Bacteria	high	100.0	9.999937217380111	100.0	9.999937217380111	1274238	4	1401661	4	1401661	0.050129810275095	0.3697505902753909	0	70265	0	0	True	45.06	5.26	checkm2	-54.94	-4.7399372173801115	54.94	4.7399372173801115	low	medium
G_r077_substitution_titv_0p1pct	77	6	substitution_titv	0.001	0.1	titv_2	GB_GCA_016700095.1	Patescibacteriota	Bacteria	high	100.0	9.999937217380111	100.0	9.999937217380111	1274238	4	1401661	4	1401661	0.0009781252385562	0.0089640838741259	0	1371	0	0	True	95.61	3.46	checkm2	-4.390000000000001	-6.539937217380111	4.390000000000001	6.539937217380111	high	medium
G_r077_substitution_titv_0p5pct	77	7	substitution_titv	0.005	0.5	titv_2	GB_GCA_016700095.1	Patescibacteriota	Bacteria	high	100.0	9.999937217380111	100.0	9.999937217380111	1274238	4	1401661	4	1401661	0.0049655373160842	0.0441104216424403	0	6960	0	0	True	92.93	1.8	checkm2	-7.069999999999993	-8.19993721738011	7.069999999999993	8.19993721738011	high	medium
G_r077_substitution_titv_1pct	77	8	substitution_titv	0.01	1.0	titv_2	GB_GCA_016700095.1	Patescibacteriota	Bacteria	high	100.0	9.999937217380111	100.0	9.999937217380111	1274238	4	1401661	4	1401661	0.0100074126340106	0.0864827525163591	0	14027	0	0	True	88.73	3.73	checkm2	-11.269999999999996	-6.269937217380111	11.269999999999996	6.269937217380111	medium	medium
G_r077_substitution_titv_2pct	77	9	substitution_titv	0.02	2.0	titv_2	GB_GCA_016700095.1	Patescibacteriota	Bacteria	high	100.0	9.999937217380111	100.0	9.999937217380111	1274238	4	1401661	4	1401661	0.0198236235437812	0.1662522378698502	0	27786	0	0	True	81.94	5.27	checkm2	-18.060000000000002	-4.729937217380112	18.060000000000002	4.729937217380112	medium	medium
G_r077_substitution_titv_5pct	77	10	substitution_titv	0.05	5.0	titv_2	GB_GCA_016700095.1	Patescibacteriota	Bacteria	high	100.0	9.999937217380111	100.0	9.999937217380111	1274238	4	1401661	4	1401661	0.0499749939536021	0.3697505902753909	0	70048	0	0	True	50.17	6.08	checkm2	-49.83	-3.9199372173801112	49.83	3.9199372173801112	medium	medium
G_r077_indel_0p1pct	77	11	indel	0.001	0.1	ins0.5_geom0.75	GB_GCA_016700095.1	Patescibacteriota	Bacteria	high	100.0	9.999937217380111	100.00370988420168	9.999937217380111	1274238	4	1401661	4	1401713	0.0010038090522601		0	0	1407	0	True	83.49	6.98	checkm2	-16.510000000000005	-3.019937217380111	16.510000000000005	3.019937217380111	medium	medium
G_r077_indel_0p5pct	77	12	indel	0.005	0.5	ins0.5_geom0.75	GB_GCA_016700095.1	Patescibacteriota	Bacteria	high	100.0	9.999937217380111	100.0055648263025	9.999937217380111	1274238	4	1401661	4	1401739	0.0049990689617532		0	0	7007	0	True	41.99	2.37	checkm2	-58.01	-7.629937217380111	58.01	7.629937217380111	low	medium
G_r077_indel_1pct	77	13	indel	0.01	1.0	ins0.5_geom0.75	GB_GCA_016700095.1	Patescibacteriota	Bacteria	high	100.0	9.999937217380111	99.98858497168716	9.999937217380111	1274238	4	1401661	4	1401501	0.0099674600349157		0	0	13971	0	True	26.45	4.93	checkm2	-73.55	-5.069937217380112	73.55	5.069937217380112	low	medium
G_r077_indel_2pct	77	14	indel	0.02	2.0	ins0.5_geom0.75	GB_GCA_016700095.1	Patescibacteriota	Bacteria	high	100.0	9.999937217380111	99.97652784803174	9.999937217380111	1274238	4	1401661	4	1401332	0.0199713054725786		0	0	27993	0	True	20.91	7.6	checkm2	-79.09	-2.3999372173801117	79.09	2.3999372173801117	low	medium
G_r077_indel_5pct	77	15	indel	0.05	5.0	ins0.5_geom0.75	GB_GCA_016700095.1	Patescibacteriota	Bacteria	high	100.0	9.999937217380111	99.97716994337432	9.999937217380111	1274238	4	1401661	4	1401341	0.0500862904796523		0	0	70204	0	True	4.83	0.02	checkm2	-95.17	-9.979937217380112	95.17	9.979937217380112	low	medium
G_r077_chimera_5pct	77	16	chimera	0.05	5.0	rc0.5	GB_GCA_016700095.1	Patescibacteriota	Bacteria	high	100.0	9.999937217380111	100.0	9.999937217380111	1274238	4	1401661	4	1401661	0.0		0	0	0	0	True	95.37	1.27	checkm2	-4.6299999999999955	-8.729937217380112	4.6299999999999955	8.729937217380112	high	medium
G_r077_chimera_10pct	77	17	chimera	0.1	10.0	rc0.5	GB_GCA_016700095.1	Patescibacteriota	Bacteria	high	100.0	9.999937217380111	100.0	9.999937217380111	1274238	4	1401661	4	1401661	0.0		0	0	0	0	True	95.37	1.27	checkm2	-4.6299999999999955	-8.729937217380112	4.6299999999999955	8.729937217380112	high	medium
G_r077_chimera_20pct	77	18	chimera	0.2	20.0	rc0.5	GB_GCA_016700095.1	Patescibacteriota	Bacteria	high	100.0	9.999937217380111	100.0	9.999937217380111	1274238	4	1401661	4	1401661	0.0		0	0	0	0	True	95.37	1.27	checkm2	-4.6299999999999955	-8.729937217380112	4.6299999999999955	8.729937217380112	high	medium
G_r077_chimera_40pct	77	19	chimera	0.4	40.0	rc0.5	GB_GCA_016700095.1	Patescibacteriota	Bacteria	high	100.0	9.999937217380111	100.0	9.999937217380111	1274238	4	1401661	4	1401661	0.0		0	0	0	0	True	95.37	1.27	checkm2	-4.6299999999999955	-8.729937217380112	4.6299999999999955	8.729937217380112	high	medium
G_r077_uneven_coverage_5pct	77	20	uneven_coverage	0.05	5.0	lognormal_sigma1.0	GB_GCA_016700095.1	Patescibacteriota	Bacteria	high	100.0	9.999937217380111	100.0	15.499930154335376	1274238	4	1401661	5	1471744	0.0499999643280365		70083	0	0	0	True	96.2	10.62	checkm2	-3.799999999999997	0.6200627826198879	3.799999999999997	0.6200627826198879	low	medium
G_r077_uneven_coverage_10pct	77	21	uneven_coverage	0.1	10.0	lognormal_sigma1.0	GB_GCA_016700095.1	Patescibacteriota	Bacteria	high	100.0	9.999937217380111	100.0	20.99992309129064	1274238	4	1401661	5	1541827	0.099999928656073		140166	0	0	0	True	96.13	10.98	checkm2	-3.8700000000000045	0.9800627826198891	3.8700000000000045	0.9800627826198891	low	medium
G_r077_uneven_coverage_20pct	77	22	uneven_coverage	0.2	20.0	lognormal_sigma1.0	GB_GCA_016700095.1	Patescibacteriota	Bacteria	high	100.0	9.999937217380111	100.0	31.999908965201165	1274238	4	1401661	12	1681993	0.1999998573121461		280332	0	0	0	True	95.39	1.86	checkm2	-4.609999999999999	-8.139937217380112	4.609999999999999	8.139937217380112	high	medium
G_r077_uneven_coverage_40pct	77	23	uneven_coverage	0.4	40.0	lognormal_sigma1.0	GB_GCA_016700095.1	Patescibacteriota	Bacteria	high	100.0	9.999937217380111	100.0	53.999880713022215	1274238	4	1401661	5	1962325	0.3999997146242922		560664	0	0	0	True	96.12	32.55	checkm2	-3.8799999999999955	22.550062782619886	3.8799999999999955	22.550062782619886	low	medium
G_r078_none_control	78	0	none	0.0	0.0	control	RS_GCF_007182855.1	Deinococcota	Bacteria	highly_fragmented	69.93828042535343	0.0	69.93828042535343	0.0	2169490	69	1517304	69	1517304	0.0		0	0	0	0	True	69.74	0.11	checkm2	-0.19828042535343116	0.11	0.19828042535343116	0.11	medium	medium
G_r078_substitution_0p1pct	78	1	substitution	0.001	0.1	uniform	RS_GCF_007182855.1	Deinococcota	Bacteria	highly_fragmented	69.93828042535343	0.0	69.93828042535343	0.0	2169490	69	1517304	69	1517304	0.0009740961600312	0.0089640838741259	0	1478	0	0	True	71.01	0.37	checkm2	1.071719574646579	0.37	1.071719574646579	0.37	medium	medium
G_r078_substitution_0p5pct	78	2	substitution	0.005	0.5	uniform	RS_GCF_007182855.1	Deinococcota	Bacteria	highly_fragmented	69.93828042535343	0.0	69.93828042535343	0.0	2169490	69	1517304	69	1517304	0.0050352467270896	0.0441104216424403	0	7640	0	0	True	67.47	0.87	checkm2	-2.468280425353427	0.87	2.468280425353427	0.87	medium	medium
G_r078_substitution_1pct	78	3	substitution	0.01	1.0	uniform	RS_GCF_007182855.1	Deinococcota	Bacteria	highly_fragmented	69.93828042535343	0.0	69.93828042535343	0.0	2169490	69	1517304	69	1517304	0.0099268175658931	0.0864827525163591	0	15062	0	0	True	62.21	1.04	checkm2	-7.728280425353425	1.04	7.728280425353425	1.04	medium	medium
G_r078_substitution_2pct	78	4	substitution	0.02	2.0	uniform	RS_GCF_007182855.1	Deinococcota	Bacteria	highly_fragmented	69.93828042535343	0.0	69.93828042535343	0.0	2169490	69	1517304	69	1517304	0.0200665127093845	0.1662522378698502	0	30447	0	0	True	59.4	3.86	checkm2	-10.538280425353427	3.86	10.538280425353427	3.86	medium	medium
G_r078_substitution_5pct	78	5	substitution	0.05	5.0	uniform	RS_GCF_007182855.1	Deinococcota	Bacteria	highly_fragmented	69.93828042535343	0.0	69.93828042535343	0.0	2169490	69	1517304	69	1517304	0.0501007049345417	0.3697505902753909	0	76018	0	0	True	45.6	0.94	checkm2	-24.338280425353425	0.94	24.338280425353425	0.94	low	medium
G_r078_substitution_titv_0p1pct	78	6	substitution_titv	0.001	0.1	titv_2	RS_GCF_007182855.1	Deinococcota	Bacteria	highly_fragmented	69.93828042535343	0.0	69.93828042535343	0.0	2169490	69	1517304	69	1517304	0.0009984815172173	0.0089640838741259	0	1515	0	0	True	69.24	0.08	checkm2	-0.6982804253534312	0.08	0.6982804253534312	0.08	medium	medium
G_r078_substitution_titv_0p5pct	78	7	substitution_titv	0.005	0.5	titv_2	RS_GCF_007182855.1	Deinococcota	Bacteria	highly_fragmented	69.93828042535343	0.0	69.93828042535343	0.0	2169490	69	1517304	69	1517304	0.0050840174414619	0.0441104216424403	0	7714	0	0	True	67.59	0.68	checkm2	-2.3482804253534226	0.68	2.3482804253534226	0.68	medium	medium
G_r078_substitution_titv_1pct	78	8	substitution_titv	0.01	1.0	titv_2	RS_GCF_007182855.1	Deinococcota	Bacteria	highly_fragmented	69.93828042535343	0.0	69.93828042535343	0.0	2169490	69	1517304	69	1517304	0.0099202269288158	0.0864827525163591	0	15052	0	0	True	68.31	1.74	checkm2	-1.6282804253534238	1.74	1.6282804253534238	1.74	medium	medium
G_r078_substitution_titv_2pct	78	9	substitution_titv	0.02	2.0	titv_2	RS_GCF_007182855.1	Deinococcota	Bacteria	highly_fragmented	69.93828042535343	0.0	69.93828042535343	0.0	2169490	69	1517304	69	1517304	0.0198193638189842	0.1662522378698502	0	30072	0	0	True	61.07	2.03	checkm2	-8.868280425353426	2.03	8.868280425353426	2.03	medium	medium
G_r078_substitution_titv_5pct	78	10	substitution_titv	0.05	5.0	titv_2	RS_GCF_007182855.1	Deinococcota	Bacteria	highly_fragmented	69.93828042535343	0.0	69.93828042535343	0.0	2169490	69	1517304	69	1517304	0.0500407301371379	0.3697505902753909	0	75927	0	0	True	59.06	2.16	checkm2	-10.878280425353424	2.16	10.878280425353424	2.16	medium	medium
G_r078_indel_0p1pct	78	11	indel	0.001	0.1	ins0.5_geom0.75	RS_GCF_007182855.1	Deinococcota	Bacteria	highly_fragmented	69.93828042535343	0.0	69.93772729996451	0.0	2169490	69	1517304	69	1517292	0.0010030949631715		0	0	1522	0	True	51.64	0.82	checkm2	-18.298280425353425	0.82	18.298280425353425	0.82	medium	medium
G_r078_indel_0p5pct	78	12	indel	0.005	0.5	ins0.5_geom0.75	RS_GCF_007182855.1	Deinococcota	Bacteria	highly_fragmented	69.93828042535343	0.0	69.9367593305339	0.0	2169490	69	1517304	69	1517271	0.0049884532038404		0	0	7569	0	True	24.42	3.21	checkm2	-45.518280425353424	3.21	45.518280425353424	3.21	low	medium
G_r078_indel_1pct	78	13	indel	0.01	1.0	ins0.5_geom0.75	RS_GCF_007182855.1	Deinococcota	Bacteria	highly_fragmented	69.93828042535343	0.0	69.93542261084403	0.0	2169490	69	1517304	69	1517242	0.0100138139753141		0	0	15194	0	True	17.91	4.33	checkm2	-52.02828042535343	4.33	52.02828042535343	4.33	low	medium
G_r078_indel_2pct	78	14	indel	0.02	2.0	ins0.5_geom0.75	RS_GCF_007182855.1	Deinococcota	Bacteria	highly_fragmented	69.93828042535343	0.0	69.92316166472304	0.0	2169490	69	1517304	69	1516976	0.0199867660007486		0	0	30326	0	True	13.73	4.83	checkm2	-56.20828042535342	4.83	56.20828042535342	4.83	low	medium
G_r078_indel_5pct	78	15	indel	0.05	5.0	ins0.5_geom0.75	RS_GCF_007182855.1	Deinococcota	Bacteria	highly_fragmented	69.93828042535343	0.0	69.94593199323343	0.0	2169490	69	1517304	69	1517470	0.0500097541428744		0	0	75880	0	True	11.53	3.99	checkm2	-58.408280425353425	3.99	58.408280425353425	3.99	low	medium
G_r078_chimera_5pct	78	16	chimera	0.05	5.0	rc0.5	RS_GCF_007182855.1	Deinococcota	Bacteria	highly_fragmented	69.93828042535343	0.0	69.93828042535343	0.0	2169490	69	1517304	67	1517304	0.0579710144927536		0	0	0	2	True	69.74	0.11	checkm2	-0.19828042535343116	0.11	0.19828042535343116	0.11	medium	medium
G_r078_chimera_10pct	78	17	chimera	0.1	10.0	rc0.5	RS_GCF_007182855.1	Deinococcota	Bacteria	highly_fragmented	69.93828042535343	0.0	69.93828042535343	0.0	2169490	69	1517304	65	1517304	0.1159420289855072		0	0	0	4	True	70.12	0.11	checkm2	0.1817195746465785	0.11	0.1817195746465785	0.11	medium	medium
G_r078_chimera_20pct	78	18	chimera	0.2	20.0	rc0.5	RS_GCF_007182855.1	Deinococcota	Bacteria	highly_fragmented	69.93828042535343	0.0	69.93828042535343	0.0	2169490	69	1517304	62	1517304	0.2028985507246377		0	0	0	7	True	69.73	0.11	checkm2	-0.20828042535342206	0.11	0.20828042535342206	0.11	medium	medium
G_r078_chimera_40pct	78	19	chimera	0.4	40.0	rc0.5	RS_GCF_007182855.1	Deinococcota	Bacteria	highly_fragmented	69.93828042535343	0.0	69.93828042535343	0.0	2169490	69	1517304	56	1517304	0.3768115942028985		0	0	0	13	True	69.31	0.11	checkm2	-0.6282804253534238	0.11	0.6282804253534238	0.11	medium	medium
G_r078_uneven_coverage_5pct	78	20	uneven_coverage	0.05	5.0	lognormal_sigma1.0	RS_GCF_007182855.1	Deinococcota	Bacteria	highly_fragmented	69.93828042535343	0.0	69.93828042535343	3.4969048025111893	2169490	69	1517304	73	1593169	0.0499998681872584		75865	0	0	0	True	69.76	4.2	checkm2	-0.17828042535342092	4.2	0.17828042535342092	4.2	medium	medium
G_r078_uneven_coverage_10pct	78	21	uneven_coverage	0.1	10.0	lognormal_sigma1.0	RS_GCF_007182855.1	Deinococcota	Bacteria	highly_fragmented	69.93828042535343	0.0	69.93828042535343	6.993809605022379	2169490	69	1517304	77	1669034	0.0999997363745169		151730	0	0	0	True	69.52	6.04	checkm2	-0.41828042535343	6.04	0.41828042535343	6.04	medium	medium
G_r078_uneven_coverage_20pct	78	22	uneven_coverage	0.2	20.0	lognormal_sigma1.0	RS_GCF_007182855.1	Deinococcota	Bacteria	highly_fragmented	69.93828042535343	0.0	69.93828042535343	13.987665303827166	2169490	69	1517304	91	1820765	0.2000001318127415		303461	0	0	0	True	68.56	13.9	checkm2	-1.3782804253534238	13.9	1.3782804253534238	13.9	low	medium
G_r078_uneven_coverage_40pct	78	23	uneven_coverage	0.4	40.0	lognormal_sigma1.0	RS_GCF_007182855.1	Deinococcota	Bacteria	highly_fragmented	69.93828042535343	0.0	69.93828042535343	27.97533060765433	2169490	69	1517304	100	2124226	0.4000002636254831		606922	0	0	0	True	62.81	20.37	checkm2	-7.128280425353424	20.37	7.128280425353424	20.37	low	medium
G_r079_none_control	79	0	none	0.0	0.0	control	RS_GCF_011066545.1	Planctomycetota	Bacteria	medium	100.0	4.999986158952436	100.0	4.999986158952436	4334932	3	4551678	3	4551678	0.0		0	0	0	0	True	99.88	3.98	checkm2	-0.12000000000000455	-1.019986158952436	0.12000000000000455	1.019986158952436	high	high
G_r079_substitution_0p1pct	79	1	substitution	0.001	0.1	uniform	RS_GCF_011066545.1	Planctomycetota	Bacteria	medium	100.0	4.999986158952436	100.0	4.999986158952436	4334932	3	4551678	3	4551678	0.00101457089012	0.0089640838741259	0	4618	0	0	True	98.71	4.3	checkm2	-1.2900000000000063	-0.6999861589524361	1.2900000000000063	0.6999861589524361	high	high
G_r079_substitution_0p5pct	79	2	substitution	0.005	0.5	uniform	RS_GCF_011066545.1	Planctomycetota	Bacteria	medium	100.0	4.999986158952436	100.0	4.999986158952436	4334932	3	4551678	3	4551678	0.005018149350635	0.0441104216424403	0	22841	0	0	True	91.32	3.96	checkm2	-8.680000000000007	-1.039986158952436	8.680000000000007	1.039986158952436	high	high
G_r079_substitution_1pct	79	3	substitution	0.01	1.0	uniform	RS_GCF_011066545.1	Planctomycetota	Bacteria	medium	100.0	4.999986158952436	100.0	4.999986158952436	4334932	3	4551678	3	4551678	0.009912827752754	0.0864827525163591	0	45120	0	0	True	89.33	7.45	checkm2	-10.670000000000002	2.4500138410475643	10.670000000000002	2.4500138410475643	medium	high
G_r079_substitution_2pct	79	4	substitution	0.02	2.0	uniform	RS_GCF_011066545.1	Planctomycetota	Bacteria	medium	100.0	4.999986158952436	100.0	4.999986158952436	4334932	3	4551678	3	4551678	0.0199669220889526	0.1662522378698502	0	90883	0	0	True	84.45	6.15	checkm2	-15.549999999999997	1.1500138410475644	15.549999999999997	1.1500138410475644	medium	high
G_r079_substitution_5pct	79	5	substitution	0.05	5.0	uniform	RS_GCF_011066545.1	Planctomycetota	Bacteria	medium	100.0	4.999986158952436	100.0	4.999986158952436	4334932	3	4551678	3	4551678	0.0499446577723643	0.3697505902753909	0	227332	0	0	True	58.96	7.18	checkm2	-41.04	2.180013841047564	41.04	2.180013841047564	medium	high
G_r079_substitution_titv_0p1pct	79	6	substitution_titv	0.001	0.1	titv_2	RS_GCF_011066545.1	Planctomycetota	Bacteria	medium	100.0	4.999986158952436	100.0	4.999986158952436	4334932	3	4551678	3	4551678	0.0009827145066061	0.0089640838741259	0	4473	0	0	True	99.98	3.91	checkm2	-0.01999999999999602	-1.0899861589524358	0.01999999999999602	1.0899861589524358	high	high
G_r079_substitution_titv_0p5pct	79	7	substitution_titv	0.005	0.5	titv_2	RS_GCF_011066545.1	Planctomycetota	Bacteria	medium	100.0	4.999986158952436	100.0	4.999986158952436	4334932	3	4551678	3	4551678	0.0050631876859479	0.0441104216424403	0	23046	0	0	True	99.66	5.23	checkm2	-0.3400000000000034	0.2300138410475645	0.3400000000000034	0.2300138410475645	medium	high
G_r079_substitution_titv_1pct	79	8	substitution_titv	0.01	1.0	titv_2	RS_GCF_011066545.1	Planctomycetota	Bacteria	medium	100.0	4.999986158952436	100.0	4.999986158952436	4334932	3	4551678	3	4551678	0.0100644201984411	0.0864827525163591	0	45810	0	0	True	91.01	6.26	checkm2	-8.989999999999995	1.2600138410475639	8.989999999999995	1.2600138410475639	medium	high
G_r079_substitution_titv_2pct	79	9	substitution_titv	0.02	2.0	titv_2	RS_GCF_011066545.1	Planctomycetota	Bacteria	medium	100.0	4.999986158952436	100.0	4.999986158952436	4334932	3	4551678	3	4551678	0.0199029896227281	0.1662522378698502	0	90592	0	0	True	86.98	7.82	checkm2	-13.019999999999996	2.8200138410475644	13.019999999999996	2.8200138410475644	medium	high
G_r079_substitution_titv_5pct	79	10	substitution_titv	0.05	5.0	titv_2	RS_GCF_011066545.1	Planctomycetota	Bacteria	medium	100.0	4.999986158952436	100.0	4.999986158952436	4334932	3	4551678	3	4551678	0.0501035002915408	0.3697505902753909	0	228055	0	0	True	62.05	4.79	checkm2	-37.95	-0.2099861589524359	37.95	0.2099861589524359	medium	high
G_r079_indel_0p1pct	79	11	indel	0.001	0.1	ins0.5_geom0.75	RS_GCF_011066545.1	Planctomycetota	Bacteria	medium	100.0	4.999986158952436	100.00087879678658	4.999986158952436	4334932	3	4551678	3	4551718	0.0009930403688485		0	0	4520	0	True	82.31	7.63	checkm2	-17.689999999999998	2.630013841047564	17.689999999999998	2.630013841047564	medium	high
G_r079_indel_0p5pct	79	12	indel	0.005	0.5	ins0.5_geom0.75	RS_GCF_011066545.1	Planctomycetota	Bacteria	medium	100.0	4.999986158952436	99.99833028610549	4.999986158952436	4334932	3	4551678	3	4551602	0.0049911263494473		0	0	22718	0	True	43.75	3.58	checkm2	-56.25	-1.4199861589524359	56.25	1.4199861589524359	low	high
G_r079_indel_1pct	79	13	indel	0.01	1.0	ins0.5_geom0.75	RS_GCF_011066545.1	Planctomycetota	Bacteria	medium	100.0	4.999986158952436	99.98901504016762	4.999986158952436	4334932	3	4551678	3	4551178	0.0100395941892198		0	0	45697	0	True	48.39	5.37	checkm2	-51.61	0.3700138410475642	51.61	0.3700138410475642	low	high
G_r079_indel_2pct	79	14	indel	0.02	2.0	ins0.5_geom0.75	RS_GCF_011066545.1	Planctomycetota	Bacteria	medium	100.0	4.999986158952436	100.00248260092212	4.999986158952436	4334932	3	4551678	3	4551791	0.0199269368351627		0	0	90701	0	True	32.32	6.57	checkm2	-67.68	1.5700138410475644	67.68	1.5700138410475644	low	high
G_r079_indel_5pct	79	15	indel	0.05	5.0	ins0.5_geom0.75	RS_GCF_011066545.1	Planctomycetota	Bacteria	medium	100.0	4.999986158952436	100.0101720728048	4.999986158952436	4334932	3	4551678	3	4552141	0.0499574003257699		0	0	227390	0	True	22.0	6.67	checkm2	-78.0	1.670013841047564	78.0	1.670013841047564	low	high
G_r079_chimera_5pct	79	16	chimera	0.05	5.0	rc0.5	RS_GCF_011066545.1	Planctomycetota	Bacteria	medium	100.0	4.999986158952436	100.0	4.999986158952436	4334932	3	4551678	2	4551678	0.6666666666666666		0	0	0	1	True	99.88	3.98	checkm2	-0.12000000000000455	-1.019986158952436	0.12000000000000455	1.019986158952436	high	high
G_r079_chimera_10pct	79	17	chimera	0.1	10.0	rc0.5	RS_GCF_011066545.1	Planctomycetota	Bacteria	medium	100.0	4.999986158952436	100.0	4.999986158952436	4334932	3	4551678	3	4551678	0.0		0	0	0	0	True	99.88	3.98	checkm2	-0.12000000000000455	-1.019986158952436	0.12000000000000455	1.019986158952436	high	high
G_r079_chimera_20pct	79	18	chimera	0.2	20.0	rc0.5	RS_GCF_011066545.1	Planctomycetota	Bacteria	medium	100.0	4.999986158952436	100.0	4.999986158952436	4334932	3	4551678	2	4551678	0.6666666666666666		0	0	0	1	True	99.88	3.78	checkm2	-0.12000000000000455	-1.2199861589524361	0.12000000000000455	1.2199861589524361	high	high
G_r079_chimera_40pct	79	19	chimera	0.4	40.0	rc0.5	RS_GCF_011066545.1	Planctomycetota	Bacteria	medium	100.0	4.999986158952436	100.0	4.999986158952436	4334932	3	4551678	2	4551678	0.6666666666666666		0	0	0	1	True	99.88	3.98	checkm2	-0.12000000000000455	-1.019986158952436	0.12000000000000455	1.019986158952436	high	high
G_r079_uneven_coverage_5pct	79	20	uneven_coverage	0.05	5.0	lognormal_sigma1.0	RS_GCF_011066545.1	Planctomycetota	Bacteria	medium	100.0	4.999986158952436	100.0	10.24998777374132	4334932	3	4551678	4	4779262	0.0500000219699196		227584	0	0	0	True	99.92	11.86	checkm2	-0.0799999999999983	6.8600138410475635	0.0799999999999983	6.8600138410475635	low	high
G_r079_uneven_coverage_10pct	79	21	uneven_coverage	0.1	10.0	lognormal_sigma1.0	RS_GCF_011066545.1	Planctomycetota	Bacteria	medium	100.0	4.999986158952436	100.0	15.4999893885302	4334932	3	4551678	4	5006846	0.1000000439398393		455168	0	0	0	True	99.96	9.37	checkm2	-0.04000000000000625	4.370013841047563	0.04000000000000625	4.370013841047563	medium	high
G_r079_uneven_coverage_20pct	79	22	uneven_coverage	0.2	20.0	lognormal_sigma1.0	RS_GCF_011066545.1	Planctomycetota	Bacteria	medium	100.0	4.999986158952436	100.0	25.999992618107967	4334932	3	4551678	5	5462014	0.2000000878796786		910336	0	0	0	True	99.97	21.1	checkm2	-0.030000000000001137	16.100013841047566	0.030000000000001137	16.100013841047566	low	high
G_r079_uneven_coverage_40pct	79	23	uneven_coverage	0.4	40.0	lognormal_sigma1.0	RS_GCF_011066545.1	Planctomycetota	Bacteria	medium	100.0	4.999986158952436	100.0	46.999976008850886	4334932	3	4551678	5	6372349	0.3999999560601606		1820671	0	0	0	True	99.99	32.94	checkm2	-0.010000000000005116	27.940013841047563	0.010000000000005116	27.940013841047563	low	high
G_r000_none_control	0	0	none	0.0	0.0	control	RS_GCF_029718665.1	Pseudomonadota	Bacteria	medium	59.8421580699521	19.999987171755283	59.8421580699521	19.999987171755283	6236239	19	4979147	19	4979147	0.0		0	0	0	0	True	62.70883076464987	17.25577056530794	cocopye	2.866672694697769	-2.744216606447342	2.866672694697769	2.744216606447342	low	low
G_r000_substitution_0p1pct	0	1	substitution	0.001	0.1	uniform	RS_GCF_029718665.1	Pseudomonadota	Bacteria	medium	59.8421580699521	19.999987171755283	59.8421580699521	19.999987171755283	6236239	19	4979147	19	4979147	0.0010174433492323	0.0089640838741259	0	5066	0	0	True	62.854932452480384	18.456145780206	cocopye	3.012774382528285	-1.5438413915492823	3.012774382528285	1.5438413915492823	low	low
G_r000_substitution_0p5pct	0	2	substitution	0.005	0.5	uniform	RS_GCF_029718665.1	Pseudomonadota	Bacteria	medium	59.8421580699521	19.999987171755283	59.8421580699521	19.999987171755283	6236239	19	4979147	19	4979147	0.005006680863208	0.0441104216424403	0	24929	0	0	True	62.42795559395974	21.95330617977922	cocopye	2.5857975240076385	1.9533190080239358	2.5857975240076385	1.9533190080239358	low	low
G_r000_substitution_1pct	0	3	substitution	0.01	1.0	uniform	RS_GCF_029718665.1	Pseudomonadota	Bacteria	medium	59.8421580699521	19.999987171755283	59.8421580699521	19.999987171755283	6236239	19	4979147	19	4979147	0.0100288262226441	0.0864827525163591	0	49935	0	0	True	61.256967749144586	26.02790698516916	cocopye	1.4148096791924871	6.027919813413877	1.4148096791924871	6.027919813413877	low	low
G_r000_substitution_2pct	0	4	substitution	0.02	2.0	uniform	RS_GCF_029718665.1	Pseudomonadota	Bacteria	medium	59.8421580699521	19.999987171755283	59.8421580699521	19.999987171755283	6236239	19	4979147	19	4979147	0.0199825391778953	0.1662522378698502	0	99496	0	0	True	61.39353119766484	27.7237309189779	cocopye	1.5513731277127434	7.723743747222617	1.5513731277127434	7.723743747222617	low	low
G_r000_substitution_5pct	0	5	substitution	0.05	5.0	uniform	RS_GCF_029718665.1	Pseudomonadota	Bacteria	medium	59.8421580699521	19.999987171755283	59.8421580699521	19.999987171755283	6236239	19	4979147	19	4979147	0.0500808672650154	0.3697505902753909	0	249360	0	0	True	64.29268018980848	46.07313915414457	cocopye	4.45052211985638	26.073151982389287	4.45052211985638	26.073151982389287	low	low
G_r000_substitution_titv_0p1pct	0	6	substitution_titv	0.001	0.1	titv_2	RS_GCF_029718665.1	Pseudomonadota	Bacteria	medium	59.8421580699521	19.999987171755283	59.8421580699521	19.999987171755283	6236239	19	4979147	19	4979147	0.0010319036573935	0.0089640838741259	0	5138	0	0	True	62.80390501804709	18.12167849088511	cocopye	2.9617469480949907	-1.8783086808701732	2.9617469480949907	1.8783086808701732	low	low
G_r000_substitution_titv_0p5pct	0	7	substitution_titv	0.005	0.5	titv_2	RS_GCF_029718665.1	Pseudomonadota	Bacteria	medium	59.8421580699521	19.999987171755283	59.8421580699521	19.999987171755283	6236239	19	4979147	19	4979147	0.0049763543835922	0.0441104216424403	0	24778	0	0	True	62.534049635958176	21.23090456901023	cocopye	2.6918915660060776	1.2309173972549488	2.6918915660060776	1.2309173972549488	low	low
G_r000_substitution_titv_1pct	0	8	substitution_titv	0.01	1.0	titv_2	RS_GCF_029718665.1	Pseudomonadota	Bacteria	medium	59.8421580699521	19.999987171755283	59.8421580699521	19.999987171755283	6236239	19	4979147	19	4979147	0.0100834540534754	0.0864827525163591	0	50207	0	0	True	61.96162849362518	23.56197031381961	cocopye	2.1194704236730786	3.561983142064328	2.1194704236730786	3.561983142064328	low	low
G_r000_substitution_titv_2pct	0	9	substitution_titv	0.02	2.0	titv_2	RS_GCF_029718665.1	Pseudomonadota	Bacteria	medium	59.8421580699521	19.999987171755283	59.8421580699521	19.999987171755283	6236239	19	4979147	19	4979147	0.0200196941363651	0.1662522378698502	0	99681	0	0	True	62.50998174981568	26.896826665093386	cocopye	2.667823679863581	6.896839493338103	2.667823679863581	6.896839493338103	low	low
G_r000_substitution_titv_5pct	0	10	substitution_titv	0.05	5.0	titv_2	RS_GCF_029718665.1	Pseudomonadota	Bacteria	medium	59.8421580699521	19.999987171755283	59.8421580699521	19.999987171755283	6236239	19	4979147	19	4979147	0.0499320465935229	0.3697505902753909	0	248619	0	0	True	64.75226189583678	40.74664213734695	cocopye	4.910103825884683	20.74665496559167	4.910103825884683	20.74665496559167	low	low
G_r000_indel_0p1pct	0	11	indel	0.001	0.1	ins0.5_geom0.75	RS_GCF_029718665.1	Pseudomonadota	Bacteria	medium	59.8421580699521	19.999987171755283	59.8442853544003	19.999987171755283	6236239	19	4979147	19	4979324	0.0010059956052713		0	0	5009	0	True	66.22378309857815	34.62092267335766	cocopye	6.381625028626054	14.620935501602379	6.381625028626054	14.620935501602379	low	low
G_r000_indel_0p5pct	0	12	indel	0.005	0.5	ins0.5_geom0.75	RS_GCF_029718665.1	Pseudomonadota	Bacteria	medium	59.8421580699521	19.999987171755283	59.84474205953607	19.999987171755283	6236239	19	4979147	19	4979362	0.0050004548971942		0	0	24898	0	True	65.9749335239485	102.4889585221047	cocopye	6.132775453996395	82.48897135034942	6.132775453996395	82.48897135034942	low	low
G_r000_indel_1pct	0	13	indel	0.01	1.0	ins0.5_geom0.75	RS_GCF_029718665.1	Pseudomonadota	Bacteria	medium	59.8421580699521	19.999987171755283	59.839862525717045	19.999987171755283	6236239	19	4979147	19	4978956	0.0099976963925748		0	0	49780	0	True	65.98275389232894	149.8759633374911	cocopye	6.140595822376845	129.8759761657358	6.140595822376845	129.8759761657358	low	low
G_r000_indel_2pct	0	14	indel	0.02	2.0	ins0.5_geom0.75	RS_GCF_029718665.1	Pseudomonadota	Bacteria	medium	59.8421580699521	19.999987171755283	59.84547519146453	19.999987171755283	6236239	19	4979147	19	4979423	0.0201018367202253		0	0	100090	0	True	65.56889668380914	178.2771516284462	cocopye	5.726738613857044	158.2771644566909	5.726738613857044	158.2771644566909	low	low
G_r000_indel_5pct	0	15	indel	0.05	5.0	ins0.5_geom0.75	RS_GCF_029718665.1	Pseudomonadota	Bacteria	medium	59.8421580699521	19.999987171755283	59.83076447867023	19.999987171755283	6236239	19	4979147	19	4978199	0.0501796793707837		0	0	249852	0	True	59.62232297152732	113.37316034654788	cocopye	-0.219835098424781	93.3731731747926	0.219835098424781	93.3731731747926	low	low
G_r000_chimera_5pct	0	16	chimera	0.05	5.0	rc0.5	RS_GCF_029718665.1	Pseudomonadota	Bacteria	medium	59.8421580699521	19.999987171755283	59.8421580699521	19.999987171755283	6236239	19	4979147	19	4979147	0.0		0	0	0	0	True	62.70883076464987	17.25577056530794	cocopye	2.866672694697769	-2.744216606447342	2.866672694697769	2.744216606447342	low	low
G_r000_chimera_10pct	0	17	chimera	0.1	10.0	rc0.5	RS_GCF_029718665.1	Pseudomonadota	Bacteria	medium	59.8421580699521	19.999987171755283	59.8421580699521	19.999987171755283	6236239	19	4979147	18	4979147	0.1052631578947368		0	0	0	1	True	62.70883076464987	17.25577056530794	cocopye	2.866672694697769	-2.744216606447342	2.866672694697769	2.744216606447342	low	low
G_r000_chimera_20pct	0	18	chimera	0.2	20.0	rc0.5	RS_GCF_029718665.1	Pseudomonadota	Bacteria	medium	59.8421580699521	19.999987171755283	59.8421580699521	19.999987171755283	6236239	19	4979147	17	4979147	0.2105263157894736		0	0	0	2	True	62.70883076464987	17.25577056530794	cocopye	2.866672694697769	-2.744216606447342	2.866672694697769	2.744216606447342	low	low
G_r000_chimera_40pct	0	19	chimera	0.4	40.0	rc0.5	RS_GCF_029718665.1	Pseudomonadota	Bacteria	medium	59.8421580699521	19.999987171755283	59.8421580699521	19.999987171755283	6236239	19	4979147	15	4979147	0.4210526315789473		0	0	0	4	True	62.70883076464987	17.25577056530794	cocopye	2.866672694697769	-2.744216606447342	2.866672694697769	2.744216606447342	low	low
G_r000_uneven_coverage_5pct	0	20	uneven_coverage	0.05	5.0	lognormal_sigma1.0	RS_GCF_029718665.1	Pseudomonadota	Bacteria	medium	59.8421580699521	19.999987171755283	59.8421580699521	23.99208882148359	6236239	19	4979147	21	5228104	0.0499999297068353		248957	0	0	0	True	62.45083241183608	22.199688091620303	cocopye	2.608674341883983	2.1997009198650197	2.608674341883983	2.1997009198650197	low	low
G_r000_uneven_coverage_10pct	0	21	uneven_coverage	0.1	10.0	lognormal_sigma1.0	RS_GCF_029718665.1	Pseudomonadota	Bacteria	medium	59.8421580699521	19.999987171755283	59.8421580699521	27.98420650651779	6236239	19	4979147	23	5477062	0.100000060251284		497915	0	0	0	True	62.0619460095384	24.84323317660482	cocopye	2.219787939586304	4.8432460048495365	2.219787939586304	4.8432460048495365	low	low
G_r000_uneven_coverage_20pct	0	22	uneven_coverage	0.2	20.0	lognormal_sigma1.0	RS_GCF_029718665.1	Pseudomonadota	Bacteria	medium	59.8421580699521	19.999987171755283	59.8421580699521	35.9684098059744	6236239	19	4979147	25	5974976	0.1999999196649546		995829	0	0	0	True	62.326248494813605	29.3142089444096	cocopye	2.484090424861506	9.314221772654317	2.484090424861506	9.314221772654317	low	low
G_r000_uneven_coverage_40pct	0	23	uneven_coverage	0.4	40.0	lognormal_sigma1.0	RS_GCF_029718665.1	Pseudomonadota	Bacteria	medium	59.8421580699521	19.999987171755283	59.8421580699521	51.93684847549942	6236239	19	4979147	26	6970806	0.4000000401675226		1991659	0	0	0	True	65.7066636213278	29.7242506965706	cocopye	5.864505551375707	9.724263524815317	5.864505551375707	9.724263524815317	low	low
G_r001_none_control	1	0	none	0.0	0.0	control	RS_GCF_029925445.1	Bacillota	Bacteria	low	69.09442327577179	4.999967803584241	69.09442327577179	4.999967803584241	2950639	40	2186258	40	2186258	0.0		0	0	0	0	True	72.10417588174009	3.5632511624587	cocopye	3.009752605968302	-1.4367166411255408	3.009752605968302	1.4367166411255408	medium	medium
G_r001_substitution_0p1pct	1	1	substitution	0.001	0.1	uniform	RS_GCF_029925445.1	Bacillota	Bacteria	low	69.09442327577179	4.999967803584241	69.09442327577179	4.999967803584241	2950639	40	2186258	40	2186258	0.0009889043287663	0.0089640838741259	0	2162	0	0	True	72.31437625681049	5.41565209365947	cocopye	3.219952981038702	0.41568429007522933	3.219952981038702	0.41568429007522933	medium	medium
G_r001_substitution_0p5pct	1	2	substitution	0.005	0.5	uniform	RS_GCF_029925445.1	Bacillota	Bacteria	low	69.09442327577179	4.999967803584241	69.09442327577179	4.999967803584241	2950639	40	2186258	40	2186258	0.0050602444908148	0.0441104216424403	0	11063	0	0	True	70.85493214169114	9.64594964365152	cocopye	1.7605088659193484	4.645981840067279	1.7605088659193484	4.645981840067279	medium	medium
G_r001_substitution_1pct	1	3	substitution	0.01	1.0	uniform	RS_GCF_029925445.1	Bacillota	Bacteria	low	69.09442327577179	4.999967803584241	69.09442327577179	4.999967803584241	2950639	40	2186258	40	2186258	0.0099421019843037	0.0864827525163591	0	21736	0	0	True	68.07653352420087	20.05575358500318	cocopye	-1.0178897515709195	15.05578578141894	1.0178897515709195	15.05578578141894	low	medium
G_r001_substitution_2pct	1	4	substitution	0.02	2.0	uniform	RS_GCF_029925445.1	Bacillota	Bacteria	low	69.09442327577179	4.999967803584241	69.09442327577179	4.999967803584241	2950639	40	2186258	40	2186258	0.0201032997935284	0.1662522378698502	0	43951	0	0	True	65.66320852123286	26.11707630464138	cocopye	-3.431214754538928	21.11710850105714	3.431214754538928	21.11710850105714	low	medium
G_r001_substitution_5pct	1	5	substitution	0.05	5.0	uniform	RS_GCF_029925445.1	Bacillota	Bacteria	low	69.09442327577179	4.999967803584241	69.09442327577179	4.999967803584241	2950639	40	2186258	40	2186258	0.0500535618394535	0.3697505902753909	0	109430	0	0	True	71.63990235431886	37.39778592989042	cocopye	2.545479078547075	32.39781812630618	2.545479078547075	32.39781812630618	low	medium
G_r001_substitution_titv_0p1pct	1	6	substitution_titv	0.001	0.1	titv_2	RS_GCF_029925445.1	Bacillota	Bacteria	low	69.09442327577179	4.999967803584241	69.09442327577179	4.999967803584241	2950639	40	2186258	40	2186258	0.0010090300412851	0.0089640838741259	0	2206	0	0	True	71.88500298932318	5.03317215179413	cocopye	2.790579713551395	0.033204348209888934	2.790579713551395	0.033204348209888934	medium	medium
G_r001_substitution_titv_0p5pct	1	7	substitution_titv	0.005	0.5	titv_2	RS_GCF_029925445.1	Bacillota	Bacteria	low	69.09442327577179	4.999967803584241	69.09442327577179	4.999967803584241	2950639	40	2186258	40	2186258	0.0049577863179917	0.0441104216424403	0	10839	0	0	True	71.10641563991797	8.98825074880918	cocopye	2.011992364146181	3.98828294522494	2.011992364146181	3.98828294522494	medium	medium
G_r001_substitution_titv_1pct	1	8	substitution_titv	0.01	1.0	titv_2	RS_GCF_029925445.1	Bacillota	Bacteria	low	69.09442327577179	4.999967803584241	69.09442327577179	4.999967803584241	2950639	40	2186258	40	2186258	0.0099411871791892	0.0864827525163591	0	21734	0	0	True	69.2174512450102	16.78980351351756	cocopye	0.12302796923840731	11.789835709933318	0.12302796923840731	11.789835709933318	low	medium
G_r001_substitution_titv_2pct	1	9	substitution_titv	0.02	2.0	titv_2	RS_GCF_029925445.1	Bacillota	Bacteria	low	69.09442327577179	4.999967803584241	69.09442327577179	4.999967803584241	2950639	40	2186258	40	2186258	0.0198489839716995	0.1662522378698502	0	43395	0	0	True	67.8138541580117	24.23680088227025	cocopye	-1.2805691177600949	19.236833078686008	1.2805691177600949	19.236833078686008	low	medium
G_r001_substitution_titv_5pct	1	10	substitution_titv	0.05	5.0	titv_2	RS_GCF_029925445.1	Bacillota	Bacteria	low	69.09442327577179	4.999967803584241	69.09442327577179	4.999967803584241	2950639	40	2186258	40	2186258	0.0500069067786144	0.3697505902753909	0	109328	0	0	True	67.0071989850827	28.29146259491982	cocopye	-2.087224290689093	23.29149479133558	2.087224290689093	23.29149479133558	low	medium
G_r001_indel_0p1pct	1	11	indel	0.001	0.1	ins0.5_geom0.75	RS_GCF_029925445.1	Bacillota	Bacteria	low	69.09442327577179	4.999967803584241	69.090030324512	4.999967803584241	2950639	40	2186258	40	2186119	0.0010328149742619		0	0	2258	0	True	66.60554720854714	28.82025238255838	cocopye	-2.488876067224652	23.82028457897414	2.488876067224652	23.82028457897414	low	medium
G_r001_indel_0p5pct	1	12	indel	0.005	0.5	ins0.5_geom0.75	RS_GCF_029925445.1	Bacillota	Bacteria	low	69.09442327577179	4.999967803584241	69.0987846230657	4.999967803584241	2950639	40	2186258	40	2186396	0.004986145276541		0	0	10901	0	True	75.62636494375684	92.4045621174952	cocopye	6.531941667985052	87.40459431391096	6.531941667985052	87.40459431391096	low	medium
G_r001_indel_1pct	1	13	indel	0.01	1.0	ins0.5_geom0.75	RS_GCF_029925445.1	Bacillota	Bacteria	low	69.09442327577179	4.999967803584241	69.10017519756519	4.999967803584241	2950639	40	2186258	40	2186440	0.0099960754860588		0	0	21854	0	True	74.87486016625436	141.7016061554133	cocopye	5.7804368904825765	136.70163835182905	5.7804368904825765	136.70163835182905	low	medium
G_r001_indel_2pct	1	14	indel	0.02	2.0	ins0.5_geom0.75	RS_GCF_029925445.1	Bacillota	Bacteria	low	69.09442327577179	4.999967803584241	69.0856373732522	4.999967803584241	2950639	40	2186258	40	2185980	0.0199569309752096		0	0	43631	0	True	73.83668630715185	159.3860190986787	cocopye	4.742263031380062	154.38605129509446	4.742263031380062	154.38605129509446	low	medium
G_r001_indel_5pct	1	15	indel	0.05	5.0	ins0.5_geom0.75	RS_GCF_029925445.1	Bacillota	Bacteria	low	69.09442327577179	4.999967803584241	69.09328553299946	4.999967803584241	2950639	40	2186258	40	2186222	0.0502186841626194		0	0	109791	0	True	65.40156844942028	92.60519218235456	cocopye	-3.692854826351507	87.60522437877032	3.692854826351507	87.60522437877032	low	medium
G_r001_chimera_5pct	1	16	chimera	0.05	5.0	rc0.5	RS_GCF_029925445.1	Bacillota	Bacteria	low	69.09442327577179	4.999967803584241	69.09442327577179	4.999967803584241	2950639	40	2186258	39	2186258	0.05		0	0	0	1	True	72.10417588174009	3.5632511624587	cocopye	3.009752605968302	-1.4367166411255408	3.009752605968302	1.4367166411255408	medium	medium
G_r001_chimera_10pct	1	17	chimera	0.1	10.0	rc0.5	RS_GCF_029925445.1	Bacillota	Bacteria	low	69.09442327577179	4.999967803584241	69.09442327577179	4.999967803584241	2950639	40	2186258	38	2186258	0.1		0	0	0	2	True	72.10417588174009	3.5632511624587	cocopye	3.009752605968302	-1.4367166411255408	3.009752605968302	1.4367166411255408	medium	medium
G_r001_chimera_20pct	1	18	chimera	0.2	20.0	rc0.5	RS_GCF_029925445.1	Bacillota	Bacteria	low	69.09442327577179	4.999967803584241	69.09442327577179	4.999967803584241	2950639	40	2186258	36	2186258	0.2		0	0	0	4	True	72.10417588174009	3.5632511624587	cocopye	3.009752605968302	-1.4367166411255408	3.009752605968302	1.4367166411255408	medium	medium
G_r001_chimera_40pct	1	19	chimera	0.4	40.0	rc0.5	RS_GCF_029925445.1	Bacillota	Bacteria	low	69.09442327577179	4.999967803584241	69.09442327577179	4.999967803584241	2950639	40	2186258	32	2186258	0.4		0	0	0	8	True	72.10417588174009	3.5632511624587	cocopye	3.009752605968302	-1.4367166411255408	3.009752605968302	1.4367166411255408	medium	medium
G_r001_uneven_coverage_5pct	1	20	uneven_coverage	0.05	5.0	lognormal_sigma1.0	RS_GCF_029925445.1	Bacillota	Bacteria	low	69.09442327577179	4.999967803584241	69.09442327577179	8.704690746648438	2950639	40	2186258	44	2295571	0.0500000457402557		109313	0	0	0	True	71.33754526339844	7.72151720808896	cocopye	2.243121987626651	2.721549404504719	2.243121987626651	2.721549404504719	medium	medium
G_r001_uneven_coverage_10pct	1	21	uneven_coverage	0.1	10.0	lognormal_sigma1.0	RS_GCF_029925445.1	Bacillota	Bacteria	low	69.09442327577179	4.999967803584241	69.09442327577179	12.409413689712634	2950639	40	2186258	44	2404884	0.1000000914805114		218626	0	0	0	True	69.39509150385257	15.84820610106944	cocopye	0.30066822808078086	10.8482382974852	0.30066822808078086	10.8482382974852	low	medium
G_r001_uneven_coverage_20pct	1	22	uneven_coverage	0.2	20.0	lognormal_sigma1.0	RS_GCF_029925445.1	Bacillota	Bacteria	low	69.09442327577179	4.999967803584241	69.09442327577179	19.818859575841028	2950639	40	2186258	47	2623510	0.2000001829610229		437252	0	0	0	True	69.73443355305373	19.67373524882154	cocopye	0.6400102772819452	14.6737674452373	0.6400102772819452	14.6737674452373	low	medium
G_r001_uneven_coverage_40pct	1	23	uneven_coverage	0.4	40.0	lognormal_sigma1.0	RS_GCF_029925445.1	Bacillota	Bacteria	low	69.09442327577179	4.999967803584241	69.09442327577179	34.63771745713386	2950639	40	2186258	52	3060761	0.3999999085194886		874503	0	0	0	True	66.69696096249329	31.48466921084843	cocopye	-2.3974623132784956	26.48470140726419	2.3974623132784956	26.48470140726419	low	medium
G_r002_none_control	2	0	none	0.0	0.0	control	RS_GCF_020096995.1	Actinomycetota	Bacteria	low	81.496887067733	1.9999827521314977	81.496887067733	1.9999827521314977	3246778	153	2710958	153	2710958	0.0		0	0	0	0	True	80.53201901517431	1.54239422469749	cocopye	-0.9648680525586855	-0.4575885274340077	0.9648680525586855	0.4575885274340077	medium	medium
G_r002_substitution_0p1pct	2	1	substitution	0.001	0.1	uniform	RS_GCF_020096995.1	Actinomycetota	Bacteria	low	81.496887067733	1.9999827521314977	81.496887067733	1.9999827521314977	3246778	153	2710958	153	2710958	0.0009937446467263	0.0089640838741259	0	2694	0	0	True	80.72168914132527	1.93631835416341	cocopye	-0.7751979264077278	-0.06366439796808776	0.7751979264077278	0.06366439796808776	medium	medium
G_r002_substitution_0p5pct	2	2	substitution	0.005	0.5	uniform	RS_GCF_020096995.1	Actinomycetota	Bacteria	low	81.496887067733	1.9999827521314977	81.496887067733	1.9999827521314977	3246778	153	2710958	153	2710958	0.0049949132373131	0.0441104216424403	0	13541	0	0	True	79.20945643916674	8.04420548470809	cocopye	-2.2874306285662556	6.044222732576593	2.2874306285662556	6.044222732576593	medium	medium
G_r002_substitution_1pct	2	3	substitution	0.01	1.0	uniform	RS_GCF_020096995.1	Actinomycetota	Bacteria	low	81.496887067733	1.9999827521314977	81.496887067733	1.9999827521314977	3246778	153	2710958	153	2710958	0.0098773201207838	0.0864827525163591	0	26777	0	0	True	79.53812652728699	12.27839890455382	cocopye	-1.9587605404460078	10.278416152422322	1.9587605404460078	10.278416152422322	low	medium
G_r002_substitution_2pct	2	4	substitution	0.02	2.0	uniform	RS_GCF_020096995.1	Actinomycetota	Bacteria	low	81.496887067733	1.9999827521314977	81.496887067733	1.9999827521314977	3246778	153	2710958	153	2710958	0.0199143623766948	0.1662522378698502	0	53987	0	0	True	77.24420499342828	16.82008403905624	cocopye	-4.252682074304715	14.820101286924743	4.252682074304715	14.820101286924743	low	medium
G_r002_substitution_5pct	2	5	substitution	0.05	5.0	uniform	RS_GCF_020096995.1	Actinomycetota	Bacteria	low	81.496887067733	1.9999827521314977	81.496887067733	1.9999827521314977	3246778	153	2710958	153	2710958	0.0499380661743929	0.3697505902753909	0	135380	0	0	True	72.85216029927584	23.4454706530002	cocopye	-8.644726768457161	21.445487900868702	8.644726768457161	21.445487900868702	low	medium
G_r002_substitution_titv_0p1pct	2	6	substitution_titv	0.001	0.1	titv_2	RS_GCF_020096995.1	Actinomycetota	Bacteria	low	81.496887067733	1.9999827521314977	81.496887067733	1.9999827521314977	3246778	153	2710958	153	2710958	0.0009815718281138	0.0089640838741259	0	2661	0	0	True	80.0644567075533	2.59462185999767	cocopye	-1.4324303601796942	0.5946391078661724	1.4324303601796942	0.5946391078661724	medium	medium
G_r002_substitution_titv_0p5pct	2	7	substitution_titv	0.005	0.5	titv_2	RS_GCF_020096995.1	Actinomycetota	Bacteria	low	81.496887067733	1.9999827521314977	81.496887067733	1.9999827521314977	3246778	153	2710958	153	2710958	0.0049185564660168	0.0441104216424403	0	13334	0	0	True	77.90653169080595	6.48281560888046	cocopye	-3.59035537692705	4.482832856748963	3.59035537692705	4.482832856748963	medium	medium
G_r002_substitution_titv_1pct	2	8	substitution_titv	0.01	1.0	titv_2	RS_GCF_020096995.1	Actinomycetota	Bacteria	low	81.496887067733	1.9999827521314977	81.496887067733	1.9999827521314977	3246778	153	2710958	153	2710958	0.0099356021008071	0.0864827525163591	0	26935	0	0	True	79.38655034802899	6.78022509866124	cocopye	-2.1103367197040086	4.780242346529742	2.1103367197040086	4.780242346529742	medium	medium
G_r002_substitution_titv_2pct	2	9	substitution_titv	0.02	2.0	titv_2	RS_GCF_020096995.1	Actinomycetota	Bacteria	low	81.496887067733	1.9999827521314977	81.496887067733	1.9999827521314977	3246778	153	2710958	153	2710958	0.0201128162074071	0.1662522378698502	0	54525	0	0	True	78.55896481050573	15.96957747336659	cocopye	-2.937922257227271	13.969594721235092	2.937922257227271	13.969594721235092	low	medium
G_r002_substitution_titv_5pct	2	10	substitution_titv	0.05	5.0	titv_2	RS_GCF_020096995.1	Actinomycetota	Bacteria	low	81.496887067733	1.9999827521314977	81.496887067733	1.9999827521314977	3246778	153	2710958	153	2710958	0.0500826645045773	0.3697505902753909	0	135772	0	0	True	70.37544833144456	22.46122390940137	cocopye	-11.12143873628844	20.46124115726987	11.12143873628844	20.46124115726987	low	medium
G_r002_indel_0p1pct	2	11	indel	0.001	0.1	ins0.5_geom0.75	RS_GCF_020096995.1	Actinomycetota	Bacteria	low	81.496887067733	1.9999827521314977	81.49309925258774	1.9999827521314977	3246778	153	2710958	153	2710832	0.0009978022529305		0	0	2705	0	True	77.38921649688417	26.189627805741587	cocopye	-4.107670570848825	24.18964505361009	4.107670570848825	24.18964505361009	low	medium
G_r002_indel_0p5pct	2	12	indel	0.005	0.5	ins0.5_geom0.75	RS_GCF_020096995.1	Actinomycetota	Bacteria	low	81.496887067733	1.9999827521314977	81.496887067733	1.9999827521314977	3246778	153	2710958	153	2710958	0.0049414266100765		0	0	13396	0	True	79.50503178926189	62.58700696055685	cocopye	-1.9918552784711068	60.58702420842535	1.9918552784711068	60.58702420842535	low	medium
G_r002_indel_1pct	2	13	indel	0.01	1.0	ins0.5_geom0.75	RS_GCF_020096995.1	Actinomycetota	Bacteria	low	81.496887067733	1.9999827521314977	81.48988261591678	1.9999827521314977	3246778	153	2710958	153	2710725	0.0100016304199474		0	0	27114	0	True	78.47938144329896	85.33075863553077	cocopye	-3.017505624434037	83.33077588339927	3.017505624434037	83.33077588339927	low	medium
G_r002_indel_2pct	2	14	indel	0.02	2.0	ins0.5_geom0.75	RS_GCF_020096995.1	Actinomycetota	Bacteria	low	81.496887067733	1.9999827521314977	81.49412136143646	1.9999827521314977	3246778	153	2710958	153	2710866	0.0200910526832212		0	0	54466	0	True	76.38888888888889	90.7407463921441	cocopye	-5.107998178844113	88.7407636400126	5.107998178844113	88.7407636400126	low	medium
G_r002_indel_5pct	2	15	indel	0.05	5.0	ins0.5_geom0.75	RS_GCF_020096995.1	Actinomycetota	Bacteria	low	81.496887067733	1.9999827521314977	81.49709750190775	1.9999827521314977	3246778	153	2710958	153	2710965	0.0498668736291746		0	0	135187	0	True	56.38268326913845	37.43016759776536	cocopye	-25.114203798594552	35.43018484563386	25.114203798594552	35.43018484563386	low	medium
G_r002_chimera_5pct	2	16	chimera	0.05	5.0	rc0.5	RS_GCF_020096995.1	Actinomycetota	Bacteria	low	81.496887067733	1.9999827521314977	81.496887067733	1.9999827521314977	3246778	153	2710958	149	2710958	0.0522875816993464		0	0	0	4	True	80.53201901517431	1.54239422469749	cocopye	-0.9648680525586855	-0.4575885274340077	0.9648680525586855	0.4575885274340077	medium	medium
G_r002_chimera_10pct	2	17	chimera	0.1	10.0	rc0.5	RS_GCF_020096995.1	Actinomycetota	Bacteria	low	81.496887067733	1.9999827521314977	81.496887067733	1.9999827521314977	3246778	153	2710958	146	2710958	0.0915032679738562		0	0	0	7	True	80.50559513011497	1.5141260819632	cocopye	-0.9912919376180298	-0.4858566701682976	0.9912919376180298	0.4858566701682976	medium	medium
G_r002_chimera_20pct	2	18	chimera	0.2	20.0	rc0.5	RS_GCF_020096995.1	Actinomycetota	Bacteria	low	81.496887067733	1.9999827521314977	81.496887067733	1.9999827521314977	3246778	153	2710958	138	2710958	0.196078431372549		0	0	0	15	True	80.53201901517431	1.54239422469749	cocopye	-0.9648680525586855	-0.4575885274340077	0.9648680525586855	0.4575885274340077	medium	medium
G_r002_chimera_40pct	2	19	chimera	0.4	40.0	rc0.5	RS_GCF_020096995.1	Actinomycetota	Bacteria	low	81.496887067733	1.9999827521314977	81.496887067733	1.9999827521314977	3246778	153	2710958	123	2710958	0.392156862745098		0	0	0	30	True	80.51645985565307	1.55240734923545	cocopye	-0.9804272120799311	-0.4475754028960477	0.9804272120799311	0.4475754028960477	medium	medium
G_r002_uneven_coverage_5pct	2	20	uneven_coverage	0.05	5.0	lognormal_sigma1.0	RS_GCF_020096995.1	Actinomycetota	Bacteria	low	81.496887067733	1.9999827521314977	81.496887067733	6.174829323101241	3246778	153	2710958	163	2846506	0.0500000368873291		135548	0	0	0	True	80.3172657586226	3.96680844700016	cocopye	-1.1796213091104022	1.9668256948686622	1.1796213091104022	1.9668256948686622	medium	medium
G_r002_uneven_coverage_10pct	2	21	uneven_coverage	0.1	10.0	lognormal_sigma1.0	RS_GCF_020096995.1	Actinomycetota	Bacteria	low	81.496887067733	1.9999827521314977	81.496887067733	10.349675894070984	3246778	153	2710958	164	2982054	0.1000000737746582		271096	0	0	0	True	79.31186863858034	14.11084185191425	cocopye	-2.185018429152663	12.110859099782752	2.185018429152663	12.110859099782752	low	medium
G_r002_uneven_coverage_20pct	2	22	uneven_coverage	0.2	20.0	lognormal_sigma1.0	RS_GCF_020096995.1	Actinomycetota	Bacteria	low	81.496887067733	1.9999827521314977	81.496887067733	18.69936903601047	3246778	153	2710958	181	3253150	0.2000001475493165		542192	0	0	0	True	77.56538158493217	22.582625172213	cocopye	-3.93150548280083	20.582642420081502	3.93150548280083	20.582642420081502	low	medium
G_r002_uneven_coverage_40pct	2	23	uneven_coverage	0.4	40.0	lognormal_sigma1.0	RS_GCF_020096995.1	Actinomycetota	Bacteria	low	81.496887067733	1.9999827521314977	81.496887067733	35.39872452012426	3246778	153	2710958	210	3795341	0.3999999262253417		1084383	0	0	0	True	82.08955223880598	48.098793924490266	cocopye	0.59266517107298	46.098811172358765	0.59266517107298	46.098811172358765	low	medium
G_r003_none_control	3	0	none	0.0	0.0	control	RS_GCF_963675585.1	Bacteroidota	Bacteria	low	69.81887252003206	4.999988404978969	69.81887252003206	4.999988404978969	6037074	164	4516870	164	4516870	0.0		0	0	0	0	True	62.78062932279035	19.66274865784223	cocopye	-7.038243197241712	14.662760252863261	7.038243197241712	14.662760252863261	low	medium
G_r003_substitution_0p1pct	3	1	substitution	0.001	0.1	uniform	RS_GCF_963675585.1	Bacteroidota	Bacteria	low	69.81887252003206	4.999988404978969	69.81887252003206	4.999988404978969	6037074	164	4516870	164	4516870	0.0010124267468401	0.0089640838741259	0	4573	0	0	True	62.89816817639089	20.65196661284194	cocopye	-6.9207043436411695	15.651978207862971	6.9207043436411695	15.651978207862971	low	medium
G_r003_substitution_0p5pct	3	2	substitution	0.005	0.5	uniform	RS_GCF_963675585.1	Bacteroidota	Bacteria	low	69.81887252003206	4.999988404978969	69.81887252003206	4.999988404978969	6037074	164	4516870	164	4516870	0.0050382233714939	0.0441104216424403	0	22757	0	0	True	62.92883902665061	21.344773160921378	cocopye	-6.890033493381452	16.34478475594241	6.890033493381452	16.34478475594241	low	medium
G_r003_substitution_1pct	3	3	substitution	0.01	1.0	uniform	RS_GCF_963675585.1	Bacteroidota	Bacteria	low	69.81887252003206	4.999988404978969	69.81887252003206	4.999988404978969	6037074	164	4516870	164	4516870	0.0100020589478997	0.0864827525163591	0	45178	0	0	True	62.462078878776296	24.43200082625738	cocopye	-7.356793641255763	19.43201242127841	7.356793641255763	19.43201242127841	low	medium
G_r003_substitution_2pct	3	4	substitution	0.02	2.0	uniform	RS_GCF_963675585.1	Bacteroidota	Bacteria	low	69.81887252003206	4.999988404978969	69.81887252003206	4.999988404978969	6037074	164	4516870	164	4516870	0.0199334937689152	0.1662522378698502	0	90037	0	0	True	63.78299120234604	31.3049853372434	cocopye	-6.0358813176860195	26.304996932264434	6.0358813176860195	26.304996932264434	low	medium
G_r003_substitution_5pct	3	5	substitution	0.05	5.0	uniform	RS_GCF_963675585.1	Bacteroidota	Bacteria	low	69.81887252003206	4.999988404978969	69.81887252003206	4.999988404978969	6037074	164	4516870	164	4516870	0.0498736957229231	0.3697505902753909	0	225273	0	0	True	63.0529576001509	47.50778816199377	cocopye	-6.765914919881162	42.5077997570148	6.765914919881162	42.5077997570148	low	medium
G_r003_substitution_titv_0p1pct	3	6	substitution_titv	0.001	0.1	titv_2	RS_GCF_963675585.1	Bacteroidota	Bacteria	low	69.81887252003206	4.999988404978969	69.81887252003206	4.999988404978969	6037074	164	4516870	164	4516870	0.0009630562756953	0.0089640838741259	0	4350	0	0	True	62.73433571195163	20.0952112734112	cocopye	-7.084536808080429	15.09522286843223	7.084536808080429	15.09522286843223	low	medium
G_r003_substitution_titv_0p5pct	3	7	substitution_titv	0.005	0.5	titv_2	RS_GCF_963675585.1	Bacteroidota	Bacteria	low	69.81887252003206	4.999988404978969	69.81887252003206	4.999988404978969	6037074	164	4516870	164	4516870	0.004971805697308	0.0441104216424403	0	22457	0	0	True	62.46183947950163	21.76316373214193	cocopye	-7.357033040530432	16.763175327162962	7.357033040530432	16.763175327162962	low	medium
G_r003_substitution_titv_1pct	3	8	substitution_titv	0.01	1.0	titv_2	RS_GCF_963675585.1	Bacteroidota	Bacteria	low	69.81887252003206	4.999988404978969	69.81887252003206	4.999988404978969	6037074	164	4516870	164	4516870	0.0100589567554523	0.0864827525163591	0	45435	0	0	True	63.7396864387394	21.35511772531605	cocopye	-6.0791860812926615	16.35512932033708	6.0791860812926615	16.35512932033708	low	medium
G_r003_substitution_titv_2pct	3	9	substitution_titv	0.02	2.0	titv_2	RS_GCF_963675585.1	Bacteroidota	Bacteria	low	69.81887252003206	4.999988404978969	69.81887252003206	4.999988404978969	6037074	164	4516870	164	4516870	0.0198648621722564	0.1662522378698502	0	89727	0	0	True	62.83639114772316	25.10636153856875	cocopye	-6.9824813723088965	20.10637313358978	6.9824813723088965	20.10637313358978	low	medium
G_r003_substitution_titv_5pct	3	10	substitution_titv	0.05	5.0	titv_2	RS_GCF_963675585.1	Bacteroidota	Bacteria	low	69.81887252003206	4.999988404978969	69.81887252003206	4.999988404978969	6037074	164	4516870	164	4516870	0.0500840183578451	0.3697505902753909	0	226223	0	0	True	62.27134146341463	37.27134146341463	cocopye	-7.54753105661743	32.27135305843566	7.54753105661743	32.27135305843566	low	medium
G_r003_indel_0p1pct	3	11	indel	0.001	0.1	ins0.5_geom0.75	RS_GCF_963675585.1	Bacteroidota	Bacteria	low	69.81887252003206	4.999988404978969	69.81962993052949	4.999988404978969	6037074	164	4516870	164	4516919	0.0009774467717689		0	0	4415	0	True	63.57142857142857	30.83333478655134	cocopye	-6.24744394860349	25.833346381572373	6.24744394860349	25.833346381572373	low	medium
G_r003_indel_0p5pct	3	12	indel	0.005	0.5	ins0.5_geom0.75	RS_GCF_963675585.1	Bacteroidota	Bacteria	low	69.81887252003206	4.999988404978969	69.82287597551841	4.999988404978969	6037074	164	4516870	164	4517129	0.0049704773438243		0	0	22451	0	True	67.56756756756756	85.8108108108108	cocopye	-2.251304952464494	80.81082240583184	2.251304952464494	80.81082240583184	low	medium
G_r003_indel_1pct	3	13	indel	0.01	1.0	ins0.5_geom0.75	RS_GCF_963675585.1	Bacteroidota	Bacteria	low	69.81887252003206	4.999988404978969	69.82480814515469	4.999988404978969	6037074	164	4516870	164	4517254	0.0099369696271975		0	0	44884	0	True	66.51041507720947	125.5859375	cocopye	-3.3084574428225864	120.58594909502104	3.3084574428225864	120.58594909502104	low	medium
G_r003_indel_2pct	3	14	indel	0.02	2.0	ins0.5_geom0.75	RS_GCF_963675585.1	Bacteroidota	Bacteria	low	69.81887252003206	4.999988404978969	69.82170121637957	4.999988404978969	6037074	164	4516870	164	4517053	0.0199058197380044		0	0	89912	0	True	62.91666666666666	133.49536471896698	cocopye	-6.902205853365402	128.495376313988	6.902205853365402	128.495376313988	low	medium
G_r003_indel_5pct	3	15	indel	0.05	5.0	ins0.5_geom0.75	RS_GCF_963675585.1	Bacteroidota	Bacteria	low	69.81887252003206	4.999988404978969	69.80347699237021	4.999988404978969	6037074	164	4516870	164	4515874	0.0500731701377281		0	0	226174	0	True	52.82131661442007	89.18495297805643	cocopye	-16.99755590561199	84.18496457307747	16.99755590561199	84.18496457307747	low	medium
G_r003_chimera_5pct	3	16	chimera	0.05	5.0	rc0.5	RS_GCF_963675585.1	Bacteroidota	Bacteria	low	69.81887252003206	4.999988404978969	69.81887252003206	4.999988404978969	6037074	164	4516870	160	4516870	0.048780487804878		0	0	0	4	True	62.78062932279035	19.66274865784223	cocopye	-7.038243197241712	14.662760252863261	7.038243197241712	14.662760252863261	low	medium
G_r003_chimera_10pct	3	17	chimera	0.1	10.0	rc0.5	RS_GCF_963675585.1	Bacteroidota	Bacteria	low	69.81887252003206	4.999988404978969	69.81887252003206	4.999988404978969	6037074	164	4516870	156	4516870	0.0975609756097561		0	0	0	8	True	62.7804367325998	19.64773568333199	cocopye	-7.038435787432256	14.647747278353023	7.038435787432256	14.647747278353023	low	medium
G_r003_chimera_20pct	3	18	chimera	0.2	20.0	rc0.5	RS_GCF_963675585.1	Bacteroidota	Bacteria	low	69.81887252003206	4.999988404978969	69.81887252003206	4.999988404978969	6037074	164	4516870	147	4516870	0.2073170731707317		0	0	0	17	True	62.76338569374372	19.68368834165502	cocopye	-7.0554868262883375	14.683699936676053	7.0554868262883375	14.683699936676053	low	medium
G_r003_chimera_40pct	3	19	chimera	0.4	40.0	rc0.5	RS_GCF_963675585.1	Bacteroidota	Bacteria	low	69.81887252003206	4.999988404978969	69.81887252003206	4.999988404978969	6037074	164	4516870	131	4516870	0.4024390243902439		0	0	0	33	True	62.77255415004254	19.56996143406066	cocopye	-7.046318369989521	14.569973029081691	7.046318369989521	14.569973029081691	low	medium
G_r003_uneven_coverage_5pct	3	20	uneven_coverage	0.05	5.0	lognormal_sigma1.0	RS_GCF_963675585.1	Bacteroidota	Bacteria	low	69.81887252003206	4.999988404978969	69.81887252003206	8.7409397333874	6037074	164	4516870	174	4742714	0.0500001106961236		225844	0	0	0	True	62.62349515988199	22.08166008464229	cocopye	-7.195377360150069	17.081671679663323	7.195377360150069	17.081671679663323	low	medium
G_r003_uneven_coverage_10pct	3	21	uneven_coverage	0.1	10.0	lognormal_sigma1.0	RS_GCF_963675585.1	Bacteroidota	Bacteria	low	69.81887252003206	4.999988404978969	69.81887252003206	12.48187449748007	6037074	164	4516870	185	4968557	0.1		451687	0	0	0	True	63.05033345558571	21.6980441438804	cocopye	-6.768539064446351	16.69805573890143	6.768539064446351	16.69805573890143	low	medium
G_r003_uneven_coverage_20pct	3	22	uneven_coverage	0.2	20.0	lognormal_sigma1.0	RS_GCF_963675585.1	Bacteroidota	Bacteria	low	69.81887252003206	4.999988404978969	69.81887252003206	19.96376058998117	6037074	164	4516870	196	5420244	0.2		903374	0	0	0	True	63.988919667590025	34.74145820596542	cocopye	-5.829952852442034	29.741469800986454	5.829952852442034	29.741469800986454	low	medium
G_r003_uneven_coverage_40pct	3	23	uneven_coverage	0.4	40.0	lognormal_sigma1.0	RS_GCF_963675585.1	Bacteroidota	Bacteria	low	69.81887252003206	4.999988404978969	69.81887252003206	34.927532774983376	6037074	164	4516870	230	6323618	0.4		1806748	0	0	0	True	65.56728232189974	50.81354709917135	cocopye	-4.25159019813232	45.81355869419238	4.25159019813232	45.81355869419238	low	medium
G_r004_none_control	4	0	none	0.0	0.0	control	RS_GCF_030323385.1	Campylobacterota	Bacteria	highly_fragmented	82.53028281605829	0.0	82.53028281605829	0.0	1662494	127	1372061	127	1372061	0.0		0	0	0	0	True	83.35782907855078	2.64002840359421	cocopye	0.8275462624924899	2.64002840359421	0.8275462624924899	2.64002840359421	medium	medium
G_r004_substitution_0p1pct	4	1	substitution	0.001	0.1	uniform	RS_GCF_030323385.1	Campylobacterota	Bacteria	highly_fragmented	82.53028281605829	0.0	82.53028281605829	0.0	1662494	127	1372061	127	1372061	0.0010189051361419	0.0089640838741259	0	1398	0	0	True	81.71130024806624	4.50520692210561	cocopye	-0.8189825679920517	4.50520692210561	0.8189825679920517	4.50520692210561	medium	medium
G_r004_substitution_0p5pct	4	2	substitution	0.005	0.5	uniform	RS_GCF_030323385.1	Campylobacterota	Bacteria	highly_fragmented	82.53028281605829	0.0	82.53028281605829	0.0	1662494	127	1372061	127	1372061	0.005066830119069	0.0441104216424403	0	6952	0	0	True	82.00186801194182	10.739481420123589	cocopye	-0.5284148041164656	10.739481420123589	0.5284148041164656	10.739481420123589	low	medium
G_r004_substitution_1pct	4	3	substitution	0.01	1.0	uniform	RS_GCF_030323385.1	Campylobacterota	Bacteria	highly_fragmented	82.53028281605829	0.0	82.53028281605829	0.0	1662494	127	1372061	127	1372061	0.0098654505885671	0.0864827525163591	0	13536	0	0	True	79.00813383683021	21.40666019323669	cocopye	-3.522148979228078	21.40666019323669	3.522148979228078	21.40666019323669	low	medium
G_r004_substitution_2pct	4	4	substitution	0.02	2.0	uniform	RS_GCF_030323385.1	Campylobacterota	Bacteria	highly_fragmented	82.53028281605829	0.0	82.53028281605829	0.0	1662494	127	1372061	127	1372061	0.019929871922604	0.1662522378698502	0	27345	0	0	True	78.54624891349187	24.47255584066232	cocopye	-3.9840339025664235	24.47255584066232	3.9840339025664235	24.47255584066232	low	medium
G_r004_substitution_5pct	4	5	substitution	0.05	5.0	uniform	RS_GCF_030323385.1	Campylobacterota	Bacteria	highly_fragmented	82.53028281605829	0.0	82.53028281605829	0.0	1662494	127	1372061	127	1372061	0.0501712387423008	0.3697505902753909	0	68838	0	0	True	82.89473684210526	48.90218001613586	cocopye	0.3644540260469711	48.90218001613586	0.3644540260469711	48.90218001613586	low	medium
G_r004_substitution_titv_0p1pct	4	6	substitution_titv	0.001	0.1	titv_2	RS_GCF_030323385.1	Campylobacterota	Bacteria	highly_fragmented	82.53028281605829	0.0	82.53028281605829	0.0	1662494	127	1372061	127	1372061	0.0009693446574168	0.0089640838741259	0	1330	0	0	True	83.14553277797245	4.69513993928441	cocopye	0.6152499619141594	4.69513993928441	0.6152499619141594	4.69513993928441	medium	medium
G_r004_substitution_titv_0p5pct	4	7	substitution_titv	0.005	0.5	titv_2	RS_GCF_030323385.1	Campylobacterota	Bacteria	highly_fragmented	82.53028281605829	0.0	82.53028281605829	0.0	1662494	127	1372061	127	1372061	0.0050362192351506	0.0441104216424403	0	6910	0	0	True	82.83866752430484	7.47247493258252	cocopye	0.3083847082465496	7.47247493258252	0.3083847082465496	7.47247493258252	medium	medium
G_r004_substitution_titv_1pct	4	8	substitution_titv	0.01	1.0	titv_2	RS_GCF_030323385.1	Campylobacterota	Bacteria	highly_fragmented	82.53028281605829	0.0	82.53028281605829	0.0	1662494	127	1372061	127	1372061	0.0100746249620097	0.0864827525163591	0	13823	0	0	True	81.21124738232753	14.73814705845984	cocopye	-1.319035433730761	14.73814705845984	1.319035433730761	14.73814705845984	low	medium
G_r004_substitution_titv_2pct	4	9	substitution_titv	0.02	2.0	titv_2	RS_GCF_030323385.1	Campylobacterota	Bacteria	highly_fragmented	82.53028281605829	0.0	82.53028281605829	0.0	1662494	127	1372061	127	1372061	0.0201733013328124	0.1662522378698502	0	27679	0	0	True	78.58095703020102	19.73472691858563	cocopye	-3.949325785857269	19.73472691858563	3.949325785857269	19.73472691858563	low	medium
G_r004_substitution_titv_5pct	4	10	substitution_titv	0.05	5.0	titv_2	RS_GCF_030323385.1	Campylobacterota	Bacteria	highly_fragmented	82.53028281605829	0.0	82.53028281605829	0.0	1662494	127	1372061	127	1372061	0.0502725461914594	0.3697505902753909	0	68977	0	0	True	82.65866761443496	37.816090276395	cocopye	0.12838479837667194	37.816090276395	0.12838479837667194	37.816090276395	low	medium
G_r004_indel_0p1pct	4	11	indel	0.001	0.1	ins0.5_geom0.75	RS_GCF_030323385.1	Campylobacterota	Bacteria	highly_fragmented	82.53028281605829	0.0	82.53022266546526	0.0	1662494	127	1372061	127	1372060	0.0010108879998775		0	0	1387	0	True	77.90730026187703	25.02385865415535	cocopye	-4.622982554181263	25.02385865415535	4.622982554181263	25.02385865415535	low	medium
G_r004_indel_0p5pct	4	12	indel	0.005	0.5	ins0.5_geom0.75	RS_GCF_030323385.1	Campylobacterota	Bacteria	highly_fragmented	82.53028281605829	0.0	82.52420760616279	0.0	1662494	127	1372061	127	1371960	0.004934911785992		0	0	6771	0	True	84.6185064935065	112.280848119166	cocopye	2.0882236774482124	112.280848119166	2.0882236774482124	112.280848119166	low	medium
G_r004_indel_1pct	4	13	indel	0.01	1.0	ins0.5_geom0.75	RS_GCF_030323385.1	Campylobacterota	Bacteria	highly_fragmented	82.53028281605829	0.0	82.53076402080248	0.0	1662494	127	1372061	127	1372069	0.0101926955142664		0	0	13985	0	True	84.35801866319444	164.17037398726853	cocopye	1.8277358471361538	164.17037398726853	1.8277358471361538	164.17037398726853	low	medium
G_r004_indel_2pct	4	14	indel	0.02	2.0	ins0.5_geom0.75	RS_GCF_030323385.1	Campylobacterota	Bacteria	highly_fragmented	82.53028281605829	0.0	82.53280914096533	0.0	1662494	127	1372061	127	1372103	0.0201856914524937		0	0	27696	0	True	82.62481161467345	195.6401257366457	cocopye	0.0945287986151584	195.6401257366457	0.0945287986151584	195.6401257366457	low	medium
G_r004_indel_5pct	4	15	indel	0.05	5.0	ins0.5_geom0.75	RS_GCF_030323385.1	Campylobacterota	Bacteria	highly_fragmented	82.53028281605829	0.0	82.54441820541909	0.0	1662494	127	1372061	127	1372296	0.0499358264683567		0	0	68515	0	True	73.40094079837412	116.37545628778275	cocopye	-9.129342017684166	116.37545628778275	9.129342017684166	116.37545628778275	low	medium
G_r004_chimera_5pct	4	16	chimera	0.05	5.0	rc0.5	RS_GCF_030323385.1	Campylobacterota	Bacteria	highly_fragmented	82.53028281605829	0.0	82.53028281605829	0.0	1662494	127	1372061	124	1372061	0.0472440944881889		0	0	0	3	True	83.35782907855078	2.64002840359421	cocopye	0.8275462624924899	2.64002840359421	0.8275462624924899	2.64002840359421	medium	medium
G_r004_chimera_10pct	4	17	chimera	0.1	10.0	rc0.5	RS_GCF_030323385.1	Campylobacterota	Bacteria	highly_fragmented	82.53028281605829	0.0	82.53028281605829	0.0	1662494	127	1372061	120	1372061	0.1102362204724409		0	0	0	7	True	83.38959894608612	2.4374012955357403	cocopye	0.8593161300278354	2.4374012955357403	0.8593161300278354	2.4374012955357403	medium	medium
G_r004_chimera_20pct	4	18	chimera	0.2	20.0	rc0.5	RS_GCF_030323385.1	Campylobacterota	Bacteria	highly_fragmented	82.53028281605829	0.0	82.53028281605829	0.0	1662494	127	1372061	114	1372061	0.2047244094488189		0	0	0	13	True	83.35782907855078	2.64002840359421	cocopye	0.8275462624924899	2.64002840359421	0.8275462624924899	2.64002840359421	medium	medium
G_r004_chimera_40pct	4	19	chimera	0.4	40.0	rc0.5	RS_GCF_030323385.1	Campylobacterota	Bacteria	highly_fragmented	82.53028281605829	0.0	82.53028281605829	0.0	1662494	127	1372061	101	1372061	0.4094488188976378		0	0	0	26	True	83.34931964409542	2.5922687013237	cocopye	0.8190368280371274	2.5922687013237	0.8190368280371274	2.5922687013237	medium	medium
G_r004_uneven_coverage_5pct	4	20	uneven_coverage	0.05	5.0	lognormal_sigma1.0	RS_GCF_030323385.1	Campylobacterota	Bacteria	highly_fragmented	82.53028281605829	0.0	82.53028281605829	4.126511133273263	1662494	127	1372061	131	1440664	0.0499999635584715		68603	0	0	0	True	83.57726891477668	7.78374426765816	cocopye	1.046986098718392	7.78374426765816	1.046986098718392	7.78374426765816	medium	medium
G_r004_uneven_coverage_10pct	4	21	uneven_coverage	0.1	10.0	lognormal_sigma1.0	RS_GCF_030323385.1	Campylobacterota	Bacteria	highly_fragmented	82.53028281605829	0.0	82.53028281605829	8.253022266546527	1662494	127	1372061	142	1509267	0.099999927116943		137206	0	0	0	True	82.47391179256873	13.85060793441948	cocopye	-0.05637102348956091	13.85060793441948	0.05637102348956091	13.85060793441948	low	medium
G_r004_uneven_coverage_20pct	4	22	uneven_coverage	0.2	20.0	lognormal_sigma1.0	RS_GCF_030323385.1	Campylobacterota	Bacteria	highly_fragmented	82.53028281605829	0.0	82.53028281605829	16.506044533093053	1662494	127	1372061	155	1646473	0.1999998542338861		274412	0	0	0	True	79.20246859869759	27.36314315866992	cocopye	-3.3278142173606966	27.36314315866992	3.3278142173606966	27.36314315866992	low	medium
G_r004_uneven_coverage_40pct	4	23	uneven_coverage	0.4	40.0	lognormal_sigma1.0	RS_GCF_030323385.1	Campylobacterota	Bacteria	highly_fragmented	82.53028281605829	0.0	82.53028281605829	33.01208906618611	1662494	127	1372061	175	1920885	0.3999997084677722		548824	0	0	0	True	83.60413589364845	39.67257208098689	cocopye	1.073853077590158	39.67257208098689	1.073853077590158	39.67257208098689	low	medium
G_r005_none_control	5	0	none	0.0	0.0	control	RS_GCF_036630095.1	Cyanobacteriota	Bacteria	highly_fragmented	59.26823325524292	0.0	59.26823325524292	0.0	2803161	39	1661384	39	1661384	0.0		0	0	0	0	True	63.76440325352522	3.63040989304549	cocopye	4.496169998282298	3.63040989304549	4.496169998282298	3.63040989304549	medium	medium
G_r005_substitution_0p1pct	5	1	substitution	0.001	0.1	uniform	RS_GCF_036630095.1	Cyanobacteriota	Bacteria	highly_fragmented	59.26823325524292	0.0	59.26823325524292	0.0	2803161	39	1661384	39	1661384	0.0010244470874885	0.0089640838741259	0	1702	0	0	True	63.57633739674007	4.16916103147845	cocopye	4.308104141497154	4.16916103147845	4.308104141497154	4.16916103147845	medium	medium
G_r005_substitution_0p5pct	5	2	substitution	0.005	0.5	uniform	RS_GCF_036630095.1	Cyanobacteriota	Bacteria	highly_fragmented	59.26823325524292	0.0	59.26823325524292	0.0	2803161	39	1661384	39	1661384	0.0049964367057826	0.0441104216424403	0	8301	0	0	True	63.75035421842533	8.14951438759575	cocopye	4.48212096318241	8.14951438759575	4.48212096318241	8.14951438759575	medium	medium
G_r005_substitution_1pct	5	3	substitution	0.01	1.0	uniform	RS_GCF_036630095.1	Cyanobacteriota	Bacteria	highly_fragmented	59.26823325524292	0.0	59.26823325524292	0.0	2803161	39	1661384	39	1661384	0.0100404241283171	0.0864827525163591	0	16681	0	0	True	62.58214845598632	16.97688965069609	cocopye	3.313915200743402	16.97688965069609	3.313915200743402	16.97688965069609	low	medium
G_r005_substitution_2pct	5	4	substitution	0.02	2.0	uniform	RS_GCF_036630095.1	Cyanobacteriota	Bacteria	highly_fragmented	59.26823325524292	0.0	59.26823325524292	0.0	2803161	39	1661384	39	1661384	0.0200856635190901	0.1662522378698502	0	33370	0	0	True	63.79191313737304	20.10007346264787	cocopye	4.523679882130118	20.10007346264787	4.523679882130118	20.10007346264787	low	medium
G_r005_substitution_5pct	5	5	substitution	0.05	5.0	uniform	RS_GCF_036630095.1	Cyanobacteriota	Bacteria	highly_fragmented	59.26823325524292	0.0	59.26823325524292	0.0	2803161	39	1661384	39	1661384	0.0501304936125543	0.3697505902753909	0	83286	0	0	True	63.71666621557856	25.698378296379747	cocopye	4.448432960335644	25.698378296379747	4.448432960335644	25.698378296379747	low	medium
G_r005_substitution_titv_0p1pct	5	6	substitution_titv	0.001	0.1	titv_2	RS_GCF_036630095.1	Cyanobacteriota	Bacteria	highly_fragmented	59.26823325524292	0.0	59.26823325524292	0.0	2803161	39	1661384	39	1661384	0.0009498105194223	0.0089640838741259	0	1578	0	0	True	63.52962903101851	4.5191288371035	cocopye	4.26139577577559	4.5191288371035	4.26139577577559	4.5191288371035	medium	medium
G_r005_substitution_titv_0p5pct	5	7	substitution_titv	0.005	0.5	titv_2	RS_GCF_036630095.1	Cyanobacteriota	Bacteria	highly_fragmented	59.26823325524292	0.0	59.26823325524292	0.0	2803161	39	1661384	39	1661384	0.0049735642091172	0.0441104216424403	0	8263	0	0	True	63.67221790607269	6.295224689019829	cocopye	4.40398465082977	6.295224689019829	4.40398465082977	6.295224689019829	medium	medium
G_r005_substitution_titv_1pct	5	8	substitution_titv	0.01	1.0	titv_2	RS_GCF_036630095.1	Cyanobacteriota	Bacteria	highly_fragmented	59.26823325524292	0.0	59.26823325524292	0.0	2803161	39	1661384	39	1661384	0.0100566756391057	0.0864827525163591	0	16708	0	0	True	63.26988876045323	13.867060820287447	cocopye	4.001655505210309	13.867060820287447	4.001655505210309	13.867060820287447	low	medium
G_r005_substitution_titv_2pct	5	9	substitution_titv	0.02	2.0	titv_2	RS_GCF_036630095.1	Cyanobacteriota	Bacteria	highly_fragmented	59.26823325524292	0.0	59.26823325524292	0.0	2803161	39	1661384	39	1661384	0.0200447337882151	0.1662522378698502	0	33302	0	0	True	63.97547629237387	18.86739631373548	cocopye	4.707243037130951	18.86739631373548	4.707243037130951	18.86739631373548	low	medium
G_r005_substitution_titv_5pct	5	10	substitution_titv	0.05	5.0	titv_2	RS_GCF_036630095.1	Cyanobacteriota	Bacteria	highly_fragmented	59.26823325524292	0.0	59.26823325524292	0.0	2803161	39	1661384	39	1661384	0.0498722751633577	0.3697505902753909	0	82857	0	0	True	63.26514212455548	24.3856995374235	cocopye	3.9969088693125627	24.3856995374235	3.9969088693125627	24.3856995374235	low	medium
G_r005_indel_0p1pct	5	11	indel	0.001	0.1	ins0.5_geom0.75	RS_GCF_036630095.1	Cyanobacteriota	Bacteria	highly_fragmented	59.26823325524292	0.0	59.269267801599696	0.0	2803161	39	1661384	39	1661413	0.0009811097253855		0	0	1630	0	True	63.03308975709363	23.56298898079687	cocopye	3.7648565018507085	23.56298898079687	3.7648565018507085	23.56298898079687	low	medium
G_r005_indel_0p5pct	5	12	indel	0.005	0.5	ins0.5_geom0.75	RS_GCF_036630095.1	Cyanobacteriota	Bacteria	highly_fragmented	59.26823325524292	0.0	59.27511833961731	0.0	2803161	39	1661384	39	1661577	0.0050277359117458		0	0	8353	0	True	61.57950085429873	70.93237923744552	cocopye	2.3112675990558103	70.93237923744552	2.3112675990558103	70.93237923744552	low	medium
G_r005_indel_1pct	5	13	indel	0.01	1.0	ins0.5_geom0.75	RS_GCF_036630095.1	Cyanobacteriota	Bacteria	highly_fragmented	59.26823325524292	0.0	59.27090880616561	0.0	2803161	39	1661384	39	1661459	0.010041627943931		0	0	16683	0	True	61.13769433905253	107.0308411520634	cocopye	1.869461083809611	107.0308411520634	1.869461083809611	107.0308411520634	low	medium
G_r005_indel_2pct	5	14	indel	0.02	2.0	ins0.5_geom0.75	RS_GCF_036630095.1	Cyanobacteriota	Bacteria	highly_fragmented	59.26823325524292	0.0	59.27251413671922	0.0	2803161	39	1661384	39	1661504	0.0200688101004945		0	0	33342	0	True	60.46377165421196	115.76810886548914	cocopye	1.1955383989690418	115.76810886548914	1.1955383989690418	115.76810886548914	low	medium
G_r005_indel_5pct	5	15	indel	0.05	5.0	ins0.5_geom0.75	RS_GCF_036630095.1	Cyanobacteriota	Bacteria	highly_fragmented	59.26823325524292	0.0	59.25742402951525	0.0	2803161	39	1661384	39	1661081	0.0497362439989791		0	0	82631	0	True	52.71168307092795	67.60450160771704	cocopye	-6.556550184314972	67.60450160771704	6.556550184314972	67.60450160771704	low	medium
G_r005_chimera_5pct	5	16	chimera	0.05	5.0	rc0.5	RS_GCF_036630095.1	Cyanobacteriota	Bacteria	highly_fragmented	59.26823325524292	0.0	59.26823325524292	0.0	2803161	39	1661384	38	1661384	0.0512820512820512		0	0	0	1	True	63.76440325352522	3.63040989304549	cocopye	4.496169998282298	3.63040989304549	4.496169998282298	3.63040989304549	medium	medium
G_r005_chimera_10pct	5	17	chimera	0.1	10.0	rc0.5	RS_GCF_036630095.1	Cyanobacteriota	Bacteria	highly_fragmented	59.26823325524292	0.0	59.26823325524292	0.0	2803161	39	1661384	37	1661384	0.1025641025641025		0	0	0	2	True	63.76440325352522	3.63040989304549	cocopye	4.496169998282298	3.63040989304549	4.496169998282298	3.63040989304549	medium	medium
G_r005_chimera_20pct	5	18	chimera	0.2	20.0	rc0.5	RS_GCF_036630095.1	Cyanobacteriota	Bacteria	highly_fragmented	59.26823325524292	0.0	59.26823325524292	0.0	2803161	39	1661384	35	1661384	0.2051282051282051		0	0	0	4	True	63.76440325352522	3.63040989304549	cocopye	4.496169998282298	3.63040989304549	4.496169998282298	3.63040989304549	medium	medium
G_r005_chimera_40pct	5	19	chimera	0.4	40.0	rc0.5	RS_GCF_036630095.1	Cyanobacteriota	Bacteria	highly_fragmented	59.26823325524292	0.0	59.26823325524292	0.0	2803161	39	1661384	31	1661384	0.4102564102564102		0	0	0	8	True	63.76440325352522	3.63040989304549	cocopye	4.496169998282298	3.63040989304549	4.496169998282298	3.63040989304549	medium	medium
G_r005_uneven_coverage_5pct	5	20	uneven_coverage	0.05	5.0	lognormal_sigma1.0	RS_GCF_036630095.1	Cyanobacteriota	Bacteria	highly_fragmented	59.26823325524292	0.0	59.26823325524292	2.963404527959685	2803161	39	1661384	41	1744453	0.0499998796184386		83069	0	0	0	True	63.74003298315027	9.37797833119122	cocopye	4.471799727907353	9.37797833119122	4.471799727907353	9.37797833119122	medium	medium
G_r005_uneven_coverage_10pct	5	21	uneven_coverage	0.1	10.0	lognormal_sigma1.0	RS_GCF_036630095.1	Cyanobacteriota	Bacteria	highly_fragmented	59.26823325524292	0.0	59.26823325524292	5.926809055919371	2803161	39	1661384	45	1827522	0.0999997592368772		166138	0	0	0	True	64.11119086358552	9.21605800626906	cocopye	4.842957608342601	9.21605800626906	4.842957608342601	9.21605800626906	medium	medium
G_r005_uneven_coverage_20pct	5	22	uneven_coverage	0.2	20.0	lognormal_sigma1.0	RS_GCF_036630095.1	Cyanobacteriota	Bacteria	highly_fragmented	59.26823325524292	0.0	59.26823325524292	11.853653785851044	2803161	39	1661384	47	1993661	0.2000001203815614		332277	0	0	0	True	64.34733806541179	14.90499163697774	cocopye	5.079104810168872	14.90499163697774	5.079104810168872	14.90499163697774	low	medium
G_r005_uneven_coverage_40pct	5	23	uneven_coverage	0.4	40.0	lognormal_sigma1.0	RS_GCF_036630095.1	Cyanobacteriota	Bacteria	highly_fragmented	59.26823325524292	0.0	59.26823325524292	23.70730757170209	2803161	39	1661384	49	2325938	0.4000002407631228		664554	0	0	0	True	65.17563845145422	23.10976534606061	cocopye	5.9074051962113	23.10976534606061	5.9074051962113	23.10976534606061	low	medium
G_r006_none_control	6	0	none	0.0	0.0	control	RS_GCF_000298475.2	Chlamydiota	Bacteria	high	100.0	0.0	100.0	0.0	1148342	1	1148342	1	1148342	0.0		0	0	0	0	True	100.0	0.0	cocopye	0.0	0.0	0.0	0.0	high	high
G_r006_substitution_0p1pct	6	1	substitution	0.001	0.1	uniform	RS_GCF_000298475.2	Chlamydiota	Bacteria	high	100.0	0.0	100.0	0.0	1148342	1	1148342	1	1148342	0.0010362766492908	0.0089640838741259	0	1190	0	0	True	100.0	2.83761424548241	cocopye	0.0	2.83761424548241	0.0	2.83761424548241	high	high
G_r006_substitution_0p5pct	6	2	substitution	0.005	0.5	uniform	RS_GCF_000298475.2	Chlamydiota	Bacteria	high	100.0	0.0	100.0	0.0	1148342	1	1148342	1	1148342	0.0050838513265211	0.0441104216424403	0	5838	0	0	True	100.0	4.33426879987655	cocopye	0.0	4.33426879987655	0.0	4.33426879987655	high	high
G_r006_substitution_1pct	6	3	substitution	0.01	1.0	uniform	RS_GCF_000298475.2	Chlamydiota	Bacteria	high	100.0	0.0	100.0	0.0	1148342	1	1148342	1	1148342	0.0100118257452919	0.0864827525163591	0	11497	0	0	True	100.0	18.36091643969891	cocopye	0.0	18.36091643969891	0.0	18.36091643969891	low	high
G_r006_substitution_2pct	6	4	substitution	0.02	2.0	uniform	RS_GCF_000298475.2	Chlamydiota	Bacteria	high	100.0	0.0	100.0	0.0	1148342	1	1148342	1	1148342	0.0200375846220028	0.1662522378698502	0	23010	0	0	True	100.0	40.77519261559775	cocopye	0.0	40.77519261559775	0.0	40.77519261559775	low	high
G_r006_substitution_5pct	6	5	substitution	0.05	5.0	uniform	RS_GCF_000298475.2	Chlamydiota	Bacteria	high	100.0	0.0	100.0	0.0	1148342	1	1148342	1	1148342	0.0498649357073067	0.3697505902753909	0	57262	0	0	True	99.04761904761904	66.50793166387649	cocopye	-0.9523809523809632	66.50793166387649	0.9523809523809632	66.50793166387649	low	high
G_r006_substitution_titv_0p1pct	6	6	substitution_titv	0.001	0.1	titv_2	RS_GCF_000298475.2	Chlamydiota	Bacteria	high	100.0	0.0	100.0	0.0	1148342	1	1148342	1	1148342	0.0010092812071665	0.0089640838741259	0	1159	0	0	True	100.0	1.41960480713313	cocopye	0.0	1.41960480713313	0.0	1.41960480713313	high	high
G_r006_substitution_titv_0p5pct	6	7	substitution_titv	0.005	0.5	titv_2	RS_GCF_000298475.2	Chlamydiota	Bacteria	high	100.0	0.0	100.0	0.0	1148342	1	1148342	1	1148342	0.0050882054300896	0.0441104216424403	0	5843	0	0	True	100.0	11.54934623930875	cocopye	0.0	11.54934623930875	0.0	11.54934623930875	low	high
G_r006_substitution_titv_1pct	6	8	substitution_titv	0.01	1.0	titv_2	RS_GCF_000298475.2	Chlamydiota	Bacteria	high	100.0	0.0	100.0	0.0	1148342	1	1148342	1	1148342	0.0099099397217901	0.0864827525163591	0	11380	0	0	True	100.0	14.81717565453738	cocopye	0.0	14.81717565453738	0.0	14.81717565453738	low	high
G_r006_substitution_titv_2pct	6	9	substitution_titv	0.02	2.0	titv_2	RS_GCF_000298475.2	Chlamydiota	Bacteria	high	100.0	0.0	100.0	0.0	1148342	1	1148342	1	1148342	0.0198033338500202	0.1662522378698502	0	22741	0	0	True	100.0	22.59083923397652	cocopye	0.0	22.59083923397652	0.0	22.59083923397652	low	high
G_r006_substitution_titv_5pct	6	10	substitution_titv	0.05	5.0	titv_2	RS_GCF_000298475.2	Chlamydiota	Bacteria	high	100.0	0.0	100.0	0.0	1148342	1	1148342	1	1148342	0.0503848156733795	0.3697505902753909	0	57859	0	0	True	99.07834101382488	58.06451612903226	cocopye	-0.9216589861751174	58.06451612903226	0.9216589861751174	58.06451612903226	low	high
G_r006_indel_0p1pct	6	11	indel	0.001	0.1	ins0.5_geom0.75	RS_GCF_000298475.2	Chlamydiota	Bacteria	high	100.0	0.0	100.00383161114024	0.0	1148342	1	1148342	1	1148386	0.0009666109921957		0	0	1110	0	True	100.0	32.027649769585246	cocopye	0.0	32.027649769585246	0.0	32.027649769585246	low	high
G_r006_indel_0p5pct	6	12	indel	0.005	0.5	ins0.5_geom0.75	RS_GCF_000298475.2	Chlamydiota	Bacteria	high	100.0	0.0	100.01550060870368	0.0	1148342	1	1148342	1	1148520	0.0050289896215587		0	0	5775	0	True	99.69325153374233	147.29039478887077	cocopye	-0.30674846625767316	147.29039478887077	0.30674846625767316	147.29039478887077	low	high
G_r006_indel_1pct	6	13	indel	0.01	1.0	ins0.5_geom0.75	RS_GCF_000298475.2	Chlamydiota	Bacteria	high	100.0	0.0	100.01271398241988	0.0	1148342	1	1148342	1	1148488	0.0099935385103044		0	0	11476	0	True	99.45054945054945	194.5054945054945	cocopye	-0.5494505494505546	194.5054945054945	0.5494505494505546	194.5054945054945	low	high
G_r006_indel_2pct	6	14	indel	0.02	2.0	ins0.5_geom0.75	RS_GCF_000298475.2	Chlamydiota	Bacteria	high	100.0	0.0	100.01654559356012	0.0	1148342	1	1148342	1	1148532	0.0201978156333217		0	0	23194	0	True	98.70689655172411	253.8793103448276	cocopye	-1.293103448275886	253.8793103448276	1.293103448275886	253.8793103448276	low	high
G_r006_indel_5pct	6	15	indel	0.05	5.0	ins0.5_geom0.75	RS_GCF_000298475.2	Chlamydiota	Bacteria	high	100.0	0.0	99.96891170052128	0.0	1148342	1	1148342	1	1147985	0.0498501317551739		0	0	57245	0	True	88.13953488372093	168.25581395348837	cocopye	-11.860465116279073	168.25581395348837	11.860465116279073	168.25581395348837	low	high
G_r006_chimera_5pct	6	16	chimera	0.05	5.0	rc0.5	RS_GCF_000298475.2	Chlamydiota	Bacteria	high	100.0	0.0	100.0	0.0	1148342	1	1148342	1	1148342	0.0		0	0	0	0	True	100.0	0.0	cocopye	0.0	0.0	0.0	0.0	high	high
G_r006_chimera_10pct	6	17	chimera	0.1	10.0	rc0.5	RS_GCF_000298475.2	Chlamydiota	Bacteria	high	100.0	0.0	100.0	0.0	1148342	1	1148342	1	1148342	0.0		0	0	0	0	True	100.0	0.0	cocopye	0.0	0.0	0.0	0.0	high	high
G_r006_chimera_20pct	6	18	chimera	0.2	20.0	rc0.5	RS_GCF_000298475.2	Chlamydiota	Bacteria	high	100.0	0.0	100.0	0.0	1148342	1	1148342	1	1148342	0.0		0	0	0	0	True	100.0	0.0	cocopye	0.0	0.0	0.0	0.0	high	high
G_r006_chimera_40pct	6	19	chimera	0.4	40.0	rc0.5	RS_GCF_000298475.2	Chlamydiota	Bacteria	high	100.0	0.0	100.0	0.0	1148342	1	1148342	1	1148342	0.0		0	0	0	0	True	100.0	0.0	cocopye	0.0	0.0	0.0	0.0	high	high
G_r006_uneven_coverage_5pct	6	20	uneven_coverage	0.05	5.0	lognormal_sigma1.0	RS_GCF_000298475.2	Chlamydiota	Bacteria	high	100.0	0.0	100.0	4.999991291792863	1148342	1	1148342	2	1205759	0.0499999129179286		57417	0	0	0	True	100.0	0.0	cocopye	0.0	0.0	0.0	0.0	high	high
G_r006_uneven_coverage_10pct	6	21	uneven_coverage	0.1	10.0	lognormal_sigma1.0	RS_GCF_000298475.2	Chlamydiota	Bacteria	high	100.0	0.0	100.0	9.999982583585728	1148342	1	1148342	2	1263176	0.0999998258358572		114834	0	0	0	True	100.0	0.67877756596483	cocopye	0.0	0.67877756596483	0.0	0.67877756596483	high	high
G_r006_uneven_coverage_20pct	6	22	uneven_coverage	0.2	20.0	lognormal_sigma1.0	RS_GCF_000298475.2	Chlamydiota	Bacteria	high	100.0	0.0	100.0	19.999965167171453	1148342	1	1148342	2	1378010	0.1999996516717145		229668	0	0	0	True	100.0	25.01077003984963	cocopye	0.0	25.01077003984963	0.0	25.01077003984963	low	high
G_r006_uneven_coverage_40pct	6	23	uneven_coverage	0.4	40.0	lognormal_sigma1.0	RS_GCF_000298475.2	Chlamydiota	Bacteria	high	100.0	0.0	100.0	40.00001741641427	1148342	1	1148342	2	1607679	0.4000001741641427		459337	0	0	0	True	100.0	44.37627967881278	cocopye	0.0	44.37627967881278	0.0	44.37627967881278	low	high
G_r007_none_control	7	0	none	0.0	0.0	control	RS_GCF_004353465.2	Spirochaetota	Bacteria	low	87.2465151903287	4.999961186452519	87.2465151903287	4.999961186452519	1545852	12	1425994	12	1425994	0.0		0	0	0	0	True	78.50697592193865	3.8661698930005497	cocopye	-8.739539268390047	-1.1337912934519694	8.739539268390047	1.1337912934519694	medium	medium
G_r007_substitution_0p1pct	7	1	substitution	0.001	0.1	uniform	RS_GCF_004353465.2	Spirochaetota	Bacteria	low	87.2465151903287	4.999961186452519	87.2465151903287	4.999961186452519	1545852	12	1425994	12	1425994	0.0010504953036268	0.0089640838741259	0	1498	0	0	True	78.26555917758913	5.33938929243784	cocopye	-8.980956012739568	0.3394281059853208	8.980956012739568	0.3394281059853208	medium	medium
G_r007_substitution_0p5pct	7	2	substitution	0.005	0.5	uniform	RS_GCF_004353465.2	Spirochaetota	Bacteria	low	87.2465151903287	4.999961186452519	87.2465151903287	4.999961186452519	1545852	12	1425994	12	1425994	0.0050413956860968	0.0441104216424403	0	7189	0	0	True	77.64860052699728	17.99437391350725	cocopye	-9.597914663331409	12.99441272705473	9.597914663331409	12.99441272705473	low	medium
G_r007_substitution_1pct	7	3	substitution	0.01	1.0	uniform	RS_GCF_004353465.2	Spirochaetota	Bacteria	low	87.2465151903287	4.999961186452519	87.2465151903287	4.999961186452519	1545852	12	1425994	12	1425994	0.0101122445115477	0.0864827525163591	0	14420	0	0	True	74.80360713142123	21.81474355109985	cocopye	-12.442908058907463	16.81478236464733	12.442908058907463	16.81478236464733	low	medium
G_r007_substitution_2pct	7	4	substitution	0.02	2.0	uniform	RS_GCF_004353465.2	Spirochaetota	Bacteria	low	87.2465151903287	4.999961186452519	87.2465151903287	4.999961186452519	1545852	12	1425994	12	1425994	0.0199481905253458	0.1662522378698502	0	28446	0	0	True	79.37797546386719	31.458331516810823	cocopye	-7.868539726461506	26.458370330358303	7.868539726461506	26.458370330358303	low	medium
G_r007_substitution_5pct	7	5	substitution	0.05	5.0	uniform	RS_GCF_004353465.2	Spirochaetota	Bacteria	low	87.2465151903287	4.999961186452519	87.2465151903287	4.999961186452519	1545852	12	1425994	12	1425994	0.0500584153930521	0.3697505902753909	0	71383	0	0	True	78.01201347832207	52.843842377533775	cocopye	-9.234501712006619	47.84388119108126	9.234501712006619	47.84388119108126	low	medium
G_r007_substitution_titv_0p1pct	7	6	substitution_titv	0.001	0.1	titv_2	RS_GCF_004353465.2	Spirochaetota	Bacteria	low	87.2465151903287	4.999961186452519	87.2465151903287	4.999961186452519	1545852	12	1425994	12	1425994	0.0009691485377918	0.0089640838741259	0	1382	0	0	True	78.45713856659287	4.12072953619731	cocopye	-8.78937662373582	-0.8792316502552087	8.78937662373582	0.8792316502552087	medium	medium
G_r007_substitution_titv_0p5pct	7	7	substitution_titv	0.005	0.5	titv_2	RS_GCF_004353465.2	Spirochaetota	Bacteria	low	87.2465151903287	4.999961186452519	87.2465151903287	4.999961186452519	1545852	12	1425994	12	1425994	0.0050070336901838	0.0441104216424403	0	7140	0	0	True	77.19436770955666	9.951513625887449	cocopye	-10.052147480772035	4.95155243943493	10.052147480772035	4.95155243943493	medium	medium
G_r007_substitution_titv_1pct	7	8	substitution_titv	0.01	1.0	titv_2	RS_GCF_004353465.2	Spirochaetota	Bacteria	low	87.2465151903287	4.999961186452519	87.2465151903287	4.999961186452519	1545852	12	1425994	12	1425994	0.0100280926848219	0.0864827525163591	0	14300	0	0	True	78.05948184906191	12.35983544533453	cocopye	-9.187033341266783	7.359874258882011	9.187033341266783	7.359874258882011	low	medium
G_r007_substitution_titv_2pct	7	9	substitution_titv	0.02	2.0	titv_2	RS_GCF_004353465.2	Spirochaetota	Bacteria	low	87.2465151903287	4.999961186452519	87.2465151903287	4.999961186452519	1545852	12	1425994	12	1425994	0.0200638992870937	0.1662522378698502	0	28611	0	0	True	76.49463223903656	21.9974310059104	cocopye	-10.751882951292131	16.99746981945788	10.751882951292131	16.99746981945788	low	medium
G_r007_substitution_titv_5pct	7	10	substitution_titv	0.05	5.0	titv_2	RS_GCF_004353465.2	Spirochaetota	Bacteria	low	87.2465151903287	4.999961186452519	87.2465151903287	4.999961186452519	1545852	12	1425994	12	1425994	0.049960238261872	0.3697505902753909	0	71243	0	0	True	78.31812949076186	36.04623000987255	cocopye	-8.928385699566832	31.046268823420032	8.928385699566832	31.046268823420032	low	medium
G_r007_indel_0p1pct	7	11	indel	0.001	0.1	ins0.5_geom0.75	RS_GCF_004353465.2	Spirochaetota	Bacteria	low	87.2465151903287	4.999961186452519	87.24847304462969	4.999961186452519	1545852	12	1425994	12	1426026	0.0009523181724467		0	0	1358	0	True	74.7898753020658	27.67252349894945	cocopye	-12.456639888262899	22.67256231249693	12.456639888262899	22.67256231249693	low	medium
G_r007_indel_0p5pct	7	12	indel	0.005	0.5	ins0.5_geom0.75	RS_GCF_004353465.2	Spirochaetota	Bacteria	low	87.2465151903287	4.999961186452519	87.25073681366523	4.999961186452519	1545852	12	1425994	12	1426063	0.0050175526685245		0	0	7155	0	True	79.14605561920274	109.50823133488848	cocopye	-8.100459571125953	104.50827014843595	8.100459571125953	104.50827014843595	low	medium
G_r007_indel_1pct	7	13	indel	0.01	1.0	ins0.5_geom0.75	RS_GCF_004353465.2	Spirochaetota	Bacteria	low	87.2465151903287	4.999961186452519	87.24988025240852	4.999961186452519	1545852	12	1425994	12	1426049	0.0100035484020269		0	0	14265	0	True	79.26739703167925	160.989010989011	cocopye	-7.979118158649442	155.9890498025585	7.979118158649442	155.9890498025585	low	medium
G_r007_indel_2pct	7	14	indel	0.02	2.0	ins0.5_geom0.75	RS_GCF_004353465.2	Spirochaetota	Bacteria	low	87.2465151903287	4.999961186452519	87.2140882284685	4.999961186452519	1545852	12	1425994	12	1425464	0.0201284156875835		0	0	28703	0	True	78.35877979074726	185.0954128585699	cocopye	-8.88773539958143	180.09545167211738	8.88773539958143	180.09545167211738	low	medium
G_r007_indel_5pct	7	15	indel	0.05	5.0	ins0.5_geom0.75	RS_GCF_004353465.2	Spirochaetota	Bacteria	low	87.2465151903287	4.999961186452519	87.2373989312397	4.999961186452519	1545852	12	1425994	12	1425845	0.0501902532549225		0	0	71571	0	True	67.77481378293506	108.39869861296792	cocopye	-19.47170140739364	103.3987374265154	19.47170140739364	103.3987374265154	low	medium
G_r007_chimera_5pct	7	16	chimera	0.05	5.0	rc0.5	RS_GCF_004353465.2	Spirochaetota	Bacteria	low	87.2465151903287	4.999961186452519	87.2465151903287	4.999961186452519	1545852	12	1425994	12	1425994	0.0		0	0	0	0	True	78.50697592193865	3.8661698930005497	cocopye	-8.739539268390047	-1.1337912934519694	8.739539268390047	1.1337912934519694	medium	medium
G_r007_chimera_10pct	7	17	chimera	0.1	10.0	rc0.5	RS_GCF_004353465.2	Spirochaetota	Bacteria	low	87.2465151903287	4.999961186452519	87.2465151903287	4.999961186452519	1545852	12	1425994	11	1425994	0.1666666666666666		0	0	0	1	True	78.50697592193865	3.8661698930005497	cocopye	-8.739539268390047	-1.1337912934519694	8.739539268390047	1.1337912934519694	medium	medium
G_r007_chimera_20pct	7	18	chimera	0.2	20.0	rc0.5	RS_GCF_004353465.2	Spirochaetota	Bacteria	low	87.2465151903287	4.999961186452519	87.2465151903287	4.999961186452519	1545852	12	1425994	11	1425994	0.1666666666666666		0	0	0	1	True	78.50697592193865	3.8661698930005497	cocopye	-8.739539268390047	-1.1337912934519694	8.739539268390047	1.1337912934519694	medium	medium
G_r007_chimera_40pct	7	19	chimera	0.4	40.0	rc0.5	RS_GCF_004353465.2	Spirochaetota	Bacteria	low	87.2465151903287	4.999961186452519	87.2465151903287	4.999961186452519	1545852	12	1425994	10	1425994	0.3333333333333333		0	0	0	2	True	78.56181949583134	3.80918482174458	cocopye	-8.68469569449735	-1.190776364707939	8.68469569449735	1.190776364707939	medium	medium
G_r007_uneven_coverage_5pct	7	20	uneven_coverage	0.05	5.0	lognormal_sigma1.0	RS_GCF_004353465.2	Spirochaetota	Bacteria	low	87.2465151903287	4.999961186452519	87.2465151903287	9.61230441206532	1545852	12	1425994	13	1497294	0.0500002103795668		71300	0	0	0	True	77.56438398408487	14.77128016065886	cocopye	-9.682131206243824	9.771318974206341	9.682131206243824	9.771318974206341	low	medium
G_r007_uneven_coverage_10pct	7	21	uneven_coverage	0.1	10.0	lognormal_sigma1.0	RS_GCF_004353465.2	Spirochaetota	Bacteria	low	87.2465151903287	4.999961186452519	87.2465151903287	14.22458294843232	1545852	12	1425994	13	1568593	0.0999997194939109		142599	0	0	0	True	76.6439623232817	18.76482668478421	cocopye	-10.602552867046995	13.764865498331691	10.602552867046995	13.764865498331691	low	medium
G_r007_uneven_coverage_20pct	7	22	uneven_coverage	0.2	20.0	lognormal_sigma1.0	RS_GCF_004353465.2	Spirochaetota	Bacteria	low	87.2465151903287	4.999961186452519	87.2465151903287	23.44926939965792	1545852	12	1425994	16	1711193	0.2000001402530445		285199	0	0	0	True	78.36929556693528	6.26584644567947	cocopye	-8.877219623393415	1.265885259226951	8.877219623393415	1.265885259226951	medium	medium
G_r007_uneven_coverage_40pct	7	23	uneven_coverage	0.4	40.0	lognormal_sigma1.0	RS_GCF_004353465.2	Spirochaetota	Bacteria	low	87.2465151903287	4.999961186452519	87.2465151903287	41.89857761286333	1545852	12	1425994	20	1996392	0.4000002805060891		570398	0	0	0	True	79.65253418831438	32.52060960965106	cocopye	-7.593981002014317	27.52064842319854	7.593981002014317	27.52064842319854	low	medium
G_r008_none_control	8	0	none	0.0	0.0	control	RS_GCF_037911965.1	Fusobacteriota	Bacteria	low	77.41032781884593	19.99997013074148	77.41032781884593	19.99997013074148	2678339	51	2608978	51	2608978	0.0		0	0	0	0	True	72.96583942126932	21.16891487061322	cocopye	-4.444488397576606	1.1689447398717405	4.444488397576606	1.1689447398717405	low	low
G_r008_substitution_0p1pct	8	1	substitution	0.001	0.1	uniform	RS_GCF_037911965.1	Fusobacteriota	Bacteria	low	77.41032781884593	19.99997013074148	77.41032781884593	19.99997013074148	2678339	51	2608978	51	2608978	0.0009750963310084	0.0089640838741259	0	2544	0	0	True	72.03660321258074	22.77466728763806	cocopye	-5.373724606265185	2.774697156896579	5.373724606265185	2.774697156896579	low	low
G_r008_substitution_0p5pct	8	2	substitution	0.005	0.5	uniform	RS_GCF_037911965.1	Fusobacteriota	Bacteria	low	77.41032781884593	19.99997013074148	77.41032781884593	19.99997013074148	2678339	51	2608978	51	2608978	0.0050632950206843	0.0441104216424403	0	13210	0	0	True	72.23058377466553	25.535905126473104	cocopye	-5.179744044180396	5.535934995731623	5.179744044180396	5.535934995731623	low	low
G_r008_substitution_1pct	8	3	substitution	0.01	1.0	uniform	RS_GCF_037911965.1	Fusobacteriota	Bacteria	low	77.41032781884593	19.99997013074148	77.41032781884593	19.99997013074148	2678339	51	2608978	51	2608978	0.0098843491289484	0.0864827525163591	0	25788	0	0	True	70.59627008163413	27.24001045957973	cocopye	-6.814057737211797	7.240040328838248	6.814057737211797	7.240040328838248	low	low
G_r008_substitution_2pct	8	4	substitution	0.02	2.0	uniform	RS_GCF_037911965.1	Fusobacteriota	Bacteria	low	77.41032781884593	19.99997013074148	77.41032781884593	19.99997013074148	2678339	51	2608978	51	2608978	0.0199860251524258	0.1662522378698502	0	52143	0	0	True	76.8618295566818	43.2708811704113	cocopye	-0.5484982621641308	23.27091103966982	0.5484982621641308	23.27091103966982	low	low
G_r008_substitution_5pct	8	5	substitution	0.05	5.0	uniform	RS_GCF_037911965.1	Fusobacteriota	Bacteria	low	77.41032781884593	19.99997013074148	77.41032781884593	19.99997013074148	2678339	51	2608978	51	2608978	0.0498667483335396	0.3697505902753909	0	130101	0	0	True	75.3289729604823	68.56322226144471	cocopye	-2.0813548583636248	48.563252130703226	2.0813548583636248	48.563252130703226	low	low
G_r008_substitution_titv_0p1pct	8	6	substitution_titv	0.001	0.1	titv_2	RS_GCF_037911965.1	Fusobacteriota	Bacteria	low	77.41032781884593	19.99997013074148	77.41032781884593	19.99997013074148	2678339	51	2608978	51	2608978	0.000998093885985	0.0089640838741259	0	2604	0	0	True	72.8498832139271	22.09584937369819	cocopye	-4.560444604918828	2.095879242956709	4.560444604918828	2.095879242956709	low	low
G_r008_substitution_titv_0p5pct	8	7	substitution_titv	0.005	0.5	titv_2	RS_GCF_037911965.1	Fusobacteriota	Bacteria	low	77.41032781884593	19.99997013074148	77.41032781884593	19.99997013074148	2678339	51	2608978	51	2608978	0.0049440910273889	0.0441104216424403	0	12899	0	0	True	71.28813452310621	24.99450307110904	cocopye	-6.12219329573972	4.994532940367559	6.12219329573972	4.994532940367559	low	low
G_r008_substitution_titv_1pct	8	8	substitution_titv	0.01	1.0	titv_2	RS_GCF_037911965.1	Fusobacteriota	Bacteria	low	77.41032781884593	19.99997013074148	77.41032781884593	19.99997013074148	2678339	51	2608978	51	2608978	0.009818806097265	0.0864827525163591	0	25617	0	0	True	71.98608493569843	25.89326299282123	cocopye	-5.4242428831475	5.8932928620797504	5.4242428831475	5.8932928620797504	low	low
G_r008_substitution_titv_2pct	8	9	substitution_titv	0.02	2.0	titv_2	RS_GCF_037911965.1	Fusobacteriota	Bacteria	low	77.41032781884593	19.99997013074148	77.41032781884593	19.99997013074148	2678339	51	2608978	51	2608978	0.0200101725851513	0.1662522378698502	0	52206	0	0	True	77.30590537414905	31.5121682742794	cocopye	-0.10442244469687978	11.512198143537919	0.10442244469687978	11.512198143537919	low	low
G_r008_substitution_titv_5pct	8	10	substitution_titv	0.05	5.0	titv_2	RS_GCF_037911965.1	Fusobacteriota	Bacteria	low	77.41032781884593	19.99997013074148	77.41032781884593	19.99997013074148	2678339	51	2608978	51	2608978	0.0499284584393935	0.3697505902753909	0	130262	0	0	True	75.33490955475253	51.47245318654318	cocopye	-2.0754182640934005	31.472483055801696	2.0754182640934005	31.472483055801696	low	low
G_r008_indel_0p1pct	8	11	indel	0.001	0.1	ins0.5_geom0.75	RS_GCF_037911965.1	Fusobacteriota	Bacteria	low	77.41032781884593	19.99997013074148	77.41240477118026	19.99997013074148	2678339	51	2608978	51	2609048	0.0009950256383917		0	0	2596	0	True	77.0545718544408	40.75243855080409	cocopye	-0.3557559644051338	20.752468420062606	0.3557559644051338	20.752468420062606	low	low
G_r008_indel_0p5pct	8	12	indel	0.005	0.5	ins0.5_geom0.75	RS_GCF_037911965.1	Fusobacteriota	Bacteria	low	77.41032781884593	19.99997013074148	77.41086189230333	19.99997013074148	2678339	51	2608978	51	2608996	0.0049689955223846		0	0	12964	0	True	77.80968508435302	117.44598710662736	cocopye	0.39935726550709205	97.44601697588587	0.39935726550709205	97.44601697588587	low	low
G_r008_indel_1pct	8	13	indel	0.01	1.0	ins0.5_geom0.75	RS_GCF_037911965.1	Fusobacteriota	Bacteria	low	77.41032781884593	19.99997013074148	77.42424339948595	19.99997013074148	2678339	51	2608978	51	2609447	0.0100154159981418		0	0	26130	0	True	76.63598932371549	174.65544718174846	cocopye	-0.7743384951304364	154.65547705100698	0.7743384951304364	154.65547705100698	low	low
G_r008_indel_2pct	8	14	indel	0.02	2.0	ins0.5_geom0.75	RS_GCF_037911965.1	Fusobacteriota	Bacteria	low	77.41032781884593	19.99997013074148	77.41115859977967	19.99997013074148	2678339	51	2608978	51	2609006	0.0200791267691793		0	0	52386	0	True	76.29274025941505	198.71654021434293	cocopye	-1.1175875594308735	178.71657008360145	1.1175875594308735	178.71657008360145	low	low
G_r008_indel_5pct	8	15	indel	0.05	5.0	ins0.5_geom0.75	RS_GCF_037911965.1	Fusobacteriota	Bacteria	low	77.41032781884593	19.99997013074148	77.39780676334468	19.99997013074148	2678339	51	2608978	51	2608556	0.0500069375824556		0	0	130467	0	True	66.4454328727481	117.52634156971004	cocopye	-10.964894946097829	97.52637143896857	10.964894946097829	97.52637143896857	low	low
G_r008_chimera_5pct	8	16	chimera	0.05	5.0	rc0.5	RS_GCF_037911965.1	Fusobacteriota	Bacteria	low	77.41032781884593	19.99997013074148	77.41032781884593	19.99997013074148	2678339	51	2608978	50	2608978	0.0392156862745098		0	0	0	1	True	72.96583942126932	21.16891487061322	cocopye	-4.444488397576606	1.1689447398717405	4.444488397576606	1.1689447398717405	low	low
G_r008_chimera_10pct	8	17	chimera	0.1	10.0	rc0.5	RS_GCF_037911965.1	Fusobacteriota	Bacteria	low	77.41032781884593	19.99997013074148	77.41032781884593	19.99997013074148	2678339	51	2608978	48	2608978	0.1176470588235294		0	0	0	3	True	72.96583942126932	21.16891487061322	cocopye	-4.444488397576606	1.1689447398717405	4.444488397576606	1.1689447398717405	low	low
G_r008_chimera_20pct	8	18	chimera	0.2	20.0	rc0.5	RS_GCF_037911965.1	Fusobacteriota	Bacteria	low	77.41032781884593	19.99997013074148	77.41032781884593	19.99997013074148	2678339	51	2608978	46	2608978	0.196078431372549		0	0	0	5	True	72.96583942126932	21.16891487061322	cocopye	-4.444488397576606	1.1689447398717405	4.444488397576606	1.1689447398717405	low	low
G_r008_chimera_40pct	8	19	chimera	0.4	40.0	rc0.5	RS_GCF_037911965.1	Fusobacteriota	Bacteria	low	77.41032781884593	19.99997013074148	77.41032781884593	19.99997013074148	2678339	51	2608978	41	2608978	0.392156862745098		0	0	0	10	True	72.94473158057814	21.18679745025989	cocopye	-4.465596238267793	1.1868273195184074	4.465596238267793	1.1868273195184074	low	low
G_r008_uneven_coverage_5pct	8	20	uneven_coverage	0.05	5.0	lognormal_sigma1.0	RS_GCF_037911965.1	Fusobacteriota	Bacteria	low	77.41032781884593	19.99997013074148	77.41032781884593	24.870488761878164	2678339	51	2608978	57	2739427	0.0500000383291848		130449	0	0	0	True	72.12443579919065	23.35004386965468	cocopye	-5.285892019655279	3.350073738913199	5.285892019655279	3.350073738913199	low	low
G_r008_uneven_coverage_10pct	8	21	uneven_coverage	0.1	10.0	lognormal_sigma1.0	RS_GCF_037911965.1	Fusobacteriota	Bacteria	low	77.41032781884593	19.99997013074148	77.41032781884593	29.74100739301485	2678339	51	2608978	60	2869876	0.1000000766583696		260898	0	0	0	True	72.73944906949119	24.47643411006389	cocopye	-4.670878749354742	4.476463979322411	4.670878749354742	4.476463979322411	low	low
G_r008_uneven_coverage_20pct	8	22	uneven_coverage	0.2	20.0	lognormal_sigma1.0	RS_GCF_037911965.1	Fusobacteriota	Bacteria	low	77.41032781884593	19.99997013074148	77.41032781884593	39.48204465528822	2678339	51	2608978	69	3130774	0.2000001533167393		521796	0	0	0	True	71.9462800058495	26.937016122663	cocopye	-5.4640478129964265	6.937045991921519	5.4640478129964265	6.937045991921519	low	low
G_r008_uneven_coverage_40pct	8	23	uneven_coverage	0.4	40.0	lognormal_sigma1.0	RS_GCF_037911965.1	Fusobacteriota	Bacteria	low	77.41032781884593	19.99997013074148	77.41032781884593	58.964081843261816	2678339	51	2608978	83	3652569	0.3999999233416303		1043591	0	0	0	True	77.14483448015052	41.83223503680268	cocopye	-0.26549333869540703	21.832264906061198	0.26549333869540703	21.832264906061198	low	low
G_r009_none_control	9	0	none	0.0	0.0	control	RS_GCF_000328665.1	Halobacteriota	Archaea	high	72.32968301920441	1.9999904200901024	72.32968301920441	1.9999904200901024	2714013	5	2017317	5	2017317	0.0		0	0	0	0	True	72.90839135623462	0.0	cocopye	0.5787083370302071	-1.9999904200901024	0.5787083370302071	1.9999904200901024	medium	medium
G_r009_substitution_0p1pct	9	1	substitution	0.001	0.1	uniform	RS_GCF_000328665.1	Halobacteriota	Archaea	high	72.32968301920441	1.9999904200901024	72.32968301920441	1.9999904200901024	2714013	5	2017317	5	2017317	0.0010127312663304	0.0089640838741259	0	2043	0	0	True	72.57452477403562	0.0	cocopye	0.24484175483121362	-1.9999904200901024	0.24484175483121362	1.9999904200901024	medium	medium
G_r009_substitution_0p5pct	9	2	substitution	0.005	0.5	uniform	RS_GCF_000328665.1	Halobacteriota	Archaea	high	72.32968301920441	1.9999904200901024	72.32968301920441	1.9999904200901024	2714013	5	2017317	5	2017317	0.0050269739460877	0.0441104216424403	0	10141	0	0	True	72.22497909259606	2.63483551031385	cocopye	-0.1047039266083516	0.6348450902237477	0.1047039266083516	0.6348450902237477	medium	medium
G_r009_substitution_1pct	9	3	substitution	0.01	1.0	uniform	RS_GCF_000328665.1	Halobacteriota	Archaea	high	72.32968301920441	1.9999904200901024	72.32968301920441	1.9999904200901024	2714013	5	2017317	5	2017317	0.010004377100872	0.0864827525163591	0	20182	0	0	True	72.22470203597481	10.56201227488344	cocopye	-0.10498098322959493	8.562021854793338	0.10498098322959493	8.562021854793338	low	medium
G_r009_substitution_2pct	9	4	substitution	0.02	2.0	uniform	RS_GCF_000328665.1	Halobacteriota	Archaea	high	72.32968301920441	1.9999904200901024	72.32968301920441	1.9999904200901024	2714013	5	2017317	5	2017317	0.0198808615601811	0.1662522378698502	0	40106	0	0	True	69.19314724829592	18.1326710670963	cocopye	-3.1365357709084947	16.132680647006197	3.1365357709084947	16.132680647006197	low	medium
G_r009_substitution_5pct	9	5	substitution	0.05	5.0	uniform	RS_GCF_000328665.1	Halobacteriota	Archaea	high	72.32968301920441	1.9999904200901024	72.32968301920441	1.9999904200901024	2714013	5	2017317	5	2017317	0.049930675248362	0.3697505902753909	0	100726	0	0	True	74.17469061408659	33.79897042276312	cocopye	1.8450075948821762	31.798980002673016	1.8450075948821762	31.798980002673016	low	medium
G_r009_substitution_titv_0p1pct	9	6	substitution_titv	0.001	0.1	titv_2	RS_GCF_000328665.1	Halobacteriota	Archaea	high	72.32968301920441	1.9999904200901024	72.32968301920441	1.9999904200901024	2714013	5	2017317	5	2017317	0.0009626647671139	0.0089640838741259	0	1942	0	0	True	72.6390195916884	0.0	cocopye	0.3093365724839856	-1.9999904200901024	0.3093365724839856	1.9999904200901024	medium	medium
G_r009_substitution_titv_0p5pct	9	7	substitution_titv	0.005	0.5	titv_2	RS_GCF_000328665.1	Halobacteriota	Archaea	high	72.32968301920441	1.9999904200901024	72.32968301920441	1.9999904200901024	2714013	5	2017317	5	2017317	0.0048926371016553	0.0441104216424403	0	9870	0	0	True	71.52400396799408	4.3040118737543205	cocopye	-0.8056790512103333	2.304021453664218	0.8056790512103333	2.304021453664218	medium	medium
G_r009_substitution_titv_1pct	9	8	substitution_titv	0.01	1.0	titv_2	RS_GCF_000328665.1	Halobacteriota	Archaea	high	72.32968301920441	1.9999904200901024	72.32968301920441	1.9999904200901024	2714013	5	2017317	5	2017317	0.010130782618696	0.0864827525163591	0	20437	0	0	True	71.94359716510472	7.18453682836924	cocopye	-0.3860858540996901	5.184546408279138	0.3860858540996901	5.184546408279138	medium	medium
G_r009_substitution_titv_2pct	9	9	substitution_titv	0.02	2.0	titv_2	RS_GCF_000328665.1	Halobacteriota	Archaea	high	72.32968301920441	1.9999904200901024	72.32968301920441	1.9999904200901024	2714013	5	2017317	5	2017317	0.0199091169112241	0.1662522378698502	0	40163	0	0	True	71.48097205724753	12.01432084653637	cocopye	-0.8487109619568827	10.014330426446268	0.8487109619568827	10.014330426446268	low	medium
G_r009_substitution_titv_5pct	9	10	substitution_titv	0.05	5.0	titv_2	RS_GCF_000328665.1	Halobacteriota	Archaea	high	72.32968301920441	1.9999904200901024	72.32968301920441	1.9999904200901024	2714013	5	2017317	5	2017317	0.0498528491060155	0.3697505902753909	0	100569	0	0	True	68.13586559715515	24.393512403938868	cocopye	-4.193817422049264	22.393521983848764	4.193817422049264	22.393521983848764	low	medium
G_r009_indel_0p1pct	9	11	indel	0.001	0.1	ins0.5_geom0.75	RS_GCF_000328665.1	Halobacteriota	Archaea	high	72.32968301920441	1.9999904200901024	72.32903764007244	1.9999904200901024	2714013	5	2017317	5	2017299	0.0010320638749388		0	0	2082	0	True	69.28502928343401	24.2940539234497	cocopye	-3.044653735770396	22.294063503359595	3.044653735770396	22.294063503359595	low	medium
G_r009_indel_0p5pct	9	12	indel	0.005	0.5	ins0.5_geom0.75	RS_GCF_000328665.1	Halobacteriota	Archaea	high	72.32968301920441	1.9999904200901024	72.33029254394015	1.9999904200901024	2714013	5	2017317	5	2017334	0.0049927701000883		0	0	10072	0	True	76.34195437725211	89.6057007563991	cocopye	4.012271358047698	87.605710336309	4.012271358047698	87.605710336309	low	medium
G_r009_indel_1pct	9	13	indel	0.01	1.0	ins0.5_geom0.75	RS_GCF_000328665.1	Halobacteriota	Archaea	high	72.32968301920441	1.9999904200901024	72.3438813601075	1.9999904200901024	2714013	5	2017317	5	2017713	0.0098982956074826		0	0	19968	0	True	77.14672282066113	125.6761283951889	cocopye	4.8170398014567155	123.6761379750988	4.8170398014567155	123.6761379750988	low	medium
G_r009_indel_2pct	9	14	indel	0.02	2.0	ins0.5_geom0.75	RS_GCF_000328665.1	Halobacteriota	Archaea	high	72.32968301920441	1.9999904200901024	72.32416144218654	1.9999904200901024	2714013	5	2017317	5	2017163	0.0200642734880041		0	0	40476	0	True	73.32439678284183	139.48614616496312	cocopye	0.9947137636374208	137.486155744873	0.9947137636374208	137.486155744873	low	medium
G_r009_indel_5pct	9	15	indel	0.05	5.0	ins0.5_geom0.75	RS_GCF_000328665.1	Halobacteriota	Archaea	high	72.32968301920441	1.9999904200901024	72.31774350526317	1.9999904200901024	2714013	5	2017317	5	2016984	0.0499703318814048		0	0	100806	0	True	64.45087293209598	82.4791292694033	cocopye	-7.878810087108434	80.4791388493132	7.878810087108434	80.4791388493132	low	medium
G_r009_chimera_5pct	9	16	chimera	0.05	5.0	rc0.5	RS_GCF_000328665.1	Halobacteriota	Archaea	high	72.32968301920441	1.9999904200901024	72.32968301920441	1.9999904200901024	2714013	5	2017317	5	2017317	0.0		0	0	0	0	True	72.90839135623462	0.0	cocopye	0.5787083370302071	-1.9999904200901024	0.5787083370302071	1.9999904200901024	medium	medium
G_r009_chimera_10pct	9	17	chimera	0.1	10.0	rc0.5	RS_GCF_000328665.1	Halobacteriota	Archaea	high	72.32968301920441	1.9999904200901024	72.32968301920441	1.9999904200901024	2714013	5	2017317	5	2017317	0.0		0	0	0	0	True	72.90839135623462	0.0	cocopye	0.5787083370302071	-1.9999904200901024	0.5787083370302071	1.9999904200901024	medium	medium
G_r009_chimera_20pct	9	18	chimera	0.2	20.0	rc0.5	RS_GCF_000328665.1	Halobacteriota	Archaea	high	72.32968301920441	1.9999904200901024	72.32968301920441	1.9999904200901024	2714013	5	2017317	5	2017317	0.0		0	0	0	0	True	72.90839135623462	0.0	cocopye	0.5787083370302071	-1.9999904200901024	0.5787083370302071	1.9999904200901024	medium	medium
G_r009_chimera_40pct	9	19	chimera	0.4	40.0	rc0.5	RS_GCF_000328665.1	Halobacteriota	Archaea	high	72.32968301920441	1.9999904200901024	72.32968301920441	1.9999904200901024	2714013	5	2017317	4	2017317	0.4		0	0	0	1	True	72.90839135623462	0.0	cocopye	0.5787083370302071	-1.9999904200901024	0.5787083370302071	1.9999904200901024	medium	medium
G_r009_uneven_coverage_5pct	9	20	uneven_coverage	0.05	5.0	lognormal_sigma1.0	RS_GCF_000328665.1	Halobacteriota	Archaea	high	72.32968301920441	1.9999904200901024	72.32968301920441	5.716479618925923	2714013	5	2017317	6	2118183	0.0500000743561869		100866	0	0	0	True	71.762134068699	0.0	cocopye	-0.5675489505054117	-1.9999904200901024	0.5675489505054117	1.9999904200901024	medium	medium
G_r009_uneven_coverage_10pct	9	21	uneven_coverage	0.1	10.0	lognormal_sigma1.0	RS_GCF_000328665.1	Halobacteriota	Archaea	high	72.32968301920441	1.9999904200901024	72.32968301920441	9.432968817761742	2714013	5	2017317	7	2219049	0.1000001487123739		201732	0	0	0	True	72.3875326090355	3.33370557952047	cocopye	0.05784958983109334	1.3337151594303676	0.05784958983109334	1.3337151594303676	medium	medium
G_r009_uneven_coverage_20pct	9	22	uneven_coverage	0.2	20.0	lognormal_sigma1.0	RS_GCF_000328665.1	Halobacteriota	Archaea	high	72.32968301920441	1.9999904200901024	72.32968301920441	16.865910369626086	2714013	5	2017317	8	2420780	0.1999998017168348		403463	0	0	0	True	67.40522474693407	24.90083924495059	cocopye	-4.924458272270343	22.900848824860486	4.924458272270343	22.900848824860486	low	medium
G_r009_uneven_coverage_40pct	9	23	uneven_coverage	0.4	40.0	lognormal_sigma1.0	RS_GCF_000328665.1	Halobacteriota	Archaea	high	72.32968301920441	1.9999904200901024	72.32968301920441	31.73186716496937	2714013	5	2017317	9	2824244	0.4000000991415826		806927	0	0	0	True	67.81060937954402	29.031742471195187	cocopye	-4.519073639660391	27.031752051105084	4.519073639660391	27.031752051105084	low	medium
G_r010_none_control	10	0	none	0.0	0.0	control	RS_GCF_010230725.1	Verrucomicrobiota	Bacteria	medium	90.15522021430704	1.9999669572204977	90.15522021430704	1.9999669572204977	2844797	5	2621628	5	2621628	0.0		0	0	0	0	True	93.46153674544436	7.603384998570779	cocopye	3.306316531137327	5.603418041350281	3.306316531137327	5.603418041350281	medium	high
G_r010_substitution_0p1pct	10	1	substitution	0.001	0.1	uniform	RS_GCF_010230725.1	Verrucomicrobiota	Bacteria	medium	90.15522021430704	1.9999669572204977	90.15522021430704	1.9999669572204977	2844797	5	2621628	5	2621628	0.001004719205013	0.0089640838741259	0	2634	0	0	True	93.75930417294325	10.12327707908402	cocopye	3.6040839586362097	8.123310121863522	3.6040839586362097	8.123310121863522	low	high
G_r010_substitution_0p5pct	10	2	substitution	0.005	0.5	uniform	RS_GCF_010230725.1	Verrucomicrobiota	Bacteria	medium	90.15522021430704	1.9999669572204977	90.15522021430704	1.9999669572204977	2844797	5	2621628	5	2621628	0.0050258846792908	0.0441104216424403	0	13176	0	0	True	94.92454110103306	16.15115350866082	cocopye	4.769320886726021	14.151186551440322	4.769320886726021	14.151186551440322	low	high
G_r010_substitution_1pct	10	3	substitution	0.01	1.0	uniform	RS_GCF_010230725.1	Verrucomicrobiota	Bacteria	medium	90.15522021430704	1.9999669572204977	90.15522021430704	1.9999669572204977	2844797	5	2621628	5	2621628	0.0099789138657353	0.0864827525163591	0	26161	0	0	True	94.0163407571754	16.54919454846146	cocopye	3.8611205428683633	14.549227591240964	3.8611205428683633	14.549227591240964	low	high
G_r010_substitution_2pct	10	4	substitution	0.02	2.0	uniform	RS_GCF_010230725.1	Verrucomicrobiota	Bacteria	medium	90.15522021430704	1.9999669572204977	90.15522021430704	1.9999669572204977	2844797	5	2621628	5	2621628	0.0199845286974353	0.1662522378698502	0	52392	0	0	True	94.50576980476156	22.220659678854	cocopye	4.35054959045452	20.2206927216335	4.35054959045452	20.2206927216335	low	high
G_r010_substitution_5pct	10	5	substitution	0.05	5.0	uniform	RS_GCF_010230725.1	Verrucomicrobiota	Bacteria	medium	90.15522021430704	1.9999669572204977	90.15522021430704	1.9999669572204977	2844797	5	2621628	5	2621628	0.0501287749444238	0.3697505902753909	0	131419	0	0	True	90.8921933085502	42.00743494423792	cocopye	0.7369730942431687	40.00746798701742	0.7369730942431687	40.00746798701742	low	high
G_r010_substitution_titv_0p1pct	10	6	substitution_titv	0.001	0.1	titv_2	RS_GCF_010230725.1	Verrucomicrobiota	Bacteria	medium	90.15522021430704	1.9999669572204977	90.15522021430704	1.9999669572204977	2844797	5	2621628	5	2621628	0.0009692450645171	0.0089640838741259	0	2541	0	0	True	93.6007447682825	8.678021163649321	cocopye	3.44552455397546	6.678054206428824	3.44552455397546	6.678054206428824	medium	high
G_r010_substitution_titv_0p5pct	10	7	substitution_titv	0.005	0.5	titv_2	RS_GCF_010230725.1	Verrucomicrobiota	Bacteria	medium	90.15522021430704	1.9999669572204977	90.15522021430704	1.9999669572204977	2844797	5	2621628	5	2621628	0.005010245542083	0.0441104216424403	0	13135	0	0	True	94.5034078289654	15.55414679848803	cocopye	4.348187614658357	13.554179841267533	4.348187614658357	13.554179841267533	low	high
G_r010_substitution_titv_1pct	10	8	substitution_titv	0.01	1.0	titv_2	RS_GCF_010230725.1	Verrucomicrobiota	Bacteria	medium	90.15522021430704	1.9999669572204977	90.15522021430704	1.9999669572204977	2844797	5	2621628	5	2621628	0.0100559652246619	0.0864827525163591	0	26363	0	0	True	94.72099926620844	15.31323581458528	cocopye	4.565779051901401	13.313268857364783	4.565779051901401	13.313268857364783	low	high
G_r010_substitution_titv_2pct	10	9	substitution_titv	0.02	2.0	titv_2	RS_GCF_010230725.1	Verrucomicrobiota	Bacteria	medium	90.15522021430704	1.9999669572204977	90.15522021430704	1.9999669572204977	2844797	5	2621628	5	2621628	0.019975755522904	0.1662522378698502	0	52369	0	0	True	93.71366927068992	21.27437165816323	cocopye	3.5584490563828837	19.274404700942732	3.5584490563828837	19.274404700942732	low	high
G_r010_substitution_titv_5pct	10	10	substitution_titv	0.05	5.0	titv_2	RS_GCF_010230725.1	Verrucomicrobiota	Bacteria	medium	90.15522021430704	1.9999669572204977	90.15522021430704	1.9999669572204977	2844797	5	2621628	5	2621628	0.0499586516469918	0.3697505902753909	0	130973	0	0	True	89.96350364963503	33.21167883211678	cocopye	-0.19171656467200648	31.211711874896285	0.19171656467200648	31.211711874896285	low	high
G_r010_indel_0p1pct	10	11	indel	0.001	0.1	ins0.5_geom0.75	RS_GCF_010230725.1	Verrucomicrobiota	Bacteria	medium	90.15522021430704	1.9999669572204977	90.15714599948022	1.9999669572204977	2844797	5	2621628	5	2621684	0.001029894401494		0	0	2700	0	True	92.62820512820512	35.65705128205128	cocopye	2.472984913898088	33.65708432483078	2.472984913898088	33.65708432483078	low	high
G_r010_indel_0p5pct	10	12	indel	0.005	0.5	ins0.5_geom0.75	RS_GCF_010230725.1	Verrucomicrobiota	Bacteria	medium	90.15522021430704	1.9999669572204977	90.1540165985738	1.9999669572204977	2844797	5	2621628	5	2621593	0.0050327506419675		0	0	13194	0	True	93.07359307359307	112.12121212121212	cocopye	2.9183728592860376	110.12124516399163	2.9183728592860376	110.12124516399163	low	high
G_r010_indel_1pct	10	13	indel	0.01	1.0	ins0.5_geom0.75	RS_GCF_010230725.1	Verrucomicrobiota	Bacteria	medium	90.15522021430704	1.9999669572204977	90.15037136235313	1.9999669572204977	2844797	5	2621628	5	2621487	0.0099869241555247		0	0	26182	0	True	90.07352941176472	144.48529411764704	cocopye	-0.08169080254231176	142.48532716042655	0.08169080254231176	142.48532716042655	low	high
G_r010_indel_2pct	10	14	indel	0.02	2.0	ins0.5_geom0.75	RS_GCF_010230725.1	Verrucomicrobiota	Bacteria	medium	90.15522021430704	1.9999669572204977	90.14215238634614	1.9999669572204977	2844797	5	2621628	5	2621248	0.0200226729345277		0	0	52492	0	True	90.2777777777778	167.1875	cocopye	0.12255756347076385	165.1875330427795	0.12255756347076385	165.1875330427795	low	high
G_r010_indel_5pct	10	15	indel	0.05	5.0	ins0.5_geom0.75	RS_GCF_010230725.1	Verrucomicrobiota	Bacteria	medium	90.15522021430704	1.9999669572204977	90.14541934333636	1.9999669572204977	2844797	5	2621628	5	2621343	0.0499613217435883		0	0	130980	0	True	78.66449511400651	96.49837133550488	cocopye	-11.490725100300523	94.49840437828439	11.490725100300523	94.49840437828439	low	high
G_r010_chimera_5pct	10	16	chimera	0.05	5.0	rc0.5	RS_GCF_010230725.1	Verrucomicrobiota	Bacteria	medium	90.15522021430704	1.9999669572204977	90.15522021430704	1.9999669572204977	2844797	5	2621628	5	2621628	0.0		0	0	0	0	True	93.46153674544436	7.603384998570779	cocopye	3.306316531137327	5.603418041350281	3.306316531137327	5.603418041350281	medium	high
G_r010_chimera_10pct	10	17	chimera	0.1	10.0	rc0.5	RS_GCF_010230725.1	Verrucomicrobiota	Bacteria	medium	90.15522021430704	1.9999669572204977	90.15522021430704	1.9999669572204977	2844797	5	2621628	4	2621628	0.4		0	0	0	1	True	93.46153674544436	7.603384998570779	cocopye	3.306316531137327	5.603418041350281	3.306316531137327	5.603418041350281	medium	high
G_r010_chimera_20pct	10	18	chimera	0.2	20.0	rc0.5	RS_GCF_010230725.1	Verrucomicrobiota	Bacteria	medium	90.15522021430704	1.9999669572204977	90.15522021430704	1.9999669572204977	2844797	5	2621628	4	2621628	0.4		0	0	0	1	True	93.46153674544436	7.603384998570779	cocopye	3.306316531137327	5.603418041350281	3.306316531137327	5.603418041350281	medium	high
G_r010_chimera_40pct	10	19	chimera	0.4	40.0	rc0.5	RS_GCF_010230725.1	Verrucomicrobiota	Bacteria	medium	90.15522021430704	1.9999669572204977	90.15522021430704	1.9999669572204977	2844797	5	2621628	4	2621628	0.4		0	0	0	1	True	93.46153674544436	7.603384998570779	cocopye	3.306316531137327	5.603418041350281	3.306316531137327	5.603418041350281	medium	high
G_r010_uneven_coverage_5pct	10	20	uneven_coverage	0.05	5.0	lognormal_sigma1.0	RS_GCF_010230725.1	Verrucomicrobiota	Bacteria	medium	90.15522021430704	1.9999669572204977	90.15522021430704	6.607712255039639	2844797	5	2621628	6	2752709	0.0499998474230516		131081	0	0	0	True	94.1345235870928	16.32482330427798	cocopye	3.9793033727857647	14.324856347057484	3.9793033727857647	14.324856347057484	low	high
G_r010_uneven_coverage_10pct	10	21	uneven_coverage	0.1	10.0	lognormal_sigma1.0	RS_GCF_010230725.1	Verrucomicrobiota	Bacteria	medium	90.15522021430704	1.9999669572204977	90.15522021430704	11.215492704751869	2844797	5	2621628	6	2883791	0.1000000762884741		262163	0	0	0	True	94.6400234770855	9.25587969035506	cocopye	4.48480326277847	7.255912733134563	4.48480326277847	7.255912733134563	medium	high
G_r010_uneven_coverage_20pct	10	22	uneven_coverage	0.2	20.0	lognormal_sigma1.0	RS_GCF_010230725.1	Verrucomicrobiota	Bacteria	medium	90.15522021430704	1.9999669572204977	90.15522021430704	20.43101845228324	2844797	5	2621628	7	3145954	0.2000001525769483		524326	0	0	0	True	93.06193311373406	20.32514131292176	cocopye	2.9067128994270206	18.325174355701265	2.9067128994270206	18.325174355701265	low	high
G_r010_uneven_coverage_40pct	10	23	uneven_coverage	0.4	40.0	lognormal_sigma1.0	RS_GCF_010230725.1	Verrucomicrobiota	Bacteria	medium	90.15522021430704	1.9999669572204977	90.15522021430704	38.86203479545289	2844797	5	2621628	10	3670279	0.3999999237115258		1048651	0	0	0	True	94.6058091286307	61.82572614107884	cocopye	4.45058891432366	59.82575918385834	4.45058891432366	59.82575918385834	low	high
G_r011_none_control	11	0	none	0.0	0.0	control	RS_GCF_041154675.1	Thermoproteota	Archaea	low	69.81002552476767	1.9999914385594053	69.81002552476767	1.9999914385594053	2569661	39	1845274	39	1845274	0.0		0	0	0	0	True	68.82369853463817	0.0	cocopye	-0.9863269901294984	-1.9999914385594053	0.9863269901294984	1.9999914385594053	medium	medium
G_r011_substitution_0p1pct	11	1	substitution	0.001	0.1	uniform	RS_GCF_041154675.1	Thermoproteota	Archaea	low	69.81002552476767	1.9999914385594053	69.81002552476767	1.9999914385594053	2569661	39	1845274	39	1845274	0.0009863033890901	0.0089640838741259	0	1820	0	0	True	68.29117302349256	1.13707329400986	cocopye	-1.5188525012751057	-0.8629181445495453	1.5188525012751057	0.8629181445495453	medium	medium
G_r011_substitution_0p5pct	11	2	substitution	0.005	0.5	uniform	RS_GCF_041154675.1	Thermoproteota	Archaea	low	69.81002552476767	1.9999914385594053	69.81002552476767	1.9999914385594053	2569661	39	1845274	39	1845274	0.0049217622965478	0.0441104216424403	0	9082	0	0	True	66.96303329907856	8.20869125483678	cocopye	-2.8469922256891067	6.208699816277374	2.8469922256891067	6.208699816277374	medium	medium
G_r011_substitution_1pct	11	3	substitution	0.01	1.0	uniform	RS_GCF_041154675.1	Thermoproteota	Archaea	low	69.81002552476767	1.9999914385594053	69.81002552476767	1.9999914385594053	2569661	39	1845274	39	1845274	0.0101182805371993	0.0864827525163591	0	18671	0	0	True	65.60174203923874	18.52486483441996	cocopye	-4.2082834855289235	16.524873395860556	4.2082834855289235	16.524873395860556	low	medium
G_r011_substitution_2pct	11	4	substitution	0.02	2.0	uniform	RS_GCF_041154675.1	Thermoproteota	Archaea	low	69.81002552476767	1.9999914385594053	69.81002552476767	1.9999914385594053	2569661	39	1845274	39	1845274	0.0198599232417516	0.1662522378698502	0	36647	0	0	True	63.87406812487049	23.90483466632225	cocopye	-5.935957399897177	21.904843227762846	5.935957399897177	21.904843227762846	low	medium
G_r011_substitution_5pct	11	5	substitution	0.05	5.0	uniform	RS_GCF_041154675.1	Thermoproteota	Archaea	low	69.81002552476767	1.9999914385594053	69.81002552476767	1.9999914385594053	2569661	39	1845274	39	1845274	0.049913996512171	0.3697505902753909	0	92105	0	0	True	65.15887964551695	33.48909752391209	cocopye	-4.65114587925072	31.489106085352688	4.65114587925072	31.489106085352688	low	medium
G_r011_substitution_titv_0p1pct	11	6	substitution_titv	0.001	0.1	titv_2	RS_GCF_041154675.1	Thermoproteota	Archaea	low	69.81002552476767	1.9999914385594053	69.81002552476767	1.9999914385594053	2569661	39	1845274	39	1845274	0.0009727552656136	0.0089640838741259	0	1795	0	0	True	68.31969481183987	0.91579370327823	cocopye	-1.4903307129278005	-1.0841977352811754	1.4903307129278005	1.0841977352811754	medium	medium
G_r011_substitution_titv_0p5pct	11	7	substitution_titv	0.005	0.5	titv_2	RS_GCF_041154675.1	Thermoproteota	Archaea	low	69.81002552476767	1.9999914385594053	69.81002552476767	1.9999914385594053	2569661	39	1845274	39	1845274	0.0049320588703899	0.0441104216424403	0	9101	0	0	True	67.5855297833586	4.99652618491661	cocopye	-2.224495741409072	2.996534746357205	2.224495741409072	2.996534746357205	medium	medium
G_r011_substitution_titv_1pct	11	8	substitution_titv	0.01	1.0	titv_2	RS_GCF_041154675.1	Thermoproteota	Archaea	low	69.81002552476767	1.9999914385594053	69.81002552476767	1.9999914385594053	2569661	39	1845274	39	1845274	0.0099952635760326	0.0864827525163591	0	18444	0	0	True	66.01711143599005	12.03015911087342	cocopye	-3.7929140887776214	10.030167672314015	3.7929140887776214	10.030167672314015	low	medium
G_r011_substitution_titv_2pct	11	9	substitution_titv	0.02	2.0	titv_2	RS_GCF_041154675.1	Thermoproteota	Archaea	low	69.81002552476767	1.9999914385594053	69.81002552476767	1.9999914385594053	2569661	39	1845274	39	1845274	0.0200084106750542	0.1662522378698502	0	36921	0	0	True	64.60577266280694	18.214431034264813	cocopye	-5.204252861960725	16.214439595705407	5.204252861960725	16.214439595705407	low	medium
G_r011_substitution_titv_5pct	11	10	substitution_titv	0.05	5.0	titv_2	RS_GCF_041154675.1	Thermoproteota	Archaea	low	69.81002552476767	1.9999914385594053	69.81002552476767	1.9999914385594053	2569661	39	1845274	39	1845274	0.0499703567058333	0.3697505902753909	0	92209	0	0	True	65.47695759799063	23.140436240440422	cocopye	-4.333067926777034	21.140444801881017	4.333067926777034	21.140444801881017	low	medium
G_r011_indel_0p1pct	11	11	indel	0.001	0.1	ins0.5_geom0.75	RS_GCF_041154675.1	Thermoproteota	Archaea	low	69.81002552476767	1.9999914385594053	69.81399786311964	1.9999914385594053	2569661	39	1845274	39	1845379	0.001003103062201		0	0	1851	0	True	66.06496242362516	24.2060791976377	cocopye	-3.745063101142506	22.206087759078294	3.745063101142506	22.206087759078294	low	medium
G_r011_indel_0p5pct	11	12	indel	0.005	0.5	ins0.5_geom0.75	RS_GCF_041154675.1	Thermoproteota	Archaea	low	69.81002552476767	1.9999914385594053	69.81293857289243	1.9999914385594053	2569661	39	1845274	39	1845351	0.0049244719212431		0	0	9087	0	True	69.8008983810513	71.9171424821622	cocopye	-0.009127143716369801	69.9171510436028	0.009127143716369801	69.9171510436028	low	medium
G_r011_indel_1pct	11	13	indel	0.01	1.0	ins0.5_geom0.75	RS_GCF_041154675.1	Thermoproteota	Archaea	low	69.81002552476767	1.9999914385594053	69.81187928266525	1.9999914385594053	2569661	39	1845274	39	1845323	0.0099047621112095		0	0	18277	0	True	68.79299371372244	97.57661801565432	cocopye	-1.0170318110452286	95.57662657709491	1.0170318110452286	95.57662657709491	low	medium
G_r011_indel_2pct	11	14	indel	0.02	2.0	ins0.5_geom0.75	RS_GCF_041154675.1	Thermoproteota	Archaea	low	69.81002552476767	1.9999914385594053	69.80476690542552	1.9999914385594053	2569661	39	1845274	39	1845135	0.019944463532245		0	0	36803	0	True	64.8672035490849	106.3413095664218	cocopye	-4.942821975682762	104.3413181278624	4.942821975682762	104.3413181278624	low	medium
G_r011_indel_5pct	11	15	indel	0.05	5.0	ins0.5_geom0.75	RS_GCF_041154675.1	Thermoproteota	Archaea	low	69.81002552476767	1.9999914385594053	69.80601535462185	1.9999914385594053	2569661	39	1845274	39	1845168	0.0499616859068084		0	0	92193	0	True	52.71376568338145	58.40579489003057	cocopye	-17.096259841386214	56.405803451471165	17.096259841386214	56.405803451471165	low	medium
G_r011_chimera_5pct	11	16	chimera	0.05	5.0	rc0.5	RS_GCF_041154675.1	Thermoproteota	Archaea	low	69.81002552476767	1.9999914385594053	69.81002552476767	1.9999914385594053	2569661	39	1845274	38	1845274	0.0512820512820512		0	0	0	1	True	68.82369853463817	0.0	cocopye	-0.9863269901294984	-1.9999914385594053	0.9863269901294984	1.9999914385594053	medium	medium
G_r011_chimera_10pct	11	17	chimera	0.1	10.0	rc0.5	RS_GCF_041154675.1	Thermoproteota	Archaea	low	69.81002552476767	1.9999914385594053	69.81002552476767	1.9999914385594053	2569661	39	1845274	37	1845274	0.1025641025641025		0	0	0	2	True	68.80105724050586	0.0	cocopye	-1.0089682842618117	-1.9999914385594053	1.0089682842618117	1.9999914385594053	medium	medium
G_r011_chimera_20pct	11	18	chimera	0.2	20.0	rc0.5	RS_GCF_041154675.1	Thermoproteota	Archaea	low	69.81002552476767	1.9999914385594053	69.81002552476767	1.9999914385594053	2569661	39	1845274	35	1845274	0.2051282051282051		0	0	0	4	True	68.82369853463817	0.0	cocopye	-0.9863269901294984	-1.9999914385594053	0.9863269901294984	1.9999914385594053	medium	medium
G_r011_chimera_40pct	11	19	chimera	0.4	40.0	rc0.5	RS_GCF_041154675.1	Thermoproteota	Archaea	low	69.81002552476767	1.9999914385594053	69.81002552476767	1.9999914385594053	2569661	39	1845274	31	1845274	0.4102564102564102		0	0	0	8	True	68.8212387783981	0.0	cocopye	-0.9887867463695699	-1.9999914385594053	0.9887867463695699	1.9999914385594053	medium	medium
G_r011_uneven_coverage_5pct	11	20	uneven_coverage	0.05	5.0	lognormal_sigma1.0	RS_GCF_041154675.1	Thermoproteota	Archaea	low	69.81002552476767	1.9999914385594053	69.81002552476767	5.590503961417479	2569661	39	1845274	43	1937538	0.0500001625774817		92264	0	0	0	True	68.10675047315017	4.7543819462822805	cocopye	-1.7032750516174957	2.754390507722875	1.7032750516174957	2.754390507722875	medium	medium
G_r011_uneven_coverage_10pct	11	21	uneven_coverage	0.1	10.0	lognormal_sigma1.0	RS_GCF_041154675.1	Thermoproteota	Archaea	low	69.81002552476767	1.9999914385594053	69.81002552476767	9.180977568636486	2569661	39	1845274	45	2029801	0.0999997832300243		184527	0	0	0	True	65.94880205693572	12.73191326029534	cocopye	-3.861223467831948	10.731921821735934	3.861223467831948	10.731921821735934	low	medium
G_r011_uneven_coverage_20pct	11	22	uneven_coverage	0.2	20.0	lognormal_sigma1.0	RS_GCF_041154675.1	Thermoproteota	Archaea	low	69.81002552476767	1.9999914385594053	69.81002552476767	16.362002614352633	2569661	39	1845274	47	2214329	0.2000001083849878		369055	0	0	0	True	68.48314760301322	3.95116795830306	cocopye	-1.3268779217544449	1.9511765197436546	1.3268779217544449	1.9511765197436546	medium	medium
G_r011_uneven_coverage_40pct	11	23	uneven_coverage	0.4	40.0	lognormal_sigma1.0	RS_GCF_041154675.1	Thermoproteota	Archaea	low	69.81002552476767	1.9999914385594053	69.81002552476767	30.72401379014586	2569661	39	1845274	67	2583384	0.4000002167699756		738110	0	0	0	True	69.03462846841497	32.439897027861534	cocopye	-0.775397056352702	30.43990558930213	0.775397056352702	30.43990558930213	low	medium
G_r012_none_control	12	0	none	0.0	0.0	control	RS_GCF_000224745.1	Bacteroidota_A	Bacteria	highly_fragmented	59.51764812445376	4.999997000709632	59.51764812445376	4.999997000709632	3334122	67	2151097	67	2151097	0.0		0	0	0	0	True	63.86058058171184	13.11715742030276	cocopye	4.34293245725808	8.117160419593128	4.34293245725808	8.117160419593128	low	medium
G_r012_substitution_0p1pct	12	1	substitution	0.001	0.1	uniform	RS_GCF_000224745.1	Bacteroidota_A	Bacteria	highly_fragmented	59.51764812445376	4.999997000709632	59.51764812445376	4.999997000709632	3334122	67	2151097	67	2151097	0.0009990251485637	0.0089640838741259	0	2149	0	0	True	63.54153891895855	11.368257872843207	cocopye	4.023890794504794	6.368260872133575	4.023890794504794	6.368260872133575	low	medium
G_r012_substitution_0p5pct	12	2	substitution	0.005	0.5	uniform	RS_GCF_000224745.1	Bacteroidota_A	Bacteria	highly_fragmented	59.51764812445376	4.999997000709632	59.51764812445376	4.999997000709632	3334122	67	2151097	67	2151097	0.0050495165954859	0.0441104216424403	0	10862	0	0	True	63.792031299411015	13.74913619598162	cocopye	4.274383174957258	8.749139195271988	4.274383174957258	8.749139195271988	low	medium
G_r012_substitution_1pct	12	3	substitution	0.01	1.0	uniform	RS_GCF_000224745.1	Bacteroidota_A	Bacteria	highly_fragmented	59.51764812445376	4.999997000709632	59.51764812445376	4.999997000709632	3334122	67	2151097	67	2151097	0.0100729999623447	0.0864827525163591	0	21668	0	0	True	59.8552863754912	11.02794487319306	cocopye	0.33763825103743983	6.027947872483429	0.33763825103743983	6.027947872483429	low	medium
G_r012_substitution_2pct	12	4	substitution	0.02	2.0	uniform	RS_GCF_000224745.1	Bacteroidota_A	Bacteria	highly_fragmented	59.51764812445376	4.999997000709632	59.51764812445376	4.999997000709632	3334122	67	2151097	67	2151097	0.0201023012909227	0.1662522378698502	0	43242	0	0	True	64.74604180309365	22.59962767472298	cocopye	5.22839367863989	17.599630674013348	5.22839367863989	17.599630674013348	low	medium
G_r012_substitution_5pct	12	5	substitution	0.05	5.0	uniform	RS_GCF_000224745.1	Bacteroidota_A	Bacteria	highly_fragmented	59.51764812445376	4.999997000709632	59.51764812445376	4.999997000709632	3334122	67	2151097	67	2151097	0.0501176841397668	0.3697505902753909	0	107808	0	0	True	61.40065146579805	31.02605863192182	cocopye	1.883003341344292	26.026061631212187	1.883003341344292	26.026061631212187	low	medium
G_r012_substitution_titv_0p1pct	12	6	substitution_titv	0.001	0.1	titv_2	RS_GCF_000224745.1	Bacteroidota_A	Bacteria	highly_fragmented	59.51764812445376	4.999997000709632	59.51764812445376	4.999997000709632	3334122	67	2151097	67	2151097	0.0009846138970023	0.0089640838741259	0	2118	0	0	True	64.10166448514633	14.144334076482052	cocopye	4.584016360692573	9.14433707577242	4.584016360692573	9.14433707577242	low	medium
G_r012_substitution_titv_0p5pct	12	7	substitution_titv	0.005	0.5	titv_2	RS_GCF_000224745.1	Bacteroidota_A	Bacteria	highly_fragmented	59.51764812445376	4.999997000709632	59.51764812445376	4.999997000709632	3334122	67	2151097	67	2151097	0.005129010918615	0.0441104216424403	0	11033	0	0	True	63.95254274720968	16.652721124434063	cocopye	4.43489462275592	11.65272412372443	4.43489462275592	11.65272412372443	low	medium
G_r012_substitution_titv_1pct	12	8	substitution_titv	0.01	1.0	titv_2	RS_GCF_000224745.1	Bacteroidota_A	Bacteria	highly_fragmented	59.51764812445376	4.999997000709632	59.51764812445376	4.999997000709632	3334122	67	2151097	67	2151097	0.0098921619992031	0.0864827525163591	0	21279	0	0	True	64.24451600306269	19.83990456318939	cocopye	4.726867878608928	14.839907562479757	4.726867878608928	14.839907562479757	low	medium
G_r012_substitution_titv_2pct	12	9	substitution_titv	0.02	2.0	titv_2	RS_GCF_000224745.1	Bacteroidota_A	Bacteria	highly_fragmented	59.51764812445376	4.999997000709632	59.51764812445376	4.999997000709632	3334122	67	2151097	67	2151097	0.0200390777356855	0.1662522378698502	0	43106	0	0	True	59.54724409448819	15.94488188976378	cocopye	0.02959597003443548	10.944884889054148	0.02959597003443548	10.944884889054148	low	medium
G_r012_substitution_titv_5pct	12	10	substitution_titv	0.05	5.0	titv_2	RS_GCF_000224745.1	Bacteroidota_A	Bacteria	highly_fragmented	59.51764812445376	4.999997000709632	59.51764812445376	4.999997000709632	3334122	67	2151097	67	2151097	0.0497397374455917	0.3697505902753909	0	106995	0	0	True	67.55086789766938	20.34370829254898	cocopye	8.03321977321562	15.343711291839346	8.03321977321562	15.343711291839346	low	medium
G_r012_indel_0p1pct	12	11	indel	0.001	0.1	ins0.5_geom0.75	RS_GCF_000224745.1	Bacteroidota_A	Bacteria	highly_fragmented	59.51764812445376	4.999997000709632	59.516901074692925	4.999997000709632	3334122	67	2151097	67	2151070	0.0009953061159027		0	0	2141	0	True	56.51134641367047	20.66905524141045	cocopye	-3.0063017107832835	15.669058240700819	3.0063017107832835	15.669058240700819	low	medium
G_r012_indel_0p5pct	12	12	indel	0.005	0.5	ins0.5_geom0.75	RS_GCF_000224745.1	Bacteroidota_A	Bacteria	highly_fragmented	59.51764812445376	4.999997000709632	59.5089325439108	4.999997000709632	3334122	67	2151097	67	2150782	0.0050755498241129		0	0	10918	0	True	62.37623762376238	76.59515783731693	cocopye	2.8585894993086214	71.5951608366073	2.8585894993086214	71.5951608366073	low	medium
G_r012_indel_1pct	12	13	indel	0.01	1.0	ins0.5_geom0.75	RS_GCF_000224745.1	Bacteroidota_A	Bacteria	highly_fragmented	59.51764812445376	4.999997000709632	59.52251778215395	4.999997000709632	3334122	67	2151097	67	2151273	0.0099498070054488		0	0	21403	0	True	61.254612546125465	102.61376863036207	cocopye	1.7369644216717077	97.61377162965245	1.7369644216717077	97.61377162965245	low	medium
G_r012_indel_2pct	12	14	indel	0.02	2.0	ins0.5_geom0.75	RS_GCF_000224745.1	Bacteroidota_A	Bacteria	highly_fragmented	59.51764812445376	4.999997000709632	59.50337117346911	4.999997000709632	3334122	67	2151097	67	2150581	0.0199061223180544		0	0	42820	0	True	65.5	128.08333333333331	cocopye	5.982351875546243	123.08333633262369	5.982351875546243	123.08333633262369	low	medium
G_r012_indel_5pct	12	15	indel	0.05	5.0	ins0.5_geom0.75	RS_GCF_000224745.1	Bacteroidota_A	Bacteria	highly_fragmented	59.51764812445376	4.999997000709632	59.50835150520794	4.999997000709632	3334122	67	2151097	67	2150761	0.0501200085351799		0	0	107813	0	True	53.62903225806451	53.29301280360068	cocopye	-5.8886158663892445	48.29301580289105	5.8886158663892445	48.29301580289105	low	medium
G_r012_chimera_5pct	12	16	chimera	0.05	5.0	rc0.5	RS_GCF_000224745.1	Bacteroidota_A	Bacteria	highly_fragmented	59.51764812445376	4.999997000709632	59.51764812445376	4.999997000709632	3334122	67	2151097	65	2151097	0.0597014925373134		0	0	0	2	True	63.86058058171184	13.11715742030276	cocopye	4.34293245725808	8.117160419593128	4.34293245725808	8.117160419593128	low	medium
G_r012_chimera_10pct	12	17	chimera	0.1	10.0	rc0.5	RS_GCF_000224745.1	Bacteroidota_A	Bacteria	highly_fragmented	59.51764812445376	4.999997000709632	59.51764812445376	4.999997000709632	3334122	67	2151097	63	2151097	0.1194029850746268		0	0	0	4	True	63.86058058171184	13.11715742030276	cocopye	4.34293245725808	8.117160419593128	4.34293245725808	8.117160419593128	low	medium
G_r012_chimera_20pct	12	18	chimera	0.2	20.0	rc0.5	RS_GCF_000224745.1	Bacteroidota_A	Bacteria	highly_fragmented	59.51764812445376	4.999997000709632	59.51764812445376	4.999997000709632	3334122	67	2151097	60	2151097	0.208955223880597		0	0	0	7	True	63.61369218141692	13.660656489328	cocopye	4.096044056963166	8.660659488618368	4.096044056963166	8.660659488618368	low	medium
G_r012_chimera_40pct	12	19	chimera	0.4	40.0	rc0.5	RS_GCF_000224745.1	Bacteroidota_A	Bacteria	highly_fragmented	59.51764812445376	4.999997000709632	59.51764812445376	4.999997000709632	3334122	67	2151097	53	2151097	0.417910447761194		0	0	0	14	True	63.85892664200017	13.12253810578135	cocopye	4.341278517546414	8.122541105071718	4.341278517546414	8.122541105071718	low	medium
G_r012_uneven_coverage_5pct	12	20	uneven_coverage	0.05	5.0	lognormal_sigma1.0	RS_GCF_000224745.1	Bacteroidota_A	Bacteria	highly_fragmented	59.51764812445376	4.999997000709632	59.51764812445376	8.225883755903354	3334122	67	2151097	70	2258652	0.0500000697318623		107555	0	0	0	True	64.2498496773994	14.10348503340518	cocopye	4.732201552945639	9.103488032695548	4.732201552945639	9.103488032695548	low	medium
G_r012_uneven_coverage_10pct	12	21	uneven_coverage	0.1	10.0	lognormal_sigma1.0	RS_GCF_000224745.1	Bacteroidota_A	Bacteria	highly_fragmented	59.51764812445376	4.999997000709632	59.51764812445376	11.451770511097074	3334122	67	2151097	76	2366207	0.1000001394637247		215110	0	0	0	True	63.82507608131489	23.44546140406374	cocopye	4.307427956861133	18.44546440335411	4.307427956861133	18.44546440335411	low	medium
G_r012_uneven_coverage_20pct	12	22	uneven_coverage	0.2	20.0	lognormal_sigma1.0	RS_GCF_000224745.1	Bacteroidota_A	Bacteria	highly_fragmented	59.51764812445376	4.999997000709632	59.51764812445376	17.903514028580837	3334122	67	2151097	77	2581316	0.1999998140483669		430219	0	0	0	True	67.26341326128107	17.45874786035154	cocopye	7.745765136827316	12.458750859641908	7.745765136827316	12.458750859641908	low	medium
G_r012_uneven_coverage_40pct	12	23	uneven_coverage	0.4	40.0	lognormal_sigma1.0	RS_GCF_000224745.1	Bacteroidota_A	Bacteria	highly_fragmented	59.51764812445376	4.999997000709632	59.51764812445376	30.807061049355724	3334122	67	2151097	99	3011536	0.4000000929758165		860439	0	0	0	True	62.17712177121771	30.81180811808118	cocopye	2.6594736467639564	25.811811117371548	2.6594736467639564	25.811811117371548	low	medium
G_r013_none_control	13	0	none	0.0	0.0	control	GB_GCA_001430905.1	Patescibacteriota	Bacteria	low	76.96942748642023	0.0	76.96942748642023	0.0	1248180	4	960717	4	960717	0.0		0	0	0	0	True	57.7639751552795	1.86335403726708	cocopye	-19.205452331140727	1.86335403726708	19.205452331140727	1.86335403726708	medium	medium
G_r013_substitution_0p1pct	13	1	substitution	0.001	0.1	uniform	GB_GCA_001430905.1	Patescibacteriota	Bacteria	low	76.96942748642023	0.0	76.96942748642023	0.0	1248180	4	960717	4	960717	0.0010377665847486	0.0089640838741259	0	997	0	0	True	56.05263157894736	2.63157894736842	cocopye	-20.916795907472867	2.63157894736842	20.916795907472867	2.63157894736842	medium	medium
G_r013_substitution_0p5pct	13	2	substitution	0.005	0.5	uniform	GB_GCA_001430905.1	Patescibacteriota	Bacteria	low	76.96942748642023	0.0	76.96942748642023	0.0	1248180	4	960717	4	960717	0.0050295768681099	0.0441104216424403	0	4832	0	0	True	51.19760479041916	5.38922155688622	cocopye	-25.771822696001067	5.38922155688622	25.771822696001067	5.38922155688622	medium	medium
G_r013_substitution_1pct	13	3	substitution	0.01	1.0	uniform	GB_GCA_001430905.1	Patescibacteriota	Bacteria	low	76.96942748642023	0.0	76.96942748642023	0.0	1248180	4	960717	4	960717	0.0097937269768308	0.0864827525163591	0	9409	0	0	True	55.73248407643312	6.36942675159235	cocopye	-21.236943409987113	6.36942675159235	21.236943409987113	6.36942675159235	medium	medium
G_r013_substitution_2pct	13	4	substitution	0.02	2.0	uniform	GB_GCA_001430905.1	Patescibacteriota	Bacteria	low	76.96942748642023	0.0	76.96942748642023	0.0	1248180	4	960717	4	960717	0.0199819509803615	0.1662522378698502	0	19197	0	0	True	57.333333333333336	10.33333333333333	cocopye	-19.636094153086894	10.33333333333333	19.636094153086894	10.33333333333333	low	medium
G_r013_substitution_5pct	13	5	substitution	0.05	5.0	uniform	GB_GCA_001430905.1	Patescibacteriota	Bacteria	low	76.96942748642023	0.0	76.96942748642023	0.0	1248180	4	960717	4	960717	0.0504019393848552	0.3697505902753909	0	48422	0	0	True	47.78481012658228	21.20253164556961	cocopye	-29.18461735983795	21.20253164556961	29.18461735983795	21.20253164556961	low	medium
G_r013_substitution_titv_0p1pct	13	6	substitution_titv	0.001	0.1	titv_2	GB_GCA_001430905.1	Patescibacteriota	Bacteria	low	76.96942748642023	0.0	76.96942748642023	0.0	1248180	4	960717	4	960717	0.0009097372066904	0.0089640838741259	0	874	0	0	True	57.44047619047619	3.27380952380952	cocopye	-19.52895129594404	3.27380952380952	19.52895129594404	3.27380952380952	medium	medium
G_r013_substitution_titv_0p5pct	13	7	substitution_titv	0.005	0.5	titv_2	GB_GCA_001430905.1	Patescibacteriota	Bacteria	low	76.96942748642023	0.0	76.96942748642023	0.0	1248180	4	960717	4	960717	0.0049400603923944	0.0441104216424403	0	4746	0	0	True	53.40909090909091	5.68181818181818	cocopye	-23.560336577329323	5.68181818181818	23.560336577329323	5.68181818181818	medium	medium
G_r013_substitution_titv_1pct	13	8	substitution_titv	0.01	1.0	titv_2	GB_GCA_001430905.1	Patescibacteriota	Bacteria	low	76.96942748642023	0.0	76.96942748642023	0.0	1248180	4	960717	4	960717	0.0098905296773139	0.0864827525163591	0	9502	0	0	True	53.289473684210535	8.552631578947361	cocopye	-23.679953802209695	8.552631578947361	23.679953802209695	8.552631578947361	medium	medium
G_r013_substitution_titv_2pct	13	9	substitution_titv	0.02	2.0	titv_2	GB_GCA_001430905.1	Patescibacteriota	Bacteria	low	76.96942748642023	0.0	76.96942748642023	0.0	1248180	4	960717	4	960717	0.0198809847228684	0.1662522378698502	0	19100	0	0	True	56.46551724137932	15.22988505747126	cocopye	-20.503910245040913	15.22988505747126	20.503910245040913	15.22988505747126	low	medium
G_r013_substitution_titv_5pct	13	10	substitution_titv	0.05	5.0	titv_2	GB_GCA_001430905.1	Patescibacteriota	Bacteria	low	76.96942748642023	0.0	76.96942748642023	0.0	1248180	4	960717	4	960717	0.0498440227455119	0.3697505902753909	0	47886	0	0	True	48.0	18.0	cocopye	-28.96942748642023	18.0	28.96942748642023	18.0	low	medium
G_r013_indel_0p1pct	13	11	indel	0.001	0.1	ins0.5_geom0.75	GB_GCA_001430905.1	Patescibacteriota	Bacteria	low	76.96942748642023	0.0	76.97391401881139	0.0	1248180	4	960717	4	960773	0.0009794767866083		0	0	941	0	True	54.21348314606742	12.64044943820224	cocopye	-22.755944340352812	12.64044943820224	22.755944340352812	12.64044943820224	low	medium
G_r013_indel_0p5pct	13	12	indel	0.005	0.5	ins0.5_geom0.75	GB_GCA_001430905.1	Patescibacteriota	Bacteria	low	76.96942748642023	0.0	76.95997372173885	0.0	1248180	4	960717	4	960599	0.0049650417344545		0	0	4770	0	True	55.21472392638037	39.05930548357817	cocopye	-21.754703560039857	39.05930548357817	21.754703560039857	39.05930548357817	low	medium
G_r013_indel_1pct	13	13	indel	0.01	1.0	ins0.5_geom0.75	GB_GCA_001430905.1	Patescibacteriota	Bacteria	low	76.96942748642023	0.0	76.95516672274832	0.0	1248180	4	960717	4	960539	0.0100279270586447		0	0	9634	0	True	49.70760233918128	54.97076023391813	cocopye	-27.26182514723895	54.97076023391813	27.26182514723895	54.97076023391813	low	medium
G_r013_indel_2pct	13	14	indel	0.02	2.0	ins0.5_geom0.75	GB_GCA_001430905.1	Patescibacteriota	Bacteria	low	76.96942748642023	0.0	76.98208591709529	0.0	1248180	4	960717	4	960875	0.020058976785047		0	0	19271	0	True	48.75	57.49999999999999	cocopye	-28.21942748642023	57.49999999999999	28.21942748642023	57.49999999999999	low	medium
G_r013_indel_5pct	13	15	indel	0.05	5.0	ins0.5_geom0.75	GB_GCA_001430905.1	Patescibacteriota	Bacteria	low	76.96942748642023	0.0	76.93762117643288	0.0	1248180	4	960717	4	960320	0.0504342069516829		0	0	48453	0	True	30.689655172413783	15.86206896551724	cocopye	-46.27977231400645	15.86206896551724	46.27977231400645	15.86206896551724	low	medium
G_r013_chimera_5pct	13	16	chimera	0.05	5.0	rc0.5	GB_GCA_001430905.1	Patescibacteriota	Bacteria	low	76.96942748642023	0.0	76.96942748642023	0.0	1248180	4	960717	4	960717	0.0		0	0	0	0	True	57.7639751552795	1.86335403726708	cocopye	-19.205452331140727	1.86335403726708	19.205452331140727	1.86335403726708	medium	medium
G_r013_chimera_10pct	13	17	chimera	0.1	10.0	rc0.5	GB_GCA_001430905.1	Patescibacteriota	Bacteria	low	76.96942748642023	0.0	76.96942748642023	0.0	1248180	4	960717	3	960717	0.5		0	0	0	1	True	57.7639751552795	1.86335403726708	cocopye	-19.205452331140727	1.86335403726708	19.205452331140727	1.86335403726708	medium	medium
G_r013_chimera_20pct	13	18	chimera	0.2	20.0	rc0.5	GB_GCA_001430905.1	Patescibacteriota	Bacteria	low	76.96942748642023	0.0	76.96942748642023	0.0	1248180	4	960717	4	960717	0.0		0	0	0	0	True	57.7639751552795	1.86335403726708	cocopye	-19.205452331140727	1.86335403726708	19.205452331140727	1.86335403726708	medium	medium
G_r013_chimera_40pct	13	19	chimera	0.4	40.0	rc0.5	GB_GCA_001430905.1	Patescibacteriota	Bacteria	low	76.96942748642023	0.0	76.96942748642023	0.0	1248180	4	960717	3	960717	0.5		0	0	0	1	True	57.7639751552795	1.86335403726708	cocopye	-19.205452331140727	1.86335403726708	19.205452331140727	1.86335403726708	medium	medium
G_r013_uneven_coverage_5pct	13	20	uneven_coverage	0.05	5.0	lognormal_sigma1.0	GB_GCA_001430905.1	Patescibacteriota	Bacteria	low	76.96942748642023	0.0	76.96942748642023	3.848483391818488	1248180	4	960717	5	1008753	0.0500001561333878		48036	0	0	0	True	57.97546012269939	4.29447852760736	cocopye	-18.99396736372084	4.29447852760736	18.99396736372084	4.29447852760736	medium	medium
G_r013_uneven_coverage_10pct	13	21	uneven_coverage	0.1	10.0	lognormal_sigma1.0	GB_GCA_001430905.1	Patescibacteriota	Bacteria	low	76.96942748642023	0.0	76.96942748642023	7.696966783636975	1248180	4	960717	5	1056789	0.1000003122667757		96072	0	0	0	True	59.17721518987342	8.54430379746835	cocopye	-17.792212296546808	8.54430379746835	17.792212296546808	8.54430379746835	medium	medium
G_r013_uneven_coverage_20pct	13	22	uneven_coverage	0.2	20.0	lognormal_sigma1.0	GB_GCA_001430905.1	Patescibacteriota	Bacteria	low	76.96942748642023	0.0	76.96942748642023	15.393853450624109	1248180	4	960717	5	1152860	0.1999995836442989		192143	0	0	0	True	56.75675675675676	10.81081081081081	cocopye	-20.212670729663472	10.81081081081081	20.212670729663472	10.81081081081081	low	medium
G_r013_uneven_coverage_40pct	13	23	uneven_coverage	0.4	40.0	lognormal_sigma1.0	GB_GCA_001430905.1	Patescibacteriota	Bacteria	low	76.96942748642023	0.0	76.96942748642023	30.787787017898054	1248180	4	960717	6	1345004	0.4000002081778505		384287	0	0	0	True	54.7752808988764	25.0	cocopye	-22.194146587543827	25.0	22.194146587543827	25.0	low	medium
G_r014_none_control	14	0	none	0.0	0.0	control	RS_GCF_040370075.1	Deinococcota	Bacteria	highly_fragmented	59.81995348606355	1.4848032020874546	59.81995348606355	1.4848032020874546	2256528	80	1383359	80	1383359	0.0		0	0	0	0	True	63.059857766408186	1.40442188461316	cocopye	3.239904280344639	-0.08038131747429467	3.239904280344639	0.08038131747429467	medium	medium
G_r014_substitution_0p1pct	14	1	substitution	0.001	0.1	uniform	RS_GCF_040370075.1	Deinococcota	Bacteria	highly_fragmented	59.81995348606355	1.4848032020874546	59.81995348606355	1.4848032020874546	2256528	80	1383359	80	1383359	0.0009946803396659	0.0089640838741259	0	1376	0	0	True	62.60415685737309	2.85152696127392	cocopye	2.7842033713095447	1.3667237591864652	2.7842033713095447	1.3667237591864652	medium	medium
G_r014_substitution_0p5pct	14	2	substitution	0.005	0.5	uniform	RS_GCF_040370075.1	Deinococcota	Bacteria	highly_fragmented	59.81995348606355	1.4848032020874546	59.81995348606355	1.4848032020874546	2256528	80	1383359	80	1383359	0.0050883393247884	0.0441104216424403	0	7039	0	0	True	61.997137981954886	5.91434132730792	cocopye	2.177184495891339	4.429538125220465	2.177184495891339	4.429538125220465	medium	medium
G_r014_substitution_1pct	14	3	substitution	0.01	1.0	uniform	RS_GCF_040370075.1	Deinococcota	Bacteria	highly_fragmented	59.81995348606355	1.4848032020874546	59.81995348606355	1.4848032020874546	2256528	80	1383359	80	1383359	0.0100400546785035	0.0864827525163591	0	13889	0	0	True	62.45311479925245	12.17240290999372	cocopye	2.6331613131889	10.687599707906266	2.6331613131889	10.687599707906266	low	medium
G_r014_substitution_2pct	14	4	substitution	0.02	2.0	uniform	RS_GCF_040370075.1	Deinococcota	Bacteria	highly_fragmented	59.81995348606355	1.4848032020874546	59.81995348606355	1.4848032020874546	2256528	80	1383359	80	1383359	0.0200374595459313	0.1662522378698502	0	27719	0	0	True	62.01619328971142	17.0537239688042	cocopye	2.1962398036478703	15.568920766716744	2.1962398036478703	15.568920766716744	low	medium
G_r014_substitution_5pct	14	5	substitution	0.05	5.0	uniform	RS_GCF_040370075.1	Deinococcota	Bacteria	highly_fragmented	59.81995348606355	1.4848032020874546	59.81995348606355	1.4848032020874546	2256528	80	1383359	80	1383359	0.0501048534762126	0.3697505902753909	0	69313	0	0	True	61.91409966431692	25.20923173975842	cocopye	2.094146178253375	23.724428537670963	2.094146178253375	23.724428537670963	low	medium
G_r014_substitution_titv_0p1pct	14	6	substitution_titv	0.001	0.1	titv_2	RS_GCF_040370075.1	Deinococcota	Bacteria	highly_fragmented	59.81995348606355	1.4848032020874546	59.81995348606355	1.4848032020874546	2256528	80	1383359	80	1383359	0.0010301013692035	0.0089640838741259	0	1425	0	0	True	62.76195782235677	2.35299288474436	cocopye	2.9420043362932233	0.8681896826569053	2.9420043362932233	0.8681896826569053	medium	medium
G_r014_substitution_titv_0p5pct	14	7	substitution_titv	0.005	0.5	titv_2	RS_GCF_040370075.1	Deinococcota	Bacteria	highly_fragmented	59.81995348606355	1.4848032020874546	59.81995348606355	1.4848032020874546	2256528	80	1383359	80	1383359	0.0050109913623289	0.0441104216424403	0	6932	0	0	True	62.770865099944906	4.42352840764142	cocopye	2.9509116138813596	2.9387252055539657	2.9509116138813596	2.9387252055539657	medium	medium
G_r014_substitution_titv_1pct	14	8	substitution_titv	0.01	1.0	titv_2	RS_GCF_040370075.1	Deinococcota	Bacteria	highly_fragmented	59.81995348606355	1.4848032020874546	59.81995348606355	1.4848032020874546	2256528	80	1383359	80	1383359	0.0099858388169665	0.0864827525163591	0	13814	0	0	True	62.06665899204028	8.00109608285451	cocopye	2.2467055059767347	6.516292880767055	2.2467055059767347	6.516292880767055	medium	medium
G_r014_substitution_titv_2pct	14	9	substitution_titv	0.02	2.0	titv_2	RS_GCF_040370075.1	Deinococcota	Bacteria	highly_fragmented	59.81995348606355	1.4848032020874546	59.81995348606355	1.4848032020874546	2256528	80	1383359	80	1383359	0.0199861351970095	0.1662522378698502	0	27648	0	0	True	61.73388143933851	12.922572527536827	cocopye	1.913927953274964	11.437769325449374	1.913927953274964	11.437769325449374	low	medium
G_r014_substitution_titv_5pct	14	10	substitution_titv	0.05	5.0	titv_2	RS_GCF_040370075.1	Deinococcota	Bacteria	highly_fragmented	59.81995348606355	1.4848032020874546	59.81995348606355	1.4848032020874546	2256528	80	1383359	80	1383359	0.0497781125506828	0.3697505902753909	0	68861	0	0	True	61.70950034337787	23.035341076456568	cocopye	1.889546857314322	21.550537874369113	1.889546857314322	21.550537874369113	low	medium
G_r014_indel_0p1pct	14	11	indel	0.001	0.1	ins0.5_geom0.75	RS_GCF_040370075.1	Deinococcota	Bacteria	highly_fragmented	59.81995348606355	1.4848032020874546	59.82311019130382	1.4848032020874546	2256528	80	1383359	80	1383432	0.001006969268281		0	0	1393	0	True	62.98078295620676	24.78200772381744	cocopye	3.160829470143213	23.297204521729984	3.160829470143213	23.297204521729984	low	medium
G_r014_indel_0p5pct	14	12	indel	0.005	0.5	ins0.5_geom0.75	RS_GCF_040370075.1	Deinococcota	Bacteria	highly_fragmented	59.81995348606355	1.4848032020874546	59.82207237040291	1.4848032020874546	2256528	80	1383359	80	1383408	0.004964727160484		0	0	6868	0	True	64.32329182365544	58.13436305269282	cocopye	4.503338337591892	56.649559850605364	4.503338337591892	56.649559850605364	low	medium
G_r014_indel_1pct	14	13	indel	0.01	1.0	ins0.5_geom0.75	RS_GCF_040370075.1	Deinococcota	Bacteria	highly_fragmented	59.81995348606355	1.4848032020874546	59.82159670248999	1.4848032020874546	2256528	80	1383359	80	1383397	0.0099554779345057		0	0	13772	0	True	65.40071770334929	83.28947222403933	cocopye	5.58076421728574	81.80466902195188	5.58076421728574	81.80466902195188	low	medium
G_r014_indel_2pct	14	14	indel	0.02	2.0	ins0.5_geom0.75	RS_GCF_040370075.1	Deinococcota	Bacteria	highly_fragmented	59.81995348606355	1.4848032020874546	59.83634240779045	1.4848032020874546	2256528	80	1383359	80	1383738	0.0202073359120806		0	0	27954	0	True	62.704918032786885	92.62294367269833	cocopye	2.8849645467233387	91.13814047061088	2.8849645467233387	91.13814047061088	low	medium
G_r014_indel_5pct	14	15	indel	0.05	5.0	ins0.5_geom0.75	RS_GCF_040370075.1	Deinococcota	Bacteria	highly_fragmented	59.81995348606355	1.4848032020874546	59.81567247484728	1.4848032020874546	2256528	80	1383359	80	1383260	0.04994003725714		0	0	69085	0	True	53.5840228394861	52.30875820382172	cocopye	-6.235930646577444	50.82395500173426	6.235930646577444	50.82395500173426	low	medium
G_r014_chimera_5pct	14	16	chimera	0.05	5.0	rc0.5	RS_GCF_040370075.1	Deinococcota	Bacteria	highly_fragmented	59.81995348606355	1.4848032020874546	59.81995348606355	1.4848032020874546	2256528	80	1383359	78	1383359	0.05		0	0	0	2	True	63.059857766408186	1.40442188461316	cocopye	3.239904280344639	-0.08038131747429467	3.239904280344639	0.08038131747429467	medium	medium
G_r014_chimera_10pct	14	17	chimera	0.1	10.0	rc0.5	RS_GCF_040370075.1	Deinococcota	Bacteria	highly_fragmented	59.81995348606355	1.4848032020874546	59.81995348606355	1.4848032020874546	2256528	80	1383359	76	1383359	0.1		0	0	0	4	True	63.059857766408186	1.40442188461316	cocopye	3.239904280344639	-0.08038131747429467	3.239904280344639	0.08038131747429467	medium	medium
G_r014_chimera_20pct	14	18	chimera	0.2	20.0	rc0.5	RS_GCF_040370075.1	Deinococcota	Bacteria	highly_fragmented	59.81995348606355	1.4848032020874546	59.81995348606355	1.4848032020874546	2256528	80	1383359	72	1383359	0.2		0	0	0	8	True	63.059857766408186	1.40442188461316	cocopye	3.239904280344639	-0.08038131747429467	3.239904280344639	0.08038131747429467	medium	medium
G_r014_chimera_40pct	14	19	chimera	0.4	40.0	rc0.5	RS_GCF_040370075.1	Deinococcota	Bacteria	highly_fragmented	59.81995348606355	1.4848032020874546	59.81995348606355	1.4848032020874546	2256528	80	1383359	64	1383359	0.4		0	0	0	16	True	63.059857766408186	1.40442188461316	cocopye	3.239904280344639	-0.08038131747429467	3.239904280344639	0.08038131747429467	medium	medium
G_r014_uneven_coverage_5pct	14	20	uneven_coverage	0.05	5.0	lognormal_sigma1.0	RS_GCF_040370075.1	Deinococcota	Bacteria	highly_fragmented	59.81995348606355	1.4848032020874546	59.81995348606355	4.550043252288472	2256528	80	1383359	84	1452527	0.0500000361439076		69168	0	0	0	True	61.43307876938371	11.82993638527163	cocopye	1.6131252833201657	10.345133183184174	1.6131252833201657	10.345133183184174	low	medium
G_r014_uneven_coverage_10pct	14	21	uneven_coverage	0.1	10.0	lognormal_sigma1.0	RS_GCF_040370075.1	Deinococcota	Bacteria	highly_fragmented	59.81995348606355	1.4848032020874546	59.81995348606355	7.615283302489488	2256528	80	1383359	86	1521695	0.1000000722878153		138336	0	0	0	True	62.58411095807666	9.52183974017603	cocopye	2.7641574720131104	8.037036538088575	2.7641574720131104	8.037036538088575	medium	medium
G_r014_uneven_coverage_20pct	14	22	uneven_coverage	0.2	20.0	lognormal_sigma1.0	RS_GCF_040370075.1	Deinococcota	Bacteria	highly_fragmented	59.81995348606355	1.4848032020874546	59.81995348606355	13.74576340289152	2256528	80	1383359	100	1660031	0.2000001445756307		276672	0	0	0	True	60.88962731836095	23.42487689313239	cocopye	1.0696738322974042	21.940073691044933	1.0696738322974042	21.940073691044933	low	medium
G_r014_uneven_coverage_40pct	14	23	uneven_coverage	0.4	40.0	lognormal_sigma1.0	RS_GCF_040370075.1	Deinococcota	Bacteria	highly_fragmented	59.81995348606355	1.4848032020874546	59.81995348606355	26.00672360369559	2256528	80	1383359	118	1936703	0.4000002891512615		553344	0	0	0	True	65.69091233039839	32.621250637133734	cocopye	5.870958844334844	31.13644743504628	5.870958844334844	31.13644743504628	low	medium
G_r015_none_control	15	0	none	0.0	0.0	control	RS_GCF_007752345.1	Planctomycetota	Bacteria	high	71.30081523787312	1.9999957806400808	71.30081523787312	1.9999957806400808	5214061	7	3821949	7	3821949	0.0		0	0	0	0	True	68.2018447482334	3.6750558926127495	cocopye	-3.0989704896397257	1.6750601119726687	3.0989704896397257	1.6750601119726687	medium	medium
G_r015_substitution_0p1pct	15	1	substitution	0.001	0.1	uniform	RS_GCF_007752345.1	Planctomycetota	Bacteria	high	71.30081523787312	1.9999957806400808	71.30081523787312	1.9999957806400808	5214061	7	3821949	7	3821949	0.0009756802092335	0.0089640838741259	0	3729	0	0	True	66.3931946377652	5.89695823129307	cocopye	-4.907620600107919	3.896962450652989	4.907620600107919	3.896962450652989	medium	medium
G_r015_substitution_0p5pct	15	2	substitution	0.005	0.5	uniform	RS_GCF_007752345.1	Planctomycetota	Bacteria	high	71.30081523787312	1.9999957806400808	71.30081523787312	1.9999957806400808	5214061	7	3821949	7	3821949	0.0050366972453059	0.0441104216424403	0	19250	0	0	True	66.07166900325124	8.24038046586201	cocopye	-5.229146234621879	6.24038468522193	5.229146234621879	6.24038468522193	medium	medium
G_r015_substitution_1pct	15	3	substitution	0.01	1.0	uniform	RS_GCF_007752345.1	Planctomycetota	Bacteria	high	71.30081523787312	1.9999957806400808	71.30081523787312	1.9999957806400808	5214061	7	3821949	7	3821949	0.009915621584694	0.0864827525163591	0	37897	0	0	True	65.375035548235	14.37660693474521	cocopye	-5.925779689638119	12.37661115410513	5.925779689638119	12.37661115410513	low	medium
G_r015_substitution_2pct	15	4	substitution	0.02	2.0	uniform	RS_GCF_007752345.1	Planctomycetota	Bacteria	high	71.30081523787312	1.9999957806400808	71.30081523787312	1.9999957806400808	5214061	7	3821949	7	3821949	0.0199298839414131	0.1662522378698502	0	76171	0	0	True	67.1427149516504	21.62881403858692	cocopye	-4.158100286222719	19.62881825794684	4.158100286222719	19.62881825794684	low	medium
G_r015_substitution_5pct	15	5	substitution	0.05	5.0	uniform	RS_GCF_007752345.1	Planctomycetota	Bacteria	high	71.30081523787312	1.9999957806400808	71.30081523787312	1.9999957806400808	5214061	7	3821949	7	3821949	0.0500370360776661	0.3697505902753909	0	191239	0	0	True	72.15122795714358	37.93929712460064	cocopye	0.8504127192704516	35.939301343960565	0.8504127192704516	35.939301343960565	low	medium
G_r015_substitution_titv_0p1pct	15	6	substitution_titv	0.001	0.1	titv_2	RS_GCF_007752345.1	Planctomycetota	Bacteria	high	71.30081523787312	1.9999957806400808	71.30081523787312	1.9999957806400808	5214061	7	3821949	7	3821949	0.0010047229829597	0.0089640838741259	0	3840	0	0	True	66.6279509883148	4.94249124439294	cocopye	-4.67286424955833	2.9424954637528593	4.67286424955833	2.9424954637528593	medium	medium
G_r015_substitution_titv_0p5pct	15	7	substitution_titv	0.005	0.5	titv_2	RS_GCF_007752345.1	Planctomycetota	Bacteria	high	71.30081523787312	1.9999957806400808	71.30081523787312	1.9999957806400808	5214061	7	3821949	7	3821949	0.0050039914190377	0.0441104216424403	0	19125	0	0	True	67.4541893504128	8.41439956137297	cocopye	-3.84662588746032	6.41440378073289	3.84662588746032	6.41440378073289	medium	medium
G_r015_substitution_titv_1pct	15	8	substitution_titv	0.01	1.0	titv_2	RS_GCF_007752345.1	Planctomycetota	Bacteria	high	71.30081523787312	1.9999957806400808	71.30081523787312	1.9999957806400808	5214061	7	3821949	7	3821949	0.0098483784058866	0.0864827525163591	0	37640	0	0	True	66.50837324725076	8.19680907161468	cocopye	-4.792441990622365	6.1968132909746	4.792441990622365	6.1968132909746	medium	medium
G_r015_substitution_titv_2pct	15	9	substitution_titv	0.02	2.0	titv_2	RS_GCF_007752345.1	Planctomycetota	Bacteria	high	71.30081523787312	1.9999957806400808	71.30081523787312	1.9999957806400808	5214061	7	3821949	7	3821949	0.0200345425854714	0.1662522378698502	0	76571	0	0	True	66.12197659527384	19.71977018413503	cocopye	-5.178838642599288	17.71977440349495	5.178838642599288	17.71977440349495	low	medium
G_r015_substitution_titv_5pct	15	10	substitution_titv	0.05	5.0	titv_2	RS_GCF_007752345.1	Planctomycetota	Bacteria	high	71.30081523787312	1.9999957806400808	71.30081523787312	1.9999957806400808	5214061	7	3821949	7	3821949	0.0500932900988474	0.3697505902753909	0	191454	0	0	True	73.1270358306189	36.536375163820736	cocopye	1.82622059274577	34.53637938318066	1.82622059274577	34.53637938318066	low	medium
G_r015_indel_0p1pct	15	11	indel	0.001	0.1	ins0.5_geom0.75	RS_GCF_007752345.1	Planctomycetota	Bacteria	high	71.30081523787312	1.9999957806400808	71.30061002609044	1.9999957806400808	5214061	7	3821949	7	3821938	0.0010041996897394		0	0	3838	0	True	67.43539396706853	24.73113597530353	cocopye	-3.865421270804589	22.73114019466345	3.865421270804589	22.73114019466345	low	medium
G_r015_indel_0p5pct	15	12	indel	0.005	0.5	ins0.5_geom0.75	RS_GCF_007752345.1	Planctomycetota	Bacteria	high	71.30081523787312	1.9999957806400808	71.29641251235374	1.9999957806400808	5214061	7	3821949	7	3821713	0.0049995434266652		0	0	19108	0	True	70.5091273063198	91.35446685878964	cocopye	-0.7916879315533265	89.35447107814956	0.7916879315533265	89.35447107814956	low	medium
G_r015_indel_1pct	15	13	indel	0.01	1.0	ins0.5_geom0.75	RS_GCF_007752345.1	Planctomycetota	Bacteria	high	71.30081523787312	1.9999957806400808	71.30579628750736	1.9999957806400808	5214061	7	3821949	7	3822216	0.0099849579363827		0	0	38162	0	True	70.77294833418252	123.01932072293933	cocopye	-0.5278669036906081	121.01932494229925	0.5278669036906081	121.01932494229925	low	medium
G_r015_indel_2pct	15	14	indel	0.02	2.0	ins0.5_geom0.75	RS_GCF_007752345.1	Planctomycetota	Bacteria	high	71.30081523787312	1.9999957806400808	71.29844597456396	1.9999957806400808	5214061	7	3821949	7	3821822	0.0199809050303915		0	0	76366	0	True	69.80676623358242	134.58936608355978	cocopye	-1.4940490042907015	132.5893703029197	1.4940490042907015	132.5893703029197	low	medium
G_r015_indel_5pct	15	15	indel	0.05	5.0	ins0.5_geom0.75	RS_GCF_007752345.1	Planctomycetota	Bacteria	high	71.30081523787312	1.9999957806400808	71.30447173872822	1.9999957806400808	5214061	7	3821949	7	3822145	0.0500325880852936		0	0	191222	0	True	61.25000000000001	75.49479484558105	cocopye	-10.050815237873117	73.49479906494098	10.050815237873117	73.49479906494098	low	medium
G_r015_chimera_5pct	15	16	chimera	0.05	5.0	rc0.5	RS_GCF_007752345.1	Planctomycetota	Bacteria	high	71.30081523787312	1.9999957806400808	71.30081523787312	1.9999957806400808	5214061	7	3821949	6	3821949	0.2857142857142857		0	0	0	1	True	68.2018447482334	3.6750558926127495	cocopye	-3.0989704896397257	1.6750601119726687	3.0989704896397257	1.6750601119726687	medium	medium
G_r015_chimera_10pct	15	17	chimera	0.1	10.0	rc0.5	RS_GCF_007752345.1	Planctomycetota	Bacteria	high	71.30081523787312	1.9999957806400808	71.30081523787312	1.9999957806400808	5214061	7	3821949	6	3821949	0.2857142857142857		0	0	0	1	True	68.2018447482334	3.6750558926127495	cocopye	-3.0989704896397257	1.6750601119726687	3.0989704896397257	1.6750601119726687	medium	medium
G_r015_chimera_20pct	15	18	chimera	0.2	20.0	rc0.5	RS_GCF_007752345.1	Planctomycetota	Bacteria	high	71.30081523787312	1.9999957806400808	71.30081523787312	1.9999957806400808	5214061	7	3821949	6	3821949	0.2857142857142857		0	0	0	1	True	68.2018447482334	3.6750558926127495	cocopye	-3.0989704896397257	1.6750601119726687	3.0989704896397257	1.6750601119726687	medium	medium
G_r015_chimera_40pct	15	19	chimera	0.4	40.0	rc0.5	RS_GCF_007752345.1	Planctomycetota	Bacteria	high	71.30081523787312	1.9999957806400808	71.30081523787312	1.9999957806400808	5214061	7	3821949	6	3821949	0.2857142857142857		0	0	0	1	True	68.2018447482334	3.6750558926127495	cocopye	-3.0989704896397257	1.6750601119726687	3.0989704896397257	1.6750601119726687	medium	medium
G_r015_uneven_coverage_5pct	15	20	uneven_coverage	0.05	5.0	lognormal_sigma1.0	RS_GCF_007752345.1	Planctomycetota	Bacteria	high	71.30081523787312	1.9999957806400808	71.30081523787312	5.665027701056816	5214061	7	3821949	8	4013046	0.0499998822590254		191097	0	0	0	True	68.17613366569456	4.9445342011607805	cocopye	-3.1246815721785595	2.9445384205206997	3.1246815721785595	2.9445384205206997	medium	medium
G_r015_uneven_coverage_10pct	15	21	uneven_coverage	0.1	10.0	lognormal_sigma1.0	RS_GCF_007752345.1	Planctomycetota	Bacteria	high	71.30081523787312	1.9999957806400808	71.30081523787312	9.330078800382276	5214061	7	3821949	9	4204144	0.100000026164661		382195	0	0	0	True	67.9552729235643	5.333009668913831	cocopye	-3.3455423143088296	3.33301388827375	3.3455423143088296	3.33301388827375	medium	medium
G_r015_uneven_coverage_20pct	15	22	uneven_coverage	0.2	20.0	lognormal_sigma1.0	RS_GCF_007752345.1	Planctomycetota	Bacteria	high	71.30081523787312	1.9999957806400808	71.30081523787312	16.66016182012447	5214061	7	3821949	10	4586339	0.200000052329322		764390	0	0	0	True	65.98842971006107	9.67969778147871	cocopye	-5.312385527812054	7.679702000838629	5.312385527812054	7.679702000838629	medium	medium
G_r015_uneven_coverage_40pct	15	23	uneven_coverage	0.4	40.0	lognormal_sigma1.0	RS_GCF_007752345.1	Planctomycetota	Bacteria	high	71.30081523787312	1.9999957806400808	71.30081523787312	31.32032785960885	5214061	7	3821949	11	5350729	0.400000104658644		1528780	0	0	0	True	69.36706267402951	17.1834520642771	cocopye	-1.933752563843612	15.183456283637017	1.933752563843612	15.183456283637017	low	medium
G_r016_none_control	16	0	none	0.0	0.0	control	RS_GCF_004684285.1	Chloroflexota	Bacteria	highly_fragmented	79.8641410952798	19.999957816527203	79.8641410952798	19.999957816527203	1422358	187	1420425	187	1420425	0.0		0	0	0	0	True	88.29508045779076	14.01038029554264	cocopye	8.430939362510955	-5.989577520984563	8.430939362510955	5.989577520984563	low	low
G_r016_substitution_0p1pct	16	1	substitution	0.001	0.1	uniform	RS_GCF_004684285.1	Chloroflexota	Bacteria	highly_fragmented	79.8641410952798	19.999957816527203	79.8641410952798	19.999957816527203	1422358	187	1420425	187	1420425	0.0009828044423324	0.0089640838741259	0	1396	0	0	True	88.38452227415387	14.18147645686286	cocopye	8.52038117887406	-5.818481359664343	8.52038117887406	5.818481359664343	low	low
G_r016_substitution_0p5pct	16	2	substitution	0.005	0.5	uniform	RS_GCF_004684285.1	Chloroflexota	Bacteria	highly_fragmented	79.8641410952798	19.999957816527203	79.8641410952798	19.999957816527203	1422358	187	1420425	187	1420425	0.004916838270236	0.0441104216424403	0	6984	0	0	True	88.36263474818242	22.560107786503742	cocopye	8.49849365290261	2.560149969976539	8.49849365290261	2.560149969976539	low	low
G_r016_substitution_1pct	16	3	substitution	0.01	1.0	uniform	RS_GCF_004684285.1	Chloroflexota	Bacteria	highly_fragmented	79.8641410952798	19.999957816527203	79.8641410952798	19.999957816527203	1422358	187	1420425	187	1420425	0.0099878557473995	0.0864827525163591	0	14187	0	0	True	86.24998844883092	21.75308711629422	cocopye	6.385847353551114	1.7531292997670178	6.385847353551114	1.7531292997670178	low	low
G_r016_substitution_2pct	16	4	substitution	0.02	2.0	uniform	RS_GCF_004684285.1	Chloroflexota	Bacteria	highly_fragmented	79.8641410952798	19.999957816527203	79.8641410952798	19.999957816527203	1422358	187	1420425	187	1420425	0.0200334406955664	0.1662522378698502	0	28456	0	0	True	89.71119133574007	31.137184115523457	cocopye	9.847050240460263	11.137226298996254	9.847050240460263	11.137226298996254	low	low
G_r016_substitution_5pct	16	5	substitution	0.05	5.0	uniform	RS_GCF_004684285.1	Chloroflexota	Bacteria	highly_fragmented	79.8641410952798	19.999957816527203	79.8641410952798	19.999957816527203	1422358	187	1420425	187	1420425	0.0498315644965415	0.3697505902753909	0	70782	0	0	True	86.47686832740213	40.0355871886121	cocopye	6.6127272321223245	20.035629372084895	6.6127272321223245	20.035629372084895	low	low
G_r016_substitution_titv_0p1pct	16	6	substitution_titv	0.001	0.1	titv_2	RS_GCF_004684285.1	Chloroflexota	Bacteria	highly_fragmented	79.8641410952798	19.999957816527203	79.8641410952798	19.999957816527203	1422358	187	1420425	187	1420425	0.0010165971452206	0.0089640838741259	0	1444	0	0	True	88.42946835956586	15.012105771750331	cocopye	8.565327264286054	-4.987852044776872	8.565327264286054	4.987852044776872	low	low
G_r016_substitution_titv_0p5pct	16	7	substitution_titv	0.005	0.5	titv_2	RS_GCF_004684285.1	Chloroflexota	Bacteria	highly_fragmented	79.8641410952798	19.999957816527203	79.8641410952798	19.999957816527203	1422358	187	1420425	187	1420425	0.0049696393684988	0.0441104216424403	0	7059	0	0	True	88.73274852211382	19.29667044627208	cocopye	8.868607426834018	-0.7032873702551221	8.868607426834018	0.7032873702551221	low	low
G_r016_substitution_titv_1pct	16	8	substitution_titv	0.01	1.0	titv_2	RS_GCF_004684285.1	Chloroflexota	Bacteria	highly_fragmented	79.8641410952798	19.999957816527203	79.8641410952798	19.999957816527203	1422358	187	1420425	187	1420425	0.0099625112202333	0.0864827525163591	0	14151	0	0	True	89.31465368639397	20.38045913522896	cocopye	9.450512591114162	0.3805013187017572	9.450512591114162	0.3805013187017572	low	low
G_r016_substitution_titv_2pct	16	9	substitution_titv	0.02	2.0	titv_2	RS_GCF_004684285.1	Chloroflexota	Bacteria	highly_fragmented	79.8641410952798	19.999957816527203	79.8641410952798	19.999957816527203	1422358	187	1420425	187	1420425	0.0197546508967386	0.1662522378698502	0	28060	0	0	True	86.67565420623777	21.23543096314412	cocopye	6.811513110957961	1.2354731466169149	6.811513110957961	1.2354731466169149	low	low
G_r016_substitution_titv_5pct	16	10	substitution_titv	0.05	5.0	titv_2	RS_GCF_004684285.1	Chloroflexota	Bacteria	highly_fragmented	79.8641410952798	19.999957816527203	79.8641410952798	19.999957816527203	1422358	187	1420425	187	1420425	0.0497815794568527	0.3697505902753909	0	70711	0	0	True	87.99638989169675	37.1239479698429	cocopye	8.132248796416945	17.1239901533157	8.132248796416945	17.1239901533157	low	low
G_r016_indel_0p1pct	16	11	indel	0.001	0.1	ins0.5_geom0.75	RS_GCF_004684285.1	Chloroflexota	Bacteria	highly_fragmented	79.8641410952798	19.999957816527203	79.86161094666282	19.999957816527203	1422358	187	1420425	187	1420380	0.00100040480842		0	0	1421	0	True	87.45551601423487	36.41755453632395	cocopye	7.5913749189550686	16.417596719796745	7.5913749189550686	16.417596719796745	low	low
G_r016_indel_0p5pct	16	12	indel	0.005	0.5	ins0.5_geom0.75	RS_GCF_004684285.1	Chloroflexota	Bacteria	highly_fragmented	79.8641410952798	19.999957816527203	79.87218134532935	19.999957816527203	1422358	187	1420425	187	1420568	0.0049872397345864		0	0	7084	0	True	88.70967741935483	120.67448680351907	cocopye	8.845536324075027	100.67452898699187	8.845536324075027	100.67452898699187	low	low
G_r016_indel_1pct	16	13	indel	0.01	1.0	ins0.5_geom0.75	RS_GCF_004684285.1	Chloroflexota	Bacteria	highly_fragmented	79.8641410952798	19.999957816527203	79.87555487681868	19.999957816527203	1422358	187	1420425	187	1420628	0.0100188323917137		0	0	14231	0	True	90.8203125	183.59375	cocopye	10.956171404720195	163.5937921834728	10.956171404720195	163.5937921834728	low	low
G_r016_indel_2pct	16	14	indel	0.02	2.0	ins0.5_geom0.75	RS_GCF_004684285.1	Chloroflexota	Bacteria	highly_fragmented	79.8641410952798	19.999957816527203	79.87122551140737	19.999957816527203	1422358	187	1420425	187	1420551	0.0202615414400619		0	0	28780	0	True	87.5	202.76639344262296	cocopye	7.635858904720195	182.76643562609576	7.635858904720195	182.76643562609576	low	low
G_r016_indel_5pct	16	15	indel	0.05	5.0	ins0.5_geom0.75	RS_GCF_004684285.1	Chloroflexota	Bacteria	highly_fragmented	79.8641410952798	19.999957816527203	79.84794814413107	19.999957816527203	1422358	187	1420425	187	1420137	0.049982927644895		0	0	70997	0	True	74.1106719367589	115.81027667984188	cocopye	-5.7534691585209	95.81031886331468	5.7534691585209	95.81031886331468	low	low
G_r016_chimera_5pct	16	16	chimera	0.05	5.0	rc0.5	RS_GCF_004684285.1	Chloroflexota	Bacteria	highly_fragmented	79.8641410952798	19.999957816527203	79.8641410952798	19.999957816527203	1422358	187	1420425	182	1420425	0.053475935828877		0	0	0	5	True	88.30149524540336	14.0570586347836	cocopye	8.437354150123554	-5.942899181743604	8.437354150123554	5.942899181743604	low	low
G_r016_chimera_10pct	16	17	chimera	0.1	10.0	rc0.5	RS_GCF_004684285.1	Chloroflexota	Bacteria	highly_fragmented	79.8641410952798	19.999957816527203	79.8641410952798	19.999957816527203	1422358	187	1420425	178	1420425	0.0962566844919786		0	0	0	9	True	88.29508045779076	14.01038029554264	cocopye	8.430939362510955	-5.989577520984563	8.430939362510955	5.989577520984563	low	low
G_r016_chimera_20pct	16	18	chimera	0.2	20.0	rc0.5	RS_GCF_004684285.1	Chloroflexota	Bacteria	highly_fragmented	79.8641410952798	19.999957816527203	79.8641410952798	19.999957816527203	1422358	187	1420425	169	1420425	0.1925133689839572		0	0	0	18	True	88.29508045779076	14.01038029554264	cocopye	8.430939362510955	-5.989577520984563	8.430939362510955	5.989577520984563	low	low
G_r016_chimera_40pct	16	19	chimera	0.4	40.0	rc0.5	RS_GCF_004684285.1	Chloroflexota	Bacteria	highly_fragmented	79.8641410952798	19.999957816527203	79.8641410952798	19.999957816527203	1422358	187	1420425	150	1420425	0.3957219251336898		0	0	0	37	True	88.32214186936844	14.034513963480627	cocopye	8.458000774088632	-5.965443853046576	8.458000774088632	5.965443853046576	low	low
G_r016_uneven_coverage_5pct	16	20	uneven_coverage	0.05	5.0	lognormal_sigma1.0	RS_GCF_004684285.1	Chloroflexota	Bacteria	highly_fragmented	79.8641410952798	19.999957816527203	79.8641410952798	24.99314518567056	1422358	187	1420425	201	1491446	0.0499998239963391		71021	0	0	0	True	87.19357270671392	18.35529616792761	cocopye	7.329431611434117	-1.6446616485995946	7.329431611434117	1.6446616485995946	low	low
G_r016_uneven_coverage_10pct	16	21	uneven_coverage	0.1	10.0	lognormal_sigma1.0	RS_GCF_004684285.1	Chloroflexota	Bacteria	highly_fragmented	79.8641410952798	19.999957816527203	79.8641410952798	29.986332554813902	1422358	187	1420425	215	1562467	0.0999996479926782		142042	0	0	0	True	88.0241494840727	18.95973388577841	cocopye	8.160008388792889	-1.0402239307487946	8.160008388792889	1.0402239307487946	low	low
G_r016_uneven_coverage_20pct	16	22	uneven_coverage	0.2	20.0	lognormal_sigma1.0	RS_GCF_004684285.1	Chloroflexota	Bacteria	highly_fragmented	79.8641410952798	19.999957816527203	79.8641410952798	39.972777598888605	1422358	187	1420425	222	1704510	0.2		284085	0	0	0	True	88.99678743358142	23.35381986868083	cocopye	9.132646338301612	3.3538620521536266	9.132646338301612	3.3538620521536266	low	low
G_r016_uneven_coverage_40pct	16	23	uneven_coverage	0.4	40.0	lognormal_sigma1.0	RS_GCF_004684285.1	Chloroflexota	Bacteria	highly_fragmented	79.8641410952798	19.999957816527203	79.8641410952798	59.94559738125001	1422358	187	1420425	283	1988595	0.4		568170	0	0	0	True	90.80459331643992	67.52873124747441	cocopye	10.940452221160115	47.52877343094721	10.940452221160115	47.52877343094721	low	low
G_r017_none_control	17	0	none	0.0	0.0	control	RS_GCF_019904315.1	Desulfobacterota	Bacteria	low	59.58685545582793	19.99997910430062	59.58685545582793	19.99997910430062	3828539	35	3047013	35	3047013	0.0		0	0	0	0	True	62.91747362154981	14.922874331018122	cocopye	3.33061816572188	-5.0771047732825	3.33061816572188	5.0771047732825	low	low
G_r017_substitution_0p1pct	17	1	substitution	0.001	0.1	uniform	RS_GCF_019904315.1	Desulfobacterota	Bacteria	low	59.58685545582793	19.99997910430062	59.58685545582793	19.99997910430062	3828539	35	3047013	35	3047013	0.0010141079148661	0.0089640838741259	0	3090	0	0	True	62.97944979065411	15.514156234599213	cocopye	3.3925943348261782	-4.485822869701408	3.3925943348261782	4.485822869701408	low	low
G_r017_substitution_0p5pct	17	2	substitution	0.005	0.5	uniform	RS_GCF_019904315.1	Desulfobacterota	Bacteria	low	59.58685545582793	19.99997910430062	59.58685545582793	19.99997910430062	3828539	35	3047013	35	3047013	0.0050400178798055	0.0441104216424403	0	15357	0	0	True	62.25219653148346	23.499488293049183	cocopye	2.665341075655533	3.4995091887485614	2.665341075655533	3.4995091887485614	low	low
G_r017_substitution_1pct	17	3	substitution	0.01	1.0	uniform	RS_GCF_019904315.1	Desulfobacterota	Bacteria	low	59.58685545582793	19.99997910430062	59.58685545582793	19.99997910430062	3828539	35	3047013	35	3047013	0.0100587033924699	0.0864827525163591	0	30649	0	0	True	62.52009683965875	22.57764571280645	cocopye	2.9332413838308184	2.5776666085058295	2.9332413838308184	2.5776666085058295	low	low
G_r017_substitution_2pct	17	4	substitution	0.02	2.0	uniform	RS_GCF_019904315.1	Desulfobacterota	Bacteria	low	59.58685545582793	19.99997910430062	59.58685545582793	19.99997910430062	3828539	35	3047013	35	3047013	0.0199155697727577	0.1662522378698502	0	60683	0	0	True	62.43119021009409	26.223945931453628	cocopye	2.844334754266157	6.223966827153006	2.844334754266157	6.223966827153006	low	low
G_r017_substitution_5pct	17	5	substitution	0.05	5.0	uniform	RS_GCF_019904315.1	Desulfobacterota	Bacteria	low	59.58685545582793	19.99997910430062	59.58685545582793	19.99997910430062	3828539	35	3047013	35	3047013	0.0499649985083752	0.3697505902753909	0	152244	0	0	True	67.00871026338037	45.15414166806349	cocopye	7.421854807552435	25.154162563762867	7.421854807552435	25.154162563762867	low	low
G_r017_substitution_titv_0p1pct	17	6	substitution_titv	0.001	0.1	titv_2	RS_GCF_019904315.1	Desulfobacterota	Bacteria	low	59.58685545582793	19.99997910430062	59.58685545582793	19.99997910430062	3828539	35	3047013	35	3047013	0.0010147642953935	0.0089640838741259	0	3092	0	0	True	62.90699780499484	15.81079155861445	cocopye	3.3201423491669075	-4.1891875456861705	3.3201423491669075	4.1891875456861705	low	low
G_r017_substitution_titv_0p5pct	17	7	substitution_titv	0.005	0.5	titv_2	RS_GCF_019904315.1	Desulfobacterota	Bacteria	low	59.58685545582793	19.99997910430062	59.58685545582793	19.99997910430062	3828539	35	3047013	35	3047013	0.0049208848140785	0.0441104216424403	0	14994	0	0	True	63.47366284555898	18.89060923086676	cocopye	3.8868073897310467	-1.1093698734338595	3.8868073897310467	1.1093698734338595	low	low
G_r017_substitution_titv_1pct	17	8	substitution_titv	0.01	1.0	titv_2	RS_GCF_019904315.1	Desulfobacterota	Bacteria	low	59.58685545582793	19.99997910430062	59.58685545582793	19.99997910430062	3828539	35	3047013	35	3047013	0.0100078339015947	0.0864827525163591	0	30494	0	0	True	62.81684647698275	22.18871684626948	cocopye	3.2299910211548166	2.1887377419688576	3.2299910211548166	2.1887377419688576	low	low
G_r017_substitution_titv_2pct	17	9	substitution_titv	0.02	2.0	titv_2	RS_GCF_019904315.1	Desulfobacterota	Bacteria	low	59.58685545582793	19.99997910430062	59.58685545582793	19.99997910430062	3828539	35	3047013	35	3047013	0.0199260718611965	0.1662522378698502	0	60715	0	0	True	62.25501979230573	23.79133674987216	cocopye	2.668164336477801	3.791357645571537	2.668164336477801	3.791357645571537	low	low
G_r017_substitution_titv_5pct	17	10	substitution_titv	0.05	5.0	titv_2	RS_GCF_019904315.1	Desulfobacterota	Bacteria	low	59.58685545582793	19.99997910430062	59.58685545582793	19.99997910430062	3828539	35	3047013	35	3047013	0.0499134726369726	0.3697505902753909	0	152087	0	0	True	68.2669100554093	38.19746210955192	cocopye	8.680054599581368	18.1974830052513	8.680054599581368	18.1974830052513	low	low
G_r017_indel_0p1pct	17	11	indel	0.001	0.1	ins0.5_geom0.75	RS_GCF_019904315.1	Desulfobacterota	Bacteria	low	59.58685545582793	19.99997910430062	59.5871096815634	19.99997910430062	3828539	35	3047013	35	3047026	0.0009826016495499		0	0	2994	0	True	68.03400255668186	31.57389342441669	cocopye	8.447147100853925	11.573914320116067	8.447147100853925	11.573914320116067	low	low
G_r017_indel_0p5pct	17	12	indel	0.005	0.5	ins0.5_geom0.75	RS_GCF_019904315.1	Desulfobacterota	Bacteria	low	59.58685545582793	19.99997910430062	59.58883059423431	19.99997910430062	3828539	35	3047013	35	3047114	0.0050081834242256		0	0	15260	0	True	69.51708035418507	99.24533156539864	cocopye	9.930224898357139	79.24535246109802	9.930224898357139	79.24535246109802	low	low
G_r017_indel_1pct	17	13	indel	0.01	1.0	ins0.5_geom0.75	RS_GCF_019904315.1	Desulfobacterota	Bacteria	low	59.58685545582793	19.99997910430062	59.586053666969896	19.99997910430062	3828539	35	3047013	35	3046972	0.0100242434147803		0	0	30544	0	True	66.88673297178399	147.73924596101335	cocopye	7.299877515956055	127.73926685671273	7.299877515956055	127.73926685671273	low	low
G_r017_indel_2pct	17	14	indel	0.02	2.0	ins0.5_geom0.75	RS_GCF_019904315.1	Desulfobacterota	Bacteria	low	59.58685545582793	19.99997910430062	59.58294429066678	19.99997910430062	3828539	35	3047013	35	3046813	0.0200950898470075		0	0	61230	0	True	66.72436053936298	169.25960834209738	cocopye	7.137505083535046	149.25962923779676	7.137505083535046	149.25962923779676	low	low
G_r017_indel_5pct	17	15	indel	0.05	5.0	ins0.5_geom0.75	RS_GCF_019904315.1	Desulfobacterota	Bacteria	low	59.58685545582793	19.99997910430062	59.58971060639556	19.99997910430062	3828539	35	3047013	35	3047159	0.0498478345842305		0	0	151887	0	True	61.687998100434186	98.78035690056558	cocopye	2.1011426446062558	78.78037779626496	2.1011426446062558	78.78037779626496	low	low
G_r017_chimera_5pct	17	16	chimera	0.05	5.0	rc0.5	RS_GCF_019904315.1	Desulfobacterota	Bacteria	low	59.58685545582793	19.99997910430062	59.58685545582793	19.99997910430062	3828539	35	3047013	34	3047013	0.0571428571428571		0	0	0	1	True	62.91747362154981	14.922874331018122	cocopye	3.33061816572188	-5.0771047732825	3.33061816572188	5.0771047732825	low	low
G_r017_chimera_10pct	17	17	chimera	0.1	10.0	rc0.5	RS_GCF_019904315.1	Desulfobacterota	Bacteria	low	59.58685545582793	19.99997910430062	59.58685545582793	19.99997910430062	3828539	35	3047013	34	3047013	0.0571428571428571		0	0	0	1	True	62.91747362154981	14.922874331018122	cocopye	3.33061816572188	-5.0771047732825	3.33061816572188	5.0771047732825	low	low
G_r017_chimera_20pct	17	18	chimera	0.2	20.0	rc0.5	RS_GCF_019904315.1	Desulfobacterota	Bacteria	low	59.58685545582793	19.99997910430062	59.58685545582793	19.99997910430062	3828539	35	3047013	31	3047013	0.2285714285714285		0	0	0	4	True	62.9002822109509	14.9160274414944	cocopye	3.3134267551229684	-5.083951662806221	3.3134267551229684	5.083951662806221	low	low
G_r017_chimera_40pct	17	19	chimera	0.4	40.0	rc0.5	RS_GCF_019904315.1	Desulfobacterota	Bacteria	low	59.58685545582793	19.99997910430062	59.58685545582793	19.99997910430062	3828539	35	3047013	28	3047013	0.4		0	0	0	7	True	62.91747362154981	14.922874331018122	cocopye	3.33061816572188	-5.0771047732825	3.33061816572188	5.0771047732825	low	low
G_r017_uneven_coverage_5pct	17	20	uneven_coverage	0.05	5.0	lognormal_sigma1.0	RS_GCF_019904315.1	Desulfobacterota	Bacteria	low	59.58685545582793	19.99997910430062	59.58685545582793	23.979329974175528	3828539	35	3047013	38	3199364	0.0500001148665922		152351	0	0	0	True	63.46420167857004	18.391096129233333	cocopye	3.877346222742112	-1.6088829750672886	3.877346222742112	1.6088829750672886	low	low
G_r017_uneven_coverage_10pct	17	21	uneven_coverage	0.1	10.0	lognormal_sigma1.0	RS_GCF_019904315.1	Desulfobacterota	Bacteria	low	59.58685545582793	19.99997910430062	59.58685545582793	27.95865472442621	3828539	35	3047013	40	3351714	0.0999999015429208		304701	0	0	0	True	63.2798326012289	20.8389434766969	cocopye	3.6929771454009668	0.8389643723962799	3.6929771454009668	0.8389643723962799	low	low
G_r017_uneven_coverage_20pct	17	22	uneven_coverage	0.2	20.0	lognormal_sigma1.0	RS_GCF_019904315.1	Desulfobacterota	Bacteria	low	59.58685545582793	19.99997910430062	59.58685545582793	35.917356464176024	3828539	35	3047013	45	3656416	0.2000001312761055		609403	0	0	0	True	62.26959485328993	27.61719059497844	cocopye	2.682739397462001	7.617211490677818	2.682739397462001	7.617211490677818	low	low
G_r017_uneven_coverage_40pct	17	23	uneven_coverage	0.4	40.0	lognormal_sigma1.0	RS_GCF_019904315.1	Desulfobacterota	Bacteria	low	59.58685545582793	19.99997910430062	59.58685545582793	51.8347077044272	3828539	35	3047013	55	4265818	0.3999999343619472		1218805	0	0	0	True	71.01010101010101	38.47667039042771	cocopye	11.42324555427308	18.476691286127085	11.42324555427308	18.476691286127085	low	low
G_r018_none_control	18	0	none	0.0	0.0	control	RS_GCF_000265525.1	Methanobacteriota_B	Archaea	high	90.43681706474808	19.99996923570729	90.43681706474808	19.99996923570729	1950313	11	2153863	11	2153863	0.0		0	0	0	0	True	93.96810689387104	22.23839793922217	cocopye	3.5312898291229544	2.238428703514881	3.5312898291229544	2.238428703514881	low	low
G_r018_substitution_0p1pct	18	1	substitution	0.001	0.1	uniform	RS_GCF_000265525.1	Methanobacteriota_B	Archaea	high	90.43681706474808	19.99996923570729	90.43681706474808	19.99996923570729	1950313	11	2153863	11	2153863	0.0009935636574842	0.0089640838741259	0	2140	0	0	True	93.84166620874728	23.28855695941512	cocopye	3.4048491439992006	3.288587723707831	3.4048491439992006	3.288587723707831	low	low
G_r018_substitution_0p5pct	18	2	substitution	0.005	0.5	uniform	RS_GCF_000265525.1	Methanobacteriota_B	Archaea	high	90.43681706474808	19.99996923570729	90.43681706474808	19.99996923570729	1950313	11	2153863	11	2153863	0.0049933538019827	0.0441104216424403	0	10755	0	0	True	93.50660412414028	25.22627085342125	cocopye	3.0697870593921976	5.226301617713961	3.0697870593921976	5.226301617713961	low	low
G_r018_substitution_1pct	18	3	substitution	0.01	1.0	uniform	RS_GCF_000265525.1	Methanobacteriota_B	Archaea	high	90.43681706474808	19.99996923570729	90.43681706474808	19.99996923570729	1950313	11	2153863	11	2153863	0.0101171708692707	0.0864827525163591	0	21791	0	0	True	93.32575400349616	26.66254592615936	cocopye	2.888936938748074	6.66257669045207	2.888936938748074	6.66257669045207	low	low
G_r018_substitution_2pct	18	4	substitution	0.02	2.0	uniform	RS_GCF_000265525.1	Methanobacteriota_B	Archaea	high	90.43681706474808	19.99996923570729	90.43681706474808	19.99996923570729	1950313	11	2153863	11	2153863	0.0197431312947945	0.1662522378698502	0	42524	0	0	True	94.44988566144208	39.24547454310281	cocopye	4.013068596693998	19.24550530739552	4.013068596693998	19.24550530739552	low	low
G_r018_substitution_5pct	18	5	substitution	0.05	5.0	uniform	RS_GCF_000265525.1	Methanobacteriota_B	Archaea	high	90.43681706474808	19.99996923570729	90.43681706474808	19.99996923570729	1950313	11	2153863	11	2153863	0.0499739305610431	0.3697505902753909	0	107637	0	0	True	92.74656425402004	68.25397084060224	cocopye	2.3097471892719597	48.254001604894945	2.3097471892719597	48.254001604894945	low	low
G_r018_substitution_titv_0p1pct	18	6	substitution_titv	0.001	0.1	titv_2	RS_GCF_000265525.1	Methanobacteriota_B	Archaea	high	90.43681706474808	19.99996923570729	90.43681706474808	19.99996923570729	1950313	11	2153863	11	2153863	0.0009527068341858	0.0089640838741259	0	2052	0	0	True	93.59693586462213	23.01578577790548	cocopye	3.1601187998740414	3.0158165421981913	3.1601187998740414	3.0158165421981913	low	low
G_r018_substitution_titv_0p5pct	18	7	substitution_titv	0.005	0.5	titv_2	RS_GCF_000265525.1	Methanobacteriota_B	Archaea	high	90.43681706474808	19.99996923570729	90.43681706474808	19.99996923570729	1950313	11	2153863	11	2153863	0.0050263178298712	0.0441104216424403	0	10826	0	0	True	94.22979286342026	25.57498738151289	cocopye	3.792975798672174	5.5750181458056005	3.792975798672174	5.5750181458056005	low	low
G_r018_substitution_titv_1pct	18	8	substitution_titv	0.01	1.0	titv_2	RS_GCF_000265525.1	Methanobacteriota_B	Archaea	high	90.43681706474808	19.99996923570729	90.43681706474808	19.99996923570729	1950313	11	2153863	11	2153863	0.0099797433727214	0.0864827525163591	0	21495	0	0	True	93.85956631772636	26.34013821941012	cocopye	3.422749252978278	6.340168983702831	3.422749252978278	6.340168983702831	low	low
G_r018_substitution_titv_2pct	18	9	substitution_titv	0.02	2.0	titv_2	RS_GCF_000265525.1	Methanobacteriota_B	Archaea	high	90.43681706474808	19.99996923570729	90.43681706474808	19.99996923570729	1950313	11	2153863	11	2153863	0.019922344178808	0.1662522378698502	0	42910	0	0	True	94.05623308316927	31.1698517085999	cocopye	3.619416018421191	11.16988247289261	3.619416018421191	11.16988247289261	low	low
G_r018_substitution_titv_5pct	18	10	substitution_titv	0.05	5.0	titv_2	RS_GCF_000265525.1	Methanobacteriota_B	Archaea	high	90.43681706474808	19.99996923570729	90.43681706474808	19.99996923570729	1950313	11	2153863	11	2153863	0.0497269324929208	0.3697505902753909	0	107105	0	0	True	92.46326255490206	54.07326348571284	cocopye	2.026445490153975	34.07329425000555	2.026445490153975	34.07329425000555	low	low
G_r018_indel_0p1pct	18	11	indel	0.001	0.1	ins0.5_geom0.75	RS_GCF_000265525.1	Methanobacteriota_B	Archaea	high	90.43681706474808	19.99996923570729	90.43820267514351	19.99996923570729	1950313	11	2153863	11	2153896	0.0009824208874937		0	0	2116	0	True	95.3928084027504	48.17184785187056	cocopye	4.95599133800232	28.17187861616327	4.95599133800232	28.17187861616327	low	low
G_r018_indel_0p5pct	18	12	indel	0.005	0.5	ins0.5_geom0.75	RS_GCF_000265525.1	Methanobacteriota_B	Archaea	high	90.43681706474808	19.99996923570729	90.43190444607336	19.99996923570729	1950313	11	2153863	11	2153746	0.0049278900282887		0	0	10614	0	True	95.16666666666669	142.1496073404948	cocopye	4.729849601918602	122.14963810478753	4.729849601918602	122.14963810478753	low	low
G_r018_indel_1pct	18	13	indel	0.01	1.0	ins0.5_geom0.75	RS_GCF_000265525.1	Methanobacteriota_B	Archaea	high	90.43681706474808	19.99996923570729	90.43627121822868	19.99996923570729	1950313	11	2153863	11	2153850	0.0101287779213441		0	0	21816	0	True	94.82225656877898	203.66709029656107	cocopye	4.385439504030899	183.6671210608538	4.385439504030899	183.6671210608538	low	low
G_r018_indel_2pct	18	14	indel	0.02	2.0	ins0.5_geom0.75	RS_GCF_000265525.1	Methanobacteriota_B	Archaea	high	90.43681706474808	19.99996923570729	90.43828665153109	19.99996923570729	1950313	11	2153863	11	2153898	0.0200295933399663		0	0	43141	0	True	92.22408026755852	233.4368549461748	cocopye	1.7872632028104363	213.43688571046752	1.7872632028104363	213.43688571046752	low	low
G_r018_indel_5pct	18	15	indel	0.05	5.0	ins0.5_geom0.75	RS_GCF_000265525.1	Methanobacteriota_B	Archaea	high	90.43681706474808	19.99996923570729	90.3999514305908	19.99996923570729	1950313	11	2153863	11	2152985	0.049952109303145		0	0	107590	0	True	82.5278810408922	138.05939061047866	cocopye	-7.908936023855887	118.05942137477138	7.908936023855887	118.05942137477138	low	low
G_r018_chimera_5pct	18	16	chimera	0.05	5.0	rc0.5	RS_GCF_000265525.1	Methanobacteriota_B	Archaea	high	90.43681706474808	19.99996923570729	90.43681706474808	19.99996923570729	1950313	11	2153863	10	2153863	0.1818181818181818		0	0	0	1	True	93.96810689387104	22.23839793922217	cocopye	3.5312898291229544	2.238428703514881	3.5312898291229544	2.238428703514881	low	low
G_r018_chimera_10pct	18	17	chimera	0.1	10.0	rc0.5	RS_GCF_000265525.1	Methanobacteriota_B	Archaea	high	90.43681706474808	19.99996923570729	90.43681706474808	19.99996923570729	1950313	11	2153863	10	2153863	0.1818181818181818		0	0	0	1	True	93.96810689387104	22.23839793922217	cocopye	3.5312898291229544	2.238428703514881	3.5312898291229544	2.238428703514881	low	low
G_r018_chimera_20pct	18	18	chimera	0.2	20.0	rc0.5	RS_GCF_000265525.1	Methanobacteriota_B	Archaea	high	90.43681706474808	19.99996923570729	90.43681706474808	19.99996923570729	1950313	11	2153863	10	2153863	0.1818181818181818		0	0	0	1	True	93.96810689387104	22.23839793922217	cocopye	3.5312898291229544	2.238428703514881	3.5312898291229544	2.238428703514881	low	low
G_r018_chimera_40pct	18	19	chimera	0.4	40.0	rc0.5	RS_GCF_000265525.1	Methanobacteriota_B	Archaea	high	90.43681706474808	19.99996923570729	90.43681706474808	19.99996923570729	1950313	11	2153863	9	2153863	0.3636363636363636		0	0	0	2	True	93.96810689387104	22.23839793922217	cocopye	3.5312898291229544	2.238428703514881	3.5312898291229544	2.238428703514881	low	low
G_r018_uneven_coverage_5pct	18	20	uneven_coverage	0.05	5.0	lognormal_sigma1.0	RS_GCF_000265525.1	Methanobacteriota_B	Archaea	high	90.43681706474808	19.99996923570729	90.43681706474808	25.521800859656885	1950313	11	2153863	12	2261556	0.0499999303576875		107693	0	0	0	True	94.59065365729472	23.33696770187041	cocopye	4.153836592546639	3.33699846616312	4.153836592546639	3.33699846616312	low	low
G_r018_uneven_coverage_10pct	18	21	uneven_coverage	0.1	10.0	lognormal_sigma1.0	RS_GCF_000265525.1	Methanobacteriota_B	Archaea	high	90.43681706474808	19.99996923570729	90.43681706474808	31.04363248360648	1950313	11	2153863	12	2369249	0.0999998607153751		215386	0	0	0	True	94.85552052595295	30.63357090433315	cocopye	4.418703461204871	10.633601668625861	4.418703461204871	10.633601668625861	low	low
G_r018_uneven_coverage_20pct	18	22	uneven_coverage	0.2	20.0	lognormal_sigma1.0	RS_GCF_000265525.1	Methanobacteriota_B	Archaea	high	90.43681706474808	19.99996923570729	90.43681706474808	42.08734700532684	1950313	11	2153863	14	2584636	0.2000001857128331		430773	0	0	0	True	94.72042945123488	55.3325677687122	cocopye	4.283612386486794	35.33259853300491	4.283612386486794	35.33259853300491	low	low
G_r018_uneven_coverage_40pct	18	23	uneven_coverage	0.4	40.0	lognormal_sigma1.0	RS_GCF_000265525.1	Methanobacteriota_B	Archaea	high	90.43681706474808	19.99996923570729	90.43681706474808	64.1746735011252	1950313	11	2153863	21	3015408	0.3999999071435834		861545	0	0	0	True	94.94038488408826	51.14567639482893	cocopye	4.5035678193401765	31.145707159121642	4.5035678193401765	31.145707159121642	low	low
G_r019_none_control	19	0	none	0.0	0.0	control	GB_GCA_963693065.1	Acidobacteriota	Bacteria	medium	60.42513826454015	3.725765070955819	60.42513826454015	3.725765070955819	3720766	7	2386905	7	2386905	0.0		0	0	0	0	True	62.27323049900885	4.602272769134061	cocopye	1.8480922344686945	0.8765076981782416	1.8480922344686945	0.8765076981782416	medium	medium
G_r019_substitution_0p1pct	19	1	substitution	0.001	0.1	uniform	GB_GCA_963693065.1	Acidobacteriota	Bacteria	medium	60.42513826454015	3.725765070955819	60.42513826454015	3.725765070955819	3720766	7	2386905	7	2386905	0.0009979450376114	0.0089640838741259	0	2382	0	0	True	62.25546113367116	4.723212388968849	cocopye	1.8303228691310096	0.9974473180130303	1.8303228691310096	0.9974473180130303	medium	medium
G_r019_substitution_0p5pct	19	2	substitution	0.005	0.5	uniform	GB_GCA_963693065.1	Acidobacteriota	Bacteria	medium	60.42513826454015	3.725765070955819	60.42513826454015	3.725765070955819	3720766	7	2386905	7	2386905	0.0049562089819242	0.0441104216424403	0	11830	0	0	True	63.11658432828296	9.32890597089194	cocopye	2.6914460637428093	5.603140899936121	2.6914460637428093	5.603140899936121	medium	medium
G_r019_substitution_1pct	19	3	substitution	0.01	1.0	uniform	GB_GCA_963693065.1	Acidobacteriota	Bacteria	medium	60.42513826454015	3.725765070955819	60.42513826454015	3.725765070955819	3720766	7	2386905	7	2386905	0.0099610164627415	0.0864827525163591	0	23776	0	0	True	63.37133637798159	13.15537732967602	cocopye	2.94619811344144	9.429612258720201	2.94619811344144	9.429612258720201	low	medium
G_r019_substitution_2pct	19	4	substitution	0.02	2.0	uniform	GB_GCA_963693065.1	Acidobacteriota	Bacteria	medium	60.42513826454015	3.725765070955819	60.42513826454015	3.725765070955819	3720766	7	2386905	7	2386905	0.0200049855356622	0.1662522378698502	0	47750	0	0	True	63.68077673841073	15.936306555289558	cocopye	3.255638473870576	12.210541484333739	3.255638473870576	12.210541484333739	low	medium
G_r019_substitution_5pct	19	5	substitution	0.05	5.0	uniform	GB_GCA_963693065.1	Acidobacteriota	Bacteria	medium	60.42513826454015	3.725765070955819	60.42513826454015	3.725765070955819	3720766	7	2386905	7	2386905	0.0499173616042532	0.3697505902753909	0	119148	0	0	True	68.5839932494925	19.40539058491856	cocopye	8.158854984952342	15.67962551396274	8.158854984952342	15.67962551396274	low	medium
G_r019_substitution_titv_0p1pct	19	6	substitution_titv	0.001	0.1	titv_2	GB_GCA_963693065.1	Acidobacteriota	Bacteria	medium	60.42513826454015	3.725765070955819	60.42513826454015	3.725765070955819	3720766	7	2386905	7	2386905	0.000972388930435	0.0089640838741259	0	2321	0	0	True	62.40981995473566	5.97378933307165	cocopye	1.984681690195508	2.2480242621158313	1.984681690195508	2.2480242621158313	medium	medium
G_r019_substitution_titv_0p5pct	19	7	substitution_titv	0.005	0.5	titv_2	GB_GCA_963693065.1	Acidobacteriota	Bacteria	medium	60.42513826454015	3.725765070955819	60.42513826454015	3.725765070955819	3720766	7	2386905	7	2386905	0.0049507625984276	0.0441104216424403	0	11817	0	0	True	63.24172550019709	9.09703656185539	cocopye	2.8165872356569395	5.371271490899571	2.8165872356569395	5.371271490899571	medium	medium
G_r019_substitution_titv_1pct	19	8	substitution_titv	0.01	1.0	titv_2	GB_GCA_963693065.1	Acidobacteriota	Bacteria	medium	60.42513826454015	3.725765070955819	60.42513826454015	3.725765070955819	3720766	7	2386905	7	2386905	0.0099605975101648	0.0864827525163591	0	23775	0	0	True	63.27390437684526	10.6589861200058	cocopye	2.848766112305107	6.933221049049981	2.848766112305107	6.933221049049981	low	medium
G_r019_substitution_titv_2pct	19	9	substitution_titv	0.02	2.0	titv_2	GB_GCA_963693065.1	Acidobacteriota	Bacteria	medium	60.42513826454015	3.725765070955819	60.42513826454015	3.725765070955819	3720766	7	2386905	7	2386905	0.0199764967604492	0.1662522378698502	0	47682	0	0	True	65.98218391657993	13.01705896408334	cocopye	5.5570456520397755	9.29129389312752	5.5570456520397755	9.29129389312752	low	medium
G_r019_substitution_titv_5pct	19	10	substitution_titv	0.05	5.0	titv_2	GB_GCA_963693065.1	Acidobacteriota	Bacteria	medium	60.42513826454015	3.725765070955819	60.42513826454015	3.725765070955819	3720766	7	2386905	7	2386905	0.0499571620990362	0.3697505902753909	0	119243	0	0	True	67.25203252282306	20.71562613241764	cocopye	6.8268942582829055	16.98986106146182	6.8268942582829055	16.98986106146182	low	medium
G_r019_indel_0p1pct	19	11	indel	0.001	0.1	ins0.5_geom0.75	GB_GCA_963693065.1	Acidobacteriota	Bacteria	medium	60.42513826454015	3.725765070955819	60.42306241261572	3.725765070955819	3720766	7	2386905	7	2386823	0.0009837006500049		0	0	2348	0	True	65.00960756064755	22.40603050249524	cocopye	4.5844692961074	18.68026543153942	4.5844692961074	18.68026543153942	low	medium
G_r019_indel_0p5pct	19	12	indel	0.005	0.5	ins0.5_geom0.75	GB_GCA_963693065.1	Acidobacteriota	Bacteria	medium	60.42513826454015	3.725765070955819	60.425695200422325	3.725765070955819	3720766	7	2386905	7	2386927	0.0049758997530274		0	0	11877	0	True	66.17844706833965	70.84174878669508	cocopye	5.753308803799499	67.11598371573926	5.753308803799499	67.11598371573926	low	medium
G_r019_indel_1pct	19	13	indel	0.01	1.0	ins0.5_geom0.75	GB_GCA_963693065.1	Acidobacteriota	Bacteria	medium	60.42513826454015	3.725765070955819	60.431188613441854	3.725765070955819	3720766	7	2386905	7	2387144	0.0098474803144658		0	0	23505	0	True	66.85184979679607	95.4208774759312	cocopye	6.426711532255922	91.69511240497539	6.426711532255922	91.69511240497539	low	medium
G_r019_indel_2pct	19	14	indel	0.02	2.0	ins0.5_geom0.75	GB_GCA_963693065.1	Acidobacteriota	Bacteria	medium	60.42513826454015	3.725765070955819	60.42620150576974	3.725765070955819	3720766	7	2386905	7	2386947	0.0199547112264627		0	0	47630	0	True	62.9101069893424	95.57087214912956	cocopye	2.4849687248022505	91.84510707817374	2.4849687248022505	91.84510707817374	low	medium
G_r019_indel_5pct	19	15	indel	0.05	5.0	ins0.5_geom0.75	GB_GCA_963693065.1	Acidobacteriota	Bacteria	medium	60.42513826454015	3.725765070955819	60.44539047843708	3.725765070955819	3720766	7	2386905	7	2387705	0.0498314763260372		0	0	118943	0	True	60.1593625498008	59.36254980079681	cocopye	-0.26577571473935535	55.636784729841	0.26577571473935535	55.636784729841	low	medium
G_r019_chimera_5pct	19	16	chimera	0.05	5.0	rc0.5	GB_GCA_963693065.1	Acidobacteriota	Bacteria	medium	60.42513826454015	3.725765070955819	60.42513826454015	3.725765070955819	3720766	7	2386905	6	2386905	0.2857142857142857		0	0	0	1	True	62.27323049900885	4.602272769134061	cocopye	1.8480922344686945	0.8765076981782416	1.8480922344686945	0.8765076981782416	medium	medium
G_r019_chimera_10pct	19	17	chimera	0.1	10.0	rc0.5	GB_GCA_963693065.1	Acidobacteriota	Bacteria	medium	60.42513826454015	3.725765070955819	60.42513826454015	3.725765070955819	3720766	7	2386905	6	2386905	0.2857142857142857		0	0	0	1	True	62.27323049900885	4.602272769134061	cocopye	1.8480922344686945	0.8765076981782416	1.8480922344686945	0.8765076981782416	medium	medium
G_r019_chimera_20pct	19	18	chimera	0.2	20.0	rc0.5	GB_GCA_963693065.1	Acidobacteriota	Bacteria	medium	60.42513826454015	3.725765070955819	60.42513826454015	3.725765070955819	3720766	7	2386905	7	2386905	0.0		0	0	0	0	True	62.27323049900885	4.602272769134061	cocopye	1.8480922344686945	0.8765076981782416	1.8480922344686945	0.8765076981782416	medium	medium
G_r019_chimera_40pct	19	19	chimera	0.4	40.0	rc0.5	GB_GCA_963693065.1	Acidobacteriota	Bacteria	medium	60.42513826454015	3.725765070955819	60.42513826454015	3.725765070955819	3720766	7	2386905	6	2386905	0.2857142857142857		0	0	0	1	True	62.27323049900885	4.602272769134061	cocopye	1.8480922344686945	0.8765076981782416	1.8480922344686945	0.8765076981782416	medium	medium
G_r019_uneven_coverage_5pct	19	20	uneven_coverage	0.05	5.0	lognormal_sigma1.0	GB_GCA_963693065.1	Acidobacteriota	Bacteria	medium	60.42513826454015	3.725765070955819	60.42513826454015	6.933303518684056	3720766	7	2386905	8	2506250	0.0499998952618558		119345	0	0	0	True	63.07142365552269	10.84690628067488	cocopye	2.6462853909825412	7.1211412097190605	2.6462853909825412	7.1211412097190605	low	medium
G_r019_uneven_coverage_10pct	19	21	uneven_coverage	0.1	10.0	lognormal_sigma1.0	GB_GCA_963693065.1	Acidobacteriota	Bacteria	medium	60.42513826454015	3.725765070955819	60.42513826454015	10.140841966412292	3720766	7	2386905	8	2625595	0.0999997905237116		238690	0	0	0	True	62.59310776920187	11.24801497036484	cocopye	2.16796950466172	7.5222498994090214	2.16796950466172	7.5222498994090214	low	medium
G_r019_uneven_coverage_20pct	19	22	uneven_coverage	0.2	20.0	lognormal_sigma1.0	GB_GCA_963693065.1	Acidobacteriota	Bacteria	medium	60.42513826454015	3.725765070955819	60.42513826454015	16.555945738055012	3720766	7	2386905	9	2864286	0.2		477381	0	0	0	True	62.94428074607723	20.58821449186202	cocopye	2.519142481537081	16.8624494209062	2.519142481537081	16.8624494209062	low	medium
G_r019_uneven_coverage_40pct	19	23	uneven_coverage	0.4	40.0	lognormal_sigma1.0	GB_GCA_963693065.1	Acidobacteriota	Bacteria	medium	60.42513826454015	3.725765070955819	60.42513826454015	29.386126405154208	3720766	7	2386905	10	3341667	0.4		954762	0	0	0	True	67.49296550509297	37.06047927276997	cocopye	7.067827240552816	33.33471420181415	7.067827240552816	33.33471420181415	low	medium
G_r020_none_control	20	0	none	0.0	0.0	control	GB_GCA_963674955.1	Desulfobacterota_I	Bacteria	highly_fragmented	59.99479796444285	4.99999051876873	59.99479796444285	4.99999051876873	3164146	104	2056530	104	2056530	0.0		0	0	0	0	True	56.00817521846262	1.90735694822888	cocopye	-3.9866227459802346	-3.0926335705398498	3.9866227459802346	3.0926335705398498	medium	medium
G_r020_substitution_0p1pct	20	1	substitution	0.001	0.1	uniform	GB_GCA_963674955.1	Desulfobacterota_I	Bacteria	highly_fragmented	59.99479796444285	4.99999051876873	59.99479796444285	4.99999051876873	3164146	104	2056530	104	2056530	0.0010080086359061	0.0089640838741259	0	2073	0	0	True	55.74127906976744	2.47093023255813	cocopye	-4.253518894675416	-2.5290602862105995	4.253518894675416	2.5290602862105995	medium	medium
G_r020_substitution_0p5pct	20	2	substitution	0.005	0.5	uniform	GB_GCA_963674955.1	Desulfobacterota_I	Bacteria	highly_fragmented	59.99479796444285	4.99999051876873	59.99479796444285	4.99999051876873	3164146	104	2056530	104	2056530	0.0049773161587723	0.0441104216424403	0	10236	0	0	True	55.77505072033022	3.81222456299289	cocopye	-4.219747244112632	-1.1877659557758395	4.219747244112632	1.1877659557758395	medium	medium
G_r020_substitution_1pct	20	3	substitution	0.01	1.0	uniform	GB_GCA_963674955.1	Desulfobacterota_I	Bacteria	highly_fragmented	59.99479796444285	4.99999051876873	59.99479796444285	4.99999051876873	3164146	104	2056530	104	2056530	0.0099551185735194	0.0864827525163591	0	20473	0	0	True	53.67102197052866	6.862745098039209	cocopye	-6.3237759939141895	1.8627545792704794	6.3237759939141895	1.8627545792704794	medium	medium
G_r020_substitution_2pct	20	4	substitution	0.02	2.0	uniform	GB_GCA_963674955.1	Desulfobacterota_I	Bacteria	highly_fragmented	59.99479796444285	4.99999051876873	59.99479796444285	4.99999051876873	3164146	104	2056530	104	2056530	0.019977340471571	0.1662522378698502	0	41084	0	0	True	53.48373047774229	11.94597950297824	cocopye	-6.511067486700561	6.94598898420951	6.511067486700561	6.94598898420951	low	medium
G_r020_substitution_5pct	20	5	substitution	0.05	5.0	uniform	GB_GCA_963674955.1	Desulfobacterota_I	Bacteria	highly_fragmented	59.99479796444285	4.99999051876873	59.99479796444285	4.99999051876873	3164146	104	2056530	104	2056530	0.0499336260594302	0.3697505902753909	0	102690	0	0	True	51.51435712610151	19.76501225802668	cocopye	-8.480440838341345	14.76502173925795	8.480440838341345	14.76502173925795	low	medium
G_r020_substitution_titv_0p1pct	20	6	substitution_titv	0.001	0.1	titv_2	GB_GCA_963674955.1	Desulfobacterota_I	Bacteria	highly_fragmented	59.99479796444285	4.99999051876873	59.99479796444285	4.99999051876873	3164146	104	2056530	104	2056530	0.0009939072126348	0.0089640838741259	0	2044	0	0	True	54.31818254826742	2.8708133971291803	cocopye	-5.67661541617543	-2.1291771216395494	5.67661541617543	2.1291771216395494	medium	medium
G_r020_substitution_titv_0p5pct	20	7	substitution_titv	0.005	0.5	titv_2	GB_GCA_963674955.1	Desulfobacterota_I	Bacteria	highly_fragmented	59.99479796444285	4.99999051876873	59.99479796444285	4.99999051876873	3164146	104	2056530	104	2056530	0.0049476545443052	0.0441104216424403	0	10175	0	0	True	53.99920449872907	4.1467301583176	cocopye	-5.995593465713782	-0.85326036045113	5.995593465713782	0.85326036045113	medium	medium
G_r020_substitution_titv_1pct	20	8	substitution_titv	0.01	1.0	titv_2	GB_GCA_963674955.1	Desulfobacterota_I	Bacteria	highly_fragmented	59.99479796444285	4.99999051876873	59.99479796444285	4.99999051876873	3164146	104	2056530	104	2056530	0.0100144418024536	0.0864827525163591	0	20595	0	0	True	52.91666934364721	6.22807051006116	cocopye	-7.0781286207956455	1.2280799912924305	7.0781286207956455	1.2280799912924305	medium	medium
G_r020_substitution_titv_2pct	20	9	substitution_titv	0.02	2.0	titv_2	GB_GCA_963674955.1	Desulfobacterota_I	Bacteria	highly_fragmented	59.99479796444285	4.99999051876873	59.99479796444285	4.99999051876873	3164146	104	2056530	104	2056530	0.0202977831590105	0.1662522378698502	0	41743	0	0	True	55.49396497631505	10.55806966928335	cocopye	-4.500832988127804	5.5580791505146205	4.500832988127804	5.5580791505146205	low	medium
G_r020_substitution_titv_5pct	20	10	substitution_titv	0.05	5.0	titv_2	GB_GCA_963674955.1	Desulfobacterota_I	Bacteria	highly_fragmented	59.99479796444285	4.99999051876873	59.99479796444285	4.99999051876873	3164146	104	2056530	104	2056530	0.0500795028518912	0.3697505902753909	0	102990	0	0	True	51.70995869161763	15.22366577412659	cocopye	-8.284839272825224	10.223675255357861	8.284839272825224	10.223675255357861	low	medium
G_r020_indel_0p1pct	20	11	indel	0.001	0.1	ins0.5_geom0.75	GB_GCA_963674955.1	Desulfobacterota_I	Bacteria	highly_fragmented	59.99479796444285	4.99999051876873	59.996781716812905	4.99999051876873	3164146	104	2056530	104	2056598	0.0009958522365343		0	0	2048	0	True	55.04101047616432	17.2231985940246	cocopye	-4.953787488278536	12.223208075255869	4.953787488278536	12.223208075255869	low	medium
G_r020_indel_0p5pct	20	12	indel	0.005	0.5	ins0.5_geom0.75	GB_GCA_963674955.1	Desulfobacterota_I	Bacteria	highly_fragmented	59.99479796444285	4.99999051876873	60.00427913385855	4.99999051876873	3164146	104	2056530	104	2056855	0.0050259417562593		0	0	10336	0	True	54.10853404691692	49.85688948247428	cocopye	-5.88626391752593	44.85689896370555	5.88626391752593	44.85689896370555	low	medium
G_r020_indel_1pct	20	13	indel	0.01	1.0	ins0.5_geom0.75	GB_GCA_963674955.1	Desulfobacterota_I	Bacteria	highly_fragmented	59.99479796444285	4.99999051876873	59.99625660589142	4.99999051876873	3164146	104	2056530	104	2056580	0.0100397271131469		0	0	20647	0	True	55.268205079995816	80.46615425197558	cocopye	-4.726592884447037	75.46616373320686	4.726592884447037	75.46616373320686	low	medium
G_r020_indel_2pct	20	14	indel	0.02	2.0	ins0.5_geom0.75	GB_GCA_963674955.1	Desulfobacterota_I	Bacteria	highly_fragmented	59.99479796444285	4.99999051876873	60.00182861622494	4.99999051876873	3164146	104	2056530	104	2056771	0.019951082648928		0	0	41030	0	True	52.83446712018141	77.41496460237741	cocopye	-7.160330844261445	72.41497408360868	7.160330844261445	72.41497408360868	low	medium
G_r020_indel_5pct	20	15	indel	0.05	5.0	ins0.5_geom0.75	GB_GCA_963674955.1	Desulfobacterota_I	Bacteria	highly_fragmented	59.99479796444285	4.99999051876873	59.99628577872039	4.99999051876873	3164146	104	2056530	104	2056581	0.049960370138048		0	0	102745	0	True	40.14105510074471	34.55827538845002	cocopye	-19.853742863698145	29.55828486968129	19.853742863698145	29.55828486968129	low	medium
G_r020_chimera_5pct	20	16	chimera	0.05	5.0	rc0.5	GB_GCA_963674955.1	Desulfobacterota_I	Bacteria	highly_fragmented	59.99479796444285	4.99999051876873	59.99479796444285	4.99999051876873	3164146	104	2056530	101	2056530	0.0576923076923076		0	0	0	3	True	56.00817521846262	1.90735694822888	cocopye	-3.9866227459802346	-3.0926335705398498	3.9866227459802346	3.0926335705398498	medium	medium
G_r020_chimera_10pct	20	17	chimera	0.1	10.0	rc0.5	GB_GCA_963674955.1	Desulfobacterota_I	Bacteria	highly_fragmented	59.99479796444285	4.99999051876873	59.99479796444285	4.99999051876873	3164146	104	2056530	98	2056530	0.1153846153846153		0	0	0	6	True	56.00817521846262	1.90735694822888	cocopye	-3.9866227459802346	-3.0926335705398498	3.9866227459802346	3.0926335705398498	medium	medium
G_r020_chimera_20pct	20	18	chimera	0.2	20.0	rc0.5	GB_GCA_963674955.1	Desulfobacterota_I	Bacteria	highly_fragmented	59.99479796444285	4.99999051876873	59.99479796444285	4.99999051876873	3164146	104	2056530	94	2056530	0.1923076923076923		0	0	0	10	True	56.00817521846262	1.90735694822888	cocopye	-3.9866227459802346	-3.0926335705398498	3.9866227459802346	3.0926335705398498	medium	medium
G_r020_chimera_40pct	20	19	chimera	0.4	40.0	rc0.5	GB_GCA_963674955.1	Desulfobacterota_I	Bacteria	highly_fragmented	59.99479796444285	4.99999051876873	59.99479796444285	4.99999051876873	3164146	104	2056530	83	2056530	0.4038461538461538		0	0	0	21	True	56.00817521846262	1.90735694822888	cocopye	-3.9866227459802346	-3.0926335705398498	3.9866227459802346	3.0926335705398498	medium	medium
G_r020_uneven_coverage_5pct	20	20	uneven_coverage	0.05	5.0	lognormal_sigma1.0	GB_GCA_963674955.1	Desulfobacterota_I	Bacteria	highly_fragmented	59.99479796444285	4.99999051876873	59.99479796444285	8.249714140877192	3164146	104	2056530	113	2159356	0.0499997568720125		102826	0	0	0	True	55.18976026965726	3.13092979127134	cocopye	-4.8050376947855895	-1.8690607274973896	4.8050376947855895	1.8690607274973896	medium	medium
G_r020_uneven_coverage_10pct	20	21	uneven_coverage	0.1	10.0	lognormal_sigma1.0	GB_GCA_963674955.1	Desulfobacterota_I	Bacteria	highly_fragmented	59.99479796444285	4.99999051876873	59.99479796444285	11.499469367089889	3164146	104	2056530	114	2262183	0.1		205653	0	0	0	True	52.6564785486746	6.6593886462882095	cocopye	-7.338319415768254	1.6593981275194798	7.338319415768254	1.6593981275194798	medium	medium
G_r020_uneven_coverage_20pct	20	22	uneven_coverage	0.2	20.0	lognormal_sigma1.0	GB_GCA_963674955.1	Desulfobacterota_I	Bacteria	highly_fragmented	59.99479796444285	4.99999051876873	59.99479796444285	17.998948215411048	3164146	104	2056530	126	2467836	0.2		411306	0	0	0	True	55.79229990641276	11.90025228442567	cocopye	-4.202498058030095	6.900261765656941	4.202498058030095	6.900261765656941	low	medium
G_r020_uneven_coverage_40pct	20	23	uneven_coverage	0.4	40.0	lognormal_sigma1.0	GB_GCA_963674955.1	Desulfobacterota_I	Bacteria	highly_fragmented	59.99479796444285	4.99999051876873	59.99479796444285	30.99790591205336	3164146	104	2056530	153	2879142	0.4		822612	0	0	0	True	55.41140994510136	20.06005914361627	cocopye	-4.583388019341491	15.060068624847542	4.583388019341491	15.060068624847542	low	medium
G_r021_none_control	21	0	none	0.0	0.0	control	RS_GCF_000504105.1	Thermotogota	Bacteria	high	100.0	4.999988453535874	100.0	4.999988453535874	2165165	3	2273423	3	2273423	0.0		0	0	0	0	True	100.0	3.39258626924572	cocopye	0.0	-1.6074021842901538	0.0	1.6074021842901538	high	high
G_r021_substitution_0p1pct	21	1	substitution	0.001	0.1	uniform	RS_GCF_000504105.1	Thermotogota	Bacteria	high	100.0	4.999988453535874	100.0	4.999988453535874	2165165	3	2273423	3	2273423	0.0010182882815912	0.0089640838741259	0	2315	0	0	True	100.0	5.34259045996827	cocopye	0.0	0.34260200643239624	0.0	0.34260200643239624	medium	high
G_r021_substitution_0p5pct	21	2	substitution	0.005	0.5	uniform	RS_GCF_000504105.1	Thermotogota	Bacteria	high	100.0	4.999988453535874	100.0	4.999988453535874	2165165	3	2273423	3	2273423	0.0049889527817744	0.0441104216424403	0	11342	0	0	True	100.0	8.54120910326373	cocopye	0.0	3.5412206497278564	0.0	3.5412206497278564	medium	high
G_r021_substitution_1pct	21	3	substitution	0.01	1.0	uniform	RS_GCF_000504105.1	Thermotogota	Bacteria	high	100.0	4.999988453535874	100.0	4.999988453535874	2165165	3	2273423	3	2273423	0.0099422764703269	0.0864827525163591	0	22603	0	0	True	100.0	13.45745444614596	cocopye	0.0	8.457465992610086	0.0	8.457465992610086	low	high
G_r021_substitution_2pct	21	4	substitution	0.02	2.0	uniform	RS_GCF_000504105.1	Thermotogota	Bacteria	high	100.0	4.999988453535874	100.0	4.999988453535874	2165165	3	2273423	3	2273423	0.0199808834519576	0.1662522378698502	0	45425	0	0	True	100.0	19.56903324106334	cocopye	0.0	14.569044787527467	0.0	14.569044787527467	low	high
G_r021_substitution_5pct	21	5	substitution	0.05	5.0	uniform	RS_GCF_000504105.1	Thermotogota	Bacteria	high	100.0	4.999988453535874	100.0	4.999988453535874	2165165	3	2273423	3	2273423	0.0501318936247236	0.3697505902753909	0	113971	0	0	True	90.3067659381671	39.2156872396451	cocopye	-9.693234061832896	34.21569878610923	9.693234061832896	34.21569878610923	low	high
G_r021_substitution_titv_0p1pct	21	6	substitution_titv	0.001	0.1	titv_2	RS_GCF_000504105.1	Thermotogota	Bacteria	high	100.0	4.999988453535874	100.0	4.999988453535874	2165165	3	2273423	3	2273423	0.001027525453908	0.0089640838741259	0	2336	0	0	True	100.0	4.12456662815797	cocopye	0.0	-0.875421825377904	0.0	0.875421825377904	high	high
G_r021_substitution_titv_0p5pct	21	7	substitution_titv	0.005	0.5	titv_2	RS_GCF_000504105.1	Thermotogota	Bacteria	high	100.0	4.999988453535874	100.0	4.999988453535874	2165165	3	2273423	3	2273423	0.0050025886075754	0.0441104216424403	0	11373	0	0	True	100.0	8.919085404836071	cocopye	0.0	3.9190969513001974	0.0	3.9190969513001974	medium	high
G_r021_substitution_titv_1pct	21	8	substitution_titv	0.01	1.0	titv_2	RS_GCF_000504105.1	Thermotogota	Bacteria	high	100.0	4.999988453535874	100.0	4.999988453535874	2165165	3	2273423	3	2273423	0.0099268811831322	0.0864827525163591	0	22568	0	0	True	99.51031958211396	13.48734118981393	cocopye	-0.489680417886035	8.487352736278057	0.489680417886035	8.487352736278057	low	high
G_r021_substitution_titv_2pct	21	9	substitution_titv	0.02	2.0	titv_2	RS_GCF_000504105.1	Thermotogota	Bacteria	high	100.0	4.999988453535874	100.0	4.999988453535874	2165165	3	2273423	3	2273423	0.0199474536854778	0.1662522378698502	0	45349	0	0	True	99.51927607541704	17.93345179514963	cocopye	-0.48072392458296065	12.933463341613756	0.48072392458296065	12.933463341613756	low	high
G_r021_substitution_titv_5pct	21	10	substitution_titv	0.05	5.0	titv_2	RS_GCF_000504105.1	Thermotogota	Bacteria	high	100.0	4.999988453535874	100.0	4.999988453535874	2165165	3	2273423	3	2273423	0.0501063814345152	0.3697505902753909	0	113913	0	0	True	91.96711328495611	30.02846299810247	cocopye	-8.032886715043887	25.028474544566595	8.032886715043887	25.028474544566595	low	high
G_r021_indel_0p1pct	21	11	indel	0.001	0.1	ins0.5_geom0.75	RS_GCF_000504105.1	Thermotogota	Bacteria	high	100.0	4.999988453535874	100.0047065592281	4.999988453535874	2165165	3	2273423	3	2273530	0.0010116903013649		0	0	2300	0	True	99.70414201183432	32.37179487179487	cocopye	-0.2958579881656789	27.371806418258995	0.2958579881656789	27.371806418258995	low	high
G_r021_indel_0p5pct	21	12	indel	0.005	0.5	ins0.5_geom0.75	RS_GCF_000504105.1	Thermotogota	Bacteria	high	100.0	4.999988453535874	100.00285912476473	4.999988453535874	2165165	3	2273423	3	2273488	0.0049295709597378		0	0	11207	0	True	97.438330170778	100.42693338991342	cocopye	-2.561669829221998	95.42694493637754	2.561669829221998	95.42694493637754	low	high
G_r021_indel_1pct	21	13	indel	0.01	1.0	ins0.5_geom0.75	RS_GCF_000504105.1	Thermotogota	Bacteria	high	100.0	4.999988453535874	99.9859682953854	4.999988453535874	2165165	3	2273423	3	2273104	0.0100632394411422		0	0	22878	0	True	96.92460317460316	138.19444444444443	cocopye	-3.0753968253968367	133.19445599090855	3.0753968253968367	133.19445599090855	low	high
G_r021_indel_2pct	21	14	indel	0.02	2.0	ins0.5_geom0.75	RS_GCF_000504105.1	Thermotogota	Bacteria	high	100.0	4.999988453535874	100.02815138229886	4.999988453535874	2165165	3	2273423	3	2274063	0.0201093241336961		0	0	45717	0	True	90.1062437262668	146.18194701662102	cocopye	-9.893756273733203	141.18195856308515	9.893756273733203	141.18195856308515	low	high
G_r021_indel_5pct	21	15	indel	0.05	5.0	ins0.5_geom0.75	RS_GCF_000504105.1	Thermotogota	Bacteria	high	100.0	4.999988453535874	100.0120523105467	4.999988453535874	2165165	3	2273423	3	2273697	0.0498103520550289		0	0	113240	0	True	72.05330788552224	78.13438209327491	cocopye	-27.946692114477756	73.13439363973903	27.946692114477756	73.13439363973903	low	high
G_r021_chimera_5pct	21	16	chimera	0.05	5.0	rc0.5	RS_GCF_000504105.1	Thermotogota	Bacteria	high	100.0	4.999988453535874	100.0	4.999988453535874	2165165	3	2273423	3	2273423	0.0		0	0	0	0	True	100.0	3.39258626924572	cocopye	0.0	-1.6074021842901538	0.0	1.6074021842901538	high	high
G_r021_chimera_10pct	21	17	chimera	0.1	10.0	rc0.5	RS_GCF_000504105.1	Thermotogota	Bacteria	high	100.0	4.999988453535874	100.0	4.999988453535874	2165165	3	2273423	3	2273423	0.0		0	0	0	0	True	100.0	3.39258626924572	cocopye	0.0	-1.6074021842901538	0.0	1.6074021842901538	high	high
G_r021_chimera_20pct	21	18	chimera	0.2	20.0	rc0.5	RS_GCF_000504105.1	Thermotogota	Bacteria	high	100.0	4.999988453535874	100.0	4.999988453535874	2165165	3	2273423	3	2273423	0.0		0	0	0	0	True	100.0	3.39258626924572	cocopye	0.0	-1.6074021842901538	0.0	1.6074021842901538	high	high
G_r021_chimera_40pct	21	19	chimera	0.4	40.0	rc0.5	RS_GCF_000504105.1	Thermotogota	Bacteria	high	100.0	4.999988453535874	100.0	4.999988453535874	2165165	3	2273423	2	2273423	0.6666666666666666		0	0	0	1	True	100.0	3.39258626924572	cocopye	0.0	-1.6074021842901538	0.0	1.6074021842901538	high	high
G_r021_uneven_coverage_5pct	21	20	uneven_coverage	0.05	5.0	lognormal_sigma1.0	RS_GCF_000504105.1	Thermotogota	Bacteria	high	100.0	4.999988453535874	100.0	10.249980948334192	2165165	3	2273423	4	2387094	0.0499999340201977		113671	0	0	0	True	100.0	9.39004742646976	cocopye	0.0	4.390058972933886	0.0	4.390058972933886	medium	high
G_r021_uneven_coverage_10pct	21	21	uneven_coverage	0.1	10.0	lognormal_sigma1.0	RS_GCF_000504105.1	Thermotogota	Bacteria	high	100.0	4.999988453535874	100.0	15.49997344313251	2165165	3	2273423	4	2500765	0.0999998680403954		227342	0	0	0	True	100.0	23.5264495379051	cocopye	0.0	18.526461084369227	0.0	18.526461084369227	low	high
G_r021_uneven_coverage_20pct	21	22	uneven_coverage	0.2	20.0	lognormal_sigma1.0	RS_GCF_000504105.1	Thermotogota	Bacteria	high	100.0	4.999988453535874	100.0	26.00000461858565	2165165	3	2273423	4	2728108	0.2000001759461393		454685	0	0	0	True	100.0	39.78494720169443	cocopye	0.0	34.78495874815856	0.0	34.78495874815856	low	high
G_r021_uneven_coverage_40pct	21	23	uneven_coverage	0.4	40.0	lognormal_sigma1.0	RS_GCF_000504105.1	Thermotogota	Bacteria	high	100.0	4.999988453535874	100.0	46.99997459777892	2165165	3	2273423	4	3182792	0.3999999120269303		909369	0	0	0	True	100.0	57.75669642857143	cocopye	0.0	52.75670797503555	0.0	52.75670797503555	low	high
G_r022_none_control	22	0	none	0.0	0.0	control	RS_GCF_040746335.1	Bdellovibrionota	Bacteria	low	69.9678789110816	19.99998413903929	69.9678789110816	19.99998413903929	3782873	113	3403370	113	3403370	0.0		0	0	0	0	True	78.64171429517666	23.27127123332489	cocopye	8.673835384095057	3.271287094285597	8.673835384095057	3.271287094285597	low	low
G_r022_substitution_0p1pct	22	1	substitution	0.001	0.1	uniform	RS_GCF_040746335.1	Bdellovibrionota	Bacteria	low	69.9678789110816	19.99998413903929	69.9678789110816	19.99998413903929	3782873	113	3403370	113	3403370	0.0010028295483594	0.0089640838741259	0	3413	0	0	True	76.5920082404053	24.76098727415309	cocopye	6.624129329323708	4.7610031351138	6.624129329323708	4.7610031351138	low	low
G_r022_substitution_0p5pct	22	2	substitution	0.005	0.5	uniform	RS_GCF_040746335.1	Bdellovibrionota	Bacteria	low	69.9678789110816	19.99998413903929	69.9678789110816	19.99998413903929	3782873	113	3403370	113	3403370	0.0050247254926734	0.0441104216424403	0	17101	0	0	True	77.09595417227203	24.50133789192984	cocopye	7.128075261190432	4.501353752890548	7.128075261190432	4.501353752890548	low	low
G_r022_substitution_1pct	22	3	substitution	0.01	1.0	uniform	RS_GCF_040746335.1	Bdellovibrionota	Bacteria	low	69.9678789110816	19.99998413903929	69.9678789110816	19.99998413903929	3782873	113	3403370	113	3403370	0.0099851030008491	0.0864827525163591	0	33983	0	0	True	75.51707104896794	24.9925010585374	cocopye	5.549192137886337	4.992516919498108	5.549192137886337	4.992516919498108	low	low
G_r022_substitution_2pct	22	4	substitution	0.02	2.0	uniform	RS_GCF_040746335.1	Bdellovibrionota	Bacteria	low	69.9678789110816	19.99998413903929	69.9678789110816	19.99998413903929	3782873	113	3403370	113	3403370	0.0200495391332708	0.1662522378698502	0	68236	0	0	True	81.80862571162756	34.38485804416404	cocopye	11.840746800545958	14.38487390512475	11.840746800545958	14.38487390512475	low	low
G_r022_substitution_5pct	22	5	substitution	0.05	5.0	uniform	RS_GCF_040746335.1	Bdellovibrionota	Bacteria	low	69.9678789110816	19.99998413903929	69.9678789110816	19.99998413903929	3782873	113	3403370	113	3403370	0.0500436332223648	0.3697505902753909	0	170317	0	0	True	79.14078516989761	53.41614906832298	cocopye	9.172906258816013	33.41616492928369	9.172906258816013	33.41616492928369	low	low
G_r022_substitution_titv_0p1pct	22	6	substitution_titv	0.001	0.1	titv_2	RS_GCF_040746335.1	Bdellovibrionota	Bacteria	low	69.9678789110816	19.99998413903929	69.9678789110816	19.99998413903929	3782873	113	3403370	113	3403370	0.0009875505748713	0.0089640838741259	0	3361	0	0	True	78.61054948766093	23.63717023537704	cocopye	8.642670576579334	3.63718609633775	8.642670576579334	3.63718609633775	low	low
G_r022_substitution_titv_0p5pct	22	7	substitution_titv	0.005	0.5	titv_2	RS_GCF_040746335.1	Bdellovibrionota	Bacteria	low	69.9678789110816	19.99998413903929	69.9678789110816	19.99998413903929	3782873	113	3403370	113	3403370	0.0049935798928708	0.0441104216424403	0	16995	0	0	True	78.79523066574036	24.64773089620596	cocopye	8.827351754658764	4.647746757166669	8.827351754658764	4.647746757166669	low	low
G_r022_substitution_titv_1pct	22	8	substitution_titv	0.01	1.0	titv_2	RS_GCF_040746335.1	Bdellovibrionota	Bacteria	low	69.9678789110816	19.99998413903929	69.9678789110816	19.99998413903929	3782873	113	3403370	113	3403370	0.00998245856313	0.0864827525163591	0	33974	0	0	True	74.50127842510193	25.55551761416211	cocopye	4.533399514020331	5.555533475122818	4.533399514020331	5.555533475122818	low	low
G_r022_substitution_titv_2pct	22	9	substitution_titv	0.02	2.0	titv_2	RS_GCF_040746335.1	Bdellovibrionota	Bacteria	low	69.9678789110816	19.99998413903929	69.9678789110816	19.99998413903929	3782873	113	3403370	113	3403370	0.0199860726280128	0.1662522378698502	0	68020	0	0	True	73.46752221436314	25.23791091866343	cocopye	3.4996433032815446	5.237926779624139	3.4996433032815446	5.237926779624139	low	low
G_r022_substitution_titv_5pct	22	10	substitution_titv	0.05	5.0	titv_2	RS_GCF_040746335.1	Bdellovibrionota	Bacteria	low	69.9678789110816	19.99998413903929	69.9678789110816	19.99998413903929	3782873	113	3403370	113	3403370	0.0499886876830905	0.3697505902753909	0	170130	0	0	True	77.12712101750188	50.750750750750754	cocopye	7.15924210642028	30.750766611711462	7.15924210642028	30.750766611711462	low	low
G_r022_indel_0p1pct	22	11	indel	0.001	0.1	ins0.5_geom0.75	RS_GCF_040746335.1	Bdellovibrionota	Bacteria	low	69.9678789110816	19.99998413903929	69.96736495080906	19.99998413903929	3782873	113	3403370	113	3403345	0.0010160517369548		0	0	3458	0	True	79.52710319967831	35.29411764705882	cocopye	9.55922428859671	15.294133508019527	9.55922428859671	15.294133508019527	low	low
G_r022_indel_0p5pct	22	12	indel	0.005	0.5	ins0.5_geom0.75	RS_GCF_040746335.1	Bdellovibrionota	Bacteria	low	69.9678789110816	19.99998413903929	69.96656317278389	19.99998413903929	3782873	113	3403370	113	3403306	0.0049503874101258		0	0	16848	0	True	77.40213523131672	103.73665480427046	cocopye	7.4342563202351215	83.73667066523117	7.4342563202351215	83.73667066523117	low	low
G_r022_indel_1pct	22	13	indel	0.01	1.0	ins0.5_geom0.75	RS_GCF_040746335.1	Bdellovibrionota	Bacteria	low	69.9678789110816	19.99998413903929	69.96919464937932	19.99998413903929	3782873	113	3403370	113	3403434	0.0099830462159565		0	0	33976	0	True	78.17235426469283	146.9223542646928	cocopye	8.20447535361123	126.92237012565352	8.20447535361123	126.92237012565352	low	low
G_r022_indel_2pct	22	14	indel	0.02	2.0	ins0.5_geom0.75	RS_GCF_040746335.1	Bdellovibrionota	Bacteria	low	69.9678789110816	19.99998413903929	69.96434286440649	19.99998413903929	3782873	113	3403370	113	3403198	0.0200515959181634		0	0	68243	0	True	73.95833492279053	176.953125	cocopye	3.990456011708929	156.9531408609607	3.990456011708929	156.9531408609607	low	low
G_r022_indel_5pct	22	15	indel	0.05	5.0	ins0.5_geom0.75	RS_GCF_040746335.1	Bdellovibrionota	Bacteria	low	69.9678789110816	19.99998413903929	69.9722989694255	19.99998413903929	3782873	113	3403370	113	3403585	0.0498397176915821		0	0	169623	0	True	70.29220779220779	117.04545454545456	cocopye	0.32432888112619196	97.04547040641526	0.32432888112619196	97.04547040641526	low	low
G_r022_chimera_5pct	22	16	chimera	0.05	5.0	rc0.5	RS_GCF_040746335.1	Bdellovibrionota	Bacteria	low	69.9678789110816	19.99998413903929	69.9678789110816	19.99998413903929	3782873	113	3403370	110	3403370	0.0530973451327433		0	0	0	3	True	78.64171429517666	23.27127123332489	cocopye	8.673835384095057	3.271287094285597	8.673835384095057	3.271287094285597	low	low
G_r022_chimera_10pct	22	17	chimera	0.1	10.0	rc0.5	RS_GCF_040746335.1	Bdellovibrionota	Bacteria	low	69.9678789110816	19.99998413903929	69.9678789110816	19.99998413903929	3782873	113	3403370	107	3403370	0.1061946902654867		0	0	0	6	True	78.64171429517666	23.27127123332489	cocopye	8.673835384095057	3.271287094285597	8.673835384095057	3.271287094285597	low	low
G_r022_chimera_20pct	22	18	chimera	0.2	20.0	rc0.5	RS_GCF_040746335.1	Bdellovibrionota	Bacteria	low	69.9678789110816	19.99998413903929	69.9678789110816	19.99998413903929	3782873	113	3403370	101	3403370	0.2123893805309734		0	0	0	12	True	78.64171429517666	23.27127123332489	cocopye	8.673835384095057	3.271287094285597	8.673835384095057	3.271287094285597	low	low
G_r022_chimera_40pct	22	19	chimera	0.4	40.0	rc0.5	RS_GCF_040746335.1	Bdellovibrionota	Bacteria	low	69.9678789110816	19.99998413903929	69.9678789110816	19.99998413903929	3782873	113	3403370	90	3403370	0.4070796460176991		0	0	0	23	True	78.64171429517666	23.27127123332489	cocopye	8.673835384095057	3.271287094285597	8.673835384095057	3.271287094285597	low	low
G_r022_uneven_coverage_5pct	22	20	uneven_coverage	0.05	5.0	lognormal_sigma1.0	RS_GCF_040746335.1	Bdellovibrionota	Bacteria	low	69.9678789110816	19.99998413903929	69.9678789110816	24.49836407407809	3782873	113	3403370	121	3573538	0.0499998530867933		170168	0	0	0	True	77.39380061750265	25.32315188579518	cocopye	7.42592170642105	5.323167746755889	7.42592170642105	5.323167746755889	low	low
G_r022_uneven_coverage_10pct	22	21	uneven_coverage	0.1	10.0	lognormal_sigma1.0	RS_GCF_040746335.1	Bdellovibrionota	Bacteria	low	69.9678789110816	19.99998413903929	69.9678789110816	28.996770444051386	3782873	113	3403370	127	3743707	0.1		340337	0	0	0	True	76.95376945461211	26.55326035200837	cocopye	6.985890543530516	6.553276212969077	6.985890543530516	6.553276212969077	low	low
G_r022_uneven_coverage_20pct	22	22	uneven_coverage	0.2	20.0	lognormal_sigma1.0	RS_GCF_040746335.1	Bdellovibrionota	Bacteria	low	69.9678789110816	19.99998413903929	69.9678789110816	37.99355674906348	3782873	113	3403370	145	4084044	0.2		680674	0	0	0	True	77.98675357358817	22.79221654902175	cocopye	8.018874662506576	2.792232409982457	8.018874662506576	2.792232409982457	low	low
G_r022_uneven_coverage_40pct	22	23	uneven_coverage	0.4	40.0	lognormal_sigma1.0	RS_GCF_040746335.1	Bdellovibrionota	Bacteria	low	69.9678789110816	19.99998413903929	69.9678789110816	55.98712935908765	3782873	113	3403370	167	4764718	0.4		1361348	0	0	0	True	80.67484662576688	46.47239263803681	cocopye	10.706967714685277	26.472408498997517	10.706967714685277	26.472408498997517	low	low
G_r023_none_control	23	0	none	0.0	0.0	control	RS_GCF_030323845.1	Methanobacteriota	Archaea	medium	100.0	9.999979836311176	100.0	9.999979836311176	1983764	6	2182140	6	2182140	0.0		0	0	0	0	True	100.0	0.31393622161293	cocopye	0.0	-9.686043614698246	0.0	9.686043614698246	high	medium
G_r023_substitution_0p1pct	23	1	substitution	0.001	0.1	uniform	RS_GCF_030323845.1	Methanobacteriota	Archaea	medium	100.0	9.999979836311176	100.0	9.999979836311176	1983764	6	2182140	6	2182140	0.0009861887744954	0.0089640838741259	0	2152	0	0	True	100.0	2.69346826570575	cocopye	0.0	-7.306511570605426	0.0	7.306511570605426	high	medium
G_r023_substitution_0p5pct	23	2	substitution	0.005	0.5	uniform	RS_GCF_030323845.1	Methanobacteriota	Archaea	medium	100.0	9.999979836311176	100.0	9.999979836311176	1983764	6	2182140	6	2182140	0.0049657721005729	0.0441104216424403	0	10836	0	0	True	100.0	5.88409106992916	cocopye	0.0	-4.1158887663820165	0.0	4.1158887663820165	medium	medium
G_r023_substitution_1pct	23	3	substitution	0.01	1.0	uniform	RS_GCF_030323845.1	Methanobacteriota	Archaea	medium	100.0	9.999979836311176	100.0	9.999979836311176	1983764	6	2182140	6	2182140	0.0099915770679947	0.0864827525163591	0	21803	0	0	True	99.77904126511052	12.06429518173107	cocopye	-0.2209587348894786	2.064315345419894	0.2209587348894786	2.064315345419894	low	medium
G_r023_substitution_2pct	23	4	substitution	0.02	2.0	uniform	RS_GCF_030323845.1	Methanobacteriota	Archaea	medium	100.0	9.999979836311176	100.0	9.999979836311176	1983764	6	2182140	6	2182140	0.0201843329798573	0.1662522378698502	0	44045	0	0	True	98.83812146088572	20.25770577261195	cocopye	-1.1618785391142836	10.257725936300773	1.1618785391142836	10.257725936300773	low	medium
G_r023_substitution_5pct	23	5	substitution	0.05	5.0	uniform	RS_GCF_030323845.1	Methanobacteriota	Archaea	medium	100.0	9.999979836311176	100.0	9.999979836311176	1983764	6	2182140	6	2182140	0.0501723539024571	0.3697505902753909	0	109483	0	0	True	92.40774165047924	47.17786065463362	cocopye	-7.592258349520762	37.17788081832244	7.592258349520762	37.17788081832244	low	medium
G_r023_substitution_titv_0p1pct	23	6	substitution_titv	0.001	0.1	titv_2	RS_GCF_030323845.1	Methanobacteriota	Archaea	medium	100.0	9.999979836311176	100.0	9.999979836311176	1983764	6	2182140	6	2182140	0.0009696911927659	0.0089640838741259	0	2116	0	0	True	100.0	1.1787028305735798	cocopye	0.0	-8.821277005737597	0.0	8.821277005737597	high	medium
G_r023_substitution_titv_0p5pct	23	7	substitution_titv	0.005	0.5	titv_2	RS_GCF_030323845.1	Methanobacteriota	Archaea	medium	100.0	9.999979836311176	100.0	9.999979836311176	1983764	6	2182140	6	2182140	0.004993268070122	0.0441104216424403	0	10896	0	0	True	100.0	5.56790820312751	cocopye	0.0	-4.432071633183667	0.0	4.432071633183667	medium	medium
G_r023_substitution_titv_1pct	23	8	substitution_titv	0.01	1.0	titv_2	RS_GCF_030323845.1	Methanobacteriota	Archaea	medium	100.0	9.999979836311176	100.0	9.999979836311176	1983764	6	2182140	6	2182140	0.0099961597295863	0.0864827525163591	0	21813	0	0	True	99.93315554609336	8.23468055492498	cocopye	-0.06684445390663996	-1.7652992813861967	0.06684445390663996	1.7652992813861967	medium	medium
G_r023_substitution_titv_2pct	23	9	substitution_titv	0.02	2.0	titv_2	RS_GCF_030323845.1	Methanobacteriota	Archaea	medium	100.0	9.999979836311176	100.0	9.999979836311176	1983764	6	2182140	6	2182140	0.0199020410258196	0.1662522378698502	0	43429	0	0	True	99.14927819096827	15.95438466903354	cocopye	-0.8507218090317252	5.954404832722364	0.8507218090317252	5.954404832722364	low	medium
G_r023_substitution_titv_5pct	23	10	substitution_titv	0.05	5.0	titv_2	RS_GCF_030323845.1	Methanobacteriota	Archaea	medium	100.0	9.999979836311176	100.0	9.999979836311176	1983764	6	2182140	6	2182140	0.0502186387845315	0.3697505902753909	0	109584	0	0	True	92.83233687561489	21.65122600200667	cocopye	-7.167663124385115	11.651246165695493	7.167663124385115	11.651246165695493	low	medium
G_r023_indel_0p1pct	23	11	indel	0.001	0.1	ins0.5_geom0.75	RS_GCF_030323845.1	Methanobacteriota	Archaea	medium	100.0	9.999979836311176	100.00476596368702	9.999979836311176	1983764	6	2182140	6	2182244	0.000994894919666		0	0	2171	0	True	99.80657640232108	31.2862669245648	cocopye	-0.19342359767891537	21.286287088253623	0.19342359767891537	21.286287088253623	low	medium
G_r023_indel_0p5pct	23	12	indel	0.005	0.5	ins0.5_geom0.75	RS_GCF_030323845.1	Methanobacteriota	Archaea	medium	100.0	9.999979836311176	99.99445498455644	9.999979836311176	1983764	6	2182140	6	2182019	0.0050551293684181		0	0	11031	0	True	97.77562862669244	105.9477756286267	cocopye	-2.2243713733075623	95.94779579231553	2.2243713733075623	95.94779579231553	low	medium
G_r023_indel_1pct	23	13	indel	0.01	1.0	ins0.5_geom0.75	RS_GCF_030323845.1	Methanobacteriota	Archaea	medium	100.0	9.999979836311176	99.9953256894608	9.999979836311176	1983764	6	2182140	6	2182038	0.0100282291695308		0	0	21883	0	True	97.24371373307544	143.036750483559	cocopye	-2.756286266924562	133.0367706472478	2.756286266924562	133.0367706472478	low	medium
G_r023_indel_2pct	23	14	indel	0.02	2.0	ins0.5_geom0.75	RS_GCF_030323845.1	Methanobacteriota	Archaea	medium	100.0	9.999979836311176	100.00577414831312	9.999979836311176	1983764	6	2182140	6	2182266	0.0199308935265381		0	0	43492	0	True	93.1012269837252	156.2217963272183	cocopye	-6.898773016274802	146.22181649090712	6.898773016274802	146.22181649090712	low	medium
G_r023_indel_5pct	23	15	indel	0.05	5.0	ins0.5_geom0.75	RS_GCF_030323845.1	Methanobacteriota	Archaea	medium	100.0	9.999979836311176	100.03162033600044	9.999979836311176	1983764	6	2182140	6	2182830	0.0502552540166992		0	0	109664	0	True	71.86666870117188	68.71000366210937	cocopye	-28.133331298828125	58.710023825798196	28.133331298828125	58.710023825798196	low	medium
G_r023_chimera_5pct	23	16	chimera	0.05	5.0	rc0.5	RS_GCF_030323845.1	Methanobacteriota	Archaea	medium	100.0	9.999979836311176	100.0	9.999979836311176	1983764	6	2182140	6	2182140	0.0		0	0	0	0	True	100.0	0.31393622161293	cocopye	0.0	-9.686043614698246	0.0	9.686043614698246	high	medium
G_r023_chimera_10pct	23	17	chimera	0.1	10.0	rc0.5	RS_GCF_030323845.1	Methanobacteriota	Archaea	medium	100.0	9.999979836311176	100.0	9.999979836311176	1983764	6	2182140	5	2182140	0.3333333333333333		0	0	0	1	True	100.0	0.31393622161293	cocopye	0.0	-9.686043614698246	0.0	9.686043614698246	high	medium
G_r023_chimera_20pct	23	18	chimera	0.2	20.0	rc0.5	RS_GCF_030323845.1	Methanobacteriota	Archaea	medium	100.0	9.999979836311176	100.0	9.999979836311176	1983764	6	2182140	5	2182140	0.3333333333333333		0	0	0	1	True	100.0	0.31393622161293	cocopye	0.0	-9.686043614698246	0.0	9.686043614698246	high	medium
G_r023_chimera_40pct	23	19	chimera	0.4	40.0	rc0.5	RS_GCF_030323845.1	Methanobacteriota	Archaea	medium	100.0	9.999979836311176	100.0	9.999979836311176	1983764	6	2182140	5	2182140	0.3333333333333333		0	0	0	1	True	100.0	0.31393622161293	cocopye	0.0	-9.686043614698246	0.0	9.686043614698246	high	medium
G_r023_uneven_coverage_5pct	23	20	uneven_coverage	0.05	5.0	lognormal_sigma1.0	RS_GCF_030323845.1	Methanobacteriota	Archaea	medium	100.0	9.999979836311176	100.0	15.499978828126732	1983764	6	2182140	7	2291247	0.05		109107	0	0	0	True	100.0	4.94494859493392	cocopye	0.0	-5.0550312413772565	0.0	5.0550312413772565	high	medium
G_r023_uneven_coverage_10pct	23	21	uneven_coverage	0.1	10.0	lognormal_sigma1.0	RS_GCF_030323845.1	Methanobacteriota	Archaea	medium	100.0	9.999979836311176	100.0	20.99997781994229	1983764	6	2182140	8	2400354	0.1		218214	0	0	0	True	100.0	14.43480141283465	cocopye	0.0	4.434821576523474	0.0	4.434821576523474	low	medium
G_r023_uneven_coverage_20pct	23	22	uneven_coverage	0.2	20.0	lognormal_sigma1.0	RS_GCF_030323845.1	Methanobacteriota	Archaea	medium	100.0	9.999979836311176	100.0	31.99997580357341	1983764	6	2182140	9	2618568	0.2		436428	0	0	0	True	100.0	19.247381812863352	cocopye	0.0	9.247401976552176	0.0	9.247401976552176	low	medium
G_r023_uneven_coverage_40pct	23	23	uneven_coverage	0.4	40.0	lognormal_sigma1.0	RS_GCF_030323845.1	Methanobacteriota	Archaea	medium	100.0	9.999979836311176	100.0	53.99997177083564	1983764	6	2182140	10	3054996	0.4		872856	0	0	0	True	100.0	49.75404739379883	cocopye	0.0	39.75406755748765	0.0	39.75406755748765	low	medium
G_r024_none_control	24	0	none	0.0	0.0	control	RS_GCF_026965535.1	Myxococcota	Bacteria	medium	79.94324175894351	9.999994891247429	79.94324175894351	9.999994891247429	9787125	58	8802857	58	8802857	0.0		0	0	0	0	True	86.95869763208997	16.64187315302245	cocopye	7.0154558731464505	6.64187826177502	7.0154558731464505	6.64187826177502	low	medium
G_r024_substitution_0p1pct	24	1	substitution	0.001	0.1	uniform	RS_GCF_026965535.1	Myxococcota	Bacteria	medium	79.94324175894351	9.999994891247429	79.94324175894351	9.999994891247429	9787125	58	8802857	58	8802857	0.000998312252488	0.0089640838741259	0	8788	0	0	True	86.89419818677717	17.71466475933696	cocopye	6.95095642783366	7.71466986808953	6.95095642783366	7.71466986808953	low	medium
G_r024_substitution_0p5pct	24	2	substitution	0.005	0.5	uniform	RS_GCF_026965535.1	Myxococcota	Bacteria	medium	79.94324175894351	9.999994891247429	79.94324175894351	9.999994891247429	9787125	58	8802857	58	8802857	0.0049922428593353	0.0441104216424403	0	43946	0	0	True	86.74907292874774	20.32841481433758	cocopye	6.805831169804222	10.328419923090152	6.805831169804222	10.328419923090152	low	medium
G_r024_substitution_1pct	24	3	substitution	0.01	1.0	uniform	RS_GCF_026965535.1	Myxococcota	Bacteria	medium	79.94324175894351	9.999994891247429	79.94324175894351	9.999994891247429	9787125	58	8802857	58	8802857	0.0099835769228104	0.0864827525163591	0	87884	0	0	True	89.96906324771606	35.1701493053038	cocopye	10.02582148877255	25.170154414056373	10.02582148877255	25.170154414056373	low	medium
G_r024_substitution_2pct	24	4	substitution	0.02	2.0	uniform	RS_GCF_026965535.1	Myxococcota	Bacteria	medium	79.94324175894351	9.999994891247429	79.94324175894351	9.999994891247429	9787125	58	8802857	58	8802857	0.0200801853307397	0.1662522378698502	0	176763	0	0	True	90.7888602767909	44.12219762248948	cocopye	10.845618517847385	34.122202731242055	10.845618517847385	34.122202731242055	low	medium
G_r024_substitution_5pct	24	5	substitution	0.05	5.0	uniform	RS_GCF_026965535.1	Myxococcota	Bacteria	medium	79.94324175894351	9.999994891247429	79.94324175894351	9.999994891247429	9787125	58	8802857	58	8802857	0.0499412861074535	0.3697505902753909	0	439626	0	0	True	88.58468394268417	69.56689396479844	cocopye	8.64144218374065	59.56689907355101	8.64144218374065	59.56689907355101	low	medium
G_r024_substitution_titv_0p1pct	24	6	substitution_titv	0.001	0.1	titv_2	RS_GCF_026965535.1	Myxococcota	Bacteria	medium	79.94324175894351	9.999994891247429	79.94324175894351	9.999994891247429	9787125	58	8802857	58	8802857	0.001007286611608	0.0089640838741259	0	8867	0	0	True	87.06138332985265	16.63302139075559	cocopye	7.118141570909131	6.633026499508162	7.118141570909131	6.633026499508162	low	medium
G_r024_substitution_titv_0p5pct	24	7	substitution_titv	0.005	0.5	titv_2	RS_GCF_026965535.1	Myxococcota	Bacteria	medium	79.94324175894351	9.999994891247429	79.94324175894351	9.999994891247429	9787125	58	8802857	58	8802857	0.005014621957394	0.0441104216424403	0	44143	0	0	True	87.07088028849195	19.91462709704741	cocopye	7.127638529548435	9.914632205799983	7.127638529548435	9.914632205799983	low	medium
G_r024_substitution_titv_1pct	24	8	substitution_titv	0.01	1.0	titv_2	RS_GCF_026965535.1	Myxococcota	Bacteria	medium	79.94324175894351	9.999994891247429	79.94324175894351	9.999994891247429	9787125	58	8802857	58	8802857	0.0100264039277248	0.0864827525163591	0	88261	0	0	True	90.9481472439236	33.666666666666664	cocopye	11.004905484980085	23.666671775419236	11.004905484980085	23.666671775419236	low	medium
G_r024_substitution_titv_2pct	24	9	substitution_titv	0.02	2.0	titv_2	RS_GCF_026965535.1	Myxococcota	Bacteria	medium	79.94324175894351	9.999994891247429	79.94324175894351	9.999994891247429	9787125	58	8802857	58	8802857	0.0200962028577767	0.1662522378698502	0	176904	0	0	True	89.6210354054887	41.29930394431554	cocopye	9.677793646545183	31.29930905306811	9.677793646545183	31.29930905306811	low	medium
G_r024_substitution_titv_5pct	24	10	substitution_titv	0.05	5.0	titv_2	RS_GCF_026965535.1	Myxococcota	Bacteria	medium	79.94324175894351	9.999994891247429	79.94324175894351	9.999994891247429	9787125	58	8802857	58	8802857	0.0500084234016297	0.3697505902753909	0	440217	0	0	True	89.16913946587538	64.6389743340829	cocopye	9.22589770693186	54.63897944283548	9.22589770693186	54.63897944283548	low	medium
G_r024_indel_0p1pct	24	11	indel	0.001	0.1	ins0.5_geom0.75	RS_GCF_026965535.1	Myxococcota	Bacteria	medium	79.94324175894351	9.999994891247429	79.94117117445928	9.999994891247429	9787125	58	8802857	58	8802629	0.0010120577898743		0	0	8909	0	True	90.47950691524072	56.63959476621411	cocopye	10.536265156297205	46.63959987496668	10.536265156297205	46.63959987496668	low	medium
G_r024_indel_0p5pct	24	12	indel	0.005	0.5	ins0.5_geom0.75	RS_GCF_026965535.1	Myxococcota	Bacteria	medium	79.94324175894351	9.999994891247429	79.93911875299686	9.999994891247429	9787125	58	8802857	58	8802403	0.0049452126735672		0	0	43532	0	True	90.1470588235294	147.27942074046416	cocopye	10.203817064585891	137.27942584921672	10.203817064585891	137.27942584921672	low	medium
G_r024_indel_1pct	24	13	indel	0.01	1.0	ins0.5_geom0.75	RS_GCF_026965535.1	Myxococcota	Bacteria	medium	79.94324175894351	9.999994891247429	79.94521244680789	9.999994891247429	9787125	58	8802857	58	8803074	0.0099730121709349		0	0	87791	0	True	90.2027027027027	199.2398648648649	cocopye	10.25946094375918	189.23986997361746	10.25946094375918	189.23986997361746	low	medium
G_r024_indel_2pct	24	14	indel	0.02	2.0	ins0.5_geom0.75	RS_GCF_026965535.1	Myxococcota	Bacteria	medium	79.94324175894351	9.999994891247429	79.94675630366015	9.999994891247429	9787125	58	8802857	58	8803244	0.0200213407987883		0	0	176245	0	True	89.60843373493977	217.87149819983057	cocopye	9.665191975996251	207.87150330858313	9.665191975996251	207.87150330858313	low	medium
G_r024_indel_5pct	24	15	indel	0.05	5.0	ins0.5_geom0.75	RS_GCF_026965535.1	Myxococcota	Bacteria	medium	79.94324175894351	9.999994891247429	79.94572101141804	9.999994891247429	9787125	58	8802857	58	8803130	0.0499816139237522		0	0	439981	0	True	78.53828306264501	117.28538283062646	cocopye	-1.4049586962985074	107.28538793937904	1.4049586962985074	107.28538793937904	low	medium
G_r024_chimera_5pct	24	16	chimera	0.05	5.0	rc0.5	RS_GCF_026965535.1	Myxococcota	Bacteria	medium	79.94324175894351	9.999994891247429	79.94324175894351	9.999994891247429	9787125	58	8802857	56	8802857	0.0689655172413793		0	0	0	2	True	86.95869763208997	16.64187315302245	cocopye	7.0154558731464505	6.64187826177502	7.0154558731464505	6.64187826177502	low	medium
G_r024_chimera_10pct	24	17	chimera	0.1	10.0	rc0.5	RS_GCF_026965535.1	Myxococcota	Bacteria	medium	79.94324175894351	9.999994891247429	79.94324175894351	9.999994891247429	9787125	58	8802857	55	8802857	0.1034482758620689		0	0	0	3	True	86.95996765930198	16.66595309038782	cocopye	7.016725900358466	6.665958199140391	7.016725900358466	6.665958199140391	low	medium
G_r024_chimera_20pct	24	18	chimera	0.2	20.0	rc0.5	RS_GCF_026965535.1	Myxococcota	Bacteria	medium	79.94324175894351	9.999994891247429	79.94324175894351	9.999994891247429	9787125	58	8802857	52	8802857	0.2068965517241379		0	0	0	6	True	86.95749450542363	16.6581604399674	cocopye	7.0142527464801105	6.658165548719971	7.0142527464801105	6.658165548719971	low	medium
G_r024_chimera_40pct	24	19	chimera	0.4	40.0	rc0.5	RS_GCF_026965535.1	Myxococcota	Bacteria	medium	79.94324175894351	9.999994891247429	79.94324175894351	9.999994891247429	9787125	58	8802857	46	8802857	0.4137931034482758		0	0	0	12	True	86.95879921485938	16.61142957312504	cocopye	7.015557455915868	6.611434681877611	7.015557455915868	6.611434681877611	low	medium
G_r024_uneven_coverage_5pct	24	20	uneven_coverage	0.05	5.0	lognormal_sigma1.0	RS_GCF_026965535.1	Myxococcota	Bacteria	medium	79.94324175894351	9.999994891247429	79.94324175894351	14.497158256382749	9787125	58	8802857	64	9243000	0.0500000170399223		440143	0	0	0	True	88.21658900523873	18.104908808752228	cocopye	8.273347246295216	8.104913917504799	8.273347246295216	8.104913917504799	low	medium
G_r024_uneven_coverage_10pct	24	21	uneven_coverage	0.1	10.0	lognormal_sigma1.0	RS_GCF_026965535.1	Myxococcota	Bacteria	medium	79.94324175894351	9.999994891247429	79.94324175894351	18.994321621518065	9787125	58	8802857	66	9683143	0.1000000340798447		880286	0	0	0	True	91.07526404417156	32.86901345350875	cocopye	11.132022285228047	22.86901856226132	11.132022285228047	22.86901856226132	low	medium
G_r024_uneven_coverage_20pct	24	22	uneven_coverage	0.2	20.0	lognormal_sigma1.0	RS_GCF_026965535.1	Myxococcota	Bacteria	medium	79.94324175894351	9.999994891247429	79.94324175894351	27.98863813428356	9787125	58	8802857	65	10563428	0.199999954560207		1760571	0	0	0	True	90.99259440104169	59.89629448784722	cocopye	11.049352642098171	49.89629959659979	11.049352642098171	49.89629959659979	low	medium
G_r024_uneven_coverage_40pct	24	23	uneven_coverage	0.4	40.0	lognormal_sigma1.0	RS_GCF_026965535.1	Myxococcota	Bacteria	medium	79.94324175894351	9.999994891247429	79.94324175894351	45.977291594824834	9787125	58	8802857	82	12324000	0.4000000227198965		3521143	0	0	0	True	90.51043517075117	75.2126813211463	cocopye	10.56719341180765	65.21268642989888	10.56719341180765	65.21268642989888	low	medium
G_r025_none_control	25	0	none	0.0	0.0	control	RS_GCF_900090055.1	Thermoplasmatota	Archaea	medium	77.79208862982699	19.99998935556459	77.79208862982699	19.99998935556459	1878916	5	1837431	5	1837431	0.0		0	0	0	0	True	79.13749827676271	20.24337996556648	cocopye	1.345409646935721	0.24339061000188877	1.345409646935721	0.24339061000188877	low	low
G_r025_substitution_0p1pct	25	1	substitution	0.001	0.1	uniform	RS_GCF_900090055.1	Thermoplasmatota	Archaea	medium	77.79208862982699	19.99998935556459	77.79208862982699	19.99998935556459	1878916	5	1837431	5	1837431	0.0009899691471407	0.0089640838741259	0	1819	0	0	True	77.3594852211868	20.10416551177908	cocopye	-0.4326034086401904	0.10417615621448917	0.4326034086401904	0.10417615621448917	low	low
G_r025_substitution_0p5pct	25	2	substitution	0.005	0.5	uniform	RS_GCF_900090055.1	Thermoplasmatota	Archaea	medium	77.79208862982699	19.99998935556459	77.79208862982699	19.99998935556459	1878916	5	1837431	5	1837431	0.0049830442612538	0.0441104216424403	0	9156	0	0	True	82.47151152822407	22.23405937309342	cocopye	4.679422898397078	2.234070017528829	4.679422898397078	2.234070017528829	low	low
G_r025_substitution_1pct	25	3	substitution	0.01	1.0	uniform	RS_GCF_900090055.1	Thermoplasmatota	Archaea	medium	77.79208862982699	19.99998935556459	77.79208862982699	19.99998935556459	1878916	5	1837431	5	1837431	0.0099552037600323	0.0864827525163591	0	18292	0	0	True	79.87172012222092	23.69972507521719	cocopye	2.079631492393929	3.699735719652601	2.079631492393929	3.699735719652601	low	low
G_r025_substitution_2pct	25	4	substitution	0.02	2.0	uniform	RS_GCF_900090055.1	Thermoplasmatota	Archaea	medium	77.79208862982699	19.99998935556459	77.79208862982699	19.99998935556459	1878916	5	1837431	5	1837431	0.0201700091051038	0.1662522378698502	0	37061	0	0	True	79.00745792451278	23.547541582649583	cocopye	1.215369294685786	3.547552227084992	1.215369294685786	3.547552227084992	low	low
G_r025_substitution_5pct	25	5	substitution	0.05	5.0	uniform	RS_GCF_900090055.1	Thermoplasmatota	Archaea	medium	77.79208862982699	19.99998935556459	77.79208862982699	19.99998935556459	1878916	5	1837431	5	1837431	0.0502206613472832	0.3697505902753909	0	92277	0	0	True	75.30120481927712	41.365461847389554	cocopye	-2.4908838105498745	21.365472491824963	2.4908838105498745	21.365472491824963	low	low
G_r025_substitution_titv_0p1pct	25	6	substitution_titv	0.001	0.1	titv_2	RS_GCF_900090055.1	Thermoplasmatota	Archaea	medium	77.79208862982699	19.99998935556459	77.79208862982699	19.99998935556459	1878916	5	1837431	5	1837431	0.0009573148597144	0.0089640838741259	0	1759	0	0	True	80.42750290150111	18.344739111038542	cocopye	2.6354142716741222	-1.655250244526048	2.6354142716741222	1.655250244526048	low	low
G_r025_substitution_titv_0p5pct	25	7	substitution_titv	0.005	0.5	titv_2	RS_GCF_900090055.1	Thermoplasmatota	Archaea	medium	77.79208862982699	19.99998935556459	77.79208862982699	19.99998935556459	1878916	5	1837431	5	1837431	0.0050010041193383	0.0441104216424403	0	9189	0	0	True	79.97391729476483	21.4372626959429	cocopye	2.1818286649378393	1.437273340378308	2.1818286649378393	1.437273340378308	low	low
G_r025_substitution_titv_1pct	25	8	substitution_titv	0.01	1.0	titv_2	RS_GCF_900090055.1	Thermoplasmatota	Archaea	medium	77.79208862982699	19.99998935556459	77.79208862982699	19.99998935556459	1878916	5	1837431	5	1837431	0.0098735680414665	0.0864827525163591	0	18142	0	0	True	79.44963835522718	21.39221926155183	cocopye	1.6575497254001874	1.3922299059872394	1.6575497254001874	1.3922299059872394	low	low
G_r025_substitution_titv_2pct	25	9	substitution_titv	0.02	2.0	titv_2	RS_GCF_900090055.1	Thermoplasmatota	Archaea	medium	77.79208862982699	19.99998935556459	77.79208862982699	19.99998935556459	1878916	5	1837431	5	1837431	0.0201427971989152	0.1662522378698502	0	37011	0	0	True	77.76972802880114	24.75249579734829	cocopye	-0.022360601025852134	4.752506441783698	0.022360601025852134	4.752506441783698	low	low
G_r025_substitution_titv_5pct	25	10	substitution_titv	0.05	5.0	titv_2	RS_GCF_900090055.1	Thermoplasmatota	Archaea	medium	77.79208862982699	19.99998935556459	77.79208862982699	19.99998935556459	1878916	5	1837431	5	1837431	0.049908812902362	0.3697505902753909	0	91704	0	0	True	82.48847926267281	34.02457874491467	cocopye	4.696390632845819	14.02458938935008	4.696390632845819	14.02458938935008	low	low
G_r025_indel_0p1pct	25	11	indel	0.001	0.1	ins0.5_geom0.75	RS_GCF_900090055.1	Thermoplasmatota	Archaea	medium	77.79208862982699	19.99998935556459	77.7928083659731	19.99998935556459	1878916	5	1837431	5	1837448	0.0009828940515317		0	0	1806	0	True	84.43396226415094	31.95754716981132	cocopye	6.641873634323943	11.95755781424673	6.641873634323943	11.95755781424673	low	low
G_r025_indel_0p5pct	25	12	indel	0.005	0.5	ins0.5_geom0.75	RS_GCF_900090055.1	Thermoplasmatota	Archaea	medium	77.79208862982699	19.99998935556459	77.79204629240662	19.99998935556459	1878916	5	1837431	5	1837430	0.0051022324103599		0	0	9375	0	True	83.61344537815127	97.82912951557576	cocopye	5.821356748324277	77.82914016001116	5.821356748324277	77.82914016001116	low	low
G_r025_indel_1pct	25	13	indel	0.01	1.0	ins0.5_geom0.75	RS_GCF_900090055.1	Thermoplasmatota	Archaea	medium	77.79208862982699	19.99998935556459	77.79793119383669	19.99998935556459	1878916	5	1837431	5	1837569	0.0100210565730087		0	0	18413	0	True	80.71748878923766	125.22421524663676	cocopye	2.925400159410671	105.22422589107217	2.925400159410671	105.22422589107217	low	low
G_r025_indel_2pct	25	14	indel	0.02	2.0	ins0.5_geom0.75	RS_GCF_900090055.1	Thermoplasmatota	Archaea	medium	77.79208862982699	19.99998935556459	77.7911148691587	19.99998935556459	1878916	5	1837431	5	1837408	0.0200252417641805		0	0	36795	0	True	77.63157894736842	140.13157894736844	cocopye	-0.16050968245856723	120.13158959180384	0.16050968245856723	120.13158959180384	low	low
G_r025_indel_5pct	25	15	indel	0.05	5.0	ins0.5_geom0.75	RS_GCF_900090055.1	Thermoplasmatota	Archaea	medium	77.79208862982699	19.99998935556459	77.78374815801602	19.99998935556459	1878916	5	1837431	5	1837234	0.0497166968446706		0	0	91351	0	True	64.0625	75.86805820465088	cocopye	-13.729588629826992	55.868068849086285	13.729588629826992	55.868068849086285	low	low
G_r025_chimera_5pct	25	16	chimera	0.05	5.0	rc0.5	RS_GCF_900090055.1	Thermoplasmatota	Archaea	medium	77.79208862982699	19.99998935556459	77.79208862982699	19.99998935556459	1878916	5	1837431	5	1837431	0.0		0	0	0	0	True	79.13749827676271	20.24337996556648	cocopye	1.345409646935721	0.24339061000188877	1.345409646935721	0.24339061000188877	low	low
G_r025_chimera_10pct	25	17	chimera	0.1	10.0	rc0.5	RS_GCF_900090055.1	Thermoplasmatota	Archaea	medium	77.79208862982699	19.99998935556459	77.79208862982699	19.99998935556459	1878916	5	1837431	4	1837431	0.4		0	0	0	1	True	79.13749827676271	20.24337996556648	cocopye	1.345409646935721	0.24339061000188877	1.345409646935721	0.24339061000188877	low	low
G_r025_chimera_20pct	25	18	chimera	0.2	20.0	rc0.5	RS_GCF_900090055.1	Thermoplasmatota	Archaea	medium	77.79208862982699	19.99998935556459	77.79208862982699	19.99998935556459	1878916	5	1837431	4	1837431	0.4		0	0	0	1	True	79.13749827676271	20.24337996556648	cocopye	1.345409646935721	0.24339061000188877	1.345409646935721	0.24339061000188877	low	low
G_r025_chimera_40pct	25	19	chimera	0.4	40.0	rc0.5	RS_GCF_900090055.1	Thermoplasmatota	Archaea	medium	77.79208862982699	19.99998935556459	77.79208862982699	19.99998935556459	1878916	5	1837431	4	1837431	0.4		0	0	0	1	True	79.13749827676271	20.24337996556648	cocopye	1.345409646935721	0.24339061000188877	1.345409646935721	0.24339061000188877	low	low
G_r025_uneven_coverage_5pct	25	20	uneven_coverage	0.05	5.0	lognormal_sigma1.0	RS_GCF_900090055.1	Thermoplasmatota	Archaea	medium	77.79208862982699	19.99998935556459	77.79208862982699	24.88961720481384	1878916	5	1837431	6	1929303	0.0500002449071557		91872	0	0	0	True	79.50784036309182	18.853032398341853	cocopye	1.715751733264824	-1.1469569572227378	1.715751733264824	1.1469569572227378	low	low
G_r025_uneven_coverage_10pct	25	21	uneven_coverage	0.1	10.0	lognormal_sigma1.0	RS_GCF_900090055.1	Thermoplasmatota	Archaea	medium	77.79208862982699	19.99998935556459	77.79208862982699	29.779191831886045	1878916	5	1837431	6	2021174	0.0999999455761876		183743	0	0	0	True	77.04457561394474	25.44788713139855	cocopye	-0.747513015882248	5.447897775833958	0.747513015882248	5.447897775833958	low	low
G_r025_uneven_coverage_20pct	25	22	uneven_coverage	0.2	20.0	lognormal_sigma1.0	RS_GCF_900090055.1	Thermoplasmatota	Archaea	medium	77.79208862982699	19.99998935556459	77.79208862982699	39.5583943082075	1878916	5	1837431	6	2204917	0.1999998911523752		367486	0	0	0	True	80.79706060696788	26.18821995978616	cocopye	3.004971977140883	6.18823060422157	3.004971977140883	6.18823060422157	low	low
G_r025_uneven_coverage_40pct	25	23	uneven_coverage	0.4	40.0	lognormal_sigma1.0	RS_GCF_900090055.1	Thermoplasmatota	Archaea	medium	77.79208862982699	19.99998935556459	77.79208862982699	59.11679926085041	1878916	5	1837431	9	2572403	0.3999997823047505		734972	0	0	0	True	90.0	56.25	cocopye	12.207911370173008	36.250010644435406	12.207911370173008	36.250010644435406	low	low
G_r026_none_control	26	0	none	0.0	0.0	control	GB_GCA_963662275.1	Cloacimonadota	Bacteria	low	84.99023929931232	19.999981730087622	84.99023929931232	19.999981730087622	4378784	109	4597295	109	4597295	0.0		0	0	0	0	True	88.066195821382	19.38323178823831	cocopye	3.0759565220696743	-0.6167499418493136	3.0759565220696743	0.6167499418493136	low	low
G_r026_substitution_0p1pct	26	1	substitution	0.001	0.1	uniform	GB_GCA_963662275.1	Cloacimonadota	Bacteria	low	84.99023929931232	19.999981730087622	84.99023929931232	19.999981730087622	4378784	109	4597295	109	4597295	0.0009944978514539	0.0089640838741259	0	4572	0	0	True	87.82645349352605	19.98640377172524	cocopye	2.8362141942137242	-0.013577958362382958	2.8362141942137242	0.013577958362382958	low	low
G_r026_substitution_0p5pct	26	2	substitution	0.005	0.5	uniform	GB_GCA_963662275.1	Cloacimonadota	Bacteria	low	84.99023929931232	19.999981730087622	84.99023929931232	19.999981730087622	4378784	109	4597295	109	4597295	0.0050542764821487	0.0441104216424403	0	23236	0	0	True	85.57904789726256	20.69848957324843	cocopye	0.5888085979502335	0.698507843160808	0.5888085979502335	0.698507843160808	low	low
G_r026_substitution_1pct	26	3	substitution	0.01	1.0	uniform	GB_GCA_963662275.1	Cloacimonadota	Bacteria	low	84.99023929931232	19.999981730087622	84.99023929931232	19.999981730087622	4378784	109	4597295	109	4597295	0.0099591172635212	0.0864827525163591	0	45785	0	0	True	81.49514886103807	20.90128986750398	cocopye	-3.4950904382742465	0.9013081374163576	3.4950904382742465	0.9013081374163576	low	low
G_r026_substitution_2pct	26	4	substitution	0.02	2.0	uniform	GB_GCA_963662275.1	Cloacimonadota	Bacteria	low	84.99023929931232	19.999981730087622	84.99023929931232	19.999981730087622	4378784	109	4597295	109	4597295	0.0200163356930542	0.1662522378698502	0	92021	0	0	True	89.11917098445595	32.42659889972272	cocopye	4.128931685143627	12.426617169635097	4.128931685143627	12.426617169635097	low	low
G_r026_substitution_5pct	26	5	substitution	0.05	5.0	uniform	GB_GCA_963662275.1	Cloacimonadota	Bacteria	low	84.99023929931232	19.999981730087622	84.99023929931232	19.999981730087622	4378784	109	4597295	109	4597295	0.0498943400412634	0.3697505902753909	0	229379	0	0	True	83.91304347826087	55.14492864194124	cocopye	-1.077195821051447	35.14494691185362	1.077195821051447	35.14494691185362	low	low
G_r026_substitution_titv_0p1pct	26	6	substitution_titv	0.001	0.1	titv_2	GB_GCA_963662275.1	Cloacimonadota	Bacteria	low	84.99023929931232	19.999981730087622	84.99023929931232	19.999981730087622	4378784	109	4597295	109	4597295	0.0009751386413097	0.0089640838741259	0	4483	0	0	True	87.90730494868622	19.15796790629956	cocopye	2.917065649373896	-0.8420138237880614	2.917065649373896	0.8420138237880614	low	low
G_r026_substitution_titv_0p5pct	26	7	substitution_titv	0.005	0.5	titv_2	GB_GCA_963662275.1	Cloacimonadota	Bacteria	low	84.99023929931232	19.999981730087622	84.99023929931232	19.999981730087622	4378784	109	4597295	109	4597295	0.0049848878525306	0.0441104216424403	0	22917	0	0	True	88.59465309701885	20.28920559361069	cocopye	3.6044137977065276	0.28922386352306617	3.6044137977065276	0.28922386352306617	low	low
G_r026_substitution_titv_1pct	26	8	substitution_titv	0.01	1.0	titv_2	GB_GCA_963662275.1	Cloacimonadota	Bacteria	low	84.99023929931232	19.999981730087622	84.99023929931232	19.999981730087622	4378784	109	4597295	109	4597295	0.0100039262218326	0.0864827525163591	0	45991	0	0	True	83.6594233748173	20.91395225071581	cocopye	-1.3308159244950275	0.9139705206281867	1.3308159244950275	0.9139705206281867	low	low
G_r026_substitution_titv_2pct	26	9	substitution_titv	0.02	2.0	titv_2	GB_GCA_963662275.1	Cloacimonadota	Bacteria	low	84.99023929931232	19.999981730087622	84.99023929931232	19.999981730087622	4378784	109	4597295	109	4597295	0.0200424379988667	0.1662522378698502	0	92141	0	0	True	87.89473684210526	34.473684210526315	cocopye	2.9044975427929387	14.473702480438693	2.9044975427929387	14.473702480438693	low	low
G_r026_substitution_titv_5pct	26	10	substitution_titv	0.05	5.0	titv_2	GB_GCA_963662275.1	Cloacimonadota	Bacteria	low	84.99023929931232	19.999981730087622	84.99023929931232	19.999981730087622	4378784	109	4597295	109	4597295	0.0500067974754719	0.3697505902753909	0	229896	0	0	True	82.22748815165876	46.2085308056872	cocopye	-2.7627511476535602	26.208549075599574	2.7627511476535602	26.208549075599574	low	low
G_r026_indel_0p1pct	26	11	indel	0.001	0.1	ins0.5_geom0.75	GB_GCA_963662275.1	Cloacimonadota	Bacteria	low	84.99023929931232	19.999981730087622	84.98983258508916	19.999981730087622	4378784	109	4597295	109	4597273	0.0010171198498247		0	0	4676	0	True	88.99521531100478	45.8133971291866	cocopye	4.004976011692463	25.813415399098975	4.004976011692463	25.813415399098975	low	low
G_r026_indel_0p5pct	26	12	indel	0.005	0.5	ins0.5_geom0.75	GB_GCA_963662275.1	Cloacimonadota	Bacteria	low	84.99023929931232	19.999981730087622	84.97757569736378	19.999981730087622	4378784	109	4597295	109	4596610	0.0049674863153223		0	0	22837	0	True	87.43455497382199	111.99824947337204	cocopye	2.4443156745096672	91.99826774328442	2.4443156745096672	91.99826774328442	low	low
G_r026_indel_1pct	26	13	indel	0.01	1.0	ins0.5_geom0.75	GB_GCA_963662275.1	Cloacimonadota	Bacteria	low	84.99023929931232	19.999981730087622	84.98733683871973	19.999981730087622	4378784	109	4597295	109	4597138	0.0100041437410477		0	0	45992	0	True	87.11656441717791	156.44170843019077	cocopye	2.1263251178655906	136.44172670010315	2.1263251178655906	136.44172670010315	low	low
G_r026_indel_2pct	26	14	indel	0.02	2.0	ins0.5_geom0.75	GB_GCA_963662275.1	Cloacimonadota	Bacteria	low	84.99023929931232	19.999981730087622	84.98848303334866	19.999981730087622	4378784	109	4597295	109	4597200	0.0199745720037543		0	0	91829	0	True	80.90452261306532	145.0586213538395	cocopye	-4.085716686246997	125.05863962375187	4.085716686246997	125.05863962375187	low	low
G_r026_indel_5pct	26	15	indel	0.05	5.0	ins0.5_geom0.75	GB_GCA_963662275.1	Cloacimonadota	Bacteria	low	84.99023929931232	19.999981730087622	85.00563897876216	19.999981730087622	4378784	109	4597295	109	4598128	0.0501164271598842		0	0	230400	0	True	61.50793892996652	74.84126499720982	cocopye	-23.4823003693458	54.84128326712219	23.4823003693458	54.84128326712219	low	low
G_r026_chimera_5pct	26	16	chimera	0.05	5.0	rc0.5	GB_GCA_963662275.1	Cloacimonadota	Bacteria	low	84.99023929931232	19.999981730087622	84.99023929931232	19.999981730087622	4378784	109	4597295	106	4597295	0.055045871559633		0	0	0	3	True	88.066195821382	19.38323178823831	cocopye	3.0759565220696743	-0.6167499418493136	3.0759565220696743	0.6167499418493136	low	low
G_r026_chimera_10pct	26	17	chimera	0.1	10.0	rc0.5	GB_GCA_963662275.1	Cloacimonadota	Bacteria	low	84.99023929931232	19.999981730087622	84.99023929931232	19.999981730087622	4378784	109	4597295	104	4597295	0.091743119266055		0	0	0	5	True	88.066195821382	19.38323178823831	cocopye	3.0759565220696743	-0.6167499418493136	3.0759565220696743	0.6167499418493136	low	low
G_r026_chimera_20pct	26	18	chimera	0.2	20.0	rc0.5	GB_GCA_963662275.1	Cloacimonadota	Bacteria	low	84.99023929931232	19.999981730087622	84.99023929931232	19.999981730087622	4378784	109	4597295	98	4597295	0.2018348623853211		0	0	0	11	True	88.066195821382	19.38323178823831	cocopye	3.0759565220696743	-0.6167499418493136	3.0759565220696743	0.6167499418493136	low	low
G_r026_chimera_40pct	26	19	chimera	0.4	40.0	rc0.5	GB_GCA_963662275.1	Cloacimonadota	Bacteria	low	84.99023929931232	19.999981730087622	84.99023929931232	19.999981730087622	4378784	109	4597295	87	4597295	0.4036697247706422		0	0	0	22	True	88.066195821382	19.38323178823831	cocopye	3.0759565220696743	-0.6167499418493136	3.0759565220696743	0.6167499418493136	low	low
G_r026_uneven_coverage_5pct	26	20	uneven_coverage	0.05	5.0	lognormal_sigma1.0	GB_GCA_963662275.1	Cloacimonadota	Bacteria	low	84.99023929931232	19.999981730087622	84.99023929931232	25.24949849090524	4378784	109	4597295	112	4827160	0.0500000543798037		229865	0	0	0	True	90.31491215279333	19.6407235170872	cocopye	5.324672853481005	-0.35925821300042315	5.324672853481005	0.35925821300042315	low	low
G_r026_uneven_coverage_10pct	26	21	uneven_coverage	0.1	10.0	lognormal_sigma1.0	GB_GCA_963662275.1	Cloacimonadota	Bacteria	low	84.99023929931232	19.999981730087622	84.99023929931232	30.49901525172285	4378784	109	4597295	111	5057025	0.1000001087596075		459730	0	0	0	True	85.35312654236957	18.75615903264954	cocopye	0.3628872430572443	-1.243822697438084	0.3628872430572443	1.243822697438084	low	low
G_r026_uneven_coverage_20pct	26	22	uneven_coverage	0.2	20.0	lognormal_sigma1.0	GB_GCA_963662275.1	Cloacimonadota	Bacteria	low	84.99023929931232	19.999981730087622	84.99023929931232	40.99802593596761	4378784	109	4597295	124	5516754	0.2		919459	0	0	0	True	88.55421686746988	33.56760170565073	cocopye	3.5639775681575543	13.567619975563108	3.5639775681575543	13.567619975563108	low	low
G_r026_uneven_coverage_40pct	26	23	uneven_coverage	0.4	40.0	lognormal_sigma1.0	GB_GCA_963662275.1	Cloacimonadota	Bacteria	low	84.99023929931232	19.999981730087622	84.99023929931232	61.9960701418476	4378784	109	4597295	126	6436213	0.4		1838918	0	0	0	True	85.38251783027023	35.86065573770491	cocopye	0.39227853095790977	15.860674007617288	0.39227853095790977	15.860674007617288	low	low
G_r027_none_control	27	0	none	0.0	0.0	control	GB_GCA_963682045.1	Synergistota	Bacteria	highly_fragmented	79.05513044516131	0.0	79.05513044516131	0.0	2412968	33	1907575	33	1907575	0.0		0	0	0	0	True	88.14674824935697	0.0	cocopye	9.091617804195664	0.0	9.091617804195664	0.0	medium	medium
G_r027_substitution_0p1pct	27	1	substitution	0.001	0.1	uniform	GB_GCA_963682045.1	Synergistota	Bacteria	highly_fragmented	79.05513044516131	0.0	79.05513044516131	0.0	2412968	33	1907575	33	1907575	0.0009934078607656	0.0089640838741259	0	1895	0	0	True	88.32552814043031	0.0	cocopye	9.270397695268997	0.0	9.270397695268997	0.0	medium	medium
G_r027_substitution_0p5pct	27	2	substitution	0.005	0.5	uniform	GB_GCA_963682045.1	Synergistota	Bacteria	highly_fragmented	79.05513044516131	0.0	79.05513044516131	0.0	2412968	33	1907575	33	1907575	0.0050671664285807	0.0441104216424403	0	9666	0	0	True	89.49936972330889	4.45959316203121	cocopye	10.444239278147577	4.45959316203121	10.444239278147577	4.45959316203121	medium	medium
G_r027_substitution_1pct	27	3	substitution	0.01	1.0	uniform	GB_GCA_963682045.1	Synergistota	Bacteria	highly_fragmented	79.05513044516131	0.0	79.05513044516131	0.0	2412968	33	1907575	33	1907575	0.0099597656710745	0.0864827525163591	0	18999	0	0	True	89.30691396217013	5.51966342311796	cocopye	10.251783517008818	5.51966342311796	10.251783517008818	5.51966342311796	medium	medium
G_r027_substitution_2pct	27	4	substitution	0.02	2.0	uniform	GB_GCA_963682045.1	Synergistota	Bacteria	highly_fragmented	79.05513044516131	0.0	79.05513044516131	0.0	2412968	33	1907575	33	1907575	0.0197937171539782	0.1662522378698502	0	37758	0	0	True	87.9044072218673	14.929357528663282	cocopye	8.849276776705992	14.929357528663282	8.849276776705992	14.929357528663282	low	medium
G_r027_substitution_5pct	27	5	substitution	0.05	5.0	uniform	GB_GCA_963682045.1	Synergistota	Bacteria	highly_fragmented	79.05513044516131	0.0	79.05513044516131	0.0	2412968	33	1907575	33	1907575	0.0499665806062671	0.3697505902753909	0	95315	0	0	True	79.06869749275029	22.31924222447808	cocopye	0.013567047588978198	22.31924222447808	0.013567047588978198	22.31924222447808	low	medium
G_r027_substitution_titv_0p1pct	27	6	substitution_titv	0.001	0.1	titv_2	GB_GCA_963682045.1	Synergistota	Bacteria	highly_fragmented	79.05513044516131	0.0	79.05513044516131	0.0	2412968	33	1907575	33	1907575	0.00102119182732	0.0089640838741259	0	1948	0	0	True	88.27501251344486	0.0	cocopye	9.219882068283553	0.0	9.219882068283553	0.0	medium	medium
G_r027_substitution_titv_0p5pct	27	7	substitution_titv	0.005	0.5	titv_2	GB_GCA_963682045.1	Synergistota	Bacteria	highly_fragmented	79.05513044516131	0.0	79.05513044516131	0.0	2412968	33	1907575	33	1907575	0.0049984928508708	0.0441104216424403	0	9535	0	0	True	88.8874715388139	4.22387013628752	cocopye	9.832341093652587	4.22387013628752	9.832341093652587	4.22387013628752	medium	medium
G_r027_substitution_titv_1pct	27	8	substitution_titv	0.01	1.0	titv_2	GB_GCA_963682045.1	Synergistota	Bacteria	highly_fragmented	79.05513044516131	0.0	79.05513044516131	0.0	2412968	33	1907575	33	1907575	0.0099408935428489	0.0864827525163591	0	18963	0	0	True	88.82202447305782	6.1735126148558095	cocopye	9.766894027896512	6.1735126148558095	9.766894027896512	6.1735126148558095	medium	medium
G_r027_substitution_titv_2pct	27	9	substitution_titv	0.02	2.0	titv_2	GB_GCA_963682045.1	Synergistota	Bacteria	highly_fragmented	79.05513044516131	0.0	79.05513044516131	0.0	2412968	33	1907575	33	1907575	0.0200825655609871	0.1662522378698502	0	38309	0	0	True	87.37446968163198	10.7777072778168	cocopye	8.319339236470668	10.7777072778168	8.319339236470668	10.7777072778168	low	medium
G_r027_substitution_titv_5pct	27	10	substitution_titv	0.05	5.0	titv_2	GB_GCA_963682045.1	Synergistota	Bacteria	highly_fragmented	79.05513044516131	0.0	79.05513044516131	0.0	2412968	33	1907575	33	1907575	0.0502045791122236	0.3697505902753909	0	95769	0	0	True	80.40591642303202	15.24680377436618	cocopye	1.3507859778707143	15.24680377436618	1.3507859778707143	15.24680377436618	low	medium
G_r027_indel_0p1pct	27	11	indel	0.001	0.1	ins0.5_geom0.75	GB_GCA_963682045.1	Synergistota	Bacteria	highly_fragmented	79.05513044516131	0.0	79.05338985017622	0.0	2412968	33	1907575	33	1907533	0.0009839717966528		0	0	1877	0	True	90.49023957957316	18.07513967240342	cocopye	11.435109134411846	18.07513967240342	11.435109134411846	18.07513967240342	low	medium
G_r027_indel_0p5pct	27	12	indel	0.005	0.5	ins0.5_geom0.75	GB_GCA_963682045.1	Synergistota	Bacteria	highly_fragmented	79.05513044516131	0.0	79.05711969657285	0.0	2412968	33	1907575	33	1907623	0.004918810531696		0	0	9383	0	True	87.86549707602339	83.84990134434393	cocopye	8.810366630862077	83.84990134434393	8.810366630862077	83.84990134434393	low	medium
G_r027_indel_1pct	27	13	indel	0.01	1.0	ins0.5_geom0.75	GB_GCA_963682045.1	Synergistota	Bacteria	highly_fragmented	79.05513044516131	0.0	79.05857019239376	0.0	2412968	33	1907575	33	1907658	0.010000131056446		0	0	19076	0	True	84.99025043688322	109.303123072574	cocopye	5.935119991721905	109.303123072574	5.935119991721905	109.303123072574	low	medium
G_r027_indel_2pct	27	14	indel	0.02	2.0	ins0.5_geom0.75	GB_GCA_963682045.1	Synergistota	Bacteria	highly_fragmented	79.05513044516131	0.0	79.05865307786925	0.0	2412968	33	1907575	33	1907660	0.0199903018229951		0	0	38133	0	True	84.46601941747572	112.8047412267395	cocopye	5.41088897231441	112.8047412267395	5.41088897231441	112.8047412267395	low	medium
G_r027_indel_5pct	27	15	indel	0.05	5.0	ins0.5_geom0.75	GB_GCA_963682045.1	Synergistota	Bacteria	highly_fragmented	79.05513044516131	0.0	79.06113964213367	0.0	2412968	33	1907575	33	1907720	0.0502659135289569		0	0	95886	0	True	66.04166764479416	58.38674887632712	cocopye	-13.01346280036715	58.38674887632712	13.01346280036715	58.38674887632712	low	medium
G_r027_chimera_5pct	27	16	chimera	0.05	5.0	rc0.5	GB_GCA_963682045.1	Synergistota	Bacteria	highly_fragmented	79.05513044516131	0.0	79.05513044516131	0.0	2412968	33	1907575	33	1907575	0.0		0	0	0	0	True	88.14674824935697	0.0	cocopye	9.091617804195664	0.0	9.091617804195664	0.0	medium	medium
G_r027_chimera_10pct	27	17	chimera	0.1	10.0	rc0.5	GB_GCA_963682045.1	Synergistota	Bacteria	highly_fragmented	79.05513044516131	0.0	79.05513044516131	0.0	2412968	33	1907575	31	1907575	0.1212121212121212		0	0	0	2	True	88.14674824935697	0.0	cocopye	9.091617804195664	0.0	9.091617804195664	0.0	medium	medium
G_r027_chimera_20pct	27	18	chimera	0.2	20.0	rc0.5	GB_GCA_963682045.1	Synergistota	Bacteria	highly_fragmented	79.05513044516131	0.0	79.05513044516131	0.0	2412968	33	1907575	30	1907575	0.1818181818181818		0	0	0	3	True	88.14674824935697	0.0	cocopye	9.091617804195664	0.0	9.091617804195664	0.0	medium	medium
G_r027_chimera_40pct	27	19	chimera	0.4	40.0	rc0.5	GB_GCA_963682045.1	Synergistota	Bacteria	highly_fragmented	79.05513044516131	0.0	79.05513044516131	0.0	2412968	33	1907575	27	1907575	0.3636363636363636		0	0	0	6	True	88.14756166175692	0.0	cocopye	9.092431216595614	0.0	9.092431216595614	0.0	medium	medium
G_r027_uneven_coverage_5pct	27	20	uneven_coverage	0.05	5.0	lognormal_sigma1.0	GB_GCA_963682045.1	Synergistota	Bacteria	highly_fragmented	79.05513044516131	0.0	79.05513044516131	3.952766882942501	2412968	33	1907575	37	2002954	0.050000131056446		95379	0	0	0	True	90.12700876566028	8.15924678164798	cocopye	11.071878320498968	8.15924678164798	11.071878320498968	8.15924678164798	medium	medium
G_r027_uneven_coverage_10pct	27	21	uneven_coverage	0.1	10.0	lognormal_sigma1.0	GB_GCA_963682045.1	Synergistota	Bacteria	highly_fragmented	79.05513044516131	0.0	79.05513044516131	7.905533765885002	2412968	33	1907575	37	2098333	0.100000262112892		190758	0	0	0	True	89.37621534916393	34.9366483632584	cocopye	10.321084904002618	34.9366483632584	10.321084904002618	34.9366483632584	low	medium
G_r027_uneven_coverage_20pct	27	22	uneven_coverage	0.2	20.0	lognormal_sigma1.0	GB_GCA_963682045.1	Synergistota	Bacteria	highly_fragmented	79.05513044516131	0.0	79.05513044516131	15.811026089032262	2412968	33	1907575	44	2289090	0.2		381515	0	0	0	True	90.5569538395044	0.21278600932253	cocopye	11.501823394343091	0.21278600932253	11.501823394343091	0.21278600932253	high	medium
G_r027_uneven_coverage_40pct	27	23	uneven_coverage	0.4	40.0	lognormal_sigma1.0	GB_GCA_963682045.1	Synergistota	Bacteria	highly_fragmented	79.05513044516131	0.0	79.05513044516131	31.622052178064525	2412968	33	1907575	51	2670605	0.4		763030	0	0	0	True	89.37621534916393	48.7280683907849	cocopye	10.321084904002618	48.7280683907849	10.321084904002618	48.7280683907849	low	medium
G_r028_none_control	28	0	none	0.0	0.0	control	GB_GCA_022227015.1	Nitrospirota	Bacteria	medium	82.49880418368376	1.9999785993843453	82.49880418368376	1.9999785993843453	4392397	10	3711522	10	3711522	0.0		0	0	0	0	True	84.96144700079412	1.55760553545389	cocopye	2.462642817110364	-0.4423730639304553	2.462642817110364	0.4423730639304553	medium	medium
G_r028_substitution_0p1pct	28	1	substitution	0.001	0.1	uniform	GB_GCA_022227015.1	Nitrospirota	Bacteria	medium	82.49880418368376	1.9999785993843453	82.49880418368376	1.9999785993843453	4392397	10	3711522	10	3711522	0.000982543998714	0.0089640838741259	0	3643	0	0	True	85.21709020568994	4.11102553434052	cocopye	2.7182860220061826	2.1110469349561747	2.7182860220061826	2.1110469349561747	medium	medium
G_r028_substitution_0p5pct	28	2	substitution	0.005	0.5	uniform	GB_GCA_022227015.1	Nitrospirota	Bacteria	medium	82.49880418368376	1.9999785993843453	82.49880418368376	1.9999785993843453	4392397	10	3711522	10	3711522	0.0050025325523326	0.0441104216424403	0	18548	0	0	True	84.74513662771332	12.62739827930183	cocopye	2.2463324440295622	10.627419679917484	2.2463324440295622	10.627419679917484	low	medium
G_r028_substitution_1pct	28	3	substitution	0.01	1.0	uniform	GB_GCA_022227015.1	Nitrospirota	Bacteria	medium	82.49880418368376	1.9999785993843453	82.49880418368376	1.9999785993843453	4392397	10	3711522	10	3711522	0.0099994012496082	0.0864827525163591	0	37075	0	0	True	84.71436728937597	15.1879739429029	cocopye	2.215563105692212	13.187995343518555	2.215563105692212	13.187995343518555	low	medium
G_r028_substitution_2pct	28	4	substitution	0.02	2.0	uniform	GB_GCA_022227015.1	Nitrospirota	Bacteria	medium	82.49880418368376	1.9999785993843453	82.49880418368376	1.9999785993843453	4392397	10	3711522	10	3711522	0.0201163949184971	0.1662522378698502	0	74586	0	0	True	81.83259194909584	21.95529020139233	cocopye	-0.6662122345879169	19.955311602007985	0.6662122345879169	19.955311602007985	low	medium
G_r028_substitution_5pct	28	5	substitution	0.05	5.0	uniform	GB_GCA_022227015.1	Nitrospirota	Bacteria	medium	82.49880418368376	1.9999785993843453	82.49880418368376	1.9999785993843453	4392397	10	3711522	10	3711522	0.0498572978232995	0.3697505902753909	0	184857	0	0	True	81.05802047781569	39.07849829351535	cocopye	-1.4407837058680713	37.078519694131	1.4407837058680713	37.078519694131	low	medium
G_r028_substitution_titv_0p1pct	28	6	substitution_titv	0.001	0.1	titv_2	GB_GCA_022227015.1	Nitrospirota	Bacteria	medium	82.49880418368376	1.9999785993843453	82.49880418368376	1.9999785993843453	4392397	10	3711522	10	3711522	0.0009798469248773	0.0089640838741259	0	3633	0	0	True	84.99193208033378	2.13661769153487	cocopye	2.493127896650023	0.13663909215052472	2.493127896650023	0.13663909215052472	medium	medium
G_r028_substitution_titv_0p5pct	28	7	substitution_titv	0.005	0.5	titv_2	GB_GCA_022227015.1	Nitrospirota	Bacteria	medium	82.49880418368376	1.9999785993843453	82.49880418368376	1.9999785993843453	4392397	10	3711522	10	3711522	0.004962885566933	0.0441104216424403	0	18401	0	0	True	85.52079306475517	6.10061937073288	cocopye	3.021988881071408	4.100640771348535	3.021988881071408	4.100640771348535	medium	medium
G_r028_substitution_titv_1pct	28	8	substitution_titv	0.01	1.0	titv_2	GB_GCA_022227015.1	Nitrospirota	Bacteria	medium	82.49880418368376	1.9999785993843453	82.49880418368376	1.9999785993843453	4392397	10	3711522	10	3711522	0.009926580256017	0.0864827525163591	0	36805	0	0	True	83.75174250993682	8.20443607291162	cocopye	1.2529383262530587	6.204457473527274	1.2529383262530587	6.204457473527274	medium	medium
G_r028_substitution_titv_2pct	28	9	substitution_titv	0.02	2.0	titv_2	GB_GCA_022227015.1	Nitrospirota	Bacteria	medium	82.49880418368376	1.9999785993843453	82.49880418368376	1.9999785993843453	4392397	10	3711522	10	3711522	0.0200834906176892	0.1662522378698502	0	74464	0	0	True	84.94305224731976	20.93489050786106	cocopye	2.444248063635996	18.934911908476714	2.444248063635996	18.934911908476714	low	medium
G_r028_substitution_titv_5pct	28	10	substitution_titv	0.05	5.0	titv_2	GB_GCA_022227015.1	Nitrospirota	Bacteria	medium	82.49880418368376	1.9999785993843453	82.49880418368376	1.9999785993843453	4392397	10	3711522	10	3711522	0.0497723399974431	0.3697505902753909	0	184542	0	0	True	82.8125	35.78125	cocopye	0.31369581631624044	33.78127140061565	0.31369581631624044	33.78127140061565	low	medium
G_r028_indel_0p1pct	28	11	indel	0.001	0.1	ins0.5_geom0.75	GB_GCA_022227015.1	Nitrospirota	Bacteria	medium	82.49880418368376	1.9999785993843453	82.49544779257744	1.9999785993843453	4392397	10	3711522	10	3711371	0.0010243776003483		0	0	3802	0	True	82.94956252216615	22.198774679631867	cocopye	0.45075833848238744	20.198796080247522	0.45075833848238744	20.198796080247522	low	medium
G_r028_indel_0p5pct	28	12	indel	0.005	0.5	ins0.5_geom0.75	GB_GCA_022227015.1	Nitrospirota	Bacteria	medium	82.49880418368376	1.9999785993843453	82.49289160067526	1.9999785993843453	4392397	10	3711522	10	3711256	0.0050170792467348		0	0	18621	0	True	84.73520249221184	102.69990249586256	cocopye	2.2363983085280807	100.69992389647821	2.2363983085280807	100.69992389647821	low	medium
G_r028_indel_1pct	28	13	indel	0.01	1.0	ins0.5_geom0.75	GB_GCA_022227015.1	Nitrospirota	Bacteria	medium	82.49880418368376	1.9999785993843453	82.50553919365208	1.9999785993843453	4392397	10	3711522	10	3711825	0.0099832359878238		0	0	37053	0	True	86.0248447204969	134.78260869565216	cocopye	3.5260405368131416	132.7826300962678	3.5260405368131416	132.7826300962678	low	medium
G_r028_indel_2pct	28	14	indel	0.02	2.0	ins0.5_geom0.75	GB_GCA_022227015.1	Nitrospirota	Bacteria	medium	82.49880418368376	1.9999785993843453	82.49518105950938	1.9999785993843453	4392397	10	3711522	10	3711359	0.0199877570441452		0	0	74185	0	True	82.59493670886076	147.15189873417722	cocopye	0.09613252517699777	145.15192013479287	0.09613252517699777	145.15192013479287	low	medium
G_r028_indel_5pct	28	15	indel	0.05	5.0	ins0.5_geom0.75	GB_GCA_022227015.1	Nitrospirota	Bacteria	medium	82.49880418368376	1.9999785993843453	82.5162751996412	1.9999785993843453	4392397	10	3711522	10	3712308	0.0498897756769325		0	0	185167	0	True	67.93478260869566	83.09178559676461	cocopye	-14.564021574988104	81.09180699738026	14.564021574988104	81.09180699738026	low	medium
G_r028_chimera_5pct	28	16	chimera	0.05	5.0	rc0.5	GB_GCA_022227015.1	Nitrospirota	Bacteria	medium	82.49880418368376	1.9999785993843453	82.49880418368376	1.9999785993843453	4392397	10	3711522	10	3711522	0.0		0	0	0	0	True	84.96144700079412	1.55760553545389	cocopye	2.462642817110364	-0.4423730639304553	2.462642817110364	0.4423730639304553	medium	medium
G_r028_chimera_10pct	28	17	chimera	0.1	10.0	rc0.5	GB_GCA_022227015.1	Nitrospirota	Bacteria	medium	82.49880418368376	1.9999785993843453	82.49880418368376	1.9999785993843453	4392397	10	3711522	9	3711522	0.2		0	0	0	1	True	84.96144700079412	1.55760553545389	cocopye	2.462642817110364	-0.4423730639304553	2.462642817110364	0.4423730639304553	medium	medium
G_r028_chimera_20pct	28	18	chimera	0.2	20.0	rc0.5	GB_GCA_022227015.1	Nitrospirota	Bacteria	medium	82.49880418368376	1.9999785993843453	82.49880418368376	1.9999785993843453	4392397	10	3711522	9	3711522	0.2		0	0	0	1	True	84.96144700079412	1.55760553545389	cocopye	2.462642817110364	-0.4423730639304553	2.462642817110364	0.4423730639304553	medium	medium
G_r028_chimera_40pct	28	19	chimera	0.4	40.0	rc0.5	GB_GCA_022227015.1	Nitrospirota	Bacteria	medium	82.49880418368376	1.9999785993843453	82.49880418368376	1.9999785993843453	4392397	10	3711522	8	3711522	0.4		0	0	0	2	True	84.96144700079412	1.55760553545389	cocopye	2.462642817110364	-0.4423730639304553	2.462642817110364	0.4423730639304553	medium	medium
G_r028_uneven_coverage_5pct	28	20	uneven_coverage	0.05	5.0	lognormal_sigma1.0	GB_GCA_022227015.1	Nitrospirota	Bacteria	medium	82.49880418368376	1.9999785993843453	82.49880418368376	6.224915461876511	4392397	10	3711522	11	3897098	0.0499999730568753		185576	0	0	0	True	85.8506604873536	1.34799740909261	cocopye	3.351856303669834	-0.6519811902917354	3.351856303669834	0.6519811902917354	medium	medium
G_r028_uneven_coverage_10pct	28	21	uneven_coverage	0.1	10.0	lognormal_sigma1.0	GB_GCA_022227015.1	Nitrospirota	Bacteria	medium	82.49880418368376	1.9999785993843453	82.49880418368376	10.449852324368676	4392397	10	3711522	12	4082674	0.0999999461137506		371152	0	0	0	True	86.61387476537536	7.520142121940091	cocopye	4.115070581691597	5.5201635225557455	4.115070581691597	5.5201635225557455	medium	medium
G_r028_uneven_coverage_20pct	28	22	uneven_coverage	0.2	20.0	lognormal_sigma1.0	GB_GCA_022227015.1	Nitrospirota	Bacteria	medium	82.49880418368376	1.9999785993843453	82.49880418368376	18.899726049353006	4392397	10	3711522	14	4453826	0.1999998922275012		742304	0	0	0	True	85.83089962686984	15.516038781937567	cocopye	3.332095443186077	13.516060182553222	3.332095443186077	13.516060182553222	low	medium
G_r028_uneven_coverage_40pct	28	23	uneven_coverage	0.4	40.0	lognormal_sigma1.0	GB_GCA_022227015.1	Nitrospirota	Bacteria	medium	82.49880418368376	1.9999785993843453	82.49880418368376	35.79949626593407	4392397	10	3711522	16	5196131	0.4000000538862494		1484609	0	0	0	True	85.40268456375838	37.0246093545184	cocopye	2.903880380074625	35.024630755134055	2.903880380074625	35.024630755134055	low	medium
G_r029_none_control	29	0	none	0.0	0.0	control	RS_GCF_900142435.1	Aquificota	Bacteria	highly_fragmented	59.73312786337807	1.8359978390564955	59.73312786337807	1.8359978390564955	1367921	48	842217	48	842217	0.0		0	0	0	0	True	59.03723610194568	1.63487738419618	cocopye	-0.6958917614323923	-0.2011204548603156	0.6958917614323923	0.2011204548603156	medium	medium
G_r029_substitution_0p1pct	29	1	substitution	0.001	0.1	uniform	RS_GCF_900142435.1	Aquificota	Bacteria	highly_fragmented	59.73312786337807	1.8359978390564955	59.73312786337807	1.8359978390564955	1367921	48	842217	48	842217	0.0010223018533228	0.0089640838741259	0	861	0	0	True	59.03723610194568	2.5885558583106203	cocopye	-0.6958917614323923	0.7525580192541248	0.6958917614323923	0.7525580192541248	medium	medium
G_r029_substitution_0p5pct	29	2	substitution	0.005	0.5	uniform	RS_GCF_900142435.1	Aquificota	Bacteria	highly_fragmented	59.73312786337807	1.8359978390564955	59.73312786337807	1.8359978390564955	1367921	48	842217	48	842217	0.0051245700336136	0.0441104216424403	0	4316	0	0	True	56.93404661780372	5.48128342245989	cocopye	-2.7990812455743495	3.6452855834033944	2.7990812455743495	3.6452855834033944	medium	medium
G_r029_substitution_1pct	29	3	substitution	0.01	1.0	uniform	RS_GCF_900142435.1	Aquificota	Bacteria	highly_fragmented	59.73312786337807	1.8359978390564955	59.73312786337807	1.8359978390564955	1367921	48	842217	48	842217	0.009824071468517	0.0864827525163591	0	8274	0	0	True	59.03723610194568	6.1307901907356905	cocopye	-0.6958917614323923	4.294792351679195	0.6958917614323923	4.294792351679195	medium	medium
G_r029_substitution_2pct	29	4	substitution	0.02	2.0	uniform	RS_GCF_900142435.1	Aquificota	Bacteria	highly_fragmented	59.73312786337807	1.8359978390564955	59.73312786337807	1.8359978390564955	1367921	48	842217	48	842217	0.0200542140564723	0.1662522378698502	0	16890	0	0	True	56.43939228800984	13.63636363636363	cocopye	-3.293735575368231	11.800365797307133	3.293735575368231	11.800365797307133	low	medium
G_r029_substitution_5pct	29	5	substitution	0.05	5.0	uniform	RS_GCF_900142435.1	Aquificota	Bacteria	highly_fragmented	59.73312786337807	1.8359978390564955	59.73312786337807	1.8359978390564955	1367921	48	842217	48	842217	0.0504786771105308	0.3697505902753909	0	42514	0	0	True	54.55974842767296	24.371069182389927	cocopye	-5.173379435705115	22.53507134333343	5.173379435705115	22.53507134333343	low	medium
G_r029_substitution_titv_0p1pct	29	6	substitution_titv	0.001	0.1	titv_2	RS_GCF_900142435.1	Aquificota	Bacteria	highly_fragmented	59.73312786337807	1.8359978390564955	59.73312786337807	1.8359978390564955	1367921	48	842217	48	842217	0.0010128031136868	0.0089640838741259	0	853	0	0	True	59.03723610194568	1.63487738419618	cocopye	-0.6958917614323923	-0.2011204548603156	0.6958917614323923	0.2011204548603156	medium	medium
G_r029_substitution_titv_0p5pct	29	7	substitution_titv	0.005	0.5	titv_2	RS_GCF_900142435.1	Aquificota	Bacteria	highly_fragmented	59.73312786337807	1.8359978390564955	59.73312786337807	1.8359978390564955	1367921	48	842217	48	842217	0.0051221953487046	0.0441104216424403	0	4314	0	0	True	59.06623069937144	4.723127035830609	cocopye	-0.6668971640066346	2.887129196774114	0.6668971640066346	2.887129196774114	medium	medium
G_r029_substitution_titv_1pct	29	8	substitution_titv	0.01	1.0	titv_2	RS_GCF_900142435.1	Aquificota	Bacteria	highly_fragmented	59.73312786337807	1.8359978390564955	59.73312786337807	1.8359978390564955	1367921	48	842217	48	842217	0.0100282943706906	0.0864827525163591	0	8446	0	0	True	58.55916754663152	6.91056910569105	cocopye	-1.1739603167465518	5.074571266634555	1.1739603167465518	5.074571266634555	medium	medium
G_r029_substitution_titv_2pct	29	9	substitution_titv	0.02	2.0	titv_2	RS_GCF_900142435.1	Aquificota	Bacteria	highly_fragmented	59.73312786337807	1.8359978390564955	59.73312786337807	1.8359978390564955	1367921	48	842217	48	842217	0.0200470900017453	0.1662522378698502	0	16884	0	0	True	58.92025116951235	11.22311827956989	cocopye	-0.812876693865725	9.387120440513394	0.812876693865725	9.387120440513394	low	medium
G_r029_substitution_titv_5pct	29	10	substitution_titv	0.05	5.0	titv_2	RS_GCF_900142435.1	Aquificota	Bacteria	highly_fragmented	59.73312786337807	1.8359978390564955	59.73312786337807	1.8359978390564955	1367921	48	842217	48	842217	0.0499799932796417	0.3697505902753909	0	42094	0	0	True	55.76997723495752	16.08187134502924	cocopye	-3.96315062842055	14.245873505972742	3.96315062842055	14.245873505972742	low	medium
G_r029_indel_0p1pct	29	11	indel	0.001	0.1	ins0.5_geom0.75	RS_GCF_900142435.1	Aquificota	Bacteria	highly_fragmented	59.73312786337807	1.8359978390564955	59.73092922933986	1.8359978390564955	1367921	48	842217	48	842186	0.0009854942372333		0	0	830	0	True	56.84438040345822	12.752161383285298	cocopye	-2.8887474599198555	10.916163544228802	2.8887474599198555	10.916163544228802	low	medium
G_r029_indel_0p5pct	29	12	indel	0.005	0.5	ins0.5_geom0.75	RS_GCF_900142435.1	Aquificota	Bacteria	highly_fragmented	59.73312786337807	1.8359978390564955	59.72880151898029	1.8359978390564955	1367921	48	842217	48	842156	0.0050747016505247		0	0	4274	0	True	57.277776082356766	59.44444783528646	cocopye	-2.4553517810213066	57.608449996229965	2.4553517810213066	57.608449996229965	low	medium
G_r029_indel_1pct	29	13	indel	0.01	1.0	ins0.5_geom0.75	RS_GCF_900142435.1	Aquificota	Bacteria	highly_fragmented	59.73312786337807	1.8359978390564955	59.73695774202529	1.8359978390564955	1367921	48	842217	48	842271	0.0101648387529579		0	0	8561	0	True	57.340244431569786	97.05525926975388	cocopye	-2.3928834318082863	95.21926143069739	2.3928834318082863	95.21926143069739	low	medium
G_r029_indel_2pct	29	14	indel	0.02	2.0	ins0.5_geom0.75	RS_GCF_900142435.1	Aquificota	Bacteria	highly_fragmented	59.73312786337807	1.8359978390564955	59.72816320587242	1.8359978390564955	1367921	48	842217	48	842147	0.0200708368508353		0	0	16904	0	True	55.34787282022732	96.41744548286604	cocopye	-4.3852550431507495	94.58144764380955	4.3852550431507495	94.58144764380955	low	medium
G_r029_indel_5pct	29	15	indel	0.05	5.0	ins0.5_geom0.75	RS_GCF_900142435.1	Aquificota	Bacteria	highly_fragmented	59.73312786337807	1.8359978390564955	59.74972400418269	1.8359978390564955	1367921	48	842217	48	842451	0.0499503097182792		0	0	42069	0	True	40.16853932584269	31.17977528089887	cocopye	-19.564588537535386	29.343777441842374	19.564588537535386	29.343777441842374	low	medium
G_r029_chimera_5pct	29	16	chimera	0.05	5.0	rc0.5	RS_GCF_900142435.1	Aquificota	Bacteria	highly_fragmented	59.73312786337807	1.8359978390564955	59.73312786337807	1.8359978390564955	1367921	48	842217	47	842217	0.0416666666666666		0	0	0	1	True	59.03723610194568	1.63487738419618	cocopye	-0.6958917614323923	-0.2011204548603156	0.6958917614323923	0.2011204548603156	medium	medium
G_r029_chimera_10pct	29	17	chimera	0.1	10.0	rc0.5	RS_GCF_900142435.1	Aquificota	Bacteria	highly_fragmented	59.73312786337807	1.8359978390564955	59.73312786337807	1.8359978390564955	1367921	48	842217	45	842217	0.125		0	0	0	3	True	59.03723610194568	1.63487738419618	cocopye	-0.6958917614323923	-0.2011204548603156	0.6958917614323923	0.2011204548603156	medium	medium
G_r029_chimera_20pct	29	18	chimera	0.2	20.0	rc0.5	RS_GCF_900142435.1	Aquificota	Bacteria	highly_fragmented	59.73312786337807	1.8359978390564955	59.73312786337807	1.8359978390564955	1367921	48	842217	44	842217	0.1666666666666666		0	0	0	4	True	59.03723610194568	1.63487738419618	cocopye	-0.6958917614323923	-0.2011204548603156	0.6958917614323923	0.2011204548603156	medium	medium
G_r029_chimera_40pct	29	19	chimera	0.4	40.0	rc0.5	RS_GCF_900142435.1	Aquificota	Bacteria	highly_fragmented	59.73312786337807	1.8359978390564955	59.73312786337807	1.8359978390564955	1367921	48	842217	38	842217	0.4166666666666667		0	0	0	10	True	59.03723610194568	1.63487738419618	cocopye	-0.6958917614323923	-0.2011204548603156	0.6958917614323923	0.2011204548603156	medium	medium
G_r029_uneven_coverage_5pct	29	20	uneven_coverage	0.05	5.0	lognormal_sigma1.0	RS_GCF_900142435.1	Aquificota	Bacteria	highly_fragmented	59.73312786337807	1.8359978390564955	59.73312786337807	4.914465089723748	1367921	48	842217	51	884328	0.0500001781013681		42111	0	0	0	True	59.72670278241557	5.10752688172043	cocopye	-0.006425080962500829	3.2715290426639347	0.006425080962500829	3.2715290426639347	medium	medium
G_r029_uneven_coverage_10pct	29	21	uneven_coverage	0.1	10.0	lognormal_sigma1.0	RS_GCF_900142435.1	Aquificota	Bacteria	highly_fragmented	59.73312786337807	1.8359978390564955	59.73312786337807	7.992932340391002	1367921	48	842217	51	926439	0.1000003562027363		84222	0	0	0	True	59.03723610194568	7.765667574931879	cocopye	-0.6958917614323923	5.929669735875383	0.6958917614323923	5.929669735875383	medium	medium
G_r029_uneven_coverage_20pct	29	22	uneven_coverage	0.2	20.0	lognormal_sigma1.0	RS_GCF_900142435.1	Aquificota	Bacteria	highly_fragmented	59.73312786337807	1.8359978390564955	59.73312786337807	14.149793738088675	1367921	48	842217	60	1010660	0.1999995250630182		168443	0	0	0	True	59.44595544799473	14.30517711171662	cocopye	-0.2871724153833455	12.469179272660124	0.2871724153833455	12.469179272660124	low	medium
G_r029_uneven_coverage_40pct	29	23	uneven_coverage	0.4	40.0	lognormal_sigma1.0	RS_GCF_900142435.1	Aquificota	Bacteria	highly_fragmented	59.73312786337807	1.8359978390564955	59.73312786337807	26.46366274075769	1367921	48	842217	66	1179104	0.4000002374684909		336887	0	0	0	True	59.42265628989226	11.9281045751634	cocopye	-0.3104715734858132	10.092106736106905	0.3104715734858132	10.092106736106905	low	medium
G_r030_none_control	30	0	none	0.0	0.0	control	GB_GCA_963681965.1	Electryoneota	Bacteria	highly_fragmented	83.8885882643673	4.999991754747557	83.8885882643673	4.999991754747557	4244867	326	3773202	326	3773202	0.0		0	0	0	0	True	79.76132063086881	6.95641739308882	cocopye	-4.127267633498491	1.9564256383412628	4.127267633498491	1.9564256383412628	medium	medium
G_r030_substitution_0p1pct	30	1	substitution	0.001	0.1	uniform	GB_GCA_963681965.1	Electryoneota	Bacteria	highly_fragmented	83.8885882643673	4.999991754747557	83.8885882643673	4.999991754747557	4244867	326	3773202	326	3773202	0.0010153180243199	0.0089640838741259	0	3831	0	0	True	81.06233846199899	8.52928248358697	cocopye	-2.8262498023683094	3.5292907288394124	2.8262498023683094	3.5292907288394124	medium	medium
G_r030_substitution_0p5pct	30	2	substitution	0.005	0.5	uniform	GB_GCA_963681965.1	Electryoneota	Bacteria	highly_fragmented	83.8885882643673	4.999991754747557	83.8885882643673	4.999991754747557	4244867	326	3773202	326	3773202	0.0049909864353935	0.0441104216424403	0	18832	0	0	True	82.47250673152962	7.81727752698406	cocopye	-1.41608153283768	2.8172857722365023	1.41608153283768	2.8172857722365023	medium	medium
G_r030_substitution_1pct	30	3	substitution	0.01	1.0	uniform	GB_GCA_963681965.1	Electryoneota	Bacteria	highly_fragmented	83.8885882643673	4.999991754747557	83.8885882643673	4.999991754747557	4244867	326	3773202	326	3773202	0.0099416887831608	0.0864827525163591	0	37512	0	0	True	78.26460794569891	10.15646210410942	cocopye	-5.623980318668387	5.156470349361862	5.623980318668387	5.156470349361862	low	medium
G_r030_substitution_2pct	30	4	substitution	0.02	2.0	uniform	GB_GCA_963681965.1	Electryoneota	Bacteria	highly_fragmented	83.8885882643673	4.999991754747557	83.8885882643673	4.999991754747557	4244867	326	3773202	326	3773202	0.0198778120015838	0.1662522378698502	0	75003	0	0	True	80.5964641125988	11.82007938286346	cocopye	-3.2921241517685047	6.820087628115902	3.2921241517685047	6.820087628115902	low	medium
G_r030_substitution_5pct	30	5	substitution	0.05	5.0	uniform	GB_GCA_963681965.1	Electryoneota	Bacteria	highly_fragmented	83.8885882643673	4.999991754747557	83.8885882643673	4.999991754747557	4244867	326	3773202	326	3773202	0.0498687851856327	0.3697505902753909	0	188165	0	0	True	76.30927977098246	16.95775326523571	cocopye	-7.579308493384843	11.957761510488151	7.579308493384843	11.957761510488151	low	medium
G_r030_substitution_titv_0p1pct	30	6	substitution_titv	0.001	0.1	titv_2	GB_GCA_963681965.1	Electryoneota	Bacteria	highly_fragmented	83.8885882643673	4.999991754747557	83.8885882643673	4.999991754747557	4244867	326	3773202	326	3773202	0.0010137278629662	0.0089640838741259	0	3825	0	0	True	78.38720001956038	8.40856425591649	cocopye	-5.501388244806918	3.4085725011689325	5.501388244806918	3.4085725011689325	medium	medium
G_r030_substitution_titv_0p5pct	30	7	substitution_titv	0.005	0.5	titv_2	GB_GCA_963681965.1	Electryoneota	Bacteria	highly_fragmented	83.8885882643673	4.999991754747557	83.8885882643673	4.999991754747557	4244867	326	3773202	326	3773202	0.0049745547680723	0.0441104216424403	0	18770	0	0	True	78.68516848957807	9.790926136542687	cocopye	-5.203419774789225	4.79093438179513	5.203419774789225	4.79093438179513	medium	medium
G_r030_substitution_titv_1pct	30	8	substitution_titv	0.01	1.0	titv_2	GB_GCA_963681965.1	Electryoneota	Bacteria	highly_fragmented	83.8885882643673	4.999991754747557	83.8885882643673	4.999991754747557	4244867	326	3773202	326	3773202	0.0100143061516452	0.0864827525163591	0	37786	0	0	True	77.3541601572835	4.35309169797909	cocopye	-6.534428107083798	-0.6469000567684677	6.534428107083798	0.6469000567684677	medium	medium
G_r030_substitution_titv_2pct	30	9	substitution_titv	0.02	2.0	titv_2	GB_GCA_963681965.1	Electryoneota	Bacteria	highly_fragmented	83.8885882643673	4.999991754747557	83.8885882643673	4.999991754747557	4244867	326	3773202	326	3773202	0.0200707515791627	0.1662522378698502	0	75731	0	0	True	79.82642107209261	11.2206057731048	cocopye	-4.062167192274686	6.220614018357243	4.062167192274686	6.220614018357243	low	medium
G_r030_substitution_titv_5pct	30	10	substitution_titv	0.05	5.0	titv_2	GB_GCA_963681965.1	Electryoneota	Bacteria	highly_fragmented	83.8885882643673	4.999991754747557	83.8885882643673	4.999991754747557	4244867	326	3773202	326	3773202	0.0500906126944701	0.3697505902753909	0	189002	0	0	True	75.02770833664749	17.27556685572485	cocopye	-8.860879927719807	12.275575100977292	8.860879927719807	12.275575100977292	low	medium
G_r030_indel_0p1pct	30	11	indel	0.001	0.1	ins0.5_geom0.75	GB_GCA_963681965.1	Electryoneota	Bacteria	highly_fragmented	83.8885882643673	4.999991754747557	83.88776565328901	4.999991754747557	4244867	326	3773202	326	3773165	0.0009790093400777		0	0	3694	0	True	79.60242334717276	17.85818063312343	cocopye	-4.28616491719454	12.85818887837587	4.28616491719454	12.85818887837587	low	medium
G_r030_indel_0p5pct	30	12	indel	0.005	0.5	ins0.5_geom0.75	GB_GCA_963681965.1	Electryoneota	Bacteria	highly_fragmented	83.8885882643673	4.999991754747557	83.88767672236163	4.999991754747557	4244867	326	3773202	326	3773161	0.0050479672172335		0	0	19047	0	True	80.73170731707317	74.63414634146342	cocopye	-3.156880947294127	69.63415458671587	3.156880947294127	69.63415458671587	low	medium
G_r030_indel_1pct	30	13	indel	0.01	1.0	ins0.5_geom0.75	GB_GCA_963681965.1	Electryoneota	Bacteria	highly_fragmented	83.8885882643673	4.999991754747557	83.90077180141854	4.999991754747557	4244867	326	3773202	326	3773750	0.0100800328209303		0	0	38034	0	True	76.4423076923077	81.73076923076923	cocopye	-7.446280572059607	76.73077747602167	7.446280572059607	76.73077747602167	low	medium
G_r030_indel_2pct	30	14	indel	0.02	2.0	ins0.5_geom0.75	GB_GCA_963681965.1	Electryoneota	Bacteria	highly_fragmented	83.8885882643673	4.999991754747557	83.89894871740724	4.999991754747557	4244867	326	3773202	326	3773668	0.0199668610373894		0	0	75339	0	True	72.11538461538461	95.96153846153848	cocopye	-11.773203648982687	90.96154670679093	11.773203648982687	90.96154670679093	low	medium
G_r030_indel_5pct	30	15	indel	0.05	5.0	ins0.5_geom0.75	GB_GCA_963681965.1	Electryoneota	Bacteria	highly_fragmented	83.8885882643673	4.999991754747557	83.90090519780962	4.999991754747557	4244867	326	3773202	326	3773756	0.0501770114613529		0	0	189328	0	True	61.72529057641725	45.22613065326632	cocopye	-22.16329768795005	40.22613889851876	22.16329768795005	40.22613889851876	low	medium
G_r030_chimera_5pct	30	16	chimera	0.05	5.0	rc0.5	GB_GCA_963681965.1	Electryoneota	Bacteria	highly_fragmented	83.8885882643673	4.999991754747557	83.8885882643673	4.999991754747557	4244867	326	3773202	318	3773202	0.0490797546012269		0	0	0	8	True	79.76132063086881	6.95641739308882	cocopye	-4.127267633498491	1.9564256383412628	4.127267633498491	1.9564256383412628	medium	medium
G_r030_chimera_10pct	30	17	chimera	0.1	10.0	rc0.5	GB_GCA_963681965.1	Electryoneota	Bacteria	highly_fragmented	83.8885882643673	4.999991754747557	83.8885882643673	4.999991754747557	4244867	326	3773202	310	3773202	0.0981595092024539		0	0	0	16	True	79.76132063086881	6.95641739308882	cocopye	-4.127267633498491	1.9564256383412628	4.127267633498491	1.9564256383412628	medium	medium
G_r030_chimera_20pct	30	18	chimera	0.2	20.0	rc0.5	GB_GCA_963681965.1	Electryoneota	Bacteria	highly_fragmented	83.8885882643673	4.999991754747557	83.8885882643673	4.999991754747557	4244867	326	3773202	293	3773202	0.2024539877300613		0	0	0	33	True	79.76132063086881	6.95641739308882	cocopye	-4.127267633498491	1.9564256383412628	4.127267633498491	1.9564256383412628	medium	medium
G_r030_chimera_40pct	30	19	chimera	0.4	40.0	rc0.5	GB_GCA_963681965.1	Electryoneota	Bacteria	highly_fragmented	83.8885882643673	4.999991754747557	83.8885882643673	4.999991754747557	4244867	326	3773202	261	3773202	0.3987730061349693		0	0	0	65	True	79.75674949884848	7.0270916361540205	cocopye	-4.131838765518822	2.027099881406463	4.131838765518822	2.027099881406463	medium	medium
G_r030_uneven_coverage_5pct	30	20	uneven_coverage	0.05	5.0	lognormal_sigma1.0	GB_GCA_963681965.1	Electryoneota	Bacteria	highly_fragmented	83.8885882643673	4.999991754747557	83.8885882643673	9.444418399916888	4244867	326	3773202	348	3961862	0.0499999734973107		188660	0	0	0	True	80.2177764056347	7.677418676397201	cocopye	-3.6708118587326055	2.6774269216496434	3.6708118587326055	2.6774269216496434	medium	medium
G_r030_uneven_coverage_10pct	30	21	uneven_coverage	0.1	10.0	lognormal_sigma1.0	GB_GCA_963681965.1	Electryoneota	Bacteria	highly_fragmented	83.8885882643673	4.999991754747557	83.8885882643673	13.88884504508622	4244867	326	3773202	366	4150522	0.0999999469946215		377320	0	0	0	True	79.37975254442355	7.87381007261842	cocopye	-4.508835719943747	2.873818317870863	4.508835719943747	2.873818317870863	medium	medium
G_r030_uneven_coverage_20pct	30	22	uneven_coverage	0.2	20.0	lognormal_sigma1.0	GB_GCA_963681965.1	Electryoneota	Bacteria	highly_fragmented	83.8885882643673	4.999991754747557	83.8885882643673	22.77769833542488	4244867	326	3773202	400	4527842	0.1999998939892431		754640	0	0	0	True	81.38528138528139	61.90476190476191	cocopye	-2.503306879085912	56.90477015001436	2.503306879085912	56.90477015001436	low	medium
G_r030_uneven_coverage_40pct	30	23	uneven_coverage	0.4	40.0	lognormal_sigma1.0	GB_GCA_963681965.1	Electryoneota	Bacteria	highly_fragmented	83.8885882643673	4.999991754747557	83.8885882643673	40.55542847396632	4244867	326	3773202	461	5282483	0.4000000530053784		1509281	0	0	0	True	83.78995433789954	36.75799086757991	cocopye	-0.09863392646775537	31.757999112832355	0.09863392646775537	31.757999112832355	low	medium
G_r031_none_control	31	0	none	0.0	0.0	control	RS_GCF_009617975.1	Nanohalarchaeota	Archaea	low	83.01527638954947	9.050164207576456	83.01527638954947	9.050164207576456	973463	10	896223	10	896223	0.0		0	0	0	0	True	64.83642903671499	2.64586778259732	cocopye	-18.17884735283448	-6.404296424979137	18.17884735283448	6.404296424979137	medium	medium
G_r031_substitution_0p1pct	31	1	substitution	0.001	0.1	uniform	RS_GCF_009617975.1	Nanohalarchaeota	Archaea	low	83.01527638954947	9.050164207576456	83.01527638954947	9.050164207576456	973463	10	896223	10	896223	0.0010488461019188	0.0089640838741259	0	940	0	0	True	65.24554269175745	3.19405190091663	cocopye	-17.76973369779202	-5.856112306659826	17.76973369779202	5.856112306659826	medium	medium
G_r031_substitution_0p5pct	31	2	substitution	0.005	0.5	uniform	RS_GCF_009617975.1	Nanohalarchaeota	Archaea	low	83.01527638954947	9.050164207576456	83.01527638954947	9.050164207576456	973463	10	896223	10	896223	0.0049753242217617	0.0441104216424403	0	4459	0	0	True	64.54543980906557	3.3917411667868	cocopye	-18.4698365804839	-5.658423040789656	18.4698365804839	5.658423040789656	medium	medium
G_r031_substitution_1pct	31	3	substitution	0.01	1.0	uniform	RS_GCF_009617975.1	Nanohalarchaeota	Archaea	low	83.01527638954947	9.050164207576456	83.01527638954947	9.050164207576456	973463	10	896223	10	896223	0.0100175960670502	0.0864827525163591	0	8978	0	0	True	66.31443180282675	6.83083757606868	cocopye	-16.700844586722724	-2.2193266315077764	16.700844586722724	2.2193266315077764	medium	medium
G_r031_substitution_2pct	31	4	substitution	0.02	2.0	uniform	RS_GCF_009617975.1	Nanohalarchaeota	Archaea	low	83.01527638954947	9.050164207576456	83.01527638954947	9.050164207576456	973463	10	896223	10	896223	0.0200329605466496	0.1662522378698502	0	17954	0	0	True	68.16284738000951	12.33021002638149	cocopye	-14.85242900953996	3.280045818805034	14.85242900953996	3.280045818805034	low	medium
G_r031_substitution_5pct	31	5	substitution	0.05	5.0	uniform	RS_GCF_009617975.1	Nanohalarchaeota	Archaea	low	83.01527638954947	9.050164207576456	83.01527638954947	9.050164207576456	973463	10	896223	10	896223	0.0502386124881865	0.3697505902753909	0	45025	0	0	True	52.38095238095239	19.94047619047619	cocopye	-30.634324008597083	10.890311982899734	30.634324008597083	10.890311982899734	low	medium
G_r031_substitution_titv_0p1pct	31	6	substitution_titv	0.001	0.1	titv_2	RS_GCF_009617975.1	Nanohalarchaeota	Archaea	low	83.01527638954947	9.050164207576456	83.01527638954947	9.050164207576456	973463	10	896223	10	896223	0.0010109091152536	0.0089640838741259	0	906	0	0	True	64.71499071013996	2.37087652698771	cocopye	-18.300285679409512	-6.679287680588747	18.300285679409512	6.679287680588747	medium	medium
G_r031_substitution_titv_0p5pct	31	7	substitution_titv	0.005	0.5	titv_2	RS_GCF_009617975.1	Nanohalarchaeota	Archaea	low	83.01527638954947	9.050164207576456	83.01527638954947	9.050164207576456	973463	10	896223	10	896223	0.005000987477447	0.0441104216424403	0	4482	0	0	True	66.44807265033164	6.569170755927919	cocopye	-16.56720373921783	-2.480993451648537	16.56720373921783	2.480993451648537	medium	medium
G_r031_substitution_titv_1pct	31	8	substitution_titv	0.01	1.0	titv_2	RS_GCF_009617975.1	Nanohalarchaeota	Archaea	low	83.01527638954947	9.050164207576456	83.01527638954947	9.050164207576456	973463	10	896223	10	896223	0.0099551116184253	0.0864827525163591	0	8922	0	0	True	66.84946560236146	11.01245227859246	cocopye	-16.165810787188008	1.9622880710160047	16.165810787188008	1.9622880710160047	low	medium
G_r031_substitution_titv_2pct	31	9	substitution_titv	0.02	2.0	titv_2	RS_GCF_009617975.1	Nanohalarchaeota	Archaea	low	83.01527638954947	9.050164207576456	83.01527638954947	9.050164207576456	973463	10	896223	10	896223	0.0199068758556743	0.1662522378698502	0	17841	0	0	True	69.3074058432061	15.58387618636446	cocopye	-13.707870546343372	6.533711978788004	13.707870546343372	6.533711978788004	low	medium
G_r031_substitution_titv_5pct	31	10	substitution_titv	0.05	5.0	titv_2	RS_GCF_009617975.1	Nanohalarchaeota	Archaea	low	83.01527638954947	9.050164207576456	83.01527638954947	9.050164207576456	973463	10	896223	10	896223	0.0502196439948539	0.3697505902753909	0	45008	0	0	True	48.91304347826087	11.09601518382196	cocopye	-34.1022329112886	2.0458509762455037	34.1022329112886	2.0458509762455037	low	medium
G_r031_indel_0p1pct	31	11	indel	0.001	0.1	ins0.5_geom0.75	RS_GCF_009617975.1	Nanohalarchaeota	Archaea	low	83.01527638954947	9.050164207576456	83.01342383105926	9.050164207576456	973463	10	896223	10	896203	0.0010276460211353		0	0	921	0	True	70.87228497583793	16.346264477539428	cocopye	-12.142991413711542	7.296100269962972	12.142991413711542	7.296100269962972	low	medium
G_r031_indel_0p5pct	31	12	indel	0.005	0.5	ins0.5_geom0.75	RS_GCF_009617975.1	Nanohalarchaeota	Archaea	low	83.01527638954947	9.050164207576456	83.01296069143667	9.050164207576456	973463	10	896223	10	896198	0.0049675136656836		0	0	4452	0	True	57.30337078651685	34.97191011235955	cocopye	-25.71190560303262	25.921745904783094	25.71190560303262	25.921745904783094	low	medium
G_r031_indel_1pct	31	13	indel	0.01	1.0	ins0.5_geom0.75	RS_GCF_009617975.1	Nanohalarchaeota	Archaea	low	83.01527638954947	9.050164207576456	83.0218529721898	9.050164207576456	973463	10	896223	10	896294	0.0098825850262713		0	0	8857	0	True	56.47058823529412	51.617647058823536	cocopye	-26.544688154255347	42.56748285124708	26.544688154255347	42.56748285124708	low	medium
G_r031_indel_2pct	31	14	indel	0.02	2.0	ins0.5_geom0.75	RS_GCF_009617975.1	Nanohalarchaeota	Archaea	low	83.01527638954947	9.050164207576456	83.04491732539319	9.050164207576456	973463	10	896223	10	896543	0.0199827498290046		0	0	17909	0	True	51.58227848101266	63.29113924050633	cocopye	-31.432997908536812	54.240975032929875	31.432997908536812	54.240975032929875	low	medium
G_r031_indel_5pct	31	15	indel	0.05	5.0	ins0.5_geom0.75	RS_GCF_009617975.1	Nanohalarchaeota	Archaea	low	83.01527638954947	9.050164207576456	83.0674259110495	9.050164207576456	973463	10	896223	10	896786	0.0505064029822934		0	0	45265	0	True	33.0	17.0	cocopye	-50.01527638954947	7.949835792423544	50.01527638954947	7.949835792423544	low	medium
G_r031_chimera_5pct	31	16	chimera	0.05	5.0	rc0.5	RS_GCF_009617975.1	Nanohalarchaeota	Archaea	low	83.01527638954947	9.050164207576456	83.01527638954947	9.050164207576456	973463	10	896223	10	896223	0.0		0	0	0	0	True	64.83642903671499	2.64586778259732	cocopye	-18.17884735283448	-6.404296424979137	18.17884735283448	6.404296424979137	medium	medium
G_r031_chimera_10pct	31	17	chimera	0.1	10.0	rc0.5	RS_GCF_009617975.1	Nanohalarchaeota	Archaea	low	83.01527638954947	9.050164207576456	83.01527638954947	9.050164207576456	973463	10	896223	10	896223	0.0		0	0	0	0	True	64.83642903671499	2.64586778259732	cocopye	-18.17884735283448	-6.404296424979137	18.17884735283448	6.404296424979137	medium	medium
G_r031_chimera_20pct	31	18	chimera	0.2	20.0	rc0.5	RS_GCF_009617975.1	Nanohalarchaeota	Archaea	low	83.01527638954947	9.050164207576456	83.01527638954947	9.050164207576456	973463	10	896223	9	896223	0.2		0	0	0	1	True	64.83642903671499	2.64586778259732	cocopye	-18.17884735283448	-6.404296424979137	18.17884735283448	6.404296424979137	medium	medium
G_r031_chimera_40pct	31	19	chimera	0.4	40.0	rc0.5	RS_GCF_009617975.1	Nanohalarchaeota	Archaea	low	83.01527638954947	9.050164207576456	83.01527638954947	9.050164207576456	973463	10	896223	8	896223	0.4		0	0	0	2	True	64.83642903671499	2.64586778259732	cocopye	-18.17884735283448	-6.404296424979137	18.17884735283448	6.404296424979137	medium	medium
G_r031_uneven_coverage_5pct	31	20	uneven_coverage	0.05	5.0	lognormal_sigma1.0	RS_GCF_009617975.1	Nanohalarchaeota	Archaea	low	83.01527638954947	9.050164207576456	83.01527638954947	13.653420828526611	973463	10	896223	11	941034	0.0499998326309411		44811	0	0	0	True	66.82697420353111	7.76468488367224	cocopye	-16.188302186018362	-1.285479323904216	16.188302186018362	1.285479323904216	medium	medium
G_r031_uneven_coverage_10pct	31	21	uneven_coverage	0.1	10.0	lognormal_sigma1.0	RS_GCF_009617975.1	Nanohalarchaeota	Archaea	low	83.01527638954947	9.050164207576456	83.01527638954947	18.256677449476765	973463	10	896223	12	985845	0.0999996652618823		89622	0	0	0	True	66.54161226649227	7.1726681973744295	cocopye	-16.473664123057205	-1.8774960102020266	16.473664123057205	1.8774960102020266	medium	medium
G_r031_uneven_coverage_20pct	31	22	uneven_coverage	0.2	20.0	lognormal_sigma1.0	RS_GCF_009617975.1	Nanohalarchaeota	Archaea	low	83.01527638954947	9.050164207576456	83.01527638954947	27.463293417418026	973463	10	896223	12	1075468	0.2000004463174901		179245	0	0	0	True	67.96892653331416	11.04383465005566	cocopye	-15.04634985623531	1.9936704424792033	15.04634985623531	1.9936704424792033	low	medium
G_r031_uneven_coverage_40pct	31	23	uneven_coverage	0.4	40.0	lognormal_sigma1.0	RS_GCF_009617975.1	Nanohalarchaeota	Archaea	low	83.01527638954947	9.050164207576456	83.01527638954947	45.87631990121864	973463	10	896223	16	1254712	0.3999997768412549		358489	0	0	0	True	75.35446061689373	19.18181673808651	cocopye	-7.660815772655738	10.131652530510054	7.660815772655738	10.131652530510054	low	medium
G_r032_none_control	32	0	none	0.0	0.0	control	RS_GCF_000695975.1	Nitrospirota_A	Bacteria	medium	86.24392588127016	4.999989273079506	86.24392588127016	4.999989273079506	2330585	8	2126517	8	2126517	0.0		0	0	0	0	True	83.8958381044328	3.74003552512009	cocopye	-2.3480877768373603	-1.259953747959416	2.3480877768373603	1.259953747959416	medium	medium
G_r032_substitution_0p1pct	32	1	substitution	0.001	0.1	uniform	RS_GCF_000695975.1	Nitrospirota_A	Bacteria	medium	86.24392588127016	4.999989273079506	86.24392588127016	4.999989273079506	2330585	8	2126517	8	2126517	0.0010115131926996	0.0089640838741259	0	2151	0	0	True	84.49474075312779	7.073806856465819	cocopye	-1.749185128142372	2.0738175833863135	1.749185128142372	2.0738175833863135	medium	medium
G_r032_substitution_0p5pct	32	2	substitution	0.005	0.5	uniform	RS_GCF_000695975.1	Nitrospirota_A	Bacteria	medium	86.24392588127016	4.999989273079506	86.24392588127016	4.999989273079506	2330585	8	2126517	8	2126517	0.0050552147008465	0.0441104216424403	0	10750	0	0	True	83.03426507304823	12.74523045280988	cocopye	-3.2096608082219262	7.745241179730374	3.2096608082219262	7.745241179730374	low	medium
G_r032_substitution_1pct	32	3	substitution	0.01	1.0	uniform	RS_GCF_000695975.1	Nitrospirota_A	Bacteria	medium	86.24392588127016	4.999989273079506	86.24392588127016	4.999989273079506	2330585	8	2126517	8	2126517	0.0100187301582822	0.0864827525163591	0	21305	0	0	True	84.27236253678238	12.14777945080328	cocopye	-1.9715633444877767	7.147790177723775	1.9715633444877767	7.147790177723775	low	medium
G_r032_substitution_2pct	32	4	substitution	0.02	2.0	uniform	RS_GCF_000695975.1	Nitrospirota_A	Bacteria	medium	86.24392588127016	4.999989273079506	86.24392588127016	4.999989273079506	2330585	8	2126517	8	2126517	0.0200525083975345	0.1662522378698502	0	42642	0	0	True	84.29682216906468	19.61227459438181	cocopye	-1.9471037122054753	14.612285321302302	1.9471037122054753	14.612285321302302	low	medium
G_r032_substitution_5pct	32	5	substitution	0.05	5.0	uniform	RS_GCF_000695975.1	Nitrospirota_A	Bacteria	medium	86.24392588127016	4.999989273079506	86.24392588127016	4.999989273079506	2330585	8	2126517	8	2126517	0.0499624503354546	0.3697505902753909	0	106246	0	0	True	81.43939038256666	37.004662893868826	cocopye	-4.804535498703501	32.00467362078932	4.804535498703501	32.00467362078932	low	medium
G_r032_substitution_titv_0p1pct	32	6	substitution_titv	0.001	0.1	titv_2	RS_GCF_000695975.1	Nitrospirota_A	Bacteria	medium	86.24392588127016	4.999989273079506	86.24392588127016	4.999989273079506	2330585	8	2126517	8	2126517	0.0009809467782293	0.0089640838741259	0	2086	0	0	True	84.03280815707484	4.1300225730550295	cocopye	-2.2111177241953186	-0.8699667000244764	2.2111177241953186	0.8699667000244764	medium	medium
G_r032_substitution_titv_0p5pct	32	7	substitution_titv	0.005	0.5	titv_2	RS_GCF_000695975.1	Nitrospirota_A	Bacteria	medium	86.24392588127016	4.999989273079506	86.24392588127016	4.999989273079506	2330585	8	2126517	8	2126517	0.0050613279837405	0.0441104216424403	0	10763	0	0	True	85.01001915787742	9.43603241937241	cocopye	-1.2339067233927352	4.436043146292904	1.2339067233927352	4.436043146292904	medium	medium
G_r032_substitution_titv_1pct	32	8	substitution_titv	0.01	1.0	titv_2	RS_GCF_000695975.1	Nitrospirota_A	Bacteria	medium	86.24392588127016	4.999989273079506	86.24392588127016	4.999989273079506	2330585	8	2126517	8	2126517	0.0101080781390414	0.0864827525163591	0	21495	0	0	True	84.82824412121361	14.000866540876588	cocopye	-1.4156817600565432	9.000877267797083	1.4156817600565432	9.000877267797083	low	medium
G_r032_substitution_titv_2pct	32	9	substitution_titv	0.02	2.0	titv_2	RS_GCF_000695975.1	Nitrospirota_A	Bacteria	medium	86.24392588127016	4.999989273079506	86.24392588127016	4.999989273079506	2330585	8	2126517	8	2126517	0.0200981228929747	0.1662522378698502	0	42739	0	0	True	81.36233532066579	19.21666821803241	cocopye	-4.881590560604366	14.216678944952903	4.881590560604366	14.216678944952903	low	medium
G_r032_substitution_titv_5pct	32	10	substitution_titv	0.05	5.0	titv_2	RS_GCF_000695975.1	Nitrospirota_A	Bacteria	medium	86.24392588127016	4.999989273079506	86.24392588127016	4.999989273079506	2330585	8	2126517	8	2126517	0.0500132376087282	0.3697505902753909	0	106354	0	0	True	81.99890735102635	36.00217781814874	cocopye	-4.2450185302438115	31.00218854506923	4.2450185302438115	31.00218854506923	low	medium
G_r032_indel_0p1pct	32	11	indel	0.001	0.1	ins0.5_geom0.75	RS_GCF_000695975.1	Nitrospirota_A	Bacteria	medium	86.24392588127016	4.999989273079506	86.24493979187939	4.999989273079506	2330585	8	2126517	8	2126542	0.0009974056167902		0	0	2121	0	True	79.01444692830229	22.54622695669727	cocopye	-7.229478952967867	17.546237683617765	7.229478952967867	17.546237683617765	low	medium
G_r032_indel_0p5pct	32	12	indel	0.005	0.5	ins0.5_geom0.75	RS_GCF_000695975.1	Nitrospirota_A	Bacteria	medium	86.24392588127016	4.999989273079506	86.24080303659369	4.999989273079506	2330585	8	2126517	8	2126440	0.0050067786902244		0	0	10647	0	True	83.17901234567901	101.954726230951	cocopye	-3.0649135355911454	96.95473695787149	3.0649135355911454	96.95473695787149	low	medium
G_r032_indel_1pct	32	13	indel	0.01	1.0	ins0.5_geom0.75	RS_GCF_000695975.1	Nitrospirota_A	Bacteria	medium	86.24392588127016	4.999989273079506	86.25556557506424	4.999989273079506	2330585	8	2126517	8	2126804	0.0100102656127366		0	0	21287	0	True	86.44366197183099	144.83568433304907	cocopye	0.1997360905608332	139.83569505996957	0.1997360905608332	139.83569505996957	low	medium
G_r032_indel_2pct	32	14	indel	0.02	2.0	ins0.5_geom0.75	RS_GCF_000695975.1	Nitrospirota_A	Bacteria	medium	86.24392588127016	4.999989273079506	86.27925052689612	4.999989273079506	2330585	8	2126517	8	2127388	0.0199796192553363		0	0	42487	0	True	82.87671232876713	159.5890410958904	cocopye	-3.3672135525030313	154.5890518228109	3.3672135525030313	154.5890518228109	low	medium
G_r032_indel_5pct	32	15	indel	0.05	5.0	ins0.5_geom0.75	RS_GCF_000695975.1	Nitrospirota_A	Bacteria	medium	86.24392588127016	4.999989273079506	86.26359574708944	4.999989273079506	2330585	8	2126517	8	2127002	0.0500818944781537		0	0	106500	0	True	69.62718963623047	93.5032894736842	cocopye	-16.61673624503969	88.5033002006047	16.61673624503969	88.5033002006047	low	medium
G_r032_chimera_5pct	32	16	chimera	0.05	5.0	rc0.5	RS_GCF_000695975.1	Nitrospirota_A	Bacteria	medium	86.24392588127016	4.999989273079506	86.24392588127016	4.999989273079506	2330585	8	2126517	7	2126517	0.25		0	0	0	1	True	83.8958381044328	3.74003552512009	cocopye	-2.3480877768373603	-1.259953747959416	2.3480877768373603	1.259953747959416	medium	medium
G_r032_chimera_10pct	32	17	chimera	0.1	10.0	rc0.5	RS_GCF_000695975.1	Nitrospirota_A	Bacteria	medium	86.24392588127016	4.999989273079506	86.24392588127016	4.999989273079506	2330585	8	2126517	7	2126517	0.25		0	0	0	1	True	83.8958381044328	3.74003552512009	cocopye	-2.3480877768373603	-1.259953747959416	2.3480877768373603	1.259953747959416	medium	medium
G_r032_chimera_20pct	32	18	chimera	0.2	20.0	rc0.5	RS_GCF_000695975.1	Nitrospirota_A	Bacteria	medium	86.24392588127016	4.999989273079506	86.24392588127016	4.999989273079506	2330585	8	2126517	7	2126517	0.25		0	0	0	1	True	83.8958381044328	3.74003552512009	cocopye	-2.3480877768373603	-1.259953747959416	2.3480877768373603	1.259953747959416	medium	medium
G_r032_chimera_40pct	32	19	chimera	0.4	40.0	rc0.5	RS_GCF_000695975.1	Nitrospirota_A	Bacteria	medium	86.24392588127016	4.999989273079506	86.24392588127016	4.999989273079506	2330585	8	2126517	6	2126517	0.5		0	0	0	2	True	83.8958381044328	3.74003552512009	cocopye	-2.3480877768373603	-1.259953747959416	2.3480877768373603	1.259953747959416	medium	medium
G_r032_uneven_coverage_5pct	32	20	uneven_coverage	0.05	5.0	lognormal_sigma1.0	RS_GCF_000695975.1	Nitrospirota_A	Bacteria	medium	86.24392588127016	4.999989273079506	86.24392588127016	9.562191466949283	2330585	8	2126517	9	2232843	0.0500000705378795		106326	0	0	0	True	84.43045211437233	3.33025658921998	cocopye	-1.813473766897829	-1.6697326838595261	1.813473766897829	1.6697326838595261	medium	medium
G_r032_uneven_coverage_10pct	32	21	uneven_coverage	0.1	10.0	lognormal_sigma1.0	RS_GCF_000695975.1	Nitrospirota_A	Bacteria	medium	86.24392588127016	4.999989273079506	86.24392588127016	14.124393660819065	2330585	8	2126517	9	2339169	0.1000001410757591		212652	0	0	0	True	82.71161182034976	3.68352328614052	cocopye	-3.532314060920399	-1.316465986938986	3.532314060920399	1.316465986938986	medium	medium
G_r032_uneven_coverage_20pct	32	22	uneven_coverage	0.2	20.0	lognormal_sigma1.0	RS_GCF_000695975.1	Nitrospirota_A	Bacteria	medium	86.24392588127016	4.999989273079506	86.24392588127016	23.248755140876646	2330585	8	2126517	11	2551820	0.1999998118989878		425303	0	0	0	True	86.81455382369248	5.70799363956363	cocopye	0.5706279424223197	0.7080043664841238	0.5706279424223197	0.7080043664841238	medium	medium
G_r032_uneven_coverage_40pct	32	23	uneven_coverage	0.4	40.0	lognormal_sigma1.0	RS_GCF_000695975.1	Nitrospirota_A	Bacteria	medium	86.24392588127016	4.999989273079506	86.24392588127016	41.497563916355766	2330585	8	2126517	12	2977124	0.400000094050506		850607	0	0	0	True	85.60606060606061	61.05499267578125	cocopye	-0.637865275209549	56.05500340270174	0.637865275209549	56.05500340270174	low	medium
G_r033_none_control	33	0	none	0.0	0.0	control	RS_GCF_000212395.1	Thermodesulfobiota	Bacteria	highly_fragmented	61.99961555982126	9.999973668480909	61.99961555982126	9.999973668480909	1898865	31	1367175	31	1367175	0.0		0	0	0	0	True	57.61648745519713	4.3010752688172	cocopye	-4.383128104624127	-5.698898399663709	4.383128104624127	5.698898399663709	medium	medium
G_r033_substitution_0p1pct	33	1	substitution	0.001	0.1	uniform	RS_GCF_000212395.1	Thermodesulfobiota	Bacteria	highly_fragmented	61.99961555982126	9.999973668480909	61.99961555982126	9.999973668480909	1898865	31	1367175	31	1367175	0.001034249455995	0.0089640838741259	0	1414	0	0	True	57.437275985663085	5.3763440860215	cocopye	-4.562339574158173	-4.623629582459409	4.562339574158173	4.623629582459409	medium	medium
G_r033_substitution_0p5pct	33	2	substitution	0.005	0.5	uniform	RS_GCF_000212395.1	Thermodesulfobiota	Bacteria	highly_fragmented	61.99961555982126	9.999973668480909	61.99961555982126	9.999973668480909	1898865	31	1367175	31	1367175	0.0049086620220527	0.0441104216424403	0	6711	0	0	True	57.35119410923549	6.25	cocopye	-4.648421450585765	-3.7499736684809086	4.648421450585765	3.7499736684809086	medium	medium
G_r033_substitution_1pct	33	3	substitution	0.01	1.0	uniform	RS_GCF_000212395.1	Thermodesulfobiota	Bacteria	highly_fragmented	61.99961555982126	9.999973668480909	61.99961555982126	9.999973668480909	1898865	31	1367175	31	1367175	0.0099489823906961	0.0864827525163591	0	13602	0	0	True	57.02247191011236	11.61048689138576	cocopye	-4.9771436497089	1.610513222904851	4.9771436497089	1.610513222904851	low	medium
G_r033_substitution_2pct	33	4	substitution	0.02	2.0	uniform	RS_GCF_000212395.1	Thermodesulfobiota	Bacteria	highly_fragmented	61.99961555982126	9.999973668480909	61.99961555982126	9.999973668480909	1898865	31	1367175	31	1367175	0.019854078665862	0.1662522378698502	0	27144	0	0	True	56.67270162831181	22.826086956521728	cocopye	-5.326913931509445	12.826113288040819	5.326913931509445	12.826113288040819	low	medium
G_r033_substitution_5pct	33	5	substitution	0.05	5.0	uniform	RS_GCF_000212395.1	Thermodesulfobiota	Bacteria	highly_fragmented	61.99961555982126	9.999973668480909	61.99961555982126	9.999973668480909	1898865	31	1367175	31	1367175	0.0500338288807211	0.3697505902753909	0	68405	0	0	True	51.44356554887426	36.81102362204724	cocopye	-10.556050010946997	26.81104995356633	10.556050010946997	26.81104995356633	low	medium
G_r033_substitution_titv_0p1pct	33	6	substitution_titv	0.001	0.1	titv_2	RS_GCF_000212395.1	Thermodesulfobiota	Bacteria	highly_fragmented	61.99961555982126	9.999973668480909	61.99961555982126	9.999973668480909	1898865	31	1367175	31	1367175	0.001007186351418	0.0089640838741259	0	1377	0	0	True	56.8645120524674	5.75539568345323	cocopye	-5.135103507353861	-4.244577985027679	5.135103507353861	4.244577985027679	medium	medium
G_r033_substitution_titv_0p5pct	33	7	substitution_titv	0.005	0.5	titv_2	RS_GCF_000212395.1	Thermodesulfobiota	Bacteria	highly_fragmented	61.99961555982126	9.999973668480909	61.99961555982126	9.999973668480909	1898865	31	1367175	31	1367175	0.0050476347212317	0.0441104216424403	0	6901	0	0	True	57.95188151614767	9.15492957746478	cocopye	-4.047734043673586	-0.8450440910161294	4.047734043673586	0.8450440910161294	medium	medium
G_r033_substitution_titv_1pct	33	8	substitution_titv	0.01	1.0	titv_2	RS_GCF_000212395.1	Thermodesulfobiota	Bacteria	highly_fragmented	61.99961555982126	9.999973668480909	61.99961555982126	9.999973668480909	1898865	31	1367175	31	1367175	0.0099255764624133	0.0864827525163591	0	13570	0	0	True	57.280701754385966	11.05263157894736	cocopye	-4.718913805435292	1.0526579104664506	4.718913805435292	1.0526579104664506	low	medium
G_r033_substitution_titv_2pct	33	9	substitution_titv	0.02	2.0	titv_2	RS_GCF_000212395.1	Thermodesulfobiota	Bacteria	highly_fragmented	61.99961555982126	9.999973668480909	61.99961555982126	9.999973668480909	1898865	31	1367175	31	1367175	0.0199784226598643	0.1662522378698502	0	27314	0	0	True	57.92963892530818	15.7439446366782	cocopye	-4.0699766345130755	5.743970968197292	4.0699766345130755	5.743970968197292	low	medium
G_r033_substitution_titv_5pct	33	10	substitution_titv	0.05	5.0	titv_2	RS_GCF_000212395.1	Thermodesulfobiota	Bacteria	highly_fragmented	61.99961555982126	9.999973668480909	61.99961555982126	9.999973668480909	1898865	31	1367175	31	1367175	0.0502517965878545	0.3697505902753909	0	68703	0	0	True	54.06060236150568	25.09090909090909	cocopye	-7.939013198315578	15.090935422428181	7.939013198315578	15.090935422428181	low	medium
G_r033_indel_0p1pct	33	11	indel	0.001	0.1	ins0.5_geom0.75	RS_GCF_000212395.1	Thermodesulfobiota	Bacteria	highly_fragmented	61.99961555982126	9.999973668480909	62.00269927175139	9.999973668480909	1898865	31	1367175	31	1367243	0.001002797739865		0	0	1371	0	True	58.68736715877757	22.549019607843128	cocopye	-3.3122484010436892	12.54904593936222	3.3122484010436892	12.54904593936222	low	medium
G_r033_indel_0p5pct	33	12	indel	0.005	0.5	ins0.5_geom0.75	RS_GCF_000212395.1	Thermodesulfobiota	Bacteria	highly_fragmented	61.99961555982126	9.999973668480909	61.999570211116406	9.999973668480909	1898865	31	1367175	31	1367174	0.0049825369831952		0	0	6812	0	True	59.1299057006836	75.94975303201115	cocopye	-2.8697098591376573	65.94977936353024	2.8697098591376573	65.94977936353024	low	medium
G_r033_indel_1pct	33	13	indel	0.01	1.0	ins0.5_geom0.75	RS_GCF_000212395.1	Thermodesulfobiota	Bacteria	highly_fragmented	61.99961555982126	9.999973668480909	62.00496670699412	9.999973668480909	1898865	31	1367175	31	1367293	0.01003456031598		0	0	13719	0	True	53.76344086021505	110.51374319206428	cocopye	-8.23617469960621	100.51376952358338	8.23617469960621	100.51376952358338	low	medium
G_r033_indel_2pct	33	14	indel	0.02	2.0	ins0.5_geom0.75	RS_GCF_000212395.1	Thermodesulfobiota	Bacteria	highly_fragmented	61.99961555982126	9.999973668480909	62.00995506452815	9.999973668480909	1898865	31	1367175	31	1367403	0.0200588805383363		0	0	27424	0	True	50.40816326530613	113.6734693877551	cocopye	-11.591452294515129	103.6734957192742	11.591452294515129	103.6734957192742	low	medium
G_r033_indel_5pct	33	15	indel	0.05	5.0	ins0.5_geom0.75	RS_GCF_000212395.1	Thermodesulfobiota	Bacteria	highly_fragmented	61.99961555982126	9.999973668480909	61.99630510436687	9.999973668480909	1898865	31	1367175	31	1367102	0.049703220143727		0	0	67953	0	True	42.85714285714285	59.9624060150376	cocopye	-19.14247270267841	49.962432346556696	19.14247270267841	49.962432346556696	low	medium
G_r033_chimera_5pct	33	16	chimera	0.05	5.0	rc0.5	RS_GCF_000212395.1	Thermodesulfobiota	Bacteria	highly_fragmented	61.99961555982126	9.999973668480909	61.99961555982126	9.999973668480909	1898865	31	1367175	31	1367175	0.0		0	0	0	0	True	57.61648745519713	4.3010752688172	cocopye	-4.383128104624127	-5.698898399663709	4.383128104624127	5.698898399663709	medium	medium
G_r033_chimera_10pct	33	17	chimera	0.1	10.0	rc0.5	RS_GCF_000212395.1	Thermodesulfobiota	Bacteria	highly_fragmented	61.99961555982126	9.999973668480909	61.99961555982126	9.999973668480909	1898865	31	1367175	30	1367175	0.064516129032258		0	0	0	1	True	57.61648745519713	4.3010752688172	cocopye	-4.383128104624127	-5.698898399663709	4.383128104624127	5.698898399663709	medium	medium
G_r033_chimera_20pct	33	18	chimera	0.2	20.0	rc0.5	RS_GCF_000212395.1	Thermodesulfobiota	Bacteria	highly_fragmented	61.99961555982126	9.999973668480909	61.99961555982126	9.999973668480909	1898865	31	1367175	28	1367175	0.1935483870967742		0	0	0	3	True	57.61648745519713	4.3010752688172	cocopye	-4.383128104624127	-5.698898399663709	4.383128104624127	5.698898399663709	medium	medium
G_r033_chimera_40pct	33	19	chimera	0.4	40.0	rc0.5	RS_GCF_000212395.1	Thermodesulfobiota	Bacteria	highly_fragmented	61.99961555982126	9.999973668480909	61.99961555982126	9.999973668480909	1898865	31	1367175	25	1367175	0.3870967741935484		0	0	0	6	True	57.61648745519713	4.3010752688172	cocopye	-4.383128104624127	-5.698898399663709	4.383128104624127	5.698898399663709	medium	medium
G_r033_uneven_coverage_5pct	33	20	uneven_coverage	0.05	5.0	lognormal_sigma1.0	RS_GCF_000212395.1	Thermodesulfobiota	Bacteria	highly_fragmented	61.99961555982126	9.999973668480909	61.99961555982126	13.599966295655562	1898865	31	1367175	33	1435534	0.0500001828588147		68359	0	0	0	True	58.87681159420289	7.608695652173909	cocopye	-3.122803965618367	-2.391278016307	3.122803965618367	2.391278016307	medium	medium
G_r033_uneven_coverage_10pct	33	21	uneven_coverage	0.1	10.0	lognormal_sigma1.0	RS_GCF_000212395.1	Thermodesulfobiota	Bacteria	highly_fragmented	61.99961555982126	9.999973668480909	61.99961555982126	17.199958922830216	1898865	31	1367175	33	1503893	0.1000003657176294		136718	0	0	0	True	55.94827586206896	8.10344827586206	cocopye	-6.051339697752297	-1.8965253926188481	6.051339697752297	1.8965253926188481	medium	medium
G_r033_uneven_coverage_20pct	33	22	uneven_coverage	0.2	20.0	lognormal_sigma1.0	RS_GCF_000212395.1	Thermodesulfobiota	Bacteria	highly_fragmented	61.99961555982126	9.999973668480909	61.99961555982126	24.39989151414134	1898865	31	1367175	40	1640610	0.2		273435	0	0	0	True	56.66152577341339	16.97530864197531	cocopye	-5.3380897864078705	6.975334973494402	5.3380897864078705	6.975334973494402	low	medium
G_r033_uneven_coverage_40pct	33	23	uneven_coverage	0.4	40.0	lognormal_sigma1.0	RS_GCF_000212395.1	Thermodesulfobiota	Bacteria	highly_fragmented	61.99961555982126	9.999973668480909	61.99961555982126	38.79980935980178	1898865	31	1367175	48	1914045	0.4		546870	0	0	0	True	59.36898027541321	18.20809248554913	cocopye	-2.6306352844080507	8.208118817068222	2.6306352844080507	8.208118817068222	low	medium
G_r034_none_control	34	0	none	0.0	0.0	control	GB_GCA_963674695.1	UBA10199	Bacteria	high	84.76789082209743	0.0	84.76789082209743	0.0	3033874	1	2571751	1	2571751	0.0		0	0	0	0	True	88.9804279847475	6.950099779213261	cocopye	4.212537162650065	6.950099779213261	4.212537162650065	6.950099779213261	medium	medium
G_r034_substitution_0p1pct	34	1	substitution	0.001	0.1	uniform	GB_GCA_963674695.1	UBA10199	Bacteria	high	84.76789082209743	0.0	84.76789082209743	0.0	3033874	1	2571751	1	2571751	0.0009880427770806	0.0089640838741259	0	2541	0	0	True	86.33722857831974	6.48640474505246	cocopye	1.5693377562223105	6.48640474505246	1.5693377562223105	6.48640474505246	medium	medium
G_r034_substitution_0p5pct	34	2	substitution	0.005	0.5	uniform	GB_GCA_963674695.1	UBA10199	Bacteria	high	84.76789082209743	0.0	84.76789082209743	0.0	3033874	1	2571751	1	2571751	0.0049433246064646	0.0441104216424403	0	12713	0	0	True	90.92125211680144	10.92455516289206	cocopye	6.153361294704013	10.92455516289206	6.153361294704013	10.92455516289206	low	medium
G_r034_substitution_1pct	34	3	substitution	0.01	1.0	uniform	GB_GCA_963674695.1	UBA10199	Bacteria	high	84.76789082209743	0.0	84.76789082209743	0.0	3033874	1	2571751	1	2571751	0.0100110780553793	0.0864827525163591	0	25746	0	0	True	88.52171693457117	11.7298032736416	cocopye	3.753826112473746	11.7298032736416	3.753826112473746	11.7298032736416	low	medium
G_r034_substitution_2pct	34	4	substitution	0.02	2.0	uniform	GB_GCA_963674695.1	UBA10199	Bacteria	high	84.76789082209743	0.0	84.76789082209743	0.0	3033874	1	2571751	1	2571751	0.0201228657051168	0.1662522378698502	0	51751	0	0	True	87.47959892150612	14.8902905013363	cocopye	2.711708099408696	14.8902905013363	2.711708099408696	14.8902905013363	low	medium
G_r034_substitution_5pct	34	5	substitution	0.05	5.0	uniform	GB_GCA_963674695.1	UBA10199	Bacteria	high	84.76789082209743	0.0	84.76789082209743	0.0	3033874	1	2571751	1	2571751	0.0500585009979582	0.3697505902753909	0	128738	0	0	True	90.1840490797546	30.981595092024538	cocopye	5.416158257657173	30.981595092024538	5.416158257657173	30.981595092024538	low	medium
G_r034_substitution_titv_0p1pct	34	6	substitution_titv	0.001	0.1	titv_2	GB_GCA_963674695.1	UBA10199	Bacteria	high	84.76789082209743	0.0	84.76789082209743	0.0	3033874	1	2571751	1	2571751	0.0010214830284891	0.0089640838741259	0	2627	0	0	True	87.7014935216642	4.32385362519388	cocopye	2.9336026995667766	4.32385362519388	2.9336026995667766	4.32385362519388	medium	medium
G_r034_substitution_titv_0p5pct	34	7	substitution_titv	0.005	0.5	titv_2	GB_GCA_963674695.1	UBA10199	Bacteria	high	84.76789082209743	0.0	84.76789082209743	0.0	3033874	1	2571751	1	2571751	0.0049946515039753	0.0441104216424403	0	12845	0	0	True	91.648137990851	9.88600867617366	cocopye	6.88024716875357	9.88600867617366	6.88024716875357	9.88600867617366	medium	medium
G_r034_substitution_titv_1pct	34	8	substitution_titv	0.01	1.0	titv_2	GB_GCA_963674695.1	UBA10199	Bacteria	high	84.76789082209743	0.0	84.76789082209743	0.0	3033874	1	2571751	1	2571751	0.0100052454533895	0.0864827525163591	0	25731	0	0	True	92.90266664387543	12.314572994146053	cocopye	8.134775821778007	12.314572994146053	8.134775821778007	12.314572994146053	low	medium
G_r034_substitution_titv_2pct	34	9	substitution_titv	0.02	2.0	titv_2	GB_GCA_963674695.1	UBA10199	Bacteria	high	84.76789082209743	0.0	84.76789082209743	0.0	3033874	1	2571751	1	2571751	0.0197736872659911	0.1662522378698502	0	50853	0	0	True	90.27872697593344	14.06629362842892	cocopye	5.51083615383601	14.06629362842892	5.51083615383601	14.06629362842892	low	medium
G_r034_substitution_titv_5pct	34	10	substitution_titv	0.05	5.0	titv_2	GB_GCA_963674695.1	UBA10199	Bacteria	high	84.76789082209743	0.0	84.76789082209743	0.0	3033874	1	2571751	1	2571751	0.0498982988633036	0.3697505902753909	0	128326	0	0	True	85.05115503589738	19.72165661773777	cocopye	0.2832642137999528	19.72165661773777	0.2832642137999528	19.72165661773777	low	medium
G_r034_indel_0p1pct	34	11	indel	0.001	0.1	ins0.5_geom0.75	GB_GCA_963674695.1	UBA10199	Bacteria	high	84.76789082209743	0.0	84.76706679314961	0.0	3033874	1	2571751	1	2571726	0.001000096821193		0	0	2572	0	True	90.91410269986932	20.6549349832381	cocopye	6.14621187777189	20.6549349832381	6.14621187777189	20.6549349832381	low	medium
G_r034_indel_0p5pct	34	12	indel	0.005	0.5	ins0.5_geom0.75	GB_GCA_963674695.1	UBA10199	Bacteria	high	84.76789082209743	0.0	84.76663829809675	0.0	3033874	1	2571751	1	2571713	0.0050265363948531		0	0	12927	0	True	91.17647058823528	78.05429864253394	cocopye	6.408579766137848	78.05429864253394	6.408579766137848	78.05429864253394	low	medium
G_r034_indel_1pct	34	13	indel	0.01	1.0	ins0.5_geom0.75	GB_GCA_963674695.1	UBA10199	Bacteria	high	84.76789082209743	0.0	84.77975683894584	0.0	3033874	1	2571751	1	2572111	0.0099858034467567		0	0	25681	0	True	90.4494382022472	107.7247191011236	cocopye	5.681547380149766	107.7247191011236	5.681547380149766	107.7247191011236	low	medium
G_r034_indel_2pct	34	14	indel	0.02	2.0	ins0.5_geom0.75	GB_GCA_963674695.1	UBA10199	Bacteria	high	84.76789082209743	0.0	84.77501043220649	0.0	3033874	1	2571751	1	2571967	0.0200458753588508		0	0	51553	0	True	82.97297297297297	108.91891891891892	cocopye	-1.7949178491244595	108.91891891891892	1.7949178491244595	108.91891891891892	low	medium
G_r034_indel_5pct	34	15	indel	0.05	5.0	ins0.5_geom0.75	GB_GCA_963674695.1	UBA10199	Bacteria	high	84.76789082209743	0.0	84.76779193862369	0.0	3033874	1	2571751	1	2571748	0.049935238675906		0	0	128421	0	True	64.91227802477385	46.84210526315789	cocopye	-19.855612797323573	46.84210526315789	19.855612797323573	46.84210526315789	low	medium
G_r034_chimera_5pct	34	16	chimera	0.05	5.0	rc0.5	GB_GCA_963674695.1	UBA10199	Bacteria	high	84.76789082209743	0.0	84.76789082209743	0.0	3033874	1	2571751	1	2571751	0.0		0	0	0	0	True	88.9804279847475	6.950099779213261	cocopye	4.212537162650065	6.950099779213261	4.212537162650065	6.950099779213261	medium	medium
G_r034_chimera_10pct	34	17	chimera	0.1	10.0	rc0.5	GB_GCA_963674695.1	UBA10199	Bacteria	high	84.76789082209743	0.0	84.76789082209743	0.0	3033874	1	2571751	1	2571751	0.0		0	0	0	0	True	88.9804279847475	6.950099779213261	cocopye	4.212537162650065	6.950099779213261	4.212537162650065	6.950099779213261	medium	medium
G_r034_chimera_20pct	34	18	chimera	0.2	20.0	rc0.5	GB_GCA_963674695.1	UBA10199	Bacteria	high	84.76789082209743	0.0	84.76789082209743	0.0	3033874	1	2571751	1	2571751	0.0		0	0	0	0	True	88.9804279847475	6.950099779213261	cocopye	4.212537162650065	6.950099779213261	4.212537162650065	6.950099779213261	medium	medium
G_r034_chimera_40pct	34	19	chimera	0.4	40.0	rc0.5	GB_GCA_963674695.1	UBA10199	Bacteria	high	84.76789082209743	0.0	84.76789082209743	0.0	3033874	1	2571751	1	2571751	0.0		0	0	0	0	True	88.9804279847475	6.950099779213261	cocopye	4.212537162650065	6.950099779213261	4.212537162650065	6.950099779213261	medium	medium
G_r034_uneven_coverage_5pct	34	20	uneven_coverage	0.05	5.0	lognormal_sigma1.0	GB_GCA_963674695.1	UBA10199	Bacteria	high	84.76789082209743	0.0	84.76789082209743	4.238409373625932	3033874	1	2571751	2	2700339	0.0500001749780597		128588	0	0	0	True	89.51118137618231	7.681695720456109	cocopye	4.743290554084879	7.681695720456109	4.743290554084879	7.681695720456109	medium	medium
G_r034_uneven_coverage_10pct	34	21	uneven_coverage	0.1	10.0	lognormal_sigma1.0	GB_GCA_963674695.1	UBA10199	Bacteria	high	84.76789082209743	0.0	84.76789082209743	8.47678578609395	3033874	1	2571751	2	2828926	0.0999999611159867		257175	0	0	0	True	84.95437464690644	11.84480892329236	cocopye	0.1864838248090166	11.84480892329236	0.1864838248090166	11.84480892329236	low	medium
G_r034_uneven_coverage_20pct	34	22	uneven_coverage	0.2	20.0	lognormal_sigma1.0	GB_GCA_963674695.1	UBA10199	Bacteria	high	84.76789082209743	0.0	84.76789082209743	16.9535715721879	3033874	1	2571751	2	3086101	0.1999999222319734		514350	0	0	0	True	92.565453256044	20.35415513748242	cocopye	7.797562433946567	20.35415513748242	7.797562433946567	20.35415513748242	low	medium
G_r034_uneven_coverage_40pct	34	23	uneven_coverage	0.4	40.0	lognormal_sigma1.0	GB_GCA_963674695.1	UBA10199	Bacteria	high	84.76789082209743	0.0	84.76789082209743	33.9071431443758	3033874	1	2571751	2	3600451	0.3999998444639469		1028700	0	0	0	True	82.6086956521739	51.14734483801801	cocopye	-2.159195169923521	51.14734483801801	2.159195169923521	51.14734483801801	low	medium
G_r035_none_control	35	0	none	0.0	0.0	control	GB_GCA_023898765.1	Pseudomonadota	Bacteria	low	71.71680431678045	0.0	71.71680431678045	0.0	1902529	10	1364433	10	1364433	0.0		0	0	0	0	True	69.68032801740377	8.60879048697356	cocopye	-2.0364762993766874	8.60879048697356	2.0364762993766874	8.60879048697356	medium	medium
G_r035_substitution_0p1pct	35	1	substitution	0.001	0.1	uniform	GB_GCA_023898765.1	Pseudomonadota	Bacteria	low	71.71680431678045	0.0	71.71680431678045	0.0	1902529	10	1364433	10	1364433	0.0009960181262106	0.0089640838741259	0	1359	0	0	True	70.0666541086769	11.35356226202912	cocopye	-1.650150208103554	11.35356226202912	1.650150208103554	11.35356226202912	low	medium
G_r035_substitution_0p5pct	35	2	substitution	0.005	0.5	uniform	GB_GCA_023898765.1	Pseudomonadota	Bacteria	low	71.71680431678045	0.0	71.71680431678045	0.0	1902529	10	1364433	10	1364433	0.0050387230446639	0.0441104216424403	0	6875	0	0	True	71.86254564628531	11.572080103459273	cocopye	0.14574132950485819	11.572080103459273	0.14574132950485819	11.572080103459273	low	medium
G_r035_substitution_1pct	35	3	substitution	0.01	1.0	uniform	GB_GCA_023898765.1	Pseudomonadota	Bacteria	low	71.71680431678045	0.0	71.71680431678045	0.0	1902529	10	1364433	10	1364433	0.0099931619947626	0.0864827525163591	0	13635	0	0	True	72.22846254373475	16.70981149736289	cocopye	0.511658226954296	16.70981149736289	0.511658226954296	16.70981149736289	low	medium
G_r035_substitution_2pct	35	4	substitution	0.02	2.0	uniform	GB_GCA_023898765.1	Pseudomonadota	Bacteria	low	71.71680431678045	0.0	71.71680431678045	0.0	1902529	10	1364433	10	1364433	0.0200530183600074	0.1662522378698502	0	27361	0	0	True	73.26992375329998	19.3386437455463	cocopye	1.5531194365195233	19.3386437455463	1.5531194365195233	19.3386437455463	low	medium
G_r035_substitution_5pct	35	5	substitution	0.05	5.0	uniform	GB_GCA_023898765.1	Pseudomonadota	Bacteria	low	71.71680431678045	0.0	71.71680431678045	0.0	1902529	10	1364433	10	1364433	0.0500933354734164	0.3697505902753909	0	68349	0	0	True	73.6939287233846	20.08961404789834	cocopye	1.9771244066041476	20.08961404789834	1.9771244066041476	20.08961404789834	low	medium
G_r035_substitution_titv_0p1pct	35	6	substitution_titv	0.001	0.1	titv_2	GB_GCA_023898765.1	Pseudomonadota	Bacteria	low	71.71680431678045	0.0	71.71680431678045	0.0	1902529	10	1364433	10	1364433	0.0010158065658042	0.0089640838741259	0	1386	0	0	True	69.69941153889829	13.567818896416089	cocopye	-2.017392777882165	13.567818896416089	2.017392777882165	13.567818896416089	low	medium
G_r035_substitution_titv_0p5pct	35	7	substitution_titv	0.005	0.5	titv_2	GB_GCA_023898765.1	Pseudomonadota	Bacteria	low	71.71680431678045	0.0	71.71680431678045	0.0	1902529	10	1364433	10	1364433	0.0050233320360911	0.0441104216424403	0	6854	0	0	True	68.5253694119349	10.3091830523543	cocopye	-3.1914349048455506	10.3091830523543	3.1914349048455506	10.3091830523543	low	medium
G_r035_substitution_titv_1pct	35	8	substitution_titv	0.01	1.0	titv_2	GB_GCA_023898765.1	Pseudomonadota	Bacteria	low	71.71680431678045	0.0	71.71680431678045	0.0	1902529	10	1364433	10	1364433	0.0100268756325887	0.0864827525163591	0	13681	0	0	True	71.60158611924817	12.10233593040058	cocopye	-0.11521819753228613	12.10233593040058	0.11521819753228613	12.10233593040058	low	medium
G_r035_substitution_titv_2pct	35	9	substitution_titv	0.02	2.0	titv_2	GB_GCA_023898765.1	Pseudomonadota	Bacteria	low	71.71680431678045	0.0	71.71680431678045	0.0	1902529	10	1364433	10	1364433	0.0198881146967275	0.1662522378698502	0	27136	0	0	True	73.21203851196407	17.51894274199168	cocopye	1.4952341951836132	17.51894274199168	1.4952341951836132	17.51894274199168	low	medium
G_r035_substitution_titv_5pct	35	10	substitution_titv	0.05	5.0	titv_2	GB_GCA_023898765.1	Pseudomonadota	Bacteria	low	71.71680431678045	0.0	71.71680431678045	0.0	1902529	10	1364433	10	1364433	0.0499687415944938	0.3697505902753909	0	68179	0	0	True	74.22481605873041	20.323005540956625	cocopye	2.5080117419499572	20.323005540956625	2.5080117419499572	20.323005540956625	low	medium
G_r035_indel_0p1pct	35	11	indel	0.001	0.1	ins0.5_geom0.75	GB_GCA_023898765.1	Pseudomonadota	Bacteria	low	71.71680431678045	0.0	71.71764530264716	0.0	1902529	10	1364433	10	1364449	0.0009725651607664		0	0	1327	0	True	73.80338791659989	20.59551529402956	cocopye	2.086583599819434	20.59551529402956	2.086583599819434	20.59551529402956	low	medium
G_r035_indel_0p5pct	35	12	indel	0.005	0.5	ins0.5_geom0.75	GB_GCA_023898765.1	Pseudomonadota	Bacteria	low	71.71680431678045	0.0	71.71323012684695	0.0	1902529	10	1364433	10	1364365	0.005044586286025		0	0	6883	0	True	76.62835249042146	63.47381474871289	cocopye	4.911548173641009	63.47381474871289	4.911548173641009	63.47381474871289	low	medium
G_r035_indel_1pct	35	13	indel	0.01	1.0	ins0.5_geom0.75	GB_GCA_023898765.1	Pseudomonadota	Bacteria	low	71.71680431678045	0.0	71.70513563787989	0.0	1902529	10	1364433	10	1364211	0.0100899054772202		0	0	13767	0	True	69.97167138810198	80.47685920347911	cocopye	-1.7451329286784727	80.47685920347911	1.7451329286784727	80.47685920347911	low	medium
G_r035_indel_2pct	35	14	indel	0.02	2.0	ins0.5_geom0.75	GB_GCA_023898765.1	Pseudomonadota	Bacteria	low	71.71680431678045	0.0	71.70229731057977	0.0	1902529	10	1364433	10	1364157	0.0200134414808202		0	0	27307	0	True	64.52095808383234	86.67664670658682	cocopye	-7.195846232948114	86.67664670658682	7.195846232948114	86.67664670658682	low	medium
G_r035_indel_5pct	35	15	indel	0.05	5.0	ins0.5_geom0.75	GB_GCA_023898765.1	Pseudomonadota	Bacteria	low	71.71680431678045	0.0	71.75365001006556	0.0	1902529	10	1364433	10	1365134	0.0501182542492009		0	0	68383	0	True	55.00000000000001	55.76923076923077	cocopye	-16.716804316780447	55.76923076923077	16.716804316780447	55.76923076923077	low	medium
G_r035_chimera_5pct	35	16	chimera	0.05	5.0	rc0.5	GB_GCA_023898765.1	Pseudomonadota	Bacteria	low	71.71680431678045	0.0	71.71680431678045	0.0	1902529	10	1364433	10	1364433	0.0		0	0	0	0	True	69.68032801740377	8.60879048697356	cocopye	-2.0364762993766874	8.60879048697356	2.0364762993766874	8.60879048697356	medium	medium
G_r035_chimera_10pct	35	17	chimera	0.1	10.0	rc0.5	GB_GCA_023898765.1	Pseudomonadota	Bacteria	low	71.71680431678045	0.0	71.71680431678045	0.0	1902529	10	1364433	9	1364433	0.2		0	0	0	1	True	69.68032801740377	8.60879048697356	cocopye	-2.0364762993766874	8.60879048697356	2.0364762993766874	8.60879048697356	medium	medium
G_r035_chimera_20pct	35	18	chimera	0.2	20.0	rc0.5	GB_GCA_023898765.1	Pseudomonadota	Bacteria	low	71.71680431678045	0.0	71.71680431678045	0.0	1902529	10	1364433	9	1364433	0.2		0	0	0	1	True	69.68032801740377	8.60879048697356	cocopye	-2.0364762993766874	8.60879048697356	2.0364762993766874	8.60879048697356	medium	medium
G_r035_chimera_40pct	35	19	chimera	0.4	40.0	rc0.5	GB_GCA_023898765.1	Pseudomonadota	Bacteria	low	71.71680431678045	0.0	71.71680431678045	0.0	1902529	10	1364433	8	1364433	0.4		0	0	0	2	True	69.68032801740377	8.60879048697356	cocopye	-2.0364762993766874	8.60879048697356	2.0364762993766874	8.60879048697356	medium	medium
G_r035_uneven_coverage_5pct	35	20	uneven_coverage	0.05	5.0	lognormal_sigma1.0	GB_GCA_023898765.1	Pseudomonadota	Bacteria	low	71.71680431678045	0.0	71.71680431678045	3.585858612404857	1902529	10	1364433	11	1432655	0.0500002565168095		68222	0	0	0	True	70.20555692271546	8.373023073702731	cocopye	-1.5112473940649949	8.373023073702731	1.5112473940649949	8.373023073702731	medium	medium
G_r035_uneven_coverage_10pct	35	21	uneven_coverage	0.1	10.0	lognormal_sigma1.0	GB_GCA_023898765.1	Pseudomonadota	Bacteria	low	71.71680431678045	0.0	71.71680431678045	7.171664663193044	1902529	10	1364433	12	1500876	0.0999997801284489		136443	0	0	0	True	68.98492413088562	19.63768328056385	cocopye	-2.7318801858948376	19.63768328056385	2.7318801858948376	19.63768328056385	low	medium
G_r035_uneven_coverage_20pct	35	22	uneven_coverage	0.2	20.0	lognormal_sigma1.0	GB_GCA_023898765.1	Pseudomonadota	Bacteria	low	71.71680431678045	0.0	71.71680431678045	14.343381888002758	1902529	10	1364433	14	1637320	0.200000293162068		272887	0	0	0	True	72.07888185407974	12.85563648471704	cocopye	0.36207753729928527	12.85563648471704	0.36207753729928527	12.85563648471704	low	medium
G_r035_uneven_coverage_40pct	35	23	uneven_coverage	0.4	40.0	lognormal_sigma1.0	GB_GCA_023898765.1	Pseudomonadota	Bacteria	low	71.71680431678045	0.0	71.71680431678045	28.686711214388847	1902529	10	1364433	17	1910206	0.399999853418966		545773	0	0	0	True	74.4186046511628	59.68992248062015	cocopye	2.701800334382341	59.68992248062015	2.701800334382341	59.68992248062015	low	medium
G_r036_none_control	36	0	none	0.0	0.0	control	RS_GCF_024800105.1	Bacillota	Bacteria	highly_fragmented	59.57205678995412	4.769478682852066	59.57205678995412	4.769478682852066	2055927	48	1322815	48	1322815	0.0		0	0	0	0	True	57.630742783299006	2.0336605890603003	cocopye	-1.9413140066551122	-2.7358180937917655	1.9413140066551122	2.7358180937917655	medium	medium
G_r036_substitution_0p1pct	36	1	substitution	0.001	0.1	uniform	RS_GCF_024800105.1	Bacillota	Bacteria	highly_fragmented	59.57205678995412	4.769478682852066	59.57205678995412	4.769478682852066	2055927	48	1322815	48	1322815	0.0010356701428393	0.0089640838741259	0	1370	0	0	True	58.25635830902405	2.5035765379113	cocopye	-1.3156984809300667	-2.2659021449407657	1.3156984809300667	2.2659021449407657	medium	medium
G_r036_substitution_0p5pct	36	2	substitution	0.005	0.5	uniform	RS_GCF_024800105.1	Bacillota	Bacteria	highly_fragmented	59.57205678995412	4.769478682852066	59.57205678995412	4.769478682852066	2055927	48	1322815	48	1322815	0.0050316937742617	0.0441104216424403	0	6656	0	0	True	57.99718426831196	8.30924800365646	cocopye	-1.5748725216421562	3.5397693208043943	1.5748725216421562	3.5397693208043943	medium	medium
G_r036_substitution_1pct	36	3	substitution	0.01	1.0	uniform	RS_GCF_024800105.1	Bacillota	Bacteria	highly_fragmented	59.57205678995412	4.769478682852066	59.57205678995412	4.769478682852066	2055927	48	1322815	48	1322815	0.009912194826941	0.0864827525163591	0	13112	0	0	True	58.69754509711921	10.92619392185238	cocopye	-0.8745116928349077	6.156715239000315	0.8745116928349077	6.156715239000315	low	medium
G_r036_substitution_2pct	36	4	substitution	0.02	2.0	uniform	RS_GCF_024800105.1	Bacillota	Bacteria	highly_fragmented	59.57205678995412	4.769478682852066	59.57205678995412	4.769478682852066	2055927	48	1322815	48	1322815	0.0200186723011154	0.1662522378698502	0	26481	0	0	True	59.033927804952526	19.10029498525073	cocopye	-0.5381289850015918	14.330816302398665	0.5381289850015918	14.330816302398665	low	medium
G_r036_substitution_5pct	36	5	substitution	0.05	5.0	uniform	RS_GCF_024800105.1	Bacillota	Bacteria	highly_fragmented	59.57205678995412	4.769478682852066	59.57205678995412	4.769478682852066	2055927	48	1322815	48	1322815	0.0503222294878724	0.3697505902753909	0	66567	0	0	True	57.99950845871198	31.8054946310796	cocopye	-1.5725483312421389	27.036015948227536	1.5725483312421389	27.036015948227536	low	medium
G_r036_substitution_titv_0p1pct	36	6	substitution_titv	0.001	0.1	titv_2	RS_GCF_024800105.1	Bacillota	Bacteria	highly_fragmented	59.57205678995412	4.769478682852066	59.57205678995412	4.769478682852066	2055927	48	1322815	48	1322815	0.0009812407630696	0.0089640838741259	0	1298	0	0	True	57.67749074799483	2.20897615708274	cocopye	-1.894566041959287	-2.560502525769326	1.894566041959287	2.560502525769326	medium	medium
G_r036_substitution_titv_0p5pct	36	7	substitution_titv	0.005	0.5	titv_2	RS_GCF_024800105.1	Bacillota	Bacteria	highly_fragmented	59.57205678995412	4.769478682852066	59.57205678995412	4.769478682852066	2055927	48	1322815	48	1322815	0.0050838552632076	0.0441104216424403	0	6725	0	0	True	57.82942805350412	6.24123475661953	cocopye	-1.7426287364500013	1.4717560737674642	1.7426287364500013	1.4717560737674642	medium	medium
G_r036_substitution_titv_1pct	36	8	substitution_titv	0.01	1.0	titv_2	RS_GCF_024800105.1	Bacillota	Bacteria	highly_fragmented	59.57205678995412	4.769478682852066	59.57205678995412	4.769478682852066	2055927	48	1322815	48	1322815	0.0099847673333005	0.0864827525163591	0	13208	0	0	True	58.50031248590819	7.03463203463203	cocopye	-1.0717443040459287	2.265153351779964	1.0717443040459287	2.265153351779964	medium	medium
G_r036_substitution_titv_2pct	36	9	substitution_titv	0.02	2.0	titv_2	RS_GCF_024800105.1	Bacillota	Bacteria	highly_fragmented	59.57205678995412	4.769478682852066	59.57205678995412	4.769478682852066	2055927	48	1322815	48	1322815	0.0200965365527303	0.1662522378698502	0	26584	0	0	True	59.530298621060176	15.3533902755781	cocopye	-0.04175816889394213	10.583911592726034	0.04175816889394213	10.583911592726034	low	medium
G_r036_substitution_titv_5pct	36	10	substitution_titv	0.05	5.0	titv_2	RS_GCF_024800105.1	Bacillota	Bacteria	highly_fragmented	59.57205678995412	4.769478682852066	59.57205678995412	4.769478682852066	2055927	48	1322815	48	1322815	0.0501256789498153	0.3697505902753909	0	66307	0	0	True	58.38987637410121	25.832279171563883	cocopye	-1.1821804158529048	21.062800488711815	1.1821804158529048	21.062800488711815	low	medium
G_r036_indel_0p1pct	36	11	indel	0.001	0.1	ins0.5_geom0.75	RS_GCF_024800105.1	Bacillota	Bacteria	highly_fragmented	59.57205678995412	4.769478682852066	59.5725972016379	4.769478682852066	2055927	48	1322815	48	1322827	0.0010137471982098		0	0	1341	0	True	58.11479991725954	20.77329564163252	cocopye	-1.457256872694579	16.003816958780455	1.457256872694579	16.003816958780455	low	medium
G_r036_indel_0p5pct	36	12	indel	0.005	0.5	ins0.5_geom0.75	RS_GCF_024800105.1	Bacillota	Bacteria	highly_fragmented	59.57205678995412	4.769478682852066	59.57160644688431	4.769478682852066	2055927	48	1322815	48	1322805	0.005046057082812		0	0	6675	0	True	59.72860909842112	80.33216249692691	cocopye	0.15655230846699908	75.56268381407484	0.15655230846699908	75.56268381407484	low	medium
G_r036_indel_1pct	36	13	indel	0.01	1.0	ins0.5_geom0.75	RS_GCF_024800105.1	Bacillota	Bacteria	highly_fragmented	59.57205678995412	4.769478682852066	59.57534429436379	4.769478682852066	2055927	48	1322815	48	1322888	0.0099250462082755		0	0	13129	0	True	61.33238356957904	115.22285385457414	cocopye	1.7603267796249185	110.45337517172207	1.7603267796249185	110.45337517172207	low	medium
G_r036_indel_2pct	36	14	indel	0.02	2.0	ins0.5_geom0.75	RS_GCF_024800105.1	Bacillota	Bacteria	highly_fragmented	59.57205678995412	4.769478682852066	59.58565715066258	4.769478682852066	2055927	48	1322815	48	1323117	0.0199030098691049		0	0	26328	0	True	59.89325026835292	127.51376569763688	cocopye	0.3211934783988042	122.74428701478482	0.3211934783988042	122.74428701478482	low	medium
G_r036_indel_5pct	36	15	indel	0.05	5.0	ins0.5_geom0.75	RS_GCF_024800105.1	Bacillota	Bacteria	highly_fragmented	59.57205678995412	4.769478682852066	59.58277495501575	4.769478682852066	2055927	48	1322815	48	1323053	0.0499873376095674		0	0	66124	0	True	51.21432056620782	70.52664569915639	cocopye	-8.3577362237463	65.75716701630432	8.3577362237463	65.75716701630432	low	medium
G_r036_chimera_5pct	36	16	chimera	0.05	5.0	rc0.5	RS_GCF_024800105.1	Bacillota	Bacteria	highly_fragmented	59.57205678995412	4.769478682852066	59.57205678995412	4.769478682852066	2055927	48	1322815	47	1322815	0.0416666666666666		0	0	0	1	True	57.630742783299006	2.0336605890603003	cocopye	-1.9413140066551122	-2.7358180937917655	1.9413140066551122	2.7358180937917655	medium	medium
G_r036_chimera_10pct	36	17	chimera	0.1	10.0	rc0.5	RS_GCF_024800105.1	Bacillota	Bacteria	highly_fragmented	59.57205678995412	4.769478682852066	59.57205678995412	4.769478682852066	2055927	48	1322815	46	1322815	0.0833333333333333		0	0	0	2	True	57.630742783299006	2.0336605890603003	cocopye	-1.9413140066551122	-2.7358180937917655	1.9413140066551122	2.7358180937917655	medium	medium
G_r036_chimera_20pct	36	18	chimera	0.2	20.0	rc0.5	RS_GCF_024800105.1	Bacillota	Bacteria	highly_fragmented	59.57205678995412	4.769478682852066	59.57205678995412	4.769478682852066	2055927	48	1322815	43	1322815	0.2083333333333333		0	0	0	5	True	57.630742783299006	2.0336605890603003	cocopye	-1.9413140066551122	-2.7358180937917655	1.9413140066551122	2.7358180937917655	medium	medium
G_r036_chimera_40pct	36	19	chimera	0.4	40.0	rc0.5	RS_GCF_024800105.1	Bacillota	Bacteria	highly_fragmented	59.57205678995412	4.769478682852066	59.57205678995412	4.769478682852066	2055927	48	1322815	38	1322815	0.4166666666666667		0	0	0	10	True	57.630742783299006	2.0336605890603003	cocopye	-1.9413140066551122	-2.7358180937917655	1.9413140066551122	2.7358180937917655	medium	medium
G_r036_uneven_coverage_5pct	36	20	uneven_coverage	0.05	5.0	lognormal_sigma1.0	RS_GCF_024800105.1	Bacillota	Bacteria	highly_fragmented	59.57205678995412	4.769478682852066	59.57205678995412	7.986567616457199	2055927	48	1322815	51	1388956	0.0500001889909019		66141	0	0	0	True	57.978031110295404	5.9807653012483	cocopye	-1.5940256796587136	1.211286618396234	1.5940256796587136	1.211286618396234	medium	medium
G_r036_uneven_coverage_10pct	36	21	uneven_coverage	0.1	10.0	lognormal_sigma1.0	RS_GCF_024800105.1	Bacillota	Bacteria	highly_fragmented	59.57205678995412	4.769478682852066	59.57205678995412	11.203656550062332	2055927	48	1322815	52	1455097	0.1000003779818039		132282	0	0	0	True	58.47675991341339	12.38519119579643	cocopye	-1.0952968765407292	7.615712512944365	1.0952968765407292	7.615712512944365	low	medium
G_r036_uneven_coverage_20pct	36	22	uneven_coverage	0.2	20.0	lognormal_sigma1.0	RS_GCF_024800105.1	Bacillota	Bacteria	highly_fragmented	59.57205678995412	4.769478682852066	59.57205678995412	17.637785777413303	2055927	48	1322815	63	1587378	0.2		264563	0	0	0	True	59.22338570306912	9.7520274324649	cocopye	-0.34867108688499826	4.982548749612834	0.34867108688499826	4.982548749612834	medium	medium
G_r036_uneven_coverage_40pct	36	23	uneven_coverage	0.4	40.0	lognormal_sigma1.0	RS_GCF_024800105.1	Bacillota	Bacteria	highly_fragmented	59.57205678995412	4.769478682852066	59.57205678995412	30.50609287197454	2055927	48	1322815	70	1851941	0.4		529126	0	0	0	True	59.37893049091312	21.63964887037344	cocopye	-0.19312629904099765	16.870170187521374	0.19312629904099765	16.870170187521374	low	medium
G_r037_none_control	37	0	none	0.0	0.0	control	RS_GCF_036346935.1	Actinomycetota	Bacteria	high	62.22015036951875	5.902306500239932	62.22015036951875	5.902306500239932	7775113	16	5296598	16	5296598	0.0		0	0	0	0	True	69.64692251510476	9.78947578744009	cocopye	7.426772145586014	3.887169287200157	7.426772145586014	3.887169287200157	medium	medium
G_r037_substitution_0p1pct	37	1	substitution	0.001	0.1	uniform	RS_GCF_036346935.1	Actinomycetota	Bacteria	high	62.22015036951875	5.902306500239932	62.22015036951875	5.902306500239932	7775113	16	5296598	16	5296598	0.0009838390604686	0.0089640838741259	0	5211	0	0	True	70.25567828295283	10.30380883297966	cocopye	8.03552791343408	4.401502332739728	8.03552791343408	4.401502332739728	low	medium
G_r037_substitution_0p5pct	37	2	substitution	0.005	0.5	uniform	RS_GCF_036346935.1	Actinomycetota	Bacteria	high	62.22015036951875	5.902306500239932	62.22015036951875	5.902306500239932	7775113	16	5296598	16	5296598	0.004997547482365	0.0441104216424403	0	26470	0	0	True	69.45852972497693	10.6045071853798	cocopye	7.238379355458179	4.702200685139868	7.238379355458179	4.702200685139868	low	medium
G_r037_substitution_1pct	37	3	substitution	0.01	1.0	uniform	RS_GCF_036346935.1	Actinomycetota	Bacteria	high	62.22015036951875	5.902306500239932	62.22015036951875	5.902306500239932	7775113	16	5296598	16	5296598	0.0099703621079039	0.0864827525163591	0	52809	0	0	True	68.26202612820515	13.942149569140147	cocopye	6.041875758686402	8.039843068900215	6.041875758686402	8.039843068900215	low	medium
G_r037_substitution_2pct	37	4	substitution	0.02	2.0	uniform	RS_GCF_036346935.1	Actinomycetota	Bacteria	high	62.22015036951875	5.902306500239932	62.22015036951875	5.902306500239932	7775113	16	5296598	16	5296598	0.0200264396127476	0.1662522378698502	0	106072	0	0	True	66.02982532154267	18.88178192151056	cocopye	3.8096749520239257	12.979475421270626	3.8096749520239257	12.979475421270626	low	medium
G_r037_substitution_5pct	37	5	substitution	0.05	5.0	uniform	RS_GCF_036346935.1	Actinomycetota	Bacteria	high	62.22015036951875	5.902306500239932	62.22015036951875	5.902306500239932	7775113	16	5296598	16	5296598	0.0499705660123724	0.3697505902753909	0	264674	0	0	True	76.60675547481362	38.42592675701465	cocopye	14.386605105294876	32.52362025677472	14.386605105294876	32.52362025677472	low	medium
G_r037_substitution_titv_0p1pct	37	6	substitution_titv	0.001	0.1	titv_2	RS_GCF_036346935.1	Actinomycetota	Bacteria	high	62.22015036951875	5.902306500239932	62.22015036951875	5.902306500239932	7775113	16	5296598	16	5296598	0.0009653366179574	0.0089640838741259	0	5113	0	0	True	69.77660649695964	10.17662258554533	cocopye	7.556456127440896	4.274316085305397	7.556456127440896	4.274316085305397	low	medium
G_r037_substitution_titv_0p5pct	37	7	substitution_titv	0.005	0.5	titv_2	RS_GCF_036346935.1	Actinomycetota	Bacteria	high	62.22015036951875	5.902306500239932	62.22015036951875	5.902306500239932	7775113	16	5296598	16	5296598	0.0050209587361547	0.0441104216424403	0	26594	0	0	True	69.53539787117793	11.79470306934902	cocopye	7.3152475016591865	5.892396569109087	7.3152475016591865	5.892396569109087	low	medium
G_r037_substitution_titv_1pct	37	8	substitution_titv	0.01	1.0	titv_2	RS_GCF_036346935.1	Actinomycetota	Bacteria	high	62.22015036951875	5.902306500239932	62.22015036951875	5.902306500239932	7775113	16	5296598	16	5296598	0.0099677189018309	0.0864827525163591	0	52795	0	0	True	67.82563549756529	15.91775680529909	cocopye	5.6054851280465385	10.015450305059158	5.6054851280465385	10.015450305059158	low	medium
G_r037_substitution_titv_2pct	37	9	substitution_titv	0.02	2.0	titv_2	RS_GCF_036346935.1	Actinomycetota	Bacteria	high	62.22015036951875	5.902306500239932	62.22015036951875	5.902306500239932	7775113	16	5296598	16	5296598	0.0199941547385699	0.1662522378698502	0	105901	0	0	True	67.59193548926856	14.79346882315497	cocopye	5.371785119749816	8.891162322915038	5.371785119749816	8.891162322915038	low	medium
G_r037_substitution_titv_5pct	37	10	substitution_titv	0.05	5.0	titv_2	RS_GCF_036346935.1	Actinomycetota	Bacteria	high	62.22015036951875	5.902306500239932	62.22015036951875	5.902306500239932	7775113	16	5296598	16	5296598	0.0500966847021427	0.3697505902753909	0	265342	0	0	True	76.19190587811563	31.84657747420235	cocopye	13.971755508596885	25.944270973962418	13.971755508596885	25.944270973962418	low	medium
G_r037_indel_0p1pct	37	11	indel	0.001	0.1	ins0.5_geom0.75	RS_GCF_036346935.1	Actinomycetota	Bacteria	high	62.22015036951875	5.902306500239932	62.21925758297385	5.902306500239932	7775113	16	5296598	16	5296522	0.0010097047198975		0	0	5348	0	True	77.48476610572696	32.92311227103661	cocopye	15.264615736208214	27.020805770796677	15.264615736208214	27.020805770796677	low	medium
G_r037_indel_0p5pct	37	12	indel	0.005	0.5	ins0.5_geom0.75	RS_GCF_036346935.1	Actinomycetota	Bacteria	high	62.22015036951875	5.902306500239932	62.218564498682426	5.902306500239932	7775113	16	5296598	16	5296463	0.0050324755626158		0	0	26655	0	True	79.6759941089838	91.74030736549612	cocopye	17.455843739465053	85.83800086525619	17.455843739465053	85.83800086525619	low	medium
G_r037_indel_1pct	37	13	indel	0.01	1.0	ins0.5_geom0.75	RS_GCF_036346935.1	Actinomycetota	Bacteria	high	62.22015036951875	5.902306500239932	62.22311066174653	5.902306500239932	7775113	16	5296598	16	5296850	0.0100275686393417		0	0	53112	0	True	78.06859205776173	122.9843635421367	cocopye	15.848441688242985	117.08205704189677	15.848441688242985	117.08205704189677	low	medium
G_r037_indel_2pct	37	14	indel	0.02	2.0	ins0.5_geom0.75	RS_GCF_036346935.1	Actinomycetota	Bacteria	high	62.22015036951875	5.902306500239932	62.221548285292975	5.902306500239932	7775113	16	5296598	16	5296717	0.0200647661008065		0	0	106275	0	True	76.30491271499515	138.30749038578003	cocopye	14.084762345476406	132.40518388554008	14.084762345476406	132.40518388554008	low	medium
G_r037_indel_5pct	37	15	indel	0.05	5.0	ins0.5_geom0.75	RS_GCF_036346935.1	Actinomycetota	Bacteria	high	62.22015036951875	5.902306500239932	62.20601849828847	5.902306500239932	7775113	16	5296598	16	5295395	0.0499061850644508		0	0	264333	0	True	65.04734193263032	78.57499058471133	cocopye	2.827191563111569	72.6726840844714	2.827191563111569	72.6726840844714	low	medium
G_r037_chimera_5pct	37	16	chimera	0.05	5.0	rc0.5	RS_GCF_036346935.1	Actinomycetota	Bacteria	high	62.22015036951875	5.902306500239932	62.22015036951875	5.902306500239932	7775113	16	5296598	15	5296598	0.125		0	0	0	1	True	69.64692251510476	9.78947578744009	cocopye	7.426772145586014	3.887169287200157	7.426772145586014	3.887169287200157	medium	medium
G_r037_chimera_10pct	37	17	chimera	0.1	10.0	rc0.5	RS_GCF_036346935.1	Actinomycetota	Bacteria	high	62.22015036951875	5.902306500239932	62.22015036951875	5.902306500239932	7775113	16	5296598	15	5296598	0.125		0	0	0	1	True	69.64692251510476	9.78947578744009	cocopye	7.426772145586014	3.887169287200157	7.426772145586014	3.887169287200157	medium	medium
G_r037_chimera_20pct	37	18	chimera	0.2	20.0	rc0.5	RS_GCF_036346935.1	Actinomycetota	Bacteria	high	62.22015036951875	5.902306500239932	62.22015036951875	5.902306500239932	7775113	16	5296598	14	5296598	0.25		0	0	0	2	True	69.64692251510476	9.78947578744009	cocopye	7.426772145586014	3.887169287200157	7.426772145586014	3.887169287200157	medium	medium
G_r037_chimera_40pct	37	19	chimera	0.4	40.0	rc0.5	RS_GCF_036346935.1	Actinomycetota	Bacteria	high	62.22015036951875	5.902306500239932	62.22015036951875	5.902306500239932	7775113	16	5296598	13	5296598	0.375		0	0	0	3	True	69.64692251510476	9.78947578744009	cocopye	7.426772145586014	3.887169287200157	7.426772145586014	3.887169287200157	medium	medium
G_r037_uneven_coverage_5pct	37	20	uneven_coverage	0.05	5.0	lognormal_sigma1.0	RS_GCF_036346935.1	Actinomycetota	Bacteria	high	62.22015036951875	5.902306500239932	62.22015036951875	9.308430629882809	7775113	16	5296598	18	5561428	0.0500000188800433		264830	0	0	0	True	68.35377897992227	14.86984640918686	cocopye	6.13362861040352	8.967539908946927	6.13362861040352	8.967539908946927	low	medium
G_r037_uneven_coverage_10pct	37	21	uneven_coverage	0.1	10.0	lognormal_sigma1.0	RS_GCF_036346935.1	Actinomycetota	Bacteria	high	62.22015036951875	5.902306500239932	62.22015036951875	12.71455475952568	7775113	16	5296598	20	5826258	0.1000000377600867		529660	0	0	0	True	69.1911305578652	13.57540488684953	cocopye	6.970980188346445	7.673098386609597	6.970980188346445	7.673098386609597	low	medium
G_r037_uneven_coverage_20pct	37	22	uneven_coverage	0.2	20.0	lognormal_sigma1.0	RS_GCF_036346935.1	Actinomycetota	Bacteria	high	62.22015036951875	5.902306500239932	62.22015036951875	19.52680301881143	7775113	16	5296598	20	6355918	0.2000000755201735		1059320	0	0	0	True	67.83225401224378	19.40897354457867	cocopye	5.612103642725032	13.506667044338739	5.612103642725032	13.506667044338739	low	medium
G_r037_uneven_coverage_40pct	37	23	uneven_coverage	0.4	40.0	lognormal_sigma1.0	RS_GCF_036346935.1	Actinomycetota	Bacteria	high	62.22015036951875	5.902306500239932	62.22015036951875	33.151286675833525	7775113	16	5296598	25	7415237	0.3999999622399132		2118639	0	0	0	True	78.40850023237024	43.53032564486537	cocopye	16.188349862851496	37.62801914462544	16.188349862851496	37.62801914462544	low	medium
G_r038_none_control	38	0	none	0.0	0.0	control	RS_GCF_012113595.1	Bacteroidota	Bacteria	low	59.68857810067615	19.99999410219307	59.68857810067615	19.99999410219307	6782182	78	5404624	78	5404624	0.0		0	0	0	0	True	62.81520730531454	23.39617389828732	cocopye	3.126629204638384	3.3961797960942484	3.126629204638384	3.3961797960942484	low	low
G_r038_substitution_0p1pct	38	1	substitution	0.001	0.1	uniform	RS_GCF_012113595.1	Bacteroidota	Bacteria	low	59.68857810067615	19.99999410219307	59.68857810067615	19.99999410219307	6782182	78	5404624	78	5404624	0.0009830471092901	0.0089640838741259	0	5313	0	0	True	62.98283866478857	23.99139476507257	cocopye	3.294260564112413	3.9914006628794994	3.294260564112413	3.9914006628794994	low	low
G_r038_substitution_0p5pct	38	2	substitution	0.005	0.5	uniform	RS_GCF_012113595.1	Bacteroidota	Bacteria	low	59.68857810067615	19.99999410219307	59.68857810067615	19.99999410219307	6782182	78	5404624	78	5404624	0.0049664879554988	0.0441104216424403	0	26842	0	0	True	62.97025922909659	25.35408408111424	cocopye	3.2816811284204377	5.35408997892117	3.2816811284204377	5.35408997892117	low	low
G_r038_substitution_1pct	38	3	substitution	0.01	1.0	uniform	RS_GCF_012113595.1	Bacteroidota	Bacteria	low	59.68857810067615	19.99999410219307	59.68857810067615	19.99999410219307	6782182	78	5404624	78	5404624	0.0100419566652555	0.0864827525163591	0	54273	0	0	True	70.59284525963018	36.85029646427573	cocopye	10.904267158954028	16.850302362082658	10.904267158954028	16.850302362082658	low	low
G_r038_substitution_2pct	38	4	substitution	0.02	2.0	uniform	RS_GCF_012113595.1	Bacteroidota	Bacteria	low	59.68857810067615	19.99999410219307	59.68857810067615	19.99999410219307	6782182	78	5404624	78	5404624	0.0200626352545524	0.1662522378698502	0	108431	0	0	True	71.08702680429518	51.80131004366813	cocopye	11.398448703619025	31.80131594147506	11.398448703619025	31.80131594147506	low	low
G_r038_substitution_5pct	38	5	substitution	0.05	5.0	uniform	RS_GCF_012113595.1	Bacteroidota	Bacteria	low	59.68857810067615	19.99999410219307	59.68857810067615	19.99999410219307	6782182	78	5404624	78	5404624	0.0501056132674539	0.3697505902753909	0	270802	0	0	True	69.66814493395619	70.09106193621135	cocopye	9.979566833280032	50.091067834018276	9.979566833280032	50.091067834018276	low	low
G_r038_substitution_titv_0p1pct	38	6	substitution_titv	0.001	0.1	titv_2	RS_GCF_012113595.1	Bacteroidota	Bacteria	low	59.68857810067615	19.99999410219307	59.68857810067615	19.99999410219307	6782182	78	5404624	78	5404624	0.0009932235804007	0.0089640838741259	0	5368	0	0	True	62.72938614899325	23.266120177868927	cocopye	3.0408080483170963	3.2661260756758566	3.0408080483170963	3.2661260756758566	low	low
G_r038_substitution_titv_0p5pct	38	7	substitution_titv	0.005	0.5	titv_2	RS_GCF_012113595.1	Bacteroidota	Bacteria	low	59.68857810067615	19.99999410219307	59.68857810067615	19.99999410219307	6782182	78	5404624	78	5404624	0.005017740364547	0.0441104216424403	0	27119	0	0	True	62.81741581473622	25.40181083475943	cocopye	3.1288377140600687	5.40181673256636	3.1288377140600687	5.40181673256636	low	low
G_r038_substitution_titv_1pct	38	8	substitution_titv	0.01	1.0	titv_2	RS_GCF_012113595.1	Bacteroidota	Bacteria	low	59.68857810067615	19.99999410219307	59.68857810067615	19.99999410219307	6782182	78	5404624	78	5404624	0.0100599042597597	0.0864827525163591	0	54370	0	0	True	70.61676088055057	31.110540307767582	cocopye	10.928182779874419	11.110546205574511	10.928182779874419	11.110546205574511	low	low
G_r038_substitution_titv_2pct	38	9	substitution_titv	0.02	2.0	titv_2	RS_GCF_012113595.1	Bacteroidota	Bacteria	low	59.68857810067615	19.99999410219307	59.68857810067615	19.99999410219307	6782182	78	5404624	78	5404624	0.0199708619878089	0.1662522378698502	0	107935	0	0	True	70.73013585641843	41.77561068753583	cocopye	11.041557755742275	21.77561658534276	11.041557755742275	21.77561658534276	low	low
G_r038_substitution_titv_5pct	38	10	substitution_titv	0.05	5.0	titv_2	RS_GCF_012113595.1	Bacteroidota	Bacteria	low	59.68857810067615	19.99999410219307	59.68857810067615	19.99999410219307	6782182	78	5404624	78	5404624	0.0500321576487097	0.3697505902753909	0	270405	0	0	True	70.64966508391505	63.29755364977492	cocopye	10.9610869832389	43.29755954758185	10.9610869832389	43.29755954758185	low	low
G_r038_indel_0p1pct	38	11	indel	0.001	0.1	ins0.5_geom0.75	RS_GCF_012113595.1	Bacteroidota	Bacteria	low	59.68857810067615	19.99999410219307	59.68651287576785	19.99999410219307	6782182	78	5404624	78	5404437	0.0009928535269058		0	0	5366	0	True	71.61310241909443	53.98775400715772	cocopye	11.924524318418278	33.98775990496465	11.924524318418278	33.98775990496465	low	low
G_r038_indel_0p5pct	38	12	indel	0.005	0.5	ins0.5_geom0.75	RS_GCF_012113595.1	Bacteroidota	Bacteria	low	59.68857810067615	19.99999410219307	59.68958310317164	19.99999410219307	6782182	78	5404624	78	5404715	0.0049855457104879		0	0	26945	0	True	72.03585591179113	141.32436279036875	cocopye	12.347277811114978	121.32436868817568	12.347277811114978	121.32436868817568	low	low
G_r038_indel_1pct	38	13	indel	0.01	1.0	ins0.5_geom0.75	RS_GCF_012113595.1	Bacteroidota	Bacteria	low	59.68857810067615	19.99999410219307	59.68978189487404	19.99999410219307	6782182	78	5404624	78	5404733	0.010050097842144		0	0	54317	0	True	72.1016009814555	207.49924566153447	cocopye	12.413022880779351	187.49925155934142	12.413022880779351	187.49925155934142	low	low
G_r038_indel_2pct	38	14	indel	0.02	2.0	ins0.5_geom0.75	RS_GCF_012113595.1	Bacteroidota	Bacteria	low	59.68857810067615	19.99999410219307	59.69048870981593	19.99999410219307	6782182	78	5404624	78	5404797	0.0199353368522953		0	0	107743	0	True	70.54530373597755	247.3853415464744	cocopye	10.856725635301402	227.3853474442813	10.856725635301402	227.3853474442813	low	low
G_r038_indel_5pct	38	15	indel	0.05	5.0	ins0.5_geom0.75	RS_GCF_012113595.1	Bacteroidota	Bacteria	low	59.68857810067615	19.99999410219307	59.67483938524336	19.99999410219307	6782182	78	5404624	78	5403380	0.0499779448117019		0	0	270112	0	True	67.93528295762046	162.52792614132332	cocopye	8.246704856944305	142.52793203913023	8.246704856944305	142.52793203913023	low	low
G_r038_chimera_5pct	38	16	chimera	0.05	5.0	rc0.5	RS_GCF_012113595.1	Bacteroidota	Bacteria	low	59.68857810067615	19.99999410219307	59.68857810067615	19.99999410219307	6782182	78	5404624	76	5404624	0.0512820512820512		0	0	0	2	True	62.81520730531454	23.39617389828732	cocopye	3.126629204638384	3.3961797960942484	3.126629204638384	3.3961797960942484	low	low
G_r038_chimera_10pct	38	17	chimera	0.1	10.0	rc0.5	RS_GCF_012113595.1	Bacteroidota	Bacteria	low	59.68857810067615	19.99999410219307	59.68857810067615	19.99999410219307	6782182	78	5404624	74	5404624	0.1025641025641025		0	0	0	4	True	62.81520730531454	23.39617389828732	cocopye	3.126629204638384	3.3961797960942484	3.126629204638384	3.3961797960942484	low	low
G_r038_chimera_20pct	38	18	chimera	0.2	20.0	rc0.5	RS_GCF_012113595.1	Bacteroidota	Bacteria	low	59.68857810067615	19.99999410219307	59.68857810067615	19.99999410219307	6782182	78	5404624	70	5404624	0.2051282051282051		0	0	0	8	True	62.81520730531454	23.39617389828732	cocopye	3.126629204638384	3.3961797960942484	3.126629204638384	3.3961797960942484	low	low
G_r038_chimera_40pct	38	19	chimera	0.4	40.0	rc0.5	RS_GCF_012113595.1	Bacteroidota	Bacteria	low	59.68857810067615	19.99999410219307	59.68857810067615	19.99999410219307	6782182	78	5404624	63	5404624	0.3846153846153846		0	0	0	15	True	62.81520730531454	23.39617389828732	cocopye	3.126629204638384	3.3961797960942484	3.126629204638384	3.3961797960942484	low	low
G_r038_uneven_coverage_5pct	38	20	uneven_coverage	0.05	5.0	lognormal_sigma1.0	RS_GCF_012113595.1	Bacteroidota	Bacteria	low	59.68857810067615	19.99999410219307	59.68857810067615	23.984419763433067	6782182	78	5404624	81	5674855	0.0499999629946505		270231	0	0	0	True	63.100790451526144	24.96098020139841	cocopye	3.412212350849991	4.960986099205339	3.412212350849991	4.960986099205339	low	low
G_r038_uneven_coverage_10pct	38	21	uneven_coverage	0.1	10.0	lognormal_sigma1.0	RS_GCF_012113595.1	Bacteroidota	Bacteria	low	59.68857810067615	19.99999410219307	59.68857810067615	27.968845424673063	6782182	78	5404624	85	5945086	0.099999925989301		540462	0	0	0	True	71.2254367840635	35.05716109199156	cocopye	11.53685868338735	15.057166989798489	11.53685868338735	15.057166989798489	low	low
G_r038_uneven_coverage_20pct	38	22	uneven_coverage	0.2	20.0	lognormal_sigma1.0	RS_GCF_012113595.1	Bacteroidota	Bacteria	low	59.68857810067615	19.99999410219307	59.68857810067615	35.93771149167038	6782182	78	5404624	97	6485549	0.2000000370053495		1080925	0	0	0	True	71.37672697089992	40.39815817984832	cocopye	11.68814887022377	20.398164077655252	11.68814887022377	20.398164077655252	low	low
G_r038_uneven_coverage_40pct	38	23	uneven_coverage	0.4	40.0	lognormal_sigma1.0	RS_GCF_012113595.1	Bacteroidota	Bacteria	low	59.68857810067615	19.99999410219307	59.68857810067615	51.87542888114769	6782182	78	5404624	105	7566474	0.400000074010699		2161850	0	0	0	True	71.39175886960373	74.34376510148196	cocopye	11.70318076892758	54.34377099928889	11.70318076892758	54.34377099928889	low	low
G_r039_none_control	39	0	none	0.0	0.0	control	GB_GCA_002234455.1	Campylobacterota	Bacteria	medium	65.46776304174284	19.999988269044767	65.46776304174284	19.999988269044767	1704891	2	1457132	2	1457132	0.0		0	0	0	0	True	64.02043887673919	18.31508352205454	cocopye	-1.44732416500365	-1.6849047469902274	1.44732416500365	1.6849047469902274	low	low
G_r039_substitution_0p1pct	39	1	substitution	0.001	0.1	uniform	GB_GCA_002234455.1	Campylobacterota	Bacteria	medium	65.46776304174284	19.999988269044767	65.46776304174284	19.999988269044767	1704891	2	1457132	2	1457132	0.001006085927699	0.0089640838741259	0	1466	0	0	True	63.44781444394365	19.97822330586821	cocopye	-2.0199485977991927	-0.021764963176558183	2.0199485977991927	0.021764963176558183	low	low
G_r039_substitution_0p5pct	39	2	substitution	0.005	0.5	uniform	GB_GCA_002234455.1	Campylobacterota	Bacteria	medium	65.46776304174284	19.999988269044767	65.46776304174284	19.999988269044767	1704891	2	1457132	2	1457132	0.0050180766052766	0.0441104216424403	0	7312	0	0	True	63.56245079136331	24.61458684453929	cocopye	-1.9053122503795308	4.614598575494522	1.9053122503795308	4.614598575494522	low	low
G_r039_substitution_1pct	39	3	substitution	0.01	1.0	uniform	GB_GCA_002234455.1	Campylobacterota	Bacteria	medium	65.46776304174284	19.999988269044767	65.46776304174284	19.999988269044767	1704891	2	1457132	2	1457132	0.0100361532105533	0.0864827525163591	0	14624	0	0	True	63.61768108281613	28.87899146564883	cocopye	-1.8500819589267152	8.879003196604064	1.8500819589267152	8.879003196604064	low	low
G_r039_substitution_2pct	39	4	substitution	0.02	2.0	uniform	GB_GCA_002234455.1	Campylobacterota	Bacteria	medium	65.46776304174284	19.999988269044767	65.46776304174284	19.999988269044767	1704891	2	1457132	2	1457132	0.0199398544538174	0.1662522378698502	0	29055	0	0	True	63.98054116502532	31.210841211812163	cocopye	-1.4872218767175198	11.210852942767396	1.4872218767175198	11.210852942767396	low	low
G_r039_substitution_5pct	39	5	substitution	0.05	5.0	uniform	GB_GCA_002234455.1	Campylobacterota	Bacteria	medium	65.46776304174284	19.999988269044767	65.46776304174284	19.999988269044767	1704891	2	1457132	2	1457132	0.0497957631841178	0.3697505902753909	0	72559	0	0	True	64.3321309920078	48.91566331911453	cocopye	-1.1356320497350367	28.915675050069762	1.1356320497350367	28.915675050069762	low	low
G_r039_substitution_titv_0p1pct	39	6	substitution_titv	0.001	0.1	titv_2	GB_GCA_002234455.1	Campylobacterota	Bacteria	medium	65.46776304174284	19.999988269044767	65.46776304174284	19.999988269044767	1704891	2	1457132	2	1457132	0.000987556377871	0.0089640838741259	0	1439	0	0	True	63.23181446465307	18.99499367191171	cocopye	-2.235948577089772	-1.0049945971330558	2.235948577089772	1.0049945971330558	low	low
G_r039_substitution_titv_0p5pct	39	7	substitution_titv	0.005	0.5	titv_2	GB_GCA_002234455.1	Campylobacterota	Bacteria	medium	65.46776304174284	19.999988269044767	65.46776304174284	19.999988269044767	1704891	2	1457132	2	1457132	0.0049439584059645	0.0441104216424403	0	7204	0	0	True	63.50730301524342	22.25685274184503	cocopye	-1.960460026499419	2.256864472800263	1.960460026499419	2.256864472800263	low	low
G_r039_substitution_titv_1pct	39	8	substitution_titv	0.01	1.0	titv_2	GB_GCA_002234455.1	Campylobacterota	Bacteria	medium	65.46776304174284	19.999988269044767	65.46776304174284	19.999988269044767	1704891	2	1457132	2	1457132	0.010082820224935	0.0864827525163591	0	14692	0	0	True	65.07399023868847	26.3596927947024	cocopye	-0.39377280305437523	6.359704525657634	0.39377280305437523	6.359704525657634	low	low
G_r039_substitution_titv_2pct	39	9	substitution_titv	0.02	2.0	titv_2	GB_GCA_002234455.1	Campylobacterota	Bacteria	medium	65.46776304174284	19.999988269044767	65.46776304174284	19.999988269044767	1704891	2	1457132	2	1457132	0.0199124032688871	0.1662522378698502	0	29015	0	0	True	64.21887330583269	28.62548131204632	cocopye	-1.2488897359101543	8.625493043001551	1.2488897359101543	8.625493043001551	low	low
G_r039_substitution_titv_5pct	39	10	substitution_titv	0.05	5.0	titv_2	GB_GCA_002234455.1	Campylobacterota	Bacteria	medium	65.46776304174284	19.999988269044767	65.46776304174284	19.999988269044767	1704891	2	1457132	2	1457132	0.0499103718812022	0.3697505902753909	0	72726	0	0	True	65.08105517142592	38.9197206828001	cocopye	-0.38670787031692555	18.91973241375533	0.38670787031692555	18.91973241375533	low	low
G_r039_indel_0p1pct	39	11	indel	0.001	0.1	ins0.5_geom0.75	GB_GCA_002234455.1	Campylobacterota	Bacteria	medium	65.46776304174284	19.999988269044767	65.46601080326437	19.999988269044767	1704891	2	1457132	2	1457093	0.0009992231314664		0	0	1456	0	True	66.55008670369627	31.301053616369188	cocopye	1.0823236619534242	11.301065347324421	1.0823236619534242	11.301065347324421	low	low
G_r039_indel_0p5pct	39	12	indel	0.005	0.5	ins0.5_geom0.75	GB_GCA_002234455.1	Campylobacterota	Bacteria	medium	65.46776304174284	19.999988269044767	65.46416870640238	19.999988269044767	1704891	2	1457132	2	1457052	0.0050132726479138		0	0	7305	0	True	65.16096865926804	101.4894145042214	cocopye	-0.3067943824748056	81.48942623517664	0.3067943824748056	81.48942623517664	low	low
G_r039_indel_1pct	39	13	indel	0.01	1.0	ins0.5_geom0.75	GB_GCA_002234455.1	Campylobacterota	Bacteria	medium	65.46776304174284	19.999988269044767	65.46956020941307	19.999988269044767	1704891	2	1457132	2	1457172	0.0099400740632969		0	0	14484	0	True	66.19984269544432	155.28122308686022	cocopye	0.7320796537014758	135.28123481781546	0.7320796537014758	135.28123481781546	low	low
G_r039_indel_2pct	39	14	indel	0.02	2.0	ins0.5_geom0.75	GB_GCA_002234455.1	Campylobacterota	Bacteria	medium	65.46776304174284	19.999988269044767	65.46493250266222	19.999988269044767	1704891	2	1457132	2	1457069	0.0198629911360123		0	0	28943	0	True	61.29160063391442	177.51188202629754	cocopye	-4.176162407828421	157.51189375725278	4.176162407828421	157.51189375725278	low	low
G_r039_indel_5pct	39	15	indel	0.05	5.0	ins0.5_geom0.75	GB_GCA_002234455.1	Campylobacterota	Bacteria	medium	65.46776304174284	19.999988269044767	65.47248060687723	19.999988269044767	1704891	2	1457132	2	1457237	0.0497971357433643		0	0	72561	0	True	59.24332594786066	110.9577940071498	cocopye	-6.22443709388218	90.95780573810504	6.22443709388218	90.95780573810504	low	low
G_r039_chimera_5pct	39	16	chimera	0.05	5.0	rc0.5	GB_GCA_002234455.1	Campylobacterota	Bacteria	medium	65.46776304174284	19.999988269044767	65.46776304174284	19.999988269044767	1704891	2	1457132	2	1457132	0.0		0	0	0	0	True	64.02043887673919	18.31508352205454	cocopye	-1.44732416500365	-1.6849047469902274	1.44732416500365	1.6849047469902274	low	low
G_r039_chimera_10pct	39	17	chimera	0.1	10.0	rc0.5	GB_GCA_002234455.1	Campylobacterota	Bacteria	medium	65.46776304174284	19.999988269044767	65.46776304174284	19.999988269044767	1704891	2	1457132	2	1457132	0.0		0	0	0	0	True	64.02043887673919	18.31508352205454	cocopye	-1.44732416500365	-1.6849047469902274	1.44732416500365	1.6849047469902274	low	low
G_r039_chimera_20pct	39	18	chimera	0.2	20.0	rc0.5	GB_GCA_002234455.1	Campylobacterota	Bacteria	medium	65.46776304174284	19.999988269044767	65.46776304174284	19.999988269044767	1704891	2	1457132	2	1457132	0.0		0	0	0	0	True	64.02043887673919	18.31508352205454	cocopye	-1.44732416500365	-1.6849047469902274	1.44732416500365	1.6849047469902274	low	low
G_r039_chimera_40pct	39	19	chimera	0.4	40.0	rc0.5	GB_GCA_002234455.1	Campylobacterota	Bacteria	medium	65.46776304174284	19.999988269044767	65.46776304174284	19.999988269044767	1704891	2	1457132	2	1457132	0.0		0	0	0	0	True	64.02043887673919	18.31508352205454	cocopye	-1.44732416500365	-1.6849047469902274	1.44732416500365	1.6849047469902274	low	low
G_r039_uneven_coverage_5pct	39	20	uneven_coverage	0.05	5.0	lognormal_sigma1.0	GB_GCA_002234455.1	Campylobacterota	Bacteria	medium	65.46776304174284	19.999988269044767	65.46776304174284	24.273399296494613	1704891	2	1457132	3	1529989	0.0500002745118493		72857	0	0	0	True	63.04357186553675	23.48336661657994	cocopye	-2.4241911762060937	3.4833783475351723	2.4241911762060937	3.4833783475351723	low	low
G_r039_uneven_coverage_10pct	39	21	uneven_coverage	0.1	10.0	lognormal_sigma1.0	GB_GCA_002234455.1	Campylobacterota	Bacteria	medium	65.46776304174284	19.999988269044767	65.46776304174284	28.54675166916829	1704891	2	1457132	3	1602845	0.0999998627440753		145713	0	0	0	True	64.18685083887577	22.63308727363334	cocopye	-1.2809122028670714	2.6330990045885727	1.2809122028670714	2.6330990045885727	low	low
G_r039_uneven_coverage_20pct	39	22	uneven_coverage	0.2	20.0	lognormal_sigma1.0	GB_GCA_002234455.1	Campylobacterota	Bacteria	medium	65.46776304174284	19.999988269044767	65.46776304174284	37.09351506929182	1704891	2	1457132	3	1748558	0.1999997254881507		291426	0	0	0	True	65.18596746430354	25.03119854492812	cocopye	-0.28179557743929706	5.031210275883353	0.28179557743929706	5.031210275883353	low	low
G_r039_uneven_coverage_40pct	39	23	uneven_coverage	0.4	40.0	lognormal_sigma1.0	GB_GCA_002234455.1	Campylobacterota	Bacteria	medium	65.46776304174284	19.999988269044767	65.46776304174284	54.18710052431504	1704891	2	1457132	4	2039985	0.4000001372559246		582853	0	0	0	True	64.636986981517	32.77175848234431	cocopye	-0.830776060225844	12.771770213299543	0.830776060225844	12.771770213299543	low	low
G_r040_none_control	40	0	none	0.0	0.0	control	RS_GCF_028623165.1	Cyanobacteriota	Bacteria	high	75.07237953953009	9.999989175092754	75.07237953953009	9.999989175092754	8314159	6	7073052	6	7073052	0.0		0	0	0	0	True	69.54380995800926	10.8293636389275	cocopye	-5.528569581520827	0.8293744638347462	5.528569581520827	0.8293744638347462	low	medium
G_r040_substitution_0p1pct	40	1	substitution	0.001	0.1	uniform	RS_GCF_028623165.1	Cyanobacteriota	Bacteria	high	75.07237953953009	9.999989175092754	75.07237953953009	9.999989175092754	8314159	6	7073052	6	7073052	0.0009975891595311	0.0089640838741259	0	7056	0	0	True	69.16089596316712	12.56829805914275	cocopye	-5.9114835763629685	2.568308884049996	5.9114835763629685	2.568308884049996	low	medium
G_r040_substitution_0p5pct	40	2	substitution	0.005	0.5	uniform	RS_GCF_028623165.1	Cyanobacteriota	Bacteria	high	75.07237953953009	9.999989175092754	75.07237953953009	9.999989175092754	8314159	6	7073052	6	7073052	0.004963345384708	0.0441104216424403	0	35106	0	0	True	68.4866223346577	12.1804336523063	cocopye	-6.585757204872394	2.1804444772135465	6.585757204872394	2.1804444772135465	low	medium
G_r040_substitution_1pct	40	3	substitution	0.01	1.0	uniform	RS_GCF_028623165.1	Cyanobacteriota	Bacteria	high	75.07237953953009	9.999989175092754	75.07237953953009	9.999989175092754	8314159	6	7073052	6	7073052	0.0099852227864293	0.0864827525163591	0	70626	0	0	True	68.71673274194802	15.574830747404611	cocopye	-6.355646797582068	5.574841572311858	6.355646797582068	5.574841572311858	low	medium
G_r040_substitution_2pct	40	4	substitution	0.02	2.0	uniform	RS_GCF_028623165.1	Cyanobacteriota	Bacteria	high	75.07237953953009	9.999989175092754	75.07237953953009	9.999989175092754	8314159	6	7073052	6	7073052	0.0200630505756213	0.1662522378698502	0	141907	0	0	True	69.97877606521851	20.50379547950243	cocopye	-5.093603474311578	10.503806304409675	5.093603474311578	10.503806304409675	low	medium
G_r040_substitution_5pct	40	5	substitution	0.05	5.0	uniform	RS_GCF_028623165.1	Cyanobacteriota	Bacteria	high	75.07237953953009	9.999989175092754	75.07237953953009	9.999989175092754	8314159	6	7073052	6	7073052	0.0499408176272421	0.3697505902753909	0	353234	0	0	True	73.39044493678203	55.07528239692855	cocopye	-1.6819346027480577	45.07529322183579	1.6819346027480577	45.07529322183579	low	medium
G_r040_substitution_titv_0p1pct	40	6	substitution_titv	0.001	0.1	titv_2	RS_GCF_028623165.1	Cyanobacteriota	Bacteria	high	75.07237953953009	9.999989175092754	75.07237953953009	9.999989175092754	8314159	6	7073052	6	7073052	0.0009946201441753	0.0089640838741259	0	7035	0	0	True	69.52371027966115	11.56992847100431	cocopye	-5.548669259868944	1.5699392959115563	5.548669259868944	1.5699392959115563	low	medium
G_r040_substitution_titv_0p5pct	40	7	substitution_titv	0.005	0.5	titv_2	RS_GCF_028623165.1	Cyanobacteriota	Bacteria	high	75.07237953953009	9.999989175092754	75.07237953953009	9.999989175092754	8314159	6	7073052	6	7073052	0.0049622143312391	0.0441104216424403	0	35098	0	0	True	67.63088135788935	15.818371595634858	cocopye	-7.441498181640739	5.818382420542104	7.441498181640739	5.818382420542104	low	medium
G_r040_substitution_titv_1pct	40	8	substitution_titv	0.01	1.0	titv_2	RS_GCF_028623165.1	Cyanobacteriota	Bacteria	high	75.07237953953009	9.999989175092754	75.07237953953009	9.999989175092754	8314159	6	7073052	6	7073052	0.0099706604730178	0.0864827525163591	0	70523	0	0	True	68.33281226131442	18.75248618738391	cocopye	-6.739567278215674	8.752497012291155	6.739567278215674	8.752497012291155	low	medium
G_r040_substitution_titv_2pct	40	9	substitution_titv	0.02	2.0	titv_2	RS_GCF_028623165.1	Cyanobacteriota	Bacteria	high	75.07237953953009	9.999989175092754	75.07237953953009	9.999989175092754	8314159	6	7073052	6	7073052	0.01996422477878	0.1662522378698502	0	141208	0	0	True	73.23494903312242	32.50688537093233	cocopye	-1.8374305064076708	22.506896195839577	1.8374305064076708	22.506896195839577	low	medium
G_r040_substitution_titv_5pct	40	10	substitution_titv	0.05	5.0	titv_2	RS_GCF_028623165.1	Cyanobacteriota	Bacteria	high	75.07237953953009	9.999989175092754	75.07237953953009	9.999989175092754	8314159	6	7073052	6	7073052	0.0500474194166817	0.3697505902753909	0	353988	0	0	True	72.45916515426497	46.0375084851052	cocopye	-2.613214385265124	36.03751931001244	2.613214385265124	36.03751931001244	low	medium
G_r040_indel_0p1pct	40	11	indel	0.001	0.1	ins0.5_geom0.75	RS_GCF_028623165.1	Cyanobacteriota	Bacteria	high	75.07237953953009	9.999989175092754	75.06998080730305	9.999989175092754	8314159	6	7073052	6	7072826	0.0009999926481524		0	0	7073	0	True	73.51093229700308	33.60655737704918	cocopye	-1.5614472425270094	23.606568201956424	1.5614472425270094	23.606568201956424	low	medium
G_r040_indel_0p5pct	40	12	indel	0.005	0.5	ins0.5_geom0.75	RS_GCF_028623165.1	Cyanobacteriota	Bacteria	high	75.07237953953009	9.999989175092754	75.07539387560303	9.999989175092754	8314159	6	7073052	6	7073336	0.0050206049665688		0	0	35511	0	True	74.60176991150442	117.12389380530976	cocopye	-0.4706096280256702	107.12390463021701	0.4706096280256702	107.12390463021701	low	medium
G_r040_indel_1pct	40	13	indel	0.01	1.0	ins0.5_geom0.75	RS_GCF_028623165.1	Cyanobacteriota	Bacteria	high	75.07237953953009	9.999989175092754	75.07634912295006	9.999989175092754	8314159	6	7073052	6	7073426	0.0100359788108443		0	0	70985	0	True	75.33394235079406	154.26533461051343	cocopye	0.2615628112639712	144.26534543542067	0.2615628112639712	144.26534543542067	low	medium
G_r040_indel_2pct	40	14	indel	0.02	2.0	ins0.5_geom0.75	RS_GCF_028623165.1	Cyanobacteriota	Bacteria	high	75.07237953953009	9.999989175092754	75.0743749450995	9.999989175092754	8314159	6	7073052	6	7073240	0.0200472158270574		0	0	141795	0	True	73.14159292035399	206.3274336283186	cocopye	-1.9307866191761036	196.32744445322584	1.9307866191761036	196.32744445322584	low	medium
G_r040_indel_5pct	40	15	indel	0.05	5.0	ins0.5_geom0.75	RS_GCF_028623165.1	Cyanobacteriota	Bacteria	high	75.07237953953009	9.999989175092754	75.07046904483599	9.999989175092754	8314159	6	7073052	6	7072872	0.0500076911635882		0	0	353707	0	True	67.47863247863248	118.60399555956197	cocopye	-7.593747060897613	108.60400638446922	7.593747060897613	108.60400638446922	low	medium
G_r040_chimera_5pct	40	16	chimera	0.05	5.0	rc0.5	RS_GCF_028623165.1	Cyanobacteriota	Bacteria	high	75.07237953953009	9.999989175092754	75.07237953953009	9.999989175092754	8314159	6	7073052	6	7073052	0.0		0	0	0	0	True	69.54380995800926	10.8293636389275	cocopye	-5.528569581520827	0.8293744638347462	5.528569581520827	0.8293744638347462	low	medium
G_r040_chimera_10pct	40	17	chimera	0.1	10.0	rc0.5	RS_GCF_028623165.1	Cyanobacteriota	Bacteria	high	75.07237953953009	9.999989175092754	75.07237953953009	9.999989175092754	8314159	6	7073052	6	7073052	0.0		0	0	0	0	True	69.54380995800926	10.8293636389275	cocopye	-5.528569581520827	0.8293744638347462	5.528569581520827	0.8293744638347462	low	medium
G_r040_chimera_20pct	40	18	chimera	0.2	20.0	rc0.5	RS_GCF_028623165.1	Cyanobacteriota	Bacteria	high	75.07237953953009	9.999989175092754	75.07237953953009	9.999989175092754	8314159	6	7073052	5	7073052	0.3333333333333333		0	0	0	1	True	69.54380995800926	10.8293636389275	cocopye	-5.528569581520827	0.8293744638347462	5.528569581520827	0.8293744638347462	low	medium
G_r040_chimera_40pct	40	19	chimera	0.4	40.0	rc0.5	RS_GCF_028623165.1	Cyanobacteriota	Bacteria	high	75.07237953953009	9.999989175092754	75.07237953953009	9.999989175092754	8314159	6	7073052	4	7073052	0.6666666666666666		0	0	0	2	True	69.5518541349037	10.85077859322507	cocopye	-5.520525404626383	0.850789418132317	5.520525404626383	0.850789418132317	low	medium
G_r040_uneven_coverage_5pct	40	20	uneven_coverage	0.05	5.0	lognormal_sigma1.0	RS_GCF_028623165.1	Cyanobacteriota	Bacteria	high	75.07237953953009	9.999989175092754	75.07237953953009	14.253612421893784	8314159	6	7073052	7	7426705	0.0500000565526734		353653	0	0	0	True	69.36980855761192	12.80842424939174	cocopye	-5.702570981918171	2.808435074298986	5.702570981918171	2.808435074298986	low	medium
G_r040_uneven_coverage_10pct	40	21	uneven_coverage	0.1	10.0	lognormal_sigma1.0	RS_GCF_028623165.1	Cyanobacteriota	Bacteria	high	75.07237953953009	9.999989175092754	75.07237953953009	18.507223641020097	8314159	6	7073052	8	7780357	0.0999999717236632		707305	0	0	0	True	68.55909282108516	15.340943838532969	cocopye	-6.513286718444931	5.340954663440215	6.513286718444931	5.340954663440215	low	medium
G_r040_uneven_coverage_20pct	40	22	uneven_coverage	0.2	20.0	lognormal_sigma1.0	RS_GCF_028623165.1	Cyanobacteriota	Bacteria	high	75.07237953953009	9.999989175092754	75.07237953953009	27.01445810694744	8314159	6	7073052	7	8487662	0.1999999434473265		1414610	0	0	0	True	68.34303350273149	21.54933645665853	cocopye	-6.729346036798603	11.549347281565776	6.729346036798603	11.549347281565776	low	medium
G_r040_uneven_coverage_40pct	40	23	uneven_coverage	0.4	40.0	lognormal_sigma1.0	RS_GCF_028623165.1	Cyanobacteriota	Bacteria	high	75.07237953953009	9.999989175092754	75.07237953953009	44.02893906647684	8314159	6	7073052	10	9902273	0.4000000282763367		2829221	0	0	0	True	75.80449672344604	49.074077779912336	cocopye	0.7321171839159462	39.07408860481958	0.7321171839159462	39.07408860481958	low	medium
G_r041_none_control	41	0	none	0.0	0.0	control	RS_GCF_000772145.1	Chlamydiota	Bacteria	highly_fragmented	79.63802634043866	1.979121134143125	79.63802634043866	1.979121134143125	1072951	26	875712	26	875712	0.0		0	0	0	0	True	72.7461096672664	3.44835446567077	cocopye	-6.891916673172261	1.4692333315276451	6.891916673172261	1.4692333315276451	medium	medium
G_r041_substitution_0p1pct	41	1	substitution	0.001	0.1	uniform	RS_GCF_000772145.1	Chlamydiota	Bacteria	highly_fragmented	79.63802634043866	1.979121134143125	79.63802634043866	1.979121134143125	1072951	26	875712	26	875712	0.0010163158664035	0.0089640838741259	0	890	0	0	True	73.3322134820273	2.50723313820198	cocopye	-6.3058128584113575	0.528112004058855	6.3058128584113575	0.528112004058855	medium	medium
G_r041_substitution_0p5pct	41	2	substitution	0.005	0.5	uniform	RS_GCF_000772145.1	Chlamydiota	Bacteria	highly_fragmented	79.63802634043866	1.979121134143125	79.63802634043866	1.979121134143125	1072951	26	875712	26	875712	0.0049673865380399	0.0441104216424403	0	4350	0	0	True	69.16027425557391	13.495327728896353	cocopye	-10.477752084864747	11.516206594753228	10.477752084864747	11.516206594753228	low	medium
G_r041_substitution_1pct	41	3	substitution	0.01	1.0	uniform	RS_GCF_000772145.1	Chlamydiota	Bacteria	highly_fragmented	79.63802634043866	1.979121134143125	79.63802634043866	1.979121134143125	1072951	26	875712	26	875712	0.0099496181392969	0.0864827525163591	0	8713	0	0	True	71.78946201714366	16.124125035598063	cocopye	-7.848564323294994	14.145003901454938	7.848564323294994	14.145003901454938	low	medium
G_r041_substitution_2pct	41	4	substitution	0.02	2.0	uniform	RS_GCF_000772145.1	Chlamydiota	Bacteria	highly_fragmented	79.63802634043866	1.979121134143125	79.63802634043866	1.979121134143125	1072951	26	875712	26	875712	0.0199471972520646	0.1662522378698502	0	17468	0	0	True	73.7911700286796	25.20408374233549	cocopye	-5.846856311759055	23.224962608192367	5.846856311759055	23.224962608192367	low	medium
G_r041_substitution_5pct	41	5	substitution	0.05	5.0	uniform	RS_GCF_000772145.1	Chlamydiota	Bacteria	highly_fragmented	79.63802634043866	1.979121134143125	79.63802634043866	1.979121134143125	1072951	26	875712	26	875712	0.0501523331871665	0.3697505902753909	0	43919	0	0	True	69.78021978021978	45.23809663542024	cocopye	-9.857806560218876	43.25897550127711	9.857806560218876	43.25897550127711	low	medium
G_r041_substitution_titv_0p1pct	41	6	substitution_titv	0.001	0.1	titv_2	RS_GCF_000772145.1	Chlamydiota	Bacteria	highly_fragmented	79.63802634043866	1.979121134143125	79.63802634043866	1.979121134143125	1072951	26	875712	26	875712	0.000998045019367	0.0089640838741259	0	874	0	0	True	73.17614840442583	3.91754194865266	cocopye	-6.461877936012826	1.938420814509535	6.461877936012826	1.938420814509535	medium	medium
G_r041_substitution_titv_0p5pct	41	7	substitution_titv	0.005	0.5	titv_2	RS_GCF_000772145.1	Chlamydiota	Bacteria	highly_fragmented	79.63802634043866	1.979121134143125	79.63802634043866	1.979121134143125	1072951	26	875712	26	875712	0.0049799477453774	0.0441104216424403	0	4361	0	0	True	71.42872778531928	9.58055098939053	cocopye	-8.209298555119375	7.601429855247404	8.209298555119375	7.601429855247404	medium	medium
G_r041_substitution_titv_1pct	41	8	substitution_titv	0.01	1.0	titv_2	RS_GCF_000772145.1	Chlamydiota	Bacteria	highly_fragmented	79.63802634043866	1.979121134143125	79.63802634043866	1.979121134143125	1072951	26	875712	26	875712	0.0101106299788058	0.0864827525163591	0	8854	0	0	True	71.01987014293036	15.133821253122658	cocopye	-8.618156197508299	13.154700118979534	8.618156197508299	13.154700118979534	low	medium
G_r041_substitution_titv_2pct	41	9	substitution_titv	0.02	2.0	titv_2	RS_GCF_000772145.1	Chlamydiota	Bacteria	highly_fragmented	79.63802634043866	1.979121134143125	79.63802634043866	1.979121134143125	1072951	26	875712	26	875712	0.0198592688007016	0.1662522378698502	0	17391	0	0	True	70.98457838533905	19.733194616131065	cocopye	-8.653447955099608	17.75407348198794	8.653447955099608	17.75407348198794	low	medium
G_r041_substitution_titv_5pct	41	10	substitution_titv	0.05	5.0	titv_2	RS_GCF_000772145.1	Chlamydiota	Bacteria	highly_fragmented	79.63802634043866	1.979121134143125	79.63802634043866	1.979121134143125	1072951	26	875712	26	875712	0.0498565738507637	0.3697505902753909	0	43660	0	0	True	71.07372283935547	36.53846153846153	cocopye	-8.564303501083188	34.559340404318405	8.564303501083188	34.559340404318405	low	medium
G_r041_indel_0p1pct	41	11	indel	0.001	0.1	ins0.5_geom0.75	RS_GCF_000772145.1	Chlamydiota	Bacteria	highly_fragmented	79.63802634043866	1.979121134143125	79.63820822221335	1.979121134143125	1072951	26	875712	26	875714	0.0009969030914273		0	0	873	0	True	69.91667175292969	34.25	cocopye	-9.72135458750897	32.27087886585687	9.72135458750897	32.27087886585687	low	medium
G_r041_indel_0p5pct	41	12	indel	0.005	0.5	ins0.5_geom0.75	RS_GCF_000772145.1	Chlamydiota	Bacteria	highly_fragmented	79.63802634043866	1.979121134143125	79.64430126166559	1.979121134143125	1072951	26	875712	26	875781	0.0049696703939194		0	0	4352	0	True	70.48458149779736	98.6784140969163	cocopye	-9.153444842641292	96.69929296277317	9.153444842641292	96.69929296277317	low	medium
G_r041_indel_1pct	41	13	indel	0.01	1.0	ins0.5_geom0.75	RS_GCF_000772145.1	Chlamydiota	Bacteria	highly_fragmented	79.63802634043866	1.979121134143125	79.61556394126394	1.979121134143125	1072951	26	875712	26	875465	0.0098673993276328		0	0	8641	0	True	72.39263803680981	153.9365990761599	cocopye	-7.245388303628843	151.95747794201677	7.245388303628843	151.95747794201677	low	medium
G_r041_indel_2pct	41	14	indel	0.02	2.0	ins0.5_geom0.75	RS_GCF_000772145.1	Chlamydiota	Bacteria	highly_fragmented	79.63802634043866	1.979121134143125	79.62829566549252	1.979121134143125	1072951	26	875712	26	875605	0.019965468099101		0	0	17484	0	True	67.93478260869566	162.90760869565216	cocopye	-11.703243731743001	160.92848756150903	11.703243731743001	160.92848756150903	low	medium
G_r041_indel_5pct	41	15	indel	0.05	5.0	ins0.5_geom0.75	RS_GCF_000772145.1	Chlamydiota	Bacteria	highly_fragmented	79.63802634043866	1.979121134143125	79.65712392678154	1.979121134143125	1072951	26	875712	26	875922	0.0499730505006212		0	0	43762	0	True	60.32608695652174	102.17391304347828	cocopye	-19.311939383916915	100.19479190933515	19.311939383916915	100.19479190933515	low	medium
G_r041_chimera_5pct	41	16	chimera	0.05	5.0	rc0.5	RS_GCF_000772145.1	Chlamydiota	Bacteria	highly_fragmented	79.63802634043866	1.979121134143125	79.63802634043866	1.979121134143125	1072951	26	875712	25	875712	0.0769230769230769		0	0	0	1	True	72.7461096672664	3.44835446567077	cocopye	-6.891916673172261	1.4692333315276451	6.891916673172261	1.4692333315276451	medium	medium
G_r041_chimera_10pct	41	17	chimera	0.1	10.0	rc0.5	RS_GCF_000772145.1	Chlamydiota	Bacteria	highly_fragmented	79.63802634043866	1.979121134143125	79.63802634043866	1.979121134143125	1072951	26	875712	25	875712	0.0769230769230769		0	0	0	1	True	72.7461096672664	3.44835446567077	cocopye	-6.891916673172261	1.4692333315276451	6.891916673172261	1.4692333315276451	medium	medium
G_r041_chimera_20pct	41	18	chimera	0.2	20.0	rc0.5	RS_GCF_000772145.1	Chlamydiota	Bacteria	highly_fragmented	79.63802634043866	1.979121134143125	79.63802634043866	1.979121134143125	1072951	26	875712	23	875712	0.2307692307692307		0	0	0	3	True	72.7461096672664	3.44835446567077	cocopye	-6.891916673172261	1.4692333315276451	6.891916673172261	1.4692333315276451	medium	medium
G_r041_chimera_40pct	41	19	chimera	0.4	40.0	rc0.5	RS_GCF_000772145.1	Chlamydiota	Bacteria	highly_fragmented	79.63802634043866	1.979121134143125	79.63802634043866	1.979121134143125	1072951	26	875712	21	875712	0.3846153846153846		0	0	0	5	True	72.7461096672664	3.44835446567077	cocopye	-6.891916673172261	1.4692333315276451	6.891916673172261	1.4692333315276451	medium	medium
G_r041_uneven_coverage_5pct	41	20	uneven_coverage	0.05	5.0	lognormal_sigma1.0	RS_GCF_000772145.1	Chlamydiota	Bacteria	highly_fragmented	79.63802634043866	1.979121134143125	79.63802634043866	6.060015788232641	1072951	26	875712	29	919498	0.0500004567711759		43786	0	0	0	True	71.76059525408691	9.43098194367745	cocopye	-7.8774310863517485	7.451860809534325	7.8774310863517485	7.451860809534325	medium	medium
G_r041_uneven_coverage_10pct	41	21	uneven_coverage	0.1	10.0	lognormal_sigma1.0	RS_GCF_000772145.1	Chlamydiota	Bacteria	highly_fragmented	79.63802634043866	1.979121134143125	79.63802634043866	10.14081724142109	1072951	26	875712	29	963283	0.099999771614412		87571	0	0	0	True	69.95475608923341	19.817971347563528	cocopye	-9.683270251205244	17.838850213420404	9.683270251205244	17.838850213420404	low	medium
G_r041_uneven_coverage_20pct	41	22	uneven_coverage	0.2	20.0	lognormal_sigma1.0	RS_GCF_000772145.1	Chlamydiota	Bacteria	highly_fragmented	79.63802634043866	1.979121134143125	79.63802634043866	18.30251334869905	1072951	26	875712	34	1050854	0.1999995432288241		175142	0	0	0	True	68.71922829396497	11.193982756648388	cocopye	-10.918798046473682	9.214861622505264	10.918798046473682	9.214861622505264	low	medium
G_r041_uneven_coverage_40pct	41	23	uneven_coverage	0.4	40.0	lognormal_sigma1.0	RS_GCF_000772145.1	Chlamydiota	Bacteria	highly_fragmented	79.63802634043866	1.979121134143125	79.63802634043866	34.62599876415605	1072951	26	875712	35	1225997	0.4000002283855879		350285	0	0	0	True	72.4919143232327	32.52427184466019	cocopye	-7.146112017205951	30.545150710517067	7.146112017205951	30.545150710517067	low	medium
G_r042_none_control	42	0	none	0.0	0.0	control	RS_GCF_009884095.1	Spirochaetota	Bacteria	highly_fragmented	69.96157403363347	0.0	69.96157403363347	0.0	4556294	265	3187655	265	3187655	0.0		0	0	0	0	True	68.62595456518241	2.3618091221166	cocopye	-1.335619468451057	2.3618091221166	1.335619468451057	2.3618091221166	medium	medium
G_r042_substitution_0p1pct	42	1	substitution	0.001	0.1	uniform	RS_GCF_009884095.1	Spirochaetota	Bacteria	highly_fragmented	69.96157403363347	0.0	69.96157403363347	0.0	4556294	265	3187655	265	3187655	0.0010051198587365	0.0089640838741259	0	3199	0	0	True	68.25186575919163	4.89064391587547	cocopye	-1.7097082744418373	4.89064391587547	1.7097082744418373	4.89064391587547	medium	medium
G_r042_substitution_0p5pct	42	2	substitution	0.005	0.5	uniform	RS_GCF_009884095.1	Spirochaetota	Bacteria	highly_fragmented	69.96157403363347	0.0	69.96157403363347	0.0	4556294	265	3187655	265	3187655	0.0050535629283895	0.0441104216424403	0	16084	0	0	True	67.46744835010142	11.18457215766798	cocopye	-2.4941256835320473	11.18457215766798	2.4941256835320473	11.18457215766798	low	medium
G_r042_substitution_1pct	42	3	substitution	0.01	1.0	uniform	RS_GCF_009884095.1	Spirochaetota	Bacteria	highly_fragmented	69.96157403363347	0.0	69.96157403363347	0.0	4556294	265	3187655	265	3187655	0.0100191503768021	0.0864827525163591	0	31888	0	0	True	63.504974764562974	20.31755557383174	cocopye	-6.4565992690704945	20.31755557383174	6.4565992690704945	20.31755557383174	low	medium
G_r042_substitution_2pct	42	4	substitution	0.02	2.0	uniform	RS_GCF_009884095.1	Spirochaetota	Bacteria	highly_fragmented	69.96157403363347	0.0	69.96157403363347	0.0	4556294	265	3187655	265	3187655	0.0199540956513406	0.1662522378698502	0	63508	0	0	True	63.15261074868656	27.71943904380026	cocopye	-6.8089632849469055	27.71943904380026	6.8089632849469055	27.71943904380026	low	medium
G_r042_substitution_5pct	42	5	substitution	0.05	5.0	uniform	RS_GCF_009884095.1	Spirochaetota	Bacteria	highly_fragmented	69.96157403363347	0.0	69.96157403363347	0.0	4556294	265	3187655	265	3187655	0.0501023500450088	0.3697505902753909	0	159461	0	0	True	69.19551667373129	44.997663649584894	cocopye	-0.7660573599021774	44.997663649584894	0.7660573599021774	44.997663649584894	low	medium
G_r042_substitution_titv_0p1pct	42	6	substitution_titv	0.001	0.1	titv_2	RS_GCF_009884095.1	Spirochaetota	Bacteria	highly_fragmented	69.96157403363347	0.0	69.96157403363347	0.0	4556294	265	3187655	265	3187655	0.0010066908494503	0.0089640838741259	0	3204	0	0	True	68.39095479091704	4.029741614596309	cocopye	-1.5706192427164325	4.029741614596309	1.5706192427164325	4.029741614596309	medium	medium
G_r042_substitution_titv_0p5pct	42	7	substitution_titv	0.005	0.5	titv_2	RS_GCF_009884095.1	Spirochaetota	Bacteria	highly_fragmented	69.96157403363347	0.0	69.96157403363347	0.0	4556294	265	3187655	265	3187655	0.0049014910272865	0.0441104216424403	0	15600	0	0	True	67.70164795936726	7.38548212549138	cocopye	-2.259926074266204	7.38548212549138	2.259926074266204	7.38548212549138	medium	medium
G_r042_substitution_titv_1pct	42	8	substitution_titv	0.01	1.0	titv_2	RS_GCF_009884095.1	Spirochaetota	Bacteria	highly_fragmented	69.96157403363347	0.0	69.96157403363347	0.0	4556294	265	3187655	265	3187655	0.0100458572189379	0.0864827525163591	0	31973	0	0	True	64.72846486442599	16.23135616450876	cocopye	-5.233109169207481	16.23135616450876	5.233109169207481	16.23135616450876	low	medium
G_r042_substitution_titv_2pct	42	9	substitution_titv	0.02	2.0	titv_2	RS_GCF_009884095.1	Spirochaetota	Bacteria	highly_fragmented	69.96157403363347	0.0	69.96157403363347	0.0	4556294	265	3187655	265	3187655	0.0200059383448984	0.1662522378698502	0	63673	0	0	True	62.65538785038108	23.02596194051468	cocopye	-7.306186183252386	23.02596194051468	7.306186183252386	23.02596194051468	low	medium
G_r042_substitution_titv_5pct	42	10	substitution_titv	0.05	5.0	titv_2	RS_GCF_009884095.1	Spirochaetota	Bacteria	highly_fragmented	69.96157403363347	0.0	69.96157403363347	0.0	4556294	265	3187655	265	3187655	0.0498629310602145	0.3697505902753909	0	158699	0	0	True	68.26294421220152	34.77257920055129	cocopye	-1.6986298214319504	34.77257920055129	1.6986298214319504	34.77257920055129	low	medium
G_r042_indel_0p1pct	42	11	indel	0.001	0.1	ins0.5_geom0.75	RS_GCF_009884095.1	Spirochaetota	Bacteria	highly_fragmented	69.96157403363347	0.0	69.9642297007173	0.0	4556294	265	3187655	265	3187776	0.001025832469323		0	0	3270	0	True	63.04035739626365	28.59957173207921	cocopye	-6.921216637369817	28.59957173207921	6.921216637369817	28.59957173207921	low	medium
G_r042_indel_0p5pct	42	12	indel	0.005	0.5	ins0.5_geom0.75	RS_GCF_009884095.1	Spirochaetota	Bacteria	highly_fragmented	69.96157403363347	0.0	69.95966458705254	0.0	4556294	265	3187655	265	3187568	0.0049497200920425		0	0	15778	0	True	71.9122407678431	91.21206717135556	cocopye	1.9506667342096335	91.21206717135556	1.9506667342096335	91.21206717135556	low	medium
G_r042_indel_1pct	42	13	indel	0.01	1.0	ins0.5_geom0.75	RS_GCF_009884095.1	Spirochaetota	Bacteria	highly_fragmented	69.96157403363347	0.0	69.96543682211903	0.0	4556294	265	3187655	265	3187831	0.0099606136799622		0	0	31751	0	True	70.91087169441724	131.47730663871204	cocopye	0.9492976607837704	131.47730663871204	0.9492976607837704	131.47730663871204	low	medium
G_r042_indel_2pct	42	14	indel	0.02	2.0	ins0.5_geom0.75	RS_GCF_009884095.1	Spirochaetota	Bacteria	highly_fragmented	69.96157403363347	0.0	69.97621312408725	0.0	4556294	265	3187655	265	3188322	0.0199391088433346		0	0	63559	0	True	69.73500910164422	163.38737200493594	cocopye	-0.22656493198924466	163.38737200493594	0.22656493198924466	163.38737200493594	low	medium
G_r042_indel_5pct	42	15	indel	0.05	5.0	ins0.5_geom0.75	RS_GCF_009884095.1	Spirochaetota	Bacteria	highly_fragmented	69.96157403363347	0.0	69.96359321852366	0.0	4556294	265	3187655	265	3187747	0.0498538894579244		0	0	158917	0	True	63.51092673824568	92.9265312375484	cocopye	-6.450647295387789	92.9265312375484	6.450647295387789	92.9265312375484	low	medium
G_r042_chimera_5pct	42	16	chimera	0.05	5.0	rc0.5	RS_GCF_009884095.1	Spirochaetota	Bacteria	highly_fragmented	69.96157403363347	0.0	69.96157403363347	0.0	4556294	265	3187655	258	3187655	0.0528301886792452		0	0	0	7	True	68.62595456518241	2.3618091221166	cocopye	-1.335619468451057	2.3618091221166	1.335619468451057	2.3618091221166	medium	medium
G_r042_chimera_10pct	42	17	chimera	0.1	10.0	rc0.5	RS_GCF_009884095.1	Spirochaetota	Bacteria	highly_fragmented	69.96157403363347	0.0	69.96157403363347	0.0	4556294	265	3187655	252	3187655	0.0981132075471698		0	0	0	13	True	68.62595456518241	2.3618091221166	cocopye	-1.335619468451057	2.3618091221166	1.335619468451057	2.3618091221166	medium	medium
G_r042_chimera_20pct	42	18	chimera	0.2	20.0	rc0.5	RS_GCF_009884095.1	Spirochaetota	Bacteria	highly_fragmented	69.96157403363347	0.0	69.96157403363347	0.0	4556294	265	3187655	238	3187655	0.2037735849056604		0	0	0	27	True	68.62595456518241	2.3618091221166	cocopye	-1.335619468451057	2.3618091221166	1.335619468451057	2.3618091221166	medium	medium
G_r042_chimera_40pct	42	19	chimera	0.4	40.0	rc0.5	RS_GCF_009884095.1	Spirochaetota	Bacteria	highly_fragmented	69.96157403363347	0.0	69.96157403363347	0.0	4556294	265	3187655	212	3187655	0.4		0	0	0	53	True	68.57022984734039	2.53684028550812	cocopye	-1.3913441862930824	2.53684028550812	1.3913441862930824	2.53684028550812	medium	medium
G_r042_uneven_coverage_5pct	42	20	uneven_coverage	0.05	5.0	lognormal_sigma1.0	RS_GCF_009884095.1	Spirochaetota	Bacteria	highly_fragmented	69.96157403363347	0.0	69.96157403363347	3.498084188597136	4556294	265	3187655	279	3347038	0.0500000784275588		159383	0	0	0	True	66.84096001203703	9.48972333927558	cocopye	-3.120614021596438	9.48972333927558	3.120614021596438	9.48972333927558	medium	medium
G_r042_uneven_coverage_10pct	42	21	uneven_coverage	0.1	10.0	lognormal_sigma1.0	RS_GCF_009884095.1	Spirochaetota	Bacteria	highly_fragmented	69.96157403363347	0.0	69.96157403363347	6.996168377194272	4556294	265	3187655	298	3506421	0.1000001568551176		318766	0	0	0	True	66.38311938948432	12.3745278053752	cocopye	-3.578454644149147	12.3745278053752	3.578454644149147	12.3745278053752	low	medium
G_r042_uneven_coverage_20pct	42	22	uneven_coverage	0.2	20.0	lognormal_sigma1.0	RS_GCF_009884095.1	Spirochaetota	Bacteria	highly_fragmented	69.96157403363347	0.0	69.96157403363347	13.992314806726696	4556294	265	3187655	325	3825186	0.2		637531	0	0	0	True	63.2782567709932	23.463016395702	cocopye	-6.683317262640266	23.463016395702	6.683317262640266	23.463016395702	low	medium
G_r042_uneven_coverage_40pct	42	23	uneven_coverage	0.4	40.0	lognormal_sigma1.0	RS_GCF_009884095.1	Spirochaetota	Bacteria	highly_fragmented	69.96157403363347	0.0	69.96157403363347	27.98462961345339	4556294	265	3187655	383	4462717	0.4		1275062	0	0	0	True	64.1732726177585	27.04351138340221	cocopye	-5.788301415874969	27.04351138340221	5.788301415874969	27.04351138340221	low	medium
G_r043_none_control	43	0	none	0.0	0.0	control	RS_GCF_000023905.1	Fusobacteriota	Bacteria	medium	100.0	10.0	100.0	10.0	2465610	3	2712171	3	2712171	0.0		0	0	0	0	True	99.693784945584	17.95883396629163	cocopye	-0.3062150544160005	7.958833966291628	0.3062150544160005	7.958833966291628	low	low
G_r043_substitution_0p1pct	43	1	substitution	0.001	0.1	uniform	RS_GCF_000023905.1	Fusobacteriota	Bacteria	medium	100.0	10.0	100.0	10.0	2465610	3	2712171	3	2712171	0.001006573700552	0.0089640838741259	0	2730	0	0	True	99.51560156276868	20.3732785736363	cocopye	-0.48439843723132014	10.373278573636298	0.48439843723132014	10.373278573636298	low	low
G_r043_substitution_0p5pct	43	2	substitution	0.005	0.5	uniform	RS_GCF_000023905.1	Fusobacteriota	Bacteria	medium	100.0	10.0	100.0	10.0	2465610	3	2712171	3	2712171	0.0050395052524343	0.0441104216424403	0	13668	0	0	True	100.0	25.70489345149004	cocopye	0.0	15.70489345149004	0.0	15.70489345149004	low	low
G_r043_substitution_1pct	43	3	substitution	0.01	1.0	uniform	RS_GCF_000023905.1	Fusobacteriota	Bacteria	medium	100.0	10.0	100.0	10.0	2465610	3	2712171	3	2712171	0.01003955871514	0.0864827525163591	0	27229	0	0	True	99.73921579114064	36.04788854824191	cocopye	-0.2607842088593628	26.047888548241907	0.2607842088593628	26.047888548241907	low	low
G_r043_substitution_2pct	43	4	substitution	0.02	2.0	uniform	RS_GCF_000023905.1	Fusobacteriota	Bacteria	medium	100.0	10.0	100.0	10.0	2465610	3	2712171	3	2712171	0.0199434327702788	0.1662522378698502	0	54090	0	0	True	99.2887624466572	53.94737276210216	cocopye	-0.7112375533427979	43.94737276210216	0.7112375533427979	43.94737276210216	low	low
G_r043_substitution_5pct	43	5	substitution	0.05	5.0	uniform	RS_GCF_000023905.1	Fusobacteriota	Bacteria	medium	100.0	10.0	100.0	10.0	2465610	3	2712171	3	2712171	0.0499850488778178	0.3697505902753909	0	135568	0	0	True	97.5346687211094	96.51772333036402	cocopye	-2.465331278890602	86.51772333036402	2.465331278890602	86.51772333036402	low	low
G_r043_substitution_titv_0p1pct	43	6	substitution_titv	0.001	0.1	titv_2	RS_GCF_000023905.1	Fusobacteriota	Bacteria	medium	100.0	10.0	100.0	10.0	2465610	3	2712171	3	2712171	0.0009840824933236	0.0089640838741259	0	2669	0	0	True	99.59487297777848	18.84334047744139	cocopye	-0.40512702222152086	8.84334047744139	0.40512702222152086	8.84334047744139	low	low
G_r043_substitution_titv_0p5pct	43	7	substitution_titv	0.005	0.5	titv_2	RS_GCF_000023905.1	Fusobacteriota	Bacteria	medium	100.0	10.0	100.0	10.0	2465610	3	2712171	3	2712171	0.0049617077979227	0.0441104216424403	0	13457	0	0	True	99.76221089010056	23.449110216939008	cocopye	-0.23778910989943824	13.449110216939008	0.23778910989943824	13.449110216939008	low	low
G_r043_substitution_titv_1pct	43	8	substitution_titv	0.01	1.0	titv_2	RS_GCF_000023905.1	Fusobacteriota	Bacteria	medium	100.0	10.0	100.0	10.0	2465610	3	2712171	3	2712171	0.0100815914630751	0.0864827525163591	0	27343	0	0	True	100.0	31.87055519939656	cocopye	0.0	21.87055519939656	0.0	21.87055519939656	low	low
G_r043_substitution_titv_2pct	43	9	substitution_titv	0.02	2.0	titv_2	RS_GCF_000023905.1	Fusobacteriota	Bacteria	medium	100.0	10.0	100.0	10.0	2465610	3	2712171	3	2712171	0.0200400343488666	0.1662522378698502	0	54352	0	0	True	99.38359701446925	39.31958129361886	cocopye	-0.6164029855307547	29.31958129361886	0.6164029855307547	29.31958129361886	low	low
G_r043_substitution_titv_5pct	43	10	substitution_titv	0.05	5.0	titv_2	RS_GCF_000023905.1	Fusobacteriota	Bacteria	medium	100.0	10.0	100.0	10.0	2465610	3	2712171	3	2712171	0.0500108584598832	0.3697505902753909	0	135638	0	0	True	97.99668378545074	65.73732031527827	cocopye	-2.0033162145492582	55.73732031527827	2.0033162145492582	55.73732031527827	low	low
G_r043_indel_0p1pct	43	11	indel	0.001	0.1	ins0.5_geom0.75	RS_GCF_000023905.1	Fusobacteriota	Bacteria	medium	100.0	10.0	100.00191728323917	10.0	2465610	3	2712171	3	2712223	0.0010253778246283		0	0	2781	0	True	99.95258705714348	56.41773381239999	cocopye	-0.047412942856524865	46.41773381239999	0.047412942856524865	46.41773381239999	low	low
G_r043_indel_0p5pct	43	12	indel	0.005	0.5	ins0.5_geom0.75	RS_GCF_000023905.1	Fusobacteriota	Bacteria	medium	100.0	10.0	99.99000800465753	10.0	2465610	3	2712171	3	2711900	0.0050616277513475		0	0	13728	0	True	99.85380116959064	172.82895093772842	cocopye	-0.14619883040936088	162.82895093772842	0.14619883040936088	162.82895093772842	low	low
G_r043_indel_1pct	43	13	indel	0.01	1.0	ins0.5_geom0.75	RS_GCF_000023905.1	Fusobacteriota	Bacteria	medium	100.0	10.0	100.01227798689683	10.0	2465610	3	2712171	3	2712504	0.0099628673855741		0	0	27021	0	True	99.29337529411092	245.99414847747624	cocopye	-0.7066247058890838	235.99414847747624	0.7066247058890838	235.99414847747624	low	low
G_r043_indel_2pct	43	14	indel	0.02	2.0	ins0.5_geom0.75	RS_GCF_000023905.1	Fusobacteriota	Bacteria	medium	100.0	10.0	99.99240460870644	10.0	2465610	3	2712171	3	2711965	0.0200470398068558		0	0	54371	0	True	97.30141622978344	294.527270222268	cocopye	-2.6985837702165583	284.527270222268	2.6985837702165583	284.527270222268	low	low
G_r043_indel_5pct	43	15	indel	0.05	5.0	ins0.5_geom0.75	RS_GCF_000023905.1	Fusobacteriota	Bacteria	medium	100.0	10.0	100.00176979991303	10.0	2465610	3	2712171	3	2712219	0.0500565782909705		0	0	135762	0	True	87.37869373749089	182.84329299149385	cocopye	-12.621306262509108	172.84329299149385	12.621306262509108	172.84329299149385	low	low
G_r043_chimera_5pct	43	16	chimera	0.05	5.0	rc0.5	RS_GCF_000023905.1	Fusobacteriota	Bacteria	medium	100.0	10.0	100.0	10.0	2465610	3	2712171	3	2712171	0.0		0	0	0	0	True	99.693784945584	17.95883396629163	cocopye	-0.3062150544160005	7.958833966291628	0.3062150544160005	7.958833966291628	low	low
G_r043_chimera_10pct	43	17	chimera	0.1	10.0	rc0.5	RS_GCF_000023905.1	Fusobacteriota	Bacteria	medium	100.0	10.0	100.0	10.0	2465610	3	2712171	3	2712171	0.0		0	0	0	0	True	99.693784945584	17.95883396629163	cocopye	-0.3062150544160005	7.958833966291628	0.3062150544160005	7.958833966291628	low	low
G_r043_chimera_20pct	43	18	chimera	0.2	20.0	rc0.5	RS_GCF_000023905.1	Fusobacteriota	Bacteria	medium	100.0	10.0	100.0	10.0	2465610	3	2712171	3	2712171	0.0		0	0	0	0	True	99.693784945584	17.95883396629163	cocopye	-0.3062150544160005	7.958833966291628	0.3062150544160005	7.958833966291628	low	low
G_r043_chimera_40pct	43	19	chimera	0.4	40.0	rc0.5	RS_GCF_000023905.1	Fusobacteriota	Bacteria	medium	100.0	10.0	100.0	10.0	2465610	3	2712171	3	2712171	0.0		0	0	0	0	True	99.693784945584	17.95883396629163	cocopye	-0.3062150544160005	7.958833966291628	0.3062150544160005	7.958833966291628	low	low
G_r043_uneven_coverage_5pct	43	20	uneven_coverage	0.05	5.0	lognormal_sigma1.0	RS_GCF_000023905.1	Fusobacteriota	Bacteria	medium	100.0	10.0	100.0	15.500018251061604	2465610	3	2712171	4	2847780	0.0500001659187418		135609	0	0	0	True	99.87528713457954	22.76814295428461	cocopye	-0.124712865420463	12.76814295428461	0.124712865420463	12.76814295428461	low	low
G_r043_uneven_coverage_10pct	43	21	uneven_coverage	0.1	10.0	lognormal_sigma1.0	RS_GCF_000023905.1	Fusobacteriota	Bacteria	medium	100.0	10.0	100.0	20.99999594420853	2465610	3	2712171	4	2983388	0.0999999631291684		271217	0	0	0	True	99.8023547708052	25.8989663313199	cocopye	-0.19764522919480498	15.898966331319901	0.19764522919480498	15.898966331319901	low	low
G_r043_uneven_coverage_20pct	43	22	uneven_coverage	0.2	20.0	lognormal_sigma1.0	RS_GCF_000023905.1	Fusobacteriota	Bacteria	medium	100.0	10.0	100.0	31.999991888417064	2465610	3	2712171	4	3254605	0.1999999262583369		542434	0	0	0	True	100.0	32.99430966546831	cocopye	0.0	22.994309665468307	0.0	22.994309665468307	low	low
G_r043_uneven_coverage_40pct	43	23	uneven_coverage	0.4	40.0	lognormal_sigma1.0	RS_GCF_000023905.1	Fusobacteriota	Bacteria	medium	100.0	10.0	100.0	53.99998377683413	2465610	3	2712171	4	3797039	0.3999998525166739		1084868	0	0	0	True	100.0	53.73873758112553	cocopye	0.0	43.73873758112553	0.0	43.73873758112553	low	low
G_r044_none_control	44	0	none	0.0	0.0	control	RS_GCF_029225785.1	Halobacteriota	Archaea	low	68.46798835868258	20.0	68.46798835868258	20.0	3784795	33	3348332	33	3348332	0.0		0	0	0	0	True	82.18471361381691	20.54932877330911	cocopye	13.716725255134335	0.5493287733091101	13.716725255134335	0.5493287733091101	low	low
G_r044_substitution_0p1pct	44	1	substitution	0.001	0.1	uniform	RS_GCF_029225785.1	Halobacteriota	Archaea	low	68.46798835868258	20.0	68.46798835868258	20.0	3784795	33	3348332	33	3348332	0.0010187161846555	0.0089640838741259	0	3411	0	0	True	82.29961024220603	20.28042473074885	cocopye	13.831621883523454	0.28042473074885166	13.831621883523454	0.28042473074885166	low	low
G_r044_substitution_0p5pct	44	2	substitution	0.005	0.5	uniform	RS_GCF_029225785.1	Halobacteriota	Archaea	low	68.46798835868258	20.0	68.46798835868258	20.0	3784795	33	3348332	33	3348332	0.0050278765666009	0.0441104216424403	0	16835	0	0	True	81.13808096245792	22.31242857407141	cocopye	12.670092603775345	2.3124285740714114	12.670092603775345	2.3124285740714114	low	low
G_r044_substitution_1pct	44	3	substitution	0.01	1.0	uniform	RS_GCF_029225785.1	Halobacteriota	Archaea	low	68.46798835868258	20.0	68.46798835868258	20.0	3784795	33	3348332	33	3348332	0.0099646630023546	0.0864827525163591	0	33365	0	0	True	81.87209278240407	24.01921302897927	cocopye	13.404104423721492	4.019213028979269	13.404104423721492	4.019213028979269	low	low
G_r044_substitution_2pct	44	4	substitution	0.02	2.0	uniform	RS_GCF_029225785.1	Halobacteriota	Archaea	low	68.46798835868258	20.0	68.46798835868258	20.0	3784795	33	3348332	33	3348332	0.0199747217420494	0.1662522378698502	0	66882	0	0	True	79.43144833912311	24.83581863603018	cocopye	10.963459980440533	4.835818636030179	10.963459980440533	4.835818636030179	low	low
G_r044_substitution_5pct	44	5	substitution	0.05	5.0	uniform	RS_GCF_029225785.1	Halobacteriota	Archaea	low	68.46798835868258	20.0	68.46798835868258	20.0	3784795	33	3348332	33	3348332	0.0500986759974817	0.3697505902753909	0	167747	0	0	True	85.81780538302277	46.8944099378882	cocopye	17.349817024340197	26.8944099378882	17.349817024340197	26.8944099378882	low	low
G_r044_substitution_titv_0p1pct	44	6	substitution_titv	0.001	0.1	titv_2	RS_GCF_029225785.1	Halobacteriota	Archaea	low	68.46798835868258	20.0	68.46798835868258	20.0	3784795	33	3348332	33	3348332	0.0009772029774825	0.0089640838741259	0	3272	0	0	True	82.44366097751892	21.0742024096533	cocopye	13.975672618836342	1.0742024096532994	13.975672618836342	1.0742024096532994	low	low
G_r044_substitution_titv_0p5pct	44	7	substitution_titv	0.005	0.5	titv_2	RS_GCF_029225785.1	Halobacteriota	Archaea	low	68.46798835868258	20.0	68.46798835868258	20.0	3784795	33	3348332	33	3348332	0.0049690413017586	0.0441104216424403	0	16638	0	0	True	82.28101990023754	22.50060822258722	cocopye	13.813031541554963	2.5006082225872213	13.813031541554963	2.5006082225872213	low	low
G_r044_substitution_titv_1pct	44	8	substitution_titv	0.01	1.0	titv_2	RS_GCF_029225785.1	Halobacteriota	Archaea	low	68.46798835868258	20.0	68.46798835868258	20.0	3784795	33	3348332	33	3348332	0.0100058775533608	0.0864827525163591	0	33503	0	0	True	82.22559758682861	24.02852222868417	cocopye	13.757609228146038	4.028522228684171	13.757609228146038	4.028522228684171	low	low
G_r044_substitution_titv_2pct	44	9	substitution_titv	0.02	2.0	titv_2	RS_GCF_029225785.1	Halobacteriota	Archaea	low	68.46798835868258	20.0	68.46798835868258	20.0	3784795	33	3348332	33	3348332	0.0199848760517176	0.1662522378698502	0	66916	0	0	True	78.53387431382484	24.87558818577062	cocopye	10.065885955142264	4.875588185770621	10.065885955142264	4.875588185770621	low	low
G_r044_substitution_titv_5pct	44	10	substitution_titv	0.05	5.0	titv_2	RS_GCF_029225785.1	Halobacteriota	Archaea	low	68.46798835868258	20.0	68.46798835868258	20.0	3784795	33	3348332	33	3348332	0.0500025087118003	0.3697505902753909	0	167425	0	0	True	85.29411764705883	41.45658156451057	cocopye	16.82612928837625	21.45658156451057	16.82612928837625	21.45658156451057	low	low
G_r044_indel_0p1pct	44	11	indel	0.001	0.1	ins0.5_geom0.75	RS_GCF_029225785.1	Halobacteriota	Archaea	low	68.46798835868258	20.0	68.46888808770818	20.0	3784795	33	3348332	33	3348376	0.0010070685941537		0	0	3372	0	True	85.03937007874016	39.97703612320066	cocopye	16.571381720057587	19.977036123200662	16.571381720057587	19.977036123200662	low	low
G_r044_indel_0p5pct	44	12	indel	0.005	0.5	ins0.5_geom0.75	RS_GCF_029225785.1	Halobacteriota	Archaea	low	68.46798835868258	20.0	68.47093292640275	20.0	3784795	33	3348332	33	3348476	0.004969638614092		0	0	16640	0	True	85.97701149425288	107.0689655172414	cocopye	17.509023135570303	87.0689655172414	17.509023135570303	87.0689655172414	low	low
G_r044_indel_1pct	44	13	indel	0.01	1.0	ins0.5_geom0.75	RS_GCF_029225785.1	Halobacteriota	Archaea	low	68.46798835868258	20.0	68.47113741027222	20.0	3784795	33	3348332	33	3348486	0.0099613777845207		0	0	33354	0	True	84.19023136246787	131.53384485710555	cocopye	15.722243003785294	111.53384485710555	15.722243003785294	111.53384485710555	low	low
G_r044_indel_2pct	44	14	indel	0.02	2.0	ins0.5_geom0.75	RS_GCF_029225785.1	Halobacteriota	Archaea	low	68.46798835868258	20.0	68.47258924574535	20.0	3784795	33	3348332	33	3348557	0.0200867178045665		0	0	67257	0	True	84.15841584158416	142.1617262434251	cocopye	15.690427482901583	122.16172624342511	15.690427482901583	122.16172624342511	low	low
G_r044_indel_5pct	44	15	indel	0.05	5.0	ins0.5_geom0.75	RS_GCF_029225785.1	Halobacteriota	Archaea	low	68.46798835868258	20.0	68.4538176265292	20.0	3784795	33	3348332	33	3347639	0.0497782179305994		0	0	166674	0	True	74.21875	100.52827426365444	cocopye	5.750761641317425	80.52827426365444	5.750761641317425	80.52827426365444	low	low
G_r044_chimera_5pct	44	16	chimera	0.05	5.0	rc0.5	RS_GCF_029225785.1	Halobacteriota	Archaea	low	68.46798835868258	20.0	68.46798835868258	20.0	3784795	33	3348332	32	3348332	0.0606060606060606		0	0	0	1	True	82.18471361381691	20.54932877330911	cocopye	13.716725255134335	0.5493287733091101	13.716725255134335	0.5493287733091101	low	low
G_r044_chimera_10pct	44	17	chimera	0.1	10.0	rc0.5	RS_GCF_029225785.1	Halobacteriota	Archaea	low	68.46798835868258	20.0	68.46798835868258	20.0	3784795	33	3348332	32	3348332	0.0606060606060606		0	0	0	1	True	82.18471361381691	20.54932877330911	cocopye	13.716725255134335	0.5493287733091101	13.716725255134335	0.5493287733091101	low	low
G_r044_chimera_20pct	44	18	chimera	0.2	20.0	rc0.5	RS_GCF_029225785.1	Halobacteriota	Archaea	low	68.46798835868258	20.0	68.46798835868258	20.0	3784795	33	3348332	29	3348332	0.2424242424242424		0	0	0	4	True	82.17054476640955	20.55415550139272	cocopye	13.702556407726973	0.5541555013927209	13.702556407726973	0.5541555013927209	low	low
G_r044_chimera_40pct	44	19	chimera	0.4	40.0	rc0.5	RS_GCF_029225785.1	Halobacteriota	Archaea	low	68.46798835868258	20.0	68.46798835868258	20.0	3784795	33	3348332	27	3348332	0.3636363636363636		0	0	0	6	True	82.18471361381691	20.54932877330911	cocopye	13.716725255134335	0.5493287733091101	13.716725255134335	0.5493287733091101	low	low
G_r044_uneven_coverage_5pct	44	20	uneven_coverage	0.05	5.0	lognormal_sigma1.0	RS_GCF_029225785.1	Halobacteriota	Archaea	low	68.46798835868258	20.0	68.46798835868258	24.42340998653824	3784795	33	3348332	34	3515749	0.0500001194624666		167417	0	0	0	True	82.07543201033695	23.56806601568112	cocopye	13.607443651654378	3.5680660156811186	13.607443651654378	3.5680660156811186	low	low
G_r044_uneven_coverage_10pct	44	21	uneven_coverage	0.1	10.0	lognormal_sigma1.0	RS_GCF_029225785.1	Halobacteriota	Archaea	low	68.46798835868258	20.0	68.46798835868258	28.8467935515662	3784795	33	3348332	38	3683165	0.0999999402687666		334833	0	0	0	True	80.49692103768238	24.47072876383104	cocopye	12.028932678999809	4.4707287638310405	12.028932678999809	4.4707287638310405	low	low
G_r044_uneven_coverage_20pct	44	22	uneven_coverage	0.2	20.0	lognormal_sigma1.0	RS_GCF_029225785.1	Halobacteriota	Archaea	low	68.46798835868258	20.0	68.46798835868258	37.6935871031324	3784795	33	3348332	42	4017998	0.1999998805375333		669666	0	0	0	True	86.35416666666667	38.40277671813965	cocopye	17.886178307984096	18.40277671813965	17.886178307984096	18.40277671813965	low	low
G_r044_uneven_coverage_40pct	44	23	uneven_coverage	0.4	40.0	lognormal_sigma1.0	RS_GCF_029225785.1	Halobacteriota	Archaea	low	68.46798835868258	20.0	68.46798835868258	55.38720062777509	3784795	33	3348332	53	4687665	0.4000000597312333		1339333	0	0	0	True	85.63829787234043	56.47163553440825	cocopye	17.170309513657855	36.47163553440825	17.170309513657855	36.47163553440825	low	low
G_r045_none_control	45	0	none	0.0	0.0	control	RS_GCF_018847395.1	Verrucomicrobiota	Bacteria	high	100.0	0.0	100.0	0.0	2965470	3	2965470	3	2965470	0.0		0	0	0	0	True	99.50391376039704	0.0	cocopye	-0.4960862396029597	0.0	0.4960862396029597	0.0	high	high
G_r045_substitution_0p1pct	45	1	substitution	0.001	0.1	uniform	RS_GCF_018847395.1	Verrucomicrobiota	Bacteria	high	100.0	0.0	100.0	0.0	2965470	3	2965470	3	2965470	0.0010052369438908	0.0089640838741259	0	2981	0	0	True	100.0	1.7437220064186398	cocopye	0.0	1.7437220064186398	0.0	1.7437220064186398	high	high
G_r045_substitution_0p5pct	45	2	substitution	0.005	0.5	uniform	RS_GCF_018847395.1	Verrucomicrobiota	Bacteria	high	100.0	0.0	100.0	0.0	2965470	3	2965470	3	2965470	0.0050177543525984	0.0441104216424403	0	14880	0	0	True	100.0	5.82739766456145	cocopye	0.0	5.82739766456145	0.0	5.82739766456145	medium	high
G_r045_substitution_1pct	45	3	substitution	0.01	1.0	uniform	RS_GCF_018847395.1	Verrucomicrobiota	Bacteria	high	100.0	0.0	100.0	0.0	2965470	3	2965470	3	2965470	0.0099063554849652	0.0864827525163591	0	29377	0	0	True	100.0	6.13122525855139	cocopye	0.0	6.13122525855139	0.0	6.13122525855139	medium	high
G_r045_substitution_2pct	45	4	substitution	0.02	2.0	uniform	RS_GCF_018847395.1	Verrucomicrobiota	Bacteria	high	100.0	0.0	100.0	0.0	2965470	3	2965470	3	2965470	0.0199921091766229	0.1662522378698502	0	59286	0	0	True	100.0	17.7686282738266	cocopye	0.0	17.7686282738266	0.0	17.7686282738266	low	high
G_r045_substitution_5pct	45	5	substitution	0.05	5.0	uniform	RS_GCF_018847395.1	Verrucomicrobiota	Bacteria	high	100.0	0.0	100.0	0.0	2965470	3	2965470	3	2965470	0.0500106222622383	0.3697505902753909	0	148305	0	0	True	96.44268774703556	37.15415019762846	cocopye	-3.5573122529644365	37.15415019762846	3.5573122529644365	37.15415019762846	low	high
G_r045_substitution_titv_0p1pct	45	6	substitution_titv	0.001	0.1	titv_2	RS_GCF_018847395.1	Verrucomicrobiota	Bacteria	high	100.0	0.0	100.0	0.0	2965470	3	2965470	3	2965470	0.0010146789547693	0.0089640838741259	0	3009	0	0	True	99.4526446316668	1.5759268683238898	cocopye	-0.5473553683332	1.5759268683238898	0.5473553683332	1.5759268683238898	high	high
G_r045_substitution_titv_0p5pct	45	7	substitution_titv	0.005	0.5	titv_2	RS_GCF_018847395.1	Verrucomicrobiota	Bacteria	high	100.0	0.0	100.0	0.0	2965470	3	2965470	3	2965470	0.0050393360917493	0.0441104216424403	0	14944	0	0	True	100.0	6.479852605207791	cocopye	0.0	6.479852605207791	0.0	6.479852605207791	medium	high
G_r045_substitution_titv_1pct	45	8	substitution_titv	0.01	1.0	titv_2	RS_GCF_018847395.1	Verrucomicrobiota	Bacteria	high	100.0	0.0	100.0	0.0	2965470	3	2965470	3	2965470	0.010103626069392	0.0864827525163591	0	29962	0	0	True	100.0	9.63637628010027	cocopye	0.0	9.63637628010027	0.0	9.63637628010027	medium	high
G_r045_substitution_titv_2pct	45	9	substitution_titv	0.02	2.0	titv_2	RS_GCF_018847395.1	Verrucomicrobiota	Bacteria	high	100.0	0.0	100.0	0.0	2965470	3	2965470	3	2965470	0.0199607482119191	0.1662522378698502	0	59193	0	0	True	100.0	18.69559860149233	cocopye	0.0	18.69559860149233	0.0	18.69559860149233	low	high
G_r045_substitution_titv_5pct	45	10	substitution_titv	0.05	5.0	titv_2	RS_GCF_018847395.1	Verrucomicrobiota	Bacteria	high	100.0	0.0	100.0	0.0	2965470	3	2965470	3	2965470	0.0499620633491487	0.3697505902753909	0	148161	0	0	True	97.08904109589042	30.0513698630137	cocopye	-2.9109589041095774	30.0513698630137	2.9109589041095774	30.0513698630137	low	high
G_r045_indel_0p1pct	45	11	indel	0.001	0.1	ins0.5_geom0.75	RS_GCF_018847395.1	Verrucomicrobiota	Bacteria	high	100.0	0.0	100.00168607337118	0.0	2965470	3	2965470	3	2965520	0.0009984926504061		0	0	2961	0	True	100.0	22.94733676877205	cocopye	0.0	22.94733676877205	0.0	22.94733676877205	low	high
G_r045_indel_0p5pct	45	12	indel	0.005	0.5	ins0.5_geom0.75	RS_GCF_018847395.1	Verrucomicrobiota	Bacteria	high	100.0	0.0	100.00785710190964	0.0	2965470	3	2965470	3	2965703	0.0050113472737879		0	0	14861	0	True	99.32659932659932	112.2053872053872	cocopye	-0.6734006734006783	112.2053872053872	0.6734006734006783	112.2053872053872	low	high
G_r045_indel_1pct	45	13	indel	0.01	1.0	ins0.5_geom0.75	RS_GCF_018847395.1	Verrucomicrobiota	Bacteria	high	100.0	0.0	100.00320353940522	0.0	2965470	3	2965470	3	2965565	0.0100226945475759		0	0	29722	0	True	97.76119402985076	154.57089552238804	cocopye	-2.2388059701492438	154.57089552238804	2.2388059701492438	154.57089552238804	low	high
G_r045_indel_2pct	45	14	indel	0.02	2.0	ins0.5_geom0.75	RS_GCF_018847395.1	Verrucomicrobiota	Bacteria	high	100.0	0.0	100.016725847842	0.0	2965470	3	2965470	3	2965966	0.0198359787824526		0	0	58823	0	True	94.11764705882352	151.68067226890756	cocopye	-5.882352941176478	151.68067226890756	5.882352941176478	151.68067226890756	low	high
G_r045_indel_5pct	45	15	indel	0.05	5.0	ins0.5_geom0.75	RS_GCF_018847395.1	Verrucomicrobiota	Bacteria	high	100.0	0.0	100.0048896127764	0.0	2965470	3	2965470	3	2965615	0.0501202170313643		0	0	148630	0	True	82.66932270916335	94.42231075697212	cocopye	-17.330677290836647	94.42231075697212	17.330677290836647	94.42231075697212	low	high
G_r045_chimera_5pct	45	16	chimera	0.05	5.0	rc0.5	RS_GCF_018847395.1	Verrucomicrobiota	Bacteria	high	100.0	0.0	100.0	0.0	2965470	3	2965470	3	2965470	0.0		0	0	0	0	True	99.50391376039704	0.0	cocopye	-0.4960862396029597	0.0	0.4960862396029597	0.0	high	high
G_r045_chimera_10pct	45	17	chimera	0.1	10.0	rc0.5	RS_GCF_018847395.1	Verrucomicrobiota	Bacteria	high	100.0	0.0	100.0	0.0	2965470	3	2965470	3	2965470	0.0		0	0	0	0	True	99.50391376039704	0.0	cocopye	-0.4960862396029597	0.0	0.4960862396029597	0.0	high	high
G_r045_chimera_20pct	45	18	chimera	0.2	20.0	rc0.5	RS_GCF_018847395.1	Verrucomicrobiota	Bacteria	high	100.0	0.0	100.0	0.0	2965470	3	2965470	2	2965470	0.6666666666666666		0	0	0	1	True	99.50391376039704	0.0	cocopye	-0.4960862396029597	0.0	0.4960862396029597	0.0	high	high
G_r045_chimera_40pct	45	19	chimera	0.4	40.0	rc0.5	RS_GCF_018847395.1	Verrucomicrobiota	Bacteria	high	100.0	0.0	100.0	0.0	2965470	3	2965470	2	2965470	0.6666666666666666		0	0	0	1	True	99.50774508502352	0.0	cocopye	-0.49225491497648477	0.0	0.49225491497648477	0.0	high	high
G_r045_uneven_coverage_5pct	45	20	uneven_coverage	0.05	5.0	lognormal_sigma1.0	RS_GCF_018847395.1	Verrucomicrobiota	Bacteria	high	100.0	0.0	100.0	5.000016860733711	2965470	3	2965470	4	3113744	0.0500001686073371		148274	0	0	0	True	100.0	10.52986074994869	cocopye	0.0	10.52986074994869	0.0	10.52986074994869	low	high
G_r045_uneven_coverage_10pct	45	21	uneven_coverage	0.1	10.0	lognormal_sigma1.0	RS_GCF_018847395.1	Verrucomicrobiota	Bacteria	high	100.0	0.0	100.0	10.0	2965470	3	2965470	4	3262017	0.1		296547	0	0	0	True	100.0	7.8810726976591	cocopye	0.0	7.8810726976591	0.0	7.8810726976591	medium	high
G_r045_uneven_coverage_20pct	45	22	uneven_coverage	0.2	20.0	lognormal_sigma1.0	RS_GCF_018847395.1	Verrucomicrobiota	Bacteria	high	100.0	0.0	100.0	20.0	2965470	3	2965470	4	3558564	0.2		593094	0	0	0	True	100.0	20.12696996267255	cocopye	0.0	20.12696996267255	0.0	20.12696996267255	low	high
G_r045_uneven_coverage_40pct	45	23	uneven_coverage	0.4	40.0	lognormal_sigma1.0	RS_GCF_018847395.1	Verrucomicrobiota	Bacteria	high	100.0	0.0	100.0	40.0	2965470	3	2965470	5	4151658	0.4		1186188	0	0	0	True	100.0	34.83727810650887	cocopye	0.0	34.83727810650887	0.0	34.83727810650887	low	high
G_r046_none_control	46	0	none	0.0	0.0	control	RS_GCF_003852215.1	Thermoproteota	Archaea	high	100.0	1.999982015561036	100.0	1.999982015561036	2668974	3	2722353	3	2722353	0.0		0	0	0	0	True	100.0	0.0	cocopye	0.0	-1.999982015561036	0.0	1.999982015561036	high	high
G_r046_substitution_0p1pct	46	1	substitution	0.001	0.1	uniform	RS_GCF_003852215.1	Thermoproteota	Archaea	high	100.0	1.999982015561036	100.0	1.999982015561036	2668974	3	2722353	3	2722353	0.0010233794074464	0.0089640838741259	0	2786	0	0	True	100.0	0.0	cocopye	0.0	-1.999982015561036	0.0	1.999982015561036	high	high
G_r046_substitution_0p5pct	46	2	substitution	0.005	0.5	uniform	RS_GCF_003852215.1	Thermoproteota	Archaea	high	100.0	1.999982015561036	100.0	1.999982015561036	2668974	3	2722353	3	2722353	0.0049802505406168	0.0441104216424403	0	13558	0	0	True	99.69303178007809	7.08038224943191	cocopye	-0.30696821992191303	5.080400233870874	0.30696821992191303	5.080400233870874	medium	high
G_r046_substitution_1pct	46	3	substitution	0.01	1.0	uniform	RS_GCF_003852215.1	Thermoproteota	Archaea	high	100.0	1.999982015561036	100.0	1.999982015561036	2668974	3	2722353	3	2722353	0.0099898874245918	0.0864827525163591	0	27196	0	0	True	98.73115206401624	16.39137132644962	cocopye	-1.2688479359837572	14.391389310888583	1.2688479359837572	14.391389310888583	low	high
G_r046_substitution_2pct	46	4	substitution	0.02	2.0	uniform	RS_GCF_003852215.1	Thermoproteota	Archaea	high	100.0	1.999982015561036	100.0	1.999982015561036	2668974	3	2722353	3	2722353	0.0200679338792581	0.1662522378698502	0	54632	0	0	True	97.40668137868246	34.86793438593547	cocopye	-2.593318621317536	32.86795237037443	2.593318621317536	32.86795237037443	low	high
G_r046_substitution_5pct	46	5	substitution	0.05	5.0	uniform	RS_GCF_003852215.1	Thermoproteota	Archaea	high	100.0	1.999982015561036	100.0	1.999982015561036	2668974	3	2722353	3	2722353	0.0500662478378079	0.3697505902753909	0	136298	0	0	True	94.59417661031088	57.74306058883667	cocopye	-5.405823389689118	55.74307857327563	5.405823389689118	55.74307857327563	low	high
G_r046_substitution_titv_0p1pct	46	6	substitution_titv	0.001	0.1	titv_2	RS_GCF_003852215.1	Thermoproteota	Archaea	high	100.0	1.999982015561036	100.0	1.999982015561036	2668974	3	2722353	3	2722353	0.0009958297105481	0.0089640838741259	0	2711	0	0	True	99.97951661258917	0.0	cocopye	-0.020483387410834553	-1.999982015561036	0.020483387410834553	1.999982015561036	high	high
G_r046_substitution_titv_0p5pct	46	7	substitution_titv	0.005	0.5	titv_2	RS_GCF_003852215.1	Thermoproteota	Archaea	high	100.0	1.999982015561036	100.0	1.999982015561036	2668974	3	2722353	3	2722353	0.0050144121647706	0.0441104216424403	0	13651	0	0	True	99.6793358792913	4.09822903826172	cocopye	-0.3206641207086989	2.0982470227006838	0.3206641207086989	2.0982470227006838	high	high
G_r046_substitution_titv_1pct	46	8	substitution_titv	0.01	1.0	titv_2	RS_GCF_003852215.1	Thermoproteota	Archaea	high	100.0	1.999982015561036	100.0	1.999982015561036	2668974	3	2722353	3	2722353	0.0100350689275049	0.0864827525163591	0	27319	0	0	True	99.39443733327016	8.7192865360122	cocopye	-0.6055626667298384	6.719304520451164	0.6055626667298384	6.719304520451164	medium	high
G_r046_substitution_titv_2pct	46	9	substitution_titv	0.02	2.0	titv_2	RS_GCF_003852215.1	Thermoproteota	Archaea	high	100.0	1.999982015561036	100.0	1.999982015561036	2668974	3	2722353	3	2722353	0.0201336858225219	0.1662522378698502	0	54811	0	0	True	97.93395294874556	19.33927411693462	cocopye	-2.0660470512544435	17.339292101373587	2.0660470512544435	17.339292101373587	low	high
G_r046_substitution_titv_5pct	46	10	substitution_titv	0.05	5.0	titv_2	RS_GCF_003852215.1	Thermoproteota	Archaea	high	100.0	1.999982015561036	100.0	1.999982015561036	2668974	3	2722353	3	2722353	0.0501382443790353	0.3697505902753909	0	136494	0	0	True	94.75694497426352	41.406865914662674	cocopye	-5.243055025736481	39.406883899101636	5.243055025736481	39.406883899101636	low	high
G_r046_indel_0p1pct	46	11	indel	0.001	0.1	ins0.5_geom0.75	RS_GCF_003852215.1	Thermoproteota	Archaea	high	100.0	1.999982015561036	99.99783275717732	1.999982015561036	2668974	3	2722353	3	2722294	0.0010119921993951		0	0	2755	0	True	99.8046875	30.66374858220418	cocopye	-0.1953125	28.663766566643147	0.1953125	28.663766566643147	low	high
G_r046_indel_0p5pct	46	12	indel	0.005	0.5	ins0.5_geom0.75	RS_GCF_003852215.1	Thermoproteota	Archaea	high	100.0	1.999982015561036	100.01050561775054	1.999982015561036	2668974	3	2722353	3	2722639	0.0050114735304348		0	0	13643	0	True	98.70239602157528	115.17126516495505	cocopye	-1.2976039784247178	113.17128314939401	1.2976039784247178	113.17128314939401	low	high
G_r046_indel_1pct	46	13	indel	0.01	1.0	ins0.5_geom0.75	RS_GCF_003852215.1	Thermoproteota	Archaea	high	100.0	1.999982015561036	99.99199222143493	1.999982015561036	2668974	3	2722353	3	2722135	0.0098598528552322		0	0	26842	0	True	97.94921875	175.02013842264813	cocopye	-2.05078125	173.0201564070871	2.05078125	173.0201564070871	low	high
G_r046_indel_2pct	46	14	indel	0.02	2.0	ins0.5_geom0.75	RS_GCF_003852215.1	Thermoproteota	Archaea	high	100.0	1.999982015561036	100.01094641290088	1.999982015561036	2668974	3	2722353	3	2722651	0.0199823461542276		0	0	54399	0	True	94.67089912619004	200.13667054169605	cocopye	-5.3291008738099634	198.136688526135	5.3291008738099634	198.136688526135	low	high
G_r046_indel_5pct	46	15	indel	0.05	5.0	ins0.5_geom0.75	RS_GCF_003852215.1	Thermoproteota	Archaea	high	100.0	1.999982015561036	99.97858470227776	1.999982015561036	2668974	3	2722353	3	2721770	0.0500313515550701		0	0	136203	0	True	80.40371533506405	114.00474406177212	cocopye	-19.59628466493595	112.00476204621108	19.59628466493595	112.00476204621108	low	high
G_r046_chimera_5pct	46	16	chimera	0.05	5.0	rc0.5	RS_GCF_003852215.1	Thermoproteota	Archaea	high	100.0	1.999982015561036	100.0	1.999982015561036	2668974	3	2722353	2	2722353	0.6666666666666666		0	0	0	1	True	100.0	0.0	cocopye	0.0	-1.999982015561036	0.0	1.999982015561036	high	high
G_r046_chimera_10pct	46	17	chimera	0.1	10.0	rc0.5	RS_GCF_003852215.1	Thermoproteota	Archaea	high	100.0	1.999982015561036	100.0	1.999982015561036	2668974	3	2722353	3	2722353	0.0		0	0	0	0	True	100.0	0.0	cocopye	0.0	-1.999982015561036	0.0	1.999982015561036	high	high
G_r046_chimera_20pct	46	18	chimera	0.2	20.0	rc0.5	RS_GCF_003852215.1	Thermoproteota	Archaea	high	100.0	1.999982015561036	100.0	1.999982015561036	2668974	3	2722353	3	2722353	0.0		0	0	0	0	True	100.0	0.0	cocopye	0.0	-1.999982015561036	0.0	1.999982015561036	high	high
G_r046_chimera_40pct	46	19	chimera	0.4	40.0	rc0.5	RS_GCF_003852215.1	Thermoproteota	Archaea	high	100.0	1.999982015561036	100.0	1.999982015561036	2668974	3	2722353	2	2722353	0.6666666666666666		0	0	0	1	True	100.0	0.0	cocopye	0.0	-1.999982015561036	0.0	1.999982015561036	high	high
G_r046_uneven_coverage_5pct	46	20	uneven_coverage	0.05	5.0	lognormal_sigma1.0	RS_GCF_003852215.1	Thermoproteota	Archaea	high	100.0	1.999982015561036	100.0	7.099994229992499	2668974	3	2722353	4	2858471	0.0500001285652521		136118	0	0	0	True	98.81260891317676	13.4406852843904	cocopye	-1.18739108682324	11.440703268829363	1.18739108682324	11.440703268829363	low	high
G_r046_uneven_coverage_10pct	46	21	uneven_coverage	0.1	10.0	lognormal_sigma1.0	RS_GCF_003852215.1	Thermoproteota	Archaea	high	100.0	1.999982015561036	100.0	12.199968976842786	2668974	3	2722353	4	2994588	0.0999998898012124		272235	0	0	0	True	100.0	0.0	cocopye	0.0	-1.999982015561036	0.0	1.999982015561036	high	high
G_r046_uneven_coverage_20pct	46	22	uneven_coverage	0.2	20.0	lognormal_sigma1.0	RS_GCF_003852215.1	Thermoproteota	Archaea	high	100.0	1.999982015561036	100.0	22.399993405705715	2668974	3	2722353	5	3266824	0.2000001469317167		544471	0	0	0	True	99.82469993931338	19.3859268647896	cocopye	-0.17530006068662374	17.385944849228565	0.17530006068662374	17.385944849228565	low	high
G_r046_uneven_coverage_40pct	46	23	uneven_coverage	0.4	40.0	lognormal_sigma1.0	RS_GCF_003852215.1	Thermoproteota	Archaea	high	100.0	1.999982015561036	100.0	42.79996732826922	2668974	3	2722353	4	3811294	0.3999999265341416		1088941	0	0	0	True	100.0	54.6062707901001	cocopye	0.0	52.60628877453906	0.0	52.60628877453906	low	high
G_r047_none_control	47	0	none	0.0	0.0	control	RS_GCF_002240205.1	Bacteroidota_A	Bacteria	low	59.927388484973946	9.999963540301538	59.927388484973946	9.999963540301538	2468479	108	1726142	108	1726142	0.0		0	0	0	0	True	59.57556777859326	7.129917381713099	cocopye	-0.3518207063806855	-2.8700461585884387	0.3518207063806855	2.8700461585884387	medium	medium
G_r047_substitution_0p1pct	47	1	substitution	0.001	0.1	uniform	RS_GCF_002240205.1	Bacteroidota_A	Bacteria	low	59.927388484973946	9.999963540301538	59.927388484973946	9.999963540301538	2468479	108	1726142	108	1726142	0.001025987433247	0.0089640838741259	0	1771	0	0	True	59.61438765436966	7.841614906832289	cocopye	-0.3130008306042882	-2.1583486334692488	0.3130008306042882	2.1583486334692488	medium	medium
G_r047_substitution_0p5pct	47	2	substitution	0.005	0.5	uniform	RS_GCF_002240205.1	Bacteroidota_A	Bacteria	low	59.927388484973946	9.999963540301538	59.927388484973946	9.999963540301538	2468479	108	1726142	108	1726142	0.0049885814724396	0.0441104216424403	0	8611	0	0	True	61.36755204686464	20.14830081255096	cocopye	1.4401635618906923	10.148337272249423	1.4401635618906923	10.148337272249423	low	medium
G_r047_substitution_1pct	47	3	substitution	0.01	1.0	uniform	RS_GCF_002240205.1	Bacteroidota_A	Bacteria	low	59.927388484973946	9.999963540301538	59.927388484973946	9.999963540301538	2468479	108	1726142	108	1726142	0.0099991773562082	0.0864827525163591	0	17260	0	0	True	59.93836671802774	15.62660464153084	cocopye	0.010978233053791087	5.626641101229302	0.010978233053791087	5.626641101229302	low	medium
G_r047_substitution_2pct	47	4	substitution	0.02	2.0	uniform	RS_GCF_002240205.1	Bacteroidota_A	Bacteria	low	59.927388484973946	9.999963540301538	59.927388484973946	9.999963540301538	2468479	108	1726142	108	1726142	0.0200597633334916	0.1662522378698502	0	34626	0	0	True	59.52381110339431	20.93685221227799	cocopye	-0.4035773815796375	10.936888671976453	0.4035773815796375	10.936888671976453	low	medium
G_r047_substitution_5pct	47	5	substitution	0.05	5.0	uniform	RS_GCF_002240205.1	Bacteroidota_A	Bacteria	low	59.927388484973946	9.999963540301538	59.927388484973946	9.999963540301538	2468479	108	1726142	108	1726142	0.049997045434269	0.3697505902753909	0	86302	0	0	True	57.61128301205842	34.71790811289911	cocopye	-2.316105472915524	24.717944572597574	2.316105472915524	24.717944572597574	low	medium
G_r047_substitution_titv_0p1pct	47	6	substitution_titv	0.001	0.1	titv_2	RS_GCF_002240205.1	Bacteroidota_A	Bacteria	low	59.927388484973946	9.999963540301538	59.927388484973946	9.999963540301538	2468479	108	1726142	108	1726142	0.0010138215743548	0.0089640838741259	0	1750	0	0	True	59.57556777859326	8.29451365500503	cocopye	-0.3518207063806855	-1.7054498852965079	0.3518207063806855	1.7054498852965079	medium	medium
G_r047_substitution_titv_0p5pct	47	7	substitution_titv	0.005	0.5	titv_2	RS_GCF_002240205.1	Bacteroidota_A	Bacteria	low	59.927388484973946	9.999963540301538	59.927388484973946	9.999963540301538	2468479	108	1726142	108	1726142	0.0050013266579458	0.0441104216424403	0	8633	0	0	True	59.78428351309707	10.64458179914712	cocopye	-0.14310497187687332	0.6446182588455827	0.14310497187687332	0.6446182588455827	low	medium
G_r047_substitution_titv_1pct	47	8	substitution_titv	0.01	1.0	titv_2	RS_GCF_002240205.1	Bacteroidota_A	Bacteria	low	59.927388484973946	9.999963540301538	59.927388484973946	9.999963540301538	2468479	108	1726142	108	1726142	0.0100420475256381	0.0864827525163591	0	17334	0	0	True	59.29089184873592	11.43892300054893	cocopye	-0.6364966362380287	1.4389594602473927	0.6364966362380287	1.4389594602473927	low	medium
G_r047_substitution_titv_2pct	47	9	substitution_titv	0.02	2.0	titv_2	RS_GCF_002240205.1	Bacteroidota_A	Bacteria	low	59.927388484973946	9.999963540301538	59.927388484973946	9.999963540301538	2468479	108	1726142	108	1726142	0.0198934965952974	0.1662522378698502	0	34339	0	0	True	58.76035038728892	20.35455644500922	cocopye	-1.1670380976850225	10.354592904707681	1.1670380976850225	10.354592904707681	low	medium
G_r047_substitution_titv_5pct	47	10	substitution_titv	0.05	5.0	titv_2	RS_GCF_002240205.1	Bacteroidota_A	Bacteria	low	59.927388484973946	9.999963540301538	59.927388484973946	9.999963540301538	2468479	108	1726142	108	1726142	0.0500822064465148	0.3697505902753909	0	86449	0	0	True	58.66719759427584	25.68108974358974	cocopye	-1.2601908906981052	15.681126203288203	1.2601908906981052	15.681126203288203	low	medium
G_r047_indel_0p1pct	47	11	indel	0.001	0.1	ins0.5_geom0.75	RS_GCF_002240205.1	Bacteroidota_A	Bacteria	low	59.927388484973946	9.999963540301538	59.92669413435291	9.999963540301538	2468479	108	1726142	108	1726122	0.0009993384090069		0	0	1725	0	True	61.75362455990654	27.53342357439084	cocopye	1.826236074932595	17.533460034089302	1.826236074932595	17.533460034089302	low	medium
G_r047_indel_0p5pct	47	12	indel	0.005	0.5	ins0.5_geom0.75	RS_GCF_002240205.1	Bacteroidota_A	Bacteria	low	59.927388484973946	9.999963540301538	59.928082835594985	9.999963540301538	2468479	108	1726142	108	1726162	0.0049561391820603		0	0	8555	0	True	60.09316770186336	76.77277274753736	cocopye	0.16577921688941188	66.77280920723582	0.16577921688941188	66.77280920723582	low	medium
G_r047_indel_1pct	47	13	indel	0.01	1.0	ins0.5_geom0.75	RS_GCF_002240205.1	Bacteroidota_A	Bacteria	low	59.927388484973946	9.999963540301538	59.926346959042384	9.999963540301538	2468479	108	1726142	108	1726112	0.0102175834896549		0	0	17637	0	True	60.051546391752574	104.10938590662586	cocopye	0.12415790677862759	94.10942236632432	0.12415790677862759	94.10942236632432	low	medium
G_r047_indel_2pct	47	14	indel	0.02	2.0	ins0.5_geom0.75	RS_GCF_002240205.1	Bacteroidota_A	Bacteria	low	59.927388484973946	9.999963540301538	59.92683300447711	9.999963540301538	2468479	108	1726142	108	1726126	0.0199780782809293		0	0	34485	0	True	58.38649329956639	121.2546511320026	cocopye	-1.5408951854075568	111.25468759170107	1.5408951854075568	111.25468759170107	low	medium
G_r047_indel_5pct	47	15	indel	0.05	5.0	ins0.5_geom0.75	RS_GCF_002240205.1	Bacteroidota_A	Bacteria	low	59.927388484973946	9.999963540301538	59.948462026322446	9.999963540301538	2468479	108	1726142	108	1726749	0.0502003890757539		0	0	86653	0	True	47.75640847799661	65.7488309420072	cocopye	-12.170980006977338	55.74886740170567	12.170980006977338	55.74886740170567	low	medium
G_r047_chimera_5pct	47	16	chimera	0.05	5.0	rc0.5	RS_GCF_002240205.1	Bacteroidota_A	Bacteria	low	59.927388484973946	9.999963540301538	59.927388484973946	9.999963540301538	2468479	108	1726142	106	1726142	0.037037037037037		0	0	0	2	True	59.57556777859326	7.129917381713099	cocopye	-0.3518207063806855	-2.8700461585884387	0.3518207063806855	2.8700461585884387	medium	medium
G_r047_chimera_10pct	47	17	chimera	0.1	10.0	rc0.5	RS_GCF_002240205.1	Bacteroidota_A	Bacteria	low	59.927388484973946	9.999963540301538	59.927388484973946	9.999963540301538	2468479	108	1726142	103	1726142	0.0925925925925925		0	0	0	5	True	59.57556777859326	7.129917381713099	cocopye	-0.3518207063806855	-2.8700461585884387	0.3518207063806855	2.8700461585884387	medium	medium
G_r047_chimera_20pct	47	18	chimera	0.2	20.0	rc0.5	RS_GCF_002240205.1	Bacteroidota_A	Bacteria	low	59.927388484973946	9.999963540301538	59.927388484973946	9.999963540301538	2468479	108	1726142	97	1726142	0.2037037037037037		0	0	0	11	True	59.57556777859326	7.129917381713099	cocopye	-0.3518207063806855	-2.8700461585884387	0.3518207063806855	2.8700461585884387	medium	medium
G_r047_chimera_40pct	47	19	chimera	0.4	40.0	rc0.5	RS_GCF_002240205.1	Bacteroidota_A	Bacteria	low	59.927388484973946	9.999963540301538	59.927388484973946	9.999963540301538	2468479	108	1726142	86	1726142	0.4074074074074074		0	0	0	22	True	59.57556777859326	7.129917381713099	cocopye	-0.3518207063806855	-2.8700461585884387	0.3518207063806855	2.8700461585884387	medium	medium
G_r047_uneven_coverage_5pct	47	20	uneven_coverage	0.05	5.0	lognormal_sigma1.0	RS_GCF_002240205.1	Bacteroidota_A	Bacteria	low	59.927388484973946	9.999963540301538	59.927388484973946	13.496327090487704	2468479	108	1726142	112	1812449	0.0499999420673386		86307	0	0	0	True	59.73084728169885	9.69202918295534	cocopye	-0.19654120327509617	-0.30793435734619834	0.19654120327509617	0.30793435734619834	medium	medium
G_r047_uneven_coverage_10pct	47	21	uneven_coverage	0.1	10.0	lognormal_sigma1.0	RS_GCF_002240205.1	Bacteroidota_A	Bacteria	low	59.927388484973946	9.999963540301538	59.927388484973946	16.99269064067387	2468479	108	1726142	122	1898756	0.0999998841346772		172614	0	0	0	True	62.68294799092884	19.797259370113625	cocopye	2.755559505954892	9.797295829812088	2.755559505954892	9.797295829812088	low	medium
G_r047_uneven_coverage_20pct	47	22	uneven_coverage	0.2	20.0	lognormal_sigma1.0	RS_GCF_002240205.1	Bacteroidota_A	Bacteria	low	59.927388484973946	9.999963540301538	59.927388484973946	23.98541774104621	2468479	108	1726142	141	2071370	0.1999997682693544		345228	0	0	0	True	61.638369575698505	25.46951577834456	cocopye	1.7109810907245588	15.469552238043024	1.7109810907245588	15.469552238043024	low	medium
G_r047_uneven_coverage_40pct	47	23	uneven_coverage	0.4	40.0	lognormal_sigma1.0	RS_GCF_002240205.1	Bacteroidota_A	Bacteria	low	59.927388484973946	9.999963540301538	59.927388484973946	37.97091245256694	2468479	108	1726142	147	2416599	0.4000001158653228		690457	0	0	0	True	60.13198757763976	40.48913043478261	cocopye	0.20459909266581633	30.489166894481073	0.20459909266581633	30.489166894481073	low	medium
G_r048_none_control	48	0	none	0.0	0.0	control	GB_GCA_030583765.1	Patescibacteriota	Bacteria	high	100.0	4.999926846991542	100.0	4.999926846991542	615149	2	645906	2	645906	0.0		0	0	0	0	True	73.13848010880855	9.4742666010177	cocopye	-26.86151989119145	4.474339754026158	26.86151989119145	4.474339754026158	medium	high
G_r048_substitution_0p1pct	48	1	substitution	0.001	0.1	uniform	GB_GCA_030583765.1	Patescibacteriota	Bacteria	high	100.0	4.999926846991542	100.0	4.999926846991542	615149	2	645906	2	645906	0.0008855777775713	0.0089640838741259	0	572	0	0	True	76.02086239034655	9.88311297691516	cocopye	-23.97913760965345	4.883186129923619	23.97913760965345	4.883186129923619	medium	high
G_r048_substitution_0p5pct	48	2	substitution	0.005	0.5	uniform	GB_GCA_030583765.1	Patescibacteriota	Bacteria	high	100.0	4.999926846991542	100.0	4.999926846991542	615149	2	645906	2	645906	0.0049434437828414	0.0441104216424403	0	3193	0	0	True	70.84170592814722	10.86088439261521	cocopye	-29.15829407185278	5.860957545623668	29.15829407185278	5.860957545623668	low	high
G_r048_substitution_1pct	48	3	substitution	0.01	1.0	uniform	GB_GCA_030583765.1	Patescibacteriota	Bacteria	high	100.0	4.999926846991542	100.0	4.999926846991542	615149	2	645906	2	645906	0.0103203871770814	0.0864827525163591	0	6666	0	0	True	74.46860991251295	15.297580156744289	cocopye	-25.531390087487054	10.297653309752747	25.531390087487054	10.297653309752747	low	high
G_r048_substitution_2pct	48	4	substitution	0.02	2.0	uniform	GB_GCA_030583765.1	Patescibacteriota	Bacteria	high	100.0	4.999926846991542	100.0	4.999926846991542	615149	2	645906	2	645906	0.0199146625050704	0.1662522378698502	0	12863	0	0	True	71.50601540876373	14.82909427141276	cocopye	-28.49398459123627	9.829167424421218	28.49398459123627	9.829167424421218	low	high
G_r048_substitution_5pct	48	5	substitution	0.05	5.0	uniform	GB_GCA_030583765.1	Patescibacteriota	Bacteria	high	100.0	4.999926846991542	100.0	4.999926846991542	615149	2	645906	2	645906	0.0499515409362972	0.3697505902753909	0	32264	0	0	True	72.35218634485352	18.94269621168129	cocopye	-27.64781365514648	13.942769364689749	27.64781365514648	13.942769364689749	low	high
G_r048_substitution_titv_0p1pct	48	6	substitution_titv	0.001	0.1	titv_2	GB_GCA_030583765.1	Patescibacteriota	Bacteria	high	100.0	4.999926846991542	100.0	4.999926846991542	615149	2	645906	2	645906	0.0009444098676897	0.0089640838741259	0	610	0	0	True	73.21266371451792	10.79112033291426	cocopye	-26.787336285482084	5.791193485922719	26.787336285482084	5.791193485922719	low	high
G_r048_substitution_titv_0p5pct	48	7	substitution_titv	0.005	0.5	titv_2	GB_GCA_030583765.1	Patescibacteriota	Bacteria	high	100.0	4.999926846991542	100.0	4.999926846991542	615149	2	645906	2	645906	0.0050796865178524	0.0441104216424403	0	3281	0	0	True	73.74592751732737	12.1180179438871	cocopye	-26.254072482672626	7.118091096895558	26.254072482672626	7.118091096895558	low	high
G_r048_substitution_titv_1pct	48	8	substitution_titv	0.01	1.0	titv_2	GB_GCA_030583765.1	Patescibacteriota	Bacteria	high	100.0	4.999926846991542	100.0	4.999926846991542	615149	2	645906	2	645906	0.0098079287078924	0.0864827525163591	0	6335	0	0	True	75.65450463242036	14.44245496381615	cocopye	-24.345495367579645	9.442528116824608	24.345495367579645	9.442528116824608	low	high
G_r048_substitution_titv_2pct	48	9	substitution_titv	0.02	2.0	titv_2	GB_GCA_030583765.1	Patescibacteriota	Bacteria	high	100.0	4.999926846991542	100.0	4.999926846991542	615149	2	645906	2	645906	0.0201407015881567	0.1662522378698502	0	13009	0	0	True	73.74429922497526	16.84610653846896	cocopye	-26.255700775024735	11.846179691477417	26.255700775024735	11.846179691477417	low	high
G_r048_substitution_titv_5pct	48	10	substitution_titv	0.05	5.0	titv_2	GB_GCA_030583765.1	Patescibacteriota	Bacteria	high	100.0	4.999926846991542	100.0	4.999926846991542	615149	2	645906	2	645906	0.0500939765228996	0.3697505902753909	0	32356	0	0	True	73.24583032662579	23.51841434421552	cocopye	-26.754169673374207	18.518487497223976	26.754169673374207	18.518487497223976	low	high
G_r048_indel_0p1pct	48	11	indel	0.001	0.1	ins0.5_geom0.75	GB_GCA_030583765.1	Patescibacteriota	Bacteria	high	100.0	4.999926846991542	100.00696695804034	4.999926846991542	615149	2	645906	2	645951	0.00106671868662		0	0	689	0	True	80.09534464180707	20.514892536207498	cocopye	-19.904655358192926	15.514965689215956	19.904655358192926	15.514965689215956	low	high
G_r048_indel_0p5pct	48	12	indel	0.005	0.5	ins0.5_geom0.75	GB_GCA_030583765.1	Patescibacteriota	Bacteria	high	100.0	4.999926846991542	99.98699501165804	4.999926846991542	615149	2	645906	2	645822	0.0049991794471641		0	0	3229	0	True	76.38036809815951	61.145192713825246	cocopye	-23.619631901840492	56.145265866833704	23.619631901840492	56.145265866833704	low	high
G_r048_indel_1pct	48	13	indel	0.01	1.0	ins0.5_geom0.75	GB_GCA_030583765.1	Patescibacteriota	Bacteria	high	100.0	4.999926846991542	99.98405340715212	4.999926846991542	615149	2	645906	2	645803	0.0100138410233067		0	0	6468	0	True	67.6056338028169	70.89201877934272	cocopye	-32.3943661971831	65.89209193235118	32.3943661971831	65.89209193235118	low	high
G_r048_indel_2pct	48	14	indel	0.02	2.0	ins0.5_geom0.75	GB_GCA_030583765.1	Patescibacteriota	Bacteria	high	100.0	4.999926846991542	99.9865305477887	4.999926846991542	615149	2	645906	2	645819	0.0200803212851405		0	0	12970	0	True	69.52054794520548	85.04566035858574	cocopye	-30.47945205479452	80.0457335115942	30.47945205479452	80.0457335115942	low	high
G_r048_indel_5pct	48	15	indel	0.05	5.0	ins0.5_geom0.75	GB_GCA_030583765.1	Patescibacteriota	Bacteria	high	100.0	4.999926846991542	99.993497505829	4.999926846991542	615149	2	645906	2	645864	0.0497905267949206		0	0	32160	0	True	46.01226993865031	31.49284175568563	cocopye	-53.98773006134969	26.49291490869409	53.98773006134969	26.49291490869409	low	high
G_r048_chimera_5pct	48	16	chimera	0.05	5.0	rc0.5	GB_GCA_030583765.1	Patescibacteriota	Bacteria	high	100.0	4.999926846991542	100.0	4.999926846991542	615149	2	645906	2	645906	0.0		0	0	0	0	True	73.13848010880855	9.4742666010177	cocopye	-26.86151989119145	4.474339754026158	26.86151989119145	4.474339754026158	medium	high
G_r048_chimera_10pct	48	17	chimera	0.1	10.0	rc0.5	GB_GCA_030583765.1	Patescibacteriota	Bacteria	high	100.0	4.999926846991542	100.0	4.999926846991542	615149	2	645906	2	645906	0.0		0	0	0	0	True	73.13848010880855	9.4742666010177	cocopye	-26.86151989119145	4.474339754026158	26.86151989119145	4.474339754026158	medium	high
G_r048_chimera_20pct	48	18	chimera	0.2	20.0	rc0.5	GB_GCA_030583765.1	Patescibacteriota	Bacteria	high	100.0	4.999926846991542	100.0	4.999926846991542	615149	2	645906	2	645906	0.0		0	0	0	0	True	73.13848010880855	9.4742666010177	cocopye	-26.86151989119145	4.474339754026158	26.86151989119145	4.474339754026158	medium	high
G_r048_chimera_40pct	48	19	chimera	0.4	40.0	rc0.5	GB_GCA_030583765.1	Patescibacteriota	Bacteria	high	100.0	4.999926846991542	100.0	4.999926846991542	615149	2	645906	2	645906	0.0		0	0	0	0	True	73.13848010880855	9.4742666010177	cocopye	-26.86151989119145	4.474339754026158	26.86151989119145	4.474339754026158	medium	high
G_r048_uneven_coverage_5pct	48	20	uneven_coverage	0.05	5.0	lognormal_sigma1.0	GB_GCA_030583765.1	Patescibacteriota	Bacteria	high	100.0	4.999926846991542	100.0	10.249874420668814	615149	2	645906	3	678201	0.0499995355361306		32295	0	0	0	True	73.117041663037	9.65839478017334	cocopye	-26.882958336963	4.658467933181798	26.882958336963	4.658467933181798	medium	high
G_r048_uneven_coverage_10pct	48	21	uneven_coverage	0.1	10.0	lognormal_sigma1.0	GB_GCA_030583765.1	Patescibacteriota	Bacteria	high	100.0	4.999926846991542	100.0	15.499984556587105	615149	2	645906	3	710497	0.1000006192851591		64591	0	0	0	True	74.06856778091493	17.461336548567722	cocopye	-25.931432219085067	12.46140970157618	25.931432219085067	12.46140970157618	low	high
G_r048_uneven_coverage_20pct	48	22	uneven_coverage	0.2	20.0	lognormal_sigma1.0	GB_GCA_030583765.1	Patescibacteriota	Bacteria	high	100.0	4.999926846991542	100.0	25.999879703941648	615149	2	645906	3	775087	0.1999996903574204		129181	0	0	0	True	77.91337376572854	23.03641491968601	cocopye	-22.086626234271463	18.036488072694468	22.086626234271463	18.036488072694468	low	high
G_r048_uneven_coverage_40pct	48	23	uneven_coverage	0.4	40.0	lognormal_sigma1.0	GB_GCA_030583765.1	Patescibacteriota	Bacteria	high	100.0	4.999926846991542	100.0	46.99983256089176	615149	2	645906	3	904268	0.3999993807148408		258362	0	0	0	True	79.85611510791367	33.21343017139023	cocopye	-20.143884892086334	28.213503324398687	20.143884892086334	28.213503324398687	low	high
G_r049_none_control	49	0	none	0.0	0.0	control	GB_GCA_009177165.1	Deinococcota	Bacteria	medium	69.04218972205354	1.999980563358592	69.04218972205354	1.999980563358592	4013039	8	2850950	8	2850950	0.0		0	0	0	0	True	71.0739546352545	0.02364277546936	cocopye	2.031764913200959	-1.976337787889232	2.031764913200959	1.976337787889232	medium	medium
G_r049_substitution_0p1pct	49	1	substitution	0.001	0.1	uniform	GB_GCA_009177165.1	Deinococcota	Bacteria	medium	69.04218972205354	1.999980563358592	69.04218972205354	1.999980563358592	4013039	8	2850950	8	2850950	0.0010021220996509	0.0089640838741259	0	2857	0	0	True	71.06946557810063	0.65523023545939	cocopye	2.0272758560470976	-1.3447503278992021	2.0272758560470976	1.3447503278992021	medium	medium
G_r049_substitution_0p5pct	49	2	substitution	0.005	0.5	uniform	GB_GCA_009177165.1	Deinococcota	Bacteria	medium	69.04218972205354	1.999980563358592	69.04218972205354	1.999980563358592	4013039	8	2850950	8	2850950	0.0050758519090127	0.0441104216424403	0	14471	0	0	True	70.22948845713728	3.97883750480478	cocopye	1.1872987350837434	1.978856941446188	1.1872987350837434	1.978856941446188	medium	medium
G_r049_substitution_1pct	49	3	substitution	0.01	1.0	uniform	GB_GCA_009177165.1	Deinococcota	Bacteria	medium	69.04218972205354	1.999980563358592	69.04218972205354	1.999980563358592	4013039	8	2850950	8	2850950	0.0099963170171346	0.0864827525163591	0	28499	0	0	True	67.97932820834885	11.30516310878048	cocopye	-1.0628615137046893	9.305182545421887	1.0628615137046893	9.305182545421887	low	medium
G_r049_substitution_2pct	49	4	substitution	0.02	2.0	uniform	GB_GCA_009177165.1	Deinococcota	Bacteria	medium	69.04218972205354	1.999980563358592	69.04218972205354	1.999980563358592	4013039	8	2850950	8	2850950	0.019944930637156	0.1662522378698502	0	56862	0	0	True	67.94774262380909	13.93103082387768	cocopye	-1.0944470982444443	11.931050260519088	1.0944470982444443	11.931050260519088	low	medium
G_r049_substitution_5pct	49	5	substitution	0.05	5.0	uniform	GB_GCA_009177165.1	Deinococcota	Bacteria	medium	69.04218972205354	1.999980563358592	69.04218972205354	1.999980563358592	4013039	8	2850950	8	2850950	0.050040162051246	0.3697505902753909	0	142662	0	0	True	64.99261902463353	22.648341102203	cocopye	-4.049570697420009	20.648360538844408	4.049570697420009	20.648360538844408	low	medium
G_r049_substitution_titv_0p1pct	49	6	substitution_titv	0.001	0.1	titv_2	GB_GCA_009177165.1	Deinococcota	Bacteria	medium	69.04218972205354	1.999980563358592	69.04218972205354	1.999980563358592	4013039	8	2850950	8	2850950	0.0010042266612883	0.0089640838741259	0	2863	0	0	True	70.4755199258051	0.51722653037426	cocopye	1.4333302037515665	-1.482754032984332	1.4333302037515665	1.482754032984332	medium	medium
G_r049_substitution_titv_0p5pct	49	7	substitution_titv	0.005	0.5	titv_2	GB_GCA_009177165.1	Deinococcota	Bacteria	medium	69.04218972205354	1.999980563358592	69.04218972205354	1.999980563358592	4013039	8	2850950	8	2850950	0.0050709412651923	0.0441104216424403	0	14457	0	0	True	70.81331605787445	1.79699074487345	cocopye	1.7711263358209095	-0.2029898184851422	1.7711263358209095	0.2029898184851422	medium	medium
G_r049_substitution_titv_1pct	49	8	substitution_titv	0.01	1.0	titv_2	GB_GCA_009177165.1	Deinococcota	Bacteria	medium	69.04218972205354	1.999980563358592	69.04218972205354	1.999980563358592	4013039	8	2850950	8	2850950	0.0099156421543695	0.0864827525163591	0	28269	0	0	True	68.92507656517468	6.01337220097532	cocopye	-0.11711315687885815	4.013391637616728	0.11711315687885815	4.013391637616728	medium	medium
G_r049_substitution_titv_2pct	49	9	substitution_titv	0.02	2.0	titv_2	GB_GCA_009177165.1	Deinococcota	Bacteria	medium	69.04218972205354	1.999980563358592	69.04218972205354	1.999980563358592	4013039	8	2850950	8	2850950	0.0199119591715042	0.1662522378698502	0	56768	0	0	True	67.14494716977025	11.74405165526874	cocopye	-1.8972425522832879	9.744071091910147	1.8972425522832879	9.744071091910147	low	medium
G_r049_substitution_titv_5pct	49	10	substitution_titv	0.05	5.0	titv_2	GB_GCA_009177165.1	Deinococcota	Bacteria	medium	69.04218972205354	1.999980563358592	69.04218972205354	1.999980563358592	4013039	8	2850950	8	2850950	0.0500313930444237	0.3697505902753909	0	142637	0	0	True	65.87564293564185	20.71469976801109	cocopye	-3.1665467864116863	18.7147192046525	3.1665467864116863	18.7147192046525	low	medium
G_r049_indel_0p1pct	49	11	indel	0.001	0.1	ins0.5_geom0.75	GB_GCA_009177165.1	Deinococcota	Bacteria	medium	69.04218972205354	1.999980563358592	69.03826652636965	1.999980563358592	4013039	8	2850950	8	2850788	0.0010172047913853		0	0	2900	0	True	66.21269187801262	25.00359333217579	cocopye	-2.8294978440409153	23.0036127688172	2.8294978440409153	23.0036127688172	low	medium
G_r049_indel_0p5pct	49	12	indel	0.005	0.5	ins0.5_geom0.75	GB_GCA_009177165.1	Deinococcota	Bacteria	medium	69.04218972205354	1.999980563358592	69.04073668661506	1.999980563358592	4013039	8	2850950	8	2850890	0.0050453357652712		0	0	14384	0	True	71.27388146272891	75.59448533756718	cocopye	2.231691740675373	73.59450477420859	2.231691740675373	73.59450477420859	low	medium
G_r049_indel_1pct	49	13	indel	0.01	1.0	ins0.5_geom0.75	GB_GCA_009177165.1	Deinococcota	Bacteria	medium	69.04218972205354	1.999980563358592	69.03153412883805	1.999980563358592	4013039	8	2850950	8	2850510	0.0100398112909731		0	0	28623	0	True	70.75814383370536	96.89974447838344	cocopye	1.7159541116518255	94.89976391502485	1.7159541116518255	94.89976391502485	low	medium
G_r049_indel_2pct	49	14	indel	0.02	2.0	ins0.5_geom0.75	GB_GCA_009177165.1	Deinococcota	Bacteria	medium	69.04218972205354	1.999980563358592	69.04897055409975	1.999980563358592	4013039	8	2850950	8	2851230	0.0201220645749662		0	0	57367	0	True	69.29962977790531	108.60979462875196	cocopye	0.25744005585177376	106.60981406539337	0.25744005585177376	106.60981406539337	low	medium
G_r049_indel_5pct	49	15	indel	0.05	5.0	ins0.5_geom0.75	GB_GCA_009177165.1	Deinococcota	Bacteria	medium	69.04218972205354	1.999980563358592	69.03121930449305	1.999980563358592	4013039	8	2850950	8	2850497	0.0502344832424279		0	0	143216	0	True	55.46324577216295	53.4743248515979	cocopye	-13.578943949890586	51.47434428823931	13.578943949890586	51.47434428823931	low	medium
G_r049_chimera_5pct	49	16	chimera	0.05	5.0	rc0.5	GB_GCA_009177165.1	Deinococcota	Bacteria	medium	69.04218972205354	1.999980563358592	69.04218972205354	1.999980563358592	4013039	8	2850950	8	2850950	0.0		0	0	0	0	True	71.0739546352545	0.02364277546936	cocopye	2.031764913200959	-1.976337787889232	2.031764913200959	1.976337787889232	medium	medium
G_r049_chimera_10pct	49	17	chimera	0.1	10.0	rc0.5	GB_GCA_009177165.1	Deinococcota	Bacteria	medium	69.04218972205354	1.999980563358592	69.04218972205354	1.999980563358592	4013039	8	2850950	8	2850950	0.0		0	0	0	0	True	71.0739546352545	0.02364277546936	cocopye	2.031764913200959	-1.976337787889232	2.031764913200959	1.976337787889232	medium	medium
G_r049_chimera_20pct	49	18	chimera	0.2	20.0	rc0.5	GB_GCA_009177165.1	Deinococcota	Bacteria	medium	69.04218972205354	1.999980563358592	69.04218972205354	1.999980563358592	4013039	8	2850950	7	2850950	0.25		0	0	0	1	True	71.0739546352545	0.02364277546936	cocopye	2.031764913200959	-1.976337787889232	2.031764913200959	1.976337787889232	medium	medium
G_r049_chimera_40pct	49	19	chimera	0.4	40.0	rc0.5	GB_GCA_009177165.1	Deinococcota	Bacteria	medium	69.04218972205354	1.999980563358592	69.04218972205354	1.999980563358592	4013039	8	2850950	6	2850950	0.5		0	0	0	2	True	71.0739546352545	0.02364277546936	cocopye	2.031764913200959	-1.976337787889232	2.031764913200959	1.976337787889232	medium	medium
G_r049_uneven_coverage_5pct	49	20	uneven_coverage	0.05	5.0	lognormal_sigma1.0	GB_GCA_009177165.1	Deinococcota	Bacteria	medium	69.04218972205354	1.999980563358592	69.04218972205354	5.552101537014717	4013039	8	2850950	9	2993498	0.0500001753801364		142548	0	0	0	True	68.98396359012769	9.62390131881286	cocopye	-0.058226131925849245	7.623920755454268	0.058226131925849245	7.623920755454268	medium	medium
G_r049_uneven_coverage_10pct	49	21	uneven_coverage	0.1	10.0	lognormal_sigma1.0	GB_GCA_009177165.1	Deinococcota	Bacteria	medium	69.04218972205354	1.999980563358592	69.04218972205354	9.104197591899805	4013039	8	2850950	9	3136045	0.1		285095	0	0	0	True	67.70528800045848	14.01842072722948	cocopye	-1.336901721595055	12.018440163870887	1.336901721595055	12.018440163870887	low	medium
G_r049_uneven_coverage_20pct	49	22	uneven_coverage	0.2	20.0	lognormal_sigma1.0	GB_GCA_009177165.1	Deinococcota	Bacteria	medium	69.04218972205354	1.999980563358592	69.04218972205354	16.20841462044102	4013039	8	2850950	9	3421140	0.2		570190	0	0	0	True	64.61139120322719	26.47927616407584	cocopye	-4.43079851882635	24.47929560071725	4.43079851882635	24.47929560071725	low	medium
G_r049_uneven_coverage_40pct	49	23	uneven_coverage	0.4	40.0	lognormal_sigma1.0	GB_GCA_009177165.1	Deinococcota	Bacteria	medium	69.04218972205354	1.999980563358592	69.04218972205354	30.416848677523443	4013039	8	2850950	14	3991330	0.4		1140380	0	0	0	True	70.65352859779705	17.965946595270747	cocopye	1.6113388757435132	15.965966031912155	1.6113388757435132	15.965966031912155	low	medium
G_r050_none_control	50	0	none	0.0	0.0	control	RS_GCF_007748155.1	Planctomycetota	Bacteria	medium	79.7641909148204	4.999996167949083	79.7641909148204	4.999996167949083	7828706	66	6635939	66	6635939	0.0		0	0	0	0	True	81.8496134141788	5.62608411175764	cocopye	2.085422499358401	0.6260879438085567	2.085422499358401	0.6260879438085567	medium	medium
G_r050_substitution_0p1pct	50	1	substitution	0.001	0.1	uniform	RS_GCF_007748155.1	Planctomycetota	Bacteria	medium	79.7641909148204	4.999996167949083	79.7641909148204	4.999996167949083	7828706	66	6635939	66	6635939	0.0010209445436337	0.0089640838741259	0	6759	0	0	True	81.74320542629141	7.34583983862337	cocopye	1.9790145114710072	2.3458436706742862	1.9790145114710072	2.3458436706742862	medium	medium
G_r050_substitution_0p5pct	50	2	substitution	0.005	0.5	uniform	RS_GCF_007748155.1	Planctomycetota	Bacteria	medium	79.7641909148204	4.999996167949083	79.7641909148204	4.999996167949083	7828706	66	6635939	66	6635939	0.004994758577354	0.0441104216424403	0	33067	0	0	True	82.55621209122862	7.71113294804058	cocopye	2.7920211764082126	2.711136780091497	2.7920211764082126	2.711136780091497	medium	medium
G_r050_substitution_1pct	50	3	substitution	0.01	1.0	uniform	RS_GCF_007748155.1	Planctomycetota	Bacteria	medium	79.7641909148204	4.999996167949083	79.7641909148204	4.999996167949083	7828706	66	6635939	66	6635939	0.0099757716371062	0.0864827525163591	0	66043	0	0	True	80.85958714406046	16.025918599440487	cocopye	1.0953962292400519	11.025922431491404	1.0953962292400519	11.025922431491404	low	medium
G_r050_substitution_2pct	50	4	substitution	0.02	2.0	uniform	RS_GCF_007748155.1	Planctomycetota	Bacteria	medium	79.7641909148204	4.999996167949083	79.7641909148204	4.999996167949083	7828706	66	6635939	66	6635939	0.0199800916569239	0.1662522378698502	0	132275	0	0	True	78.20990298023851	21.93457230977391	cocopye	-1.5542879345818932	16.934576141824827	1.5542879345818932	16.934576141824827	low	medium
G_r050_substitution_5pct	50	5	substitution	0.05	5.0	uniform	RS_GCF_007748155.1	Planctomycetota	Bacteria	medium	79.7641909148204	4.999996167949083	79.7641909148204	4.999996167949083	7828706	66	6635939	66	6635939	0.0500252252905439	0.3697505902753909	0	331184	0	0	True	79.58909838979694	43.548387096774185	cocopye	-0.17509252502345873	38.5483909288251	0.17509252502345873	38.5483909288251	low	medium
G_r050_substitution_titv_0p1pct	50	6	substitution_titv	0.001	0.1	titv_2	RS_GCF_007748155.1	Planctomycetota	Bacteria	medium	79.7641909148204	4.999996167949083	79.7641909148204	4.999996167949083	7828706	66	6635939	66	6635939	0.0010182256500421	0.0089640838741259	0	6741	0	0	True	81.3144739860461	5.70805506475115	cocopye	1.5502830712256923	0.7080588968020667	1.5502830712256923	0.7080588968020667	medium	medium
G_r050_substitution_titv_0p5pct	50	7	substitution_titv	0.005	0.5	titv_2	RS_GCF_007748155.1	Planctomycetota	Bacteria	medium	79.7641909148204	4.999996167949083	79.7641909148204	4.999996167949083	7828706	66	6635939	66	6635939	0.0049574493152919	0.0441104216424403	0	32820	0	0	True	80.85593606585654	9.39285716986959	cocopye	1.091745151036136	4.392861001920506	1.091745151036136	4.392861001920506	medium	medium
G_r050_substitution_titv_1pct	50	8	substitution_titv	0.01	1.0	titv_2	RS_GCF_007748155.1	Planctomycetota	Bacteria	medium	79.7641909148204	4.999996167949083	79.7641909148204	4.999996167949083	7828706	66	6635939	66	6635939	0.0099701828002791	0.0864827525163591	0	66006	0	0	True	79.68186180192109	13.878953961004608	cocopye	-0.08232911289931621	8.878957793055525	0.08232911289931621	8.878957793055525	low	medium
G_r050_substitution_titv_2pct	50	9	substitution_titv	0.02	2.0	titv_2	RS_GCF_007748155.1	Planctomycetota	Bacteria	medium	79.7641909148204	4.999996167949083	79.7641909148204	4.999996167949083	7828706	66	6635939	66	6635939	0.0200198177132896	0.1662522378698502	0	132538	0	0	True	76.67168829744178	21.85129015249593	cocopye	-3.092502617378628	16.85129398454685	3.092502617378628	16.85129398454685	low	medium
G_r050_substitution_titv_5pct	50	10	substitution_titv	0.05	5.0	titv_2	RS_GCF_007748155.1	Planctomycetota	Bacteria	medium	79.7641909148204	4.999996167949083	79.7641909148204	4.999996167949083	7828706	66	6635939	66	6635939	0.0500980312189404	0.3697505902753909	0	331666	0	0	True	79.66589861751152	34.754226614253305	cocopye	-0.09829229730888756	29.75423044630422	0.09829229730888756	29.75423044630422	low	medium
G_r050_indel_0p1pct	50	11	indel	0.001	0.1	ins0.5_geom0.75	RS_GCF_007748155.1	Planctomycetota	Bacteria	medium	79.7641909148204	4.999996167949083	79.76256821066754	4.999996167949083	7828706	66	6635939	66	6635804	0.0010024203055513		0	0	6652	0	True	83.74624853735571	31.981981981981978	cocopye	3.982057622535308	26.981985814032896	3.982057622535308	26.981985814032896	low	medium
G_r050_indel_0p5pct	50	12	indel	0.005	0.5	ins0.5_geom0.75	RS_GCF_007748155.1	Planctomycetota	Bacteria	medium	79.7641909148204	4.999996167949083	79.76206336937553	4.999996167949083	7828706	66	6635939	66	6635762	0.0049873876176378		0	0	33096	0	True	83.08208216374842	92.81826306827104	cocopye	3.317891248928021	87.81826690032196	3.317891248928021	87.81826690032196	low	medium
G_r050_indel_1pct	50	13	indel	0.01	1.0	ins0.5_geom0.75	RS_GCF_007748155.1	Planctomycetota	Bacteria	medium	79.7641909148204	4.999996167949083	79.77223231540019	4.999996167949083	7828706	66	6635939	66	6636608	0.010010188460141		0	0	66427	0	True	82.66752577319588	134.37040663257088	cocopye	2.903334858375473	129.37041046462178	2.903334858375473	129.37041046462178	low	medium
G_r050_indel_2pct	50	14	indel	0.02	2.0	ins0.5_geom0.75	RS_GCF_007748155.1	Planctomycetota	Bacteria	medium	79.7641909148204	4.999996167949083	79.75540427233338	4.999996167949083	7828706	66	6635939	66	6635208	0.0200051567683186		0	0	132753	0	True	79.95833587646484	144.4166717529297	cocopye	0.19414496164444017	139.4166755849806	0.19414496164444017	139.4166755849806	low	medium
G_r050_indel_5pct	50	15	indel	0.05	5.0	ins0.5_geom0.75	RS_GCF_007748155.1	Planctomycetota	Bacteria	medium	79.7641909148204	4.999996167949083	79.76702764208024	4.999996167949083	7828706	66	6635939	66	6636175	0.0499285783067023		0	0	331323	0	True	64.5675928226346	80.66750629722922	cocopye	-15.196598092185809	75.66751012928015	15.196598092185809	75.66751012928015	low	medium
G_r050_chimera_5pct	50	16	chimera	0.05	5.0	rc0.5	RS_GCF_007748155.1	Planctomycetota	Bacteria	medium	79.7641909148204	4.999996167949083	79.7641909148204	4.999996167949083	7828706	66	6635939	65	6635939	0.0303030303030303		0	0	0	1	True	81.8496134141788	5.62608411175764	cocopye	2.085422499358401	0.6260879438085567	2.085422499358401	0.6260879438085567	medium	medium
G_r050_chimera_10pct	50	17	chimera	0.1	10.0	rc0.5	RS_GCF_007748155.1	Planctomycetota	Bacteria	medium	79.7641909148204	4.999996167949083	79.7641909148204	4.999996167949083	7828706	66	6635939	63	6635939	0.0909090909090909		0	0	0	3	True	81.8496134141788	5.62608411175764	cocopye	2.085422499358401	0.6260879438085567	2.085422499358401	0.6260879438085567	medium	medium
G_r050_chimera_20pct	50	18	chimera	0.2	20.0	rc0.5	RS_GCF_007748155.1	Planctomycetota	Bacteria	medium	79.7641909148204	4.999996167949083	79.7641909148204	4.999996167949083	7828706	66	6635939	59	6635939	0.2121212121212121		0	0	0	7	True	81.8496134141788	5.62608411175764	cocopye	2.085422499358401	0.6260879438085567	2.085422499358401	0.6260879438085567	medium	medium
G_r050_chimera_40pct	50	19	chimera	0.4	40.0	rc0.5	RS_GCF_007748155.1	Planctomycetota	Bacteria	medium	79.7641909148204	4.999996167949083	79.7641909148204	4.999996167949083	7828706	66	6635939	53	6635939	0.3939393939393939		0	0	0	13	True	81.8496134141788	5.62608411175764	cocopye	2.085422499358401	0.6260879438085567	2.085422499358401	0.6260879438085567	medium	medium
G_r050_uneven_coverage_5pct	50	20	uneven_coverage	0.05	5.0	lognormal_sigma1.0	RS_GCF_007748155.1	Planctomycetota	Bacteria	medium	79.7641909148204	4.999996167949083	79.7641909148204	9.238206160762712	7828706	66	6635939	73	6967736	0.0500000075347287		331797	0	0	0	True	80.96681851853171	8.63431850827339	cocopye	1.2026276037113064	3.6343223403243066	1.2026276037113064	3.6343223403243066	medium	medium
G_r050_uneven_coverage_10pct	50	21	uneven_coverage	0.1	10.0	lognormal_sigma1.0	RS_GCF_007748155.1	Planctomycetota	Bacteria	medium	79.7641909148204	4.999996167949083	79.7641909148204	13.476416153576338	7828706	66	6635939	72	7299533	0.1000000150694574		663594	0	0	0	True	81.78455662950898	17.058408729952788	cocopye	2.0203657146885803	12.058412562003705	2.0203657146885803	12.058412562003705	low	medium
G_r050_uneven_coverage_20pct	50	22	uneven_coverage	0.2	20.0	lognormal_sigma1.0	RS_GCF_007748155.1	Planctomycetota	Bacteria	medium	79.7641909148204	4.999996167949083	79.7641909148204	21.952836139203598	7828706	66	6635939	86	7963127	0.2000000301389148		1327188	0	0	0	True	77.79043783991983	24.1073203187399	cocopye	-1.9737530749005714	19.107324150790816	1.9737530749005714	19.107324150790816	low	medium
G_r050_uneven_coverage_40pct	50	23	uneven_coverage	0.4	40.0	lognormal_sigma1.0	RS_GCF_007748155.1	Planctomycetota	Bacteria	medium	79.7641909148204	4.999996167949083	79.7641909148204	38.9056761104581	7828706	66	6635939	103	9290315	0.4000000602778296		2654376	0	0	0	True	84.12162162162163	31.38138023582664	cocopye	4.357430706801225	26.381384067877555	4.357430706801225	26.381384067877555	low	medium
G_r051_none_control	51	0	none	0.0	0.0	control	RS_GCF_018771565.1	Chloroflexota	Bacteria	medium	96.56674540006595	9.999975879479408	96.56674540006595	9.999975879479408	3316678	26	3534475	26	3534475	0.0		0	0	0	0	True	99.97402484317152	10.71556408184029	cocopye	3.4072794431055655	0.7155882023608822	3.4072794431055655	0.7155882023608822	low	medium
G_r051_substitution_0p1pct	51	1	substitution	0.001	0.1	uniform	RS_GCF_018771565.1	Chloroflexota	Bacteria	medium	96.56674540006595	9.999975879479408	96.56674540006595	9.999975879479408	3316678	26	3534475	26	3534475	0.0010066558682689	0.0089640838741259	0	3558	0	0	True	100.0	12.37292339996546	cocopye	3.4332545999340454	2.3729475204860524	3.4332545999340454	2.3729475204860524	low	medium
G_r051_substitution_0p5pct	51	2	substitution	0.005	0.5	uniform	RS_GCF_018771565.1	Chloroflexota	Bacteria	medium	96.56674540006595	9.999975879479408	96.56674540006595	9.999975879479408	3316678	26	3534475	26	3534475	0.0049894255865439	0.0441104216424403	0	17635	0	0	True	100.0	16.59959242838962	cocopye	3.4332545999340454	6.5996165489102125	3.4332545999340454	6.5996165489102125	low	medium
G_r051_substitution_1pct	51	3	substitution	0.01	1.0	uniform	RS_GCF_018771565.1	Chloroflexota	Bacteria	medium	96.56674540006595	9.999975879479408	96.56674540006595	9.999975879479408	3316678	26	3534475	26	3534475	0.0100051634259684	0.0864827525163591	0	35363	0	0	True	100.0	16.992721382286398	cocopye	3.4332545999340454	6.99274550280699	3.4332545999340454	6.99274550280699	low	medium
G_r051_substitution_2pct	51	4	substitution	0.02	2.0	uniform	RS_GCF_018771565.1	Chloroflexota	Bacteria	medium	96.56674540006595	9.999975879479408	96.56674540006595	9.999975879479408	3316678	26	3534475	26	3534475	0.0200926587399826	0.1662522378698502	0	71017	0	0	True	100.0	19.84320195924206	cocopye	3.4332545999340454	9.843226079762651	3.4332545999340454	9.843226079762651	low	medium
G_r051_substitution_5pct	51	5	substitution	0.05	5.0	uniform	RS_GCF_018771565.1	Chloroflexota	Bacteria	medium	96.56674540006595	9.999975879479408	96.56674540006595	9.999975879479408	3316678	26	3534475	26	3534475	0.0501191831884509	0.3697505902753909	0	177145	0	0	True	88.20058997050147	42.47787610619469	cocopye	-8.366155429564486	32.477900226715285	8.366155429564486	32.477900226715285	low	medium
G_r051_substitution_titv_0p1pct	51	6	substitution_titv	0.001	0.1	titv_2	RS_GCF_018771565.1	Chloroflexota	Bacteria	medium	96.56674540006595	9.999975879479408	96.56674540006595	9.999975879479408	3316678	26	3534475	26	3534475	0.0010075046506199	0.0089640838741259	0	3561	0	0	True	100.0	11.28049891064815	cocopye	3.4332545999340454	1.2805230311687428	3.4332545999340454	1.2805230311687428	low	medium
G_r051_substitution_titv_0p5pct	51	7	substitution_titv	0.005	0.5	titv_2	RS_GCF_018771565.1	Chloroflexota	Bacteria	medium	96.56674540006595	9.999975879479408	96.56674540006595	9.999975879479408	3316678	26	3534475	26	3534475	0.004926615692571	0.0441104216424403	0	17413	0	0	True	100.0	12.8397668489977	cocopye	3.4332545999340454	2.839790969518292	3.4332545999340454	2.839790969518292	low	medium
G_r051_substitution_titv_1pct	51	8	substitution_titv	0.01	1.0	titv_2	RS_GCF_018771565.1	Chloroflexota	Bacteria	medium	96.56674540006595	9.999975879479408	96.56674540006595	9.999975879479408	3316678	26	3534475	26	3534475	0.0100450561964648	0.0864827525163591	0	35504	0	0	True	99.46623791698406	17.0665121678554	cocopye	2.8994925169181016	7.066536288375993	2.8994925169181016	7.066536288375993	low	medium
G_r051_substitution_titv_2pct	51	9	substitution_titv	0.02	2.0	titv_2	RS_GCF_018771565.1	Chloroflexota	Bacteria	medium	96.56674540006595	9.999975879479408	96.56674540006595	9.999975879479408	3316678	26	3534475	26	3534475	0.0199036632031631	0.1662522378698502	0	70349	0	0	True	96.71151967531502	19.67542969478232	cocopye	0.1447742752490626	9.675453815302912	0.1447742752490626	9.675453815302912	low	medium
G_r051_substitution_titv_5pct	51	10	substitution_titv	0.05	5.0	titv_2	RS_GCF_018771565.1	Chloroflexota	Bacteria	medium	96.56674540006595	9.999975879479408	96.56674540006595	9.999975879479408	3316678	26	3534475	26	3534475	0.049914343714413	0.3697505902753909	0	176421	0	0	True	92.26415094339625	43.39622641509434	cocopye	-4.302594456669709	33.39625053561493	4.302594456669709	33.39625053561493	low	medium
G_r051_indel_0p1pct	51	11	indel	0.001	0.1	ins0.5_geom0.75	RS_GCF_018771565.1	Chloroflexota	Bacteria	medium	96.56674540006595	9.999975879479408	96.5681934333683	9.999975879479408	3316678	26	3534475	26	3534528	0.0010052412310173		0	0	3553	0	True	99.0909090909091	36.63636409875118	cocopye	2.524163690843139	26.636388219271772	2.524163690843139	26.636388219271772	low	medium
G_r051_indel_0p5pct	51	12	indel	0.005	0.5	ins0.5_geom0.75	RS_GCF_018771565.1	Chloroflexota	Bacteria	medium	96.56674540006595	9.999975879479408	96.55969648323584	9.999975879479408	3316678	26	3534475	26	3534217	0.0049206742161141		0	0	17392	0	True	95.136186770428	101.10246829021764	cocopye	-1.4305586296379573	91.10249241073824	1.4305586296379573	91.10249241073824	low	medium
G_r051_indel_1pct	51	13	indel	0.01	1.0	ins0.5_geom0.75	RS_GCF_018771565.1	Chloroflexota	Bacteria	medium	96.56674540006595	9.999975879479408	96.56166362281634	9.999975879479408	3316678	26	3534475	26	3534289	0.0100246854200411		0	0	35432	0	True	93.08942638321092	132.63858363792266	cocopye	-3.4773190168550343	122.63860775844326	3.4773190168550343	122.63860775844326	low	medium
G_r051_indel_2pct	51	14	indel	0.02	2.0	ins0.5_geom0.75	RS_GCF_018771565.1	Chloroflexota	Bacteria	medium	96.56674540006595	9.999975879479408	96.561527015901	9.999975879479408	3316678	26	3534475	26	3534284	0.0200584245184928		0	0	70896	0	True	90.41666666666669	144.1759236653646	cocopye	-6.150078733399269	134.17594778588517	6.150078733399269	134.17594778588517	low	medium
G_r051_indel_5pct	51	15	indel	0.05	5.0	ins0.5_geom0.75	RS_GCF_018771565.1	Chloroflexota	Bacteria	medium	96.56674540006595	9.999975879479408	96.58704518768144	9.999975879479408	3316678	26	3534475	26	3535218	0.0500343049533523		0	0	176845	0	True	75.49467739993578	81.5068493150685	cocopye	-21.072068000130173	71.50687343558909	21.072068000130173	71.50687343558909	low	medium
G_r051_chimera_5pct	51	16	chimera	0.05	5.0	rc0.5	RS_GCF_018771565.1	Chloroflexota	Bacteria	medium	96.56674540006595	9.999975879479408	96.56674540006595	9.999975879479408	3316678	26	3534475	26	3534475	0.0		0	0	0	0	True	99.97402484317152	10.71556408184029	cocopye	3.4072794431055655	0.7155882023608822	3.4072794431055655	0.7155882023608822	low	medium
G_r051_chimera_10pct	51	17	chimera	0.1	10.0	rc0.5	RS_GCF_018771565.1	Chloroflexota	Bacteria	medium	96.56674540006595	9.999975879479408	96.56674540006595	9.999975879479408	3316678	26	3534475	25	3534475	0.0769230769230769		0	0	0	1	True	99.97402484317152	10.71556408184029	cocopye	3.4072794431055655	0.7155882023608822	3.4072794431055655	0.7155882023608822	low	medium
G_r051_chimera_20pct	51	18	chimera	0.2	20.0	rc0.5	RS_GCF_018771565.1	Chloroflexota	Bacteria	medium	96.56674540006595	9.999975879479408	96.56674540006595	9.999975879479408	3316678	26	3534475	23	3534475	0.2307692307692307		0	0	0	3	True	99.97402484317152	10.71556408184029	cocopye	3.4072794431055655	0.7155882023608822	3.4072794431055655	0.7155882023608822	low	medium
G_r051_chimera_40pct	51	19	chimera	0.4	40.0	rc0.5	RS_GCF_018771565.1	Chloroflexota	Bacteria	medium	96.56674540006595	9.999975879479408	96.56674540006595	9.999975879479408	3316678	26	3534475	21	3534475	0.3846153846153846		0	0	0	5	True	99.97402484317152	10.71556408184029	cocopye	3.4072794431055655	0.7155882023608822	3.4072794431055655	0.7155882023608822	low	medium
G_r051_uneven_coverage_5pct	51	20	uneven_coverage	0.05	5.0	lognormal_sigma1.0	RS_GCF_018771565.1	Chloroflexota	Bacteria	medium	96.56674540006595	9.999975879479408	96.56674540006595	15.328319481119362	3316678	26	3534475	28	3711199	0.0500000707318625		176724	0	0	0	True	100.0	9.90654446289727	cocopye	3.4332545999340454	-0.09343141658213838	3.4332545999340454	0.09343141658213838	medium	medium
G_r051_uneven_coverage_10pct	51	21	uneven_coverage	0.1	10.0	lognormal_sigma1.0	RS_GCF_018771565.1	Chloroflexota	Bacteria	medium	96.56674540006595	9.999975879479408	96.56674540006595	20.65666308275932	3316678	26	3534475	28	3887923	0.1000001414637251		353448	0	0	0	True	100.0	7.363740908047791	cocopye	3.4332545999340454	-2.636234971431617	3.4332545999340454	2.636234971431617	medium	medium
G_r051_uneven_coverage_20pct	51	22	uneven_coverage	0.2	20.0	lognormal_sigma1.0	RS_GCF_018771565.1	Chloroflexota	Bacteria	medium	96.56674540006595	9.999975879479408	96.56674540006595	31.313320135388484	3316678	26	3534475	34	4241370	0.2		706895	0	0	0	True	99.78070175438596	41.8859649122807	cocopye	3.213956354320004	31.88598903280129	3.213956354320004	31.88598903280129	low	medium
G_r051_uneven_coverage_40pct	51	23	uneven_coverage	0.4	40.0	lognormal_sigma1.0	RS_GCF_018771565.1	Chloroflexota	Bacteria	medium	96.56674540006595	9.999975879479408	96.56674540006595	52.62666439129756	3316678	26	3534475	44	4948265	0.4		1413790	0	0	0	True	99.5049504950495	59.900990099009896	cocopye	2.9382050949835445	49.90101421953049	2.9382050949835445	49.90101421953049	low	medium
G_r052_none_control	52	0	none	0.0	0.0	control	RS_GCF_001887775.1	Desulfobacterota	Bacteria	medium	70.89159473028947	0.0	70.89159473028947	0.0	3218469	20	2281624	20	2281624	0.0		0	0	0	0	True	66.96600316020623	0.0	cocopye	-3.9255915700832418	0.0	3.9255915700832418	0.0	medium	medium
G_r052_substitution_0p1pct	52	1	substitution	0.001	0.1	uniform	RS_GCF_001887775.1	Desulfobacterota	Bacteria	medium	70.89159473028947	0.0	70.89159473028947	0.0	3218469	20	2281624	20	2281624	0.0010150664614327	0.0089640838741259	0	2316	0	0	True	67.27916302776491	0.0	cocopye	-3.6124317025245603	0.0	3.6124317025245603	0.0	medium	medium
G_r052_substitution_0p5pct	52	2	substitution	0.005	0.5	uniform	RS_GCF_001887775.1	Desulfobacterota	Bacteria	medium	70.89159473028947	0.0	70.89159473028947	0.0	3218469	20	2281624	20	2281624	0.0049710206414378	0.0441104216424403	0	11342	0	0	True	65.86428950472319	5.3731309780238	cocopye	-5.0273052255662805	5.3731309780238	5.0273052255662805	5.3731309780238	medium	medium
G_r052_substitution_1pct	52	3	substitution	0.01	1.0	uniform	RS_GCF_001887775.1	Desulfobacterota	Bacteria	medium	70.89159473028947	0.0	70.89159473028947	0.0	3218469	20	2281624	20	2281624	0.0100235621644933	0.0864827525163591	0	22870	0	0	True	66.27341862713348	8.23280240796899	cocopye	-4.618176103155989	8.23280240796899	4.618176103155989	8.23280240796899	medium	medium
G_r052_substitution_2pct	52	4	substitution	0.02	2.0	uniform	RS_GCF_001887775.1	Desulfobacterota	Bacteria	medium	70.89159473028947	0.0	70.89159473028947	0.0	3218469	20	2281624	20	2281624	0.0198740020266266	0.1662522378698502	0	45345	0	0	True	66.77016959587303	15.876440306756532	cocopye	-4.121425134416441	15.876440306756532	4.121425134416441	15.876440306756532	low	medium
G_r052_substitution_5pct	52	5	substitution	0.05	5.0	uniform	RS_GCF_001887775.1	Desulfobacterota	Bacteria	medium	70.89159473028947	0.0	70.89159473028947	0.0	3218469	20	2281624	20	2281624	0.0499898318040132	0.3697505902753909	0	114058	0	0	True	67.99148693232966	23.00399602437329	cocopye	-2.900107797959805	23.00399602437329	2.900107797959805	23.00399602437329	low	medium
G_r052_substitution_titv_0p1pct	52	6	substitution_titv	0.001	0.1	titv_2	RS_GCF_001887775.1	Desulfobacterota	Bacteria	medium	70.89159473028947	0.0	70.89159473028947	0.0	3218469	20	2281624	20	2281624	0.0009957819518027	0.0089640838741259	0	2272	0	0	True	66.81091826882381	0.0	cocopye	-4.080676461465657	0.0	4.080676461465657	0.0	medium	medium
G_r052_substitution_titv_0p5pct	52	7	substitution_titv	0.005	0.5	titv_2	RS_GCF_001887775.1	Desulfobacterota	Bacteria	medium	70.89159473028947	0.0	70.89159473028947	0.0	3218469	20	2281624	20	2281624	0.0050095896606978	0.0441104216424403	0	11430	0	0	True	66.77079029088418	1.4974386427726198	cocopye	-4.1208044394052905	1.4974386427726198	4.1208044394052905	1.4974386427726198	medium	medium
G_r052_substitution_titv_1pct	52	8	substitution_titv	0.01	1.0	titv_2	RS_GCF_001887775.1	Desulfobacterota	Bacteria	medium	70.89159473028947	0.0	70.89159473028947	0.0	3218469	20	2281624	20	2281624	0.0099630789297447	0.0864827525163591	0	22732	0	0	True	66.37149674539594	6.8475461395115	cocopye	-4.520097984893525	6.8475461395115	4.520097984893525	6.8475461395115	medium	medium
G_r052_substitution_titv_2pct	52	9	substitution_titv	0.02	2.0	titv_2	RS_GCF_001887775.1	Desulfobacterota	Bacteria	medium	70.89159473028947	0.0	70.89159473028947	0.0	3218469	20	2281624	20	2281624	0.0198266673211712	0.1662522378698502	0	45237	0	0	True	66.78909692439741	12.78012035070463	cocopye	-4.102497805892057	12.78012035070463	4.102497805892057	12.78012035070463	low	medium
G_r052_substitution_titv_5pct	52	10	substitution_titv	0.05	5.0	titv_2	RS_GCF_001887775.1	Desulfobacterota	Bacteria	medium	70.89159473028947	0.0	70.89159473028947	0.0	3218469	20	2281624	20	2281624	0.0502585000859037	0.3697505902753909	0	114671	0	0	True	66.86040185496779	23.44324357266715	cocopye	-4.031192875321679	23.44324357266715	4.031192875321679	23.44324357266715	low	medium
G_r052_indel_0p1pct	52	11	indel	0.001	0.1	ins0.5_geom0.75	RS_GCF_001887775.1	Desulfobacterota	Bacteria	medium	70.89159473028947	0.0	70.89109759951083	0.0	3218469	20	2281624	20	2281608	0.0009887694028463		0	0	2256	0	True	66.76692576043996	22.69472099534393	cocopye	-4.124668969849509	22.69472099534393	4.124668969849509	22.69472099534393	low	medium
G_r052_indel_0p5pct	52	12	indel	0.005	0.5	ins0.5_geom0.75	RS_GCF_001887775.1	Desulfobacterota	Bacteria	medium	70.89159473028947	0.0	70.88873622831228	0.0	3218469	20	2281624	20	2281532	0.004984169170731		0	0	11372	0	True	69.49152542372882	72.3648034342842	cocopye	-1.4000693065606526	72.3648034342842	1.4000693065606526	72.3648034342842	low	medium
G_r052_indel_1pct	52	13	indel	0.01	1.0	ins0.5_geom0.75	RS_GCF_001887775.1	Desulfobacterota	Bacteria	medium	70.89159473028947	0.0	70.90405407042914	0.0	3218469	20	2281624	20	2282025	0.0100502975073894		0	0	22931	0	True	67.21631719710979	101.6799602102726	cocopye	-3.675277533179681	101.6799602102726	3.675277533179681	101.6799602102726	low	medium
G_r052_indel_2pct	52	14	indel	0.02	2.0	ins0.5_geom0.75	RS_GCF_001887775.1	Desulfobacterota	Bacteria	medium	70.89159473028947	0.0	70.88556701959845	0.0	3218469	20	2281624	20	2281430	0.0199958450647433		0	0	45623	0	True	62.32091690544412	105.03820730826916	cocopye	-8.570677824845347	105.03820730826916	8.570677824845347	105.03820730826916	low	medium
G_r052_indel_5pct	52	15	indel	0.05	5.0	ins0.5_geom0.75	RS_GCF_001887775.1	Desulfobacterota	Bacteria	medium	70.89159473028947	0.0	70.88146569067466	0.0	3218469	20	2281624	20	2281298	0.0501384101850261		0	0	114397	0	True	53.041366243014366	57.75547445255474	cocopye	-17.850228487275103	57.75547445255474	17.850228487275103	57.75547445255474	low	medium
G_r052_chimera_5pct	52	16	chimera	0.05	5.0	rc0.5	RS_GCF_001887775.1	Desulfobacterota	Bacteria	medium	70.89159473028947	0.0	70.89159473028947	0.0	3218469	20	2281624	19	2281624	0.1		0	0	0	1	True	66.96600316020623	0.0	cocopye	-3.9255915700832418	0.0	3.9255915700832418	0.0	medium	medium
G_r052_chimera_10pct	52	17	chimera	0.1	10.0	rc0.5	RS_GCF_001887775.1	Desulfobacterota	Bacteria	medium	70.89159473028947	0.0	70.89159473028947	0.0	3218469	20	2281624	19	2281624	0.1		0	0	0	1	True	66.96600316020623	0.0	cocopye	-3.9255915700832418	0.0	3.9255915700832418	0.0	medium	medium
G_r052_chimera_20pct	52	18	chimera	0.2	20.0	rc0.5	RS_GCF_001887775.1	Desulfobacterota	Bacteria	medium	70.89159473028947	0.0	70.89159473028947	0.0	3218469	20	2281624	18	2281624	0.2		0	0	0	2	True	66.96600316020623	0.0	cocopye	-3.9255915700832418	0.0	3.9255915700832418	0.0	medium	medium
G_r052_chimera_40pct	52	19	chimera	0.4	40.0	rc0.5	RS_GCF_001887775.1	Desulfobacterota	Bacteria	medium	70.89159473028947	0.0	70.89159473028947	0.0	3218469	20	2281624	16	2281624	0.4		0	0	0	4	True	66.96600316020623	0.0	cocopye	-3.9255915700832418	0.0	3.9255915700832418	0.0	medium	medium
G_r052_uneven_coverage_5pct	52	20	uneven_coverage	0.05	5.0	lognormal_sigma1.0	RS_GCF_001887775.1	Desulfobacterota	Bacteria	medium	70.89159473028947	0.0	70.89159473028947	3.54457352237974	3218469	20	2281624	21	2395705	0.049999912343138		114081	0	0	0	True	67.4868768319157	0.6973676224345501	cocopye	-3.404717898373775	0.6973676224345501	3.404717898373775	0.6973676224345501	medium	medium
G_r052_uneven_coverage_10pct	52	21	uneven_coverage	0.1	10.0	lognormal_sigma1.0	RS_GCF_001887775.1	Desulfobacterota	Bacteria	medium	70.89159473028947	0.0	70.89159473028947	7.08914704475948	3218469	20	2281624	25	2509786	0.099999824686276		228162	0	0	0	True	65.84724522375146	16.58168483122066	cocopye	-5.044349506538012	16.58168483122066	5.044349506538012	16.58168483122066	low	medium
G_r052_uneven_coverage_20pct	52	22	uneven_coverage	0.2	20.0	lognormal_sigma1.0	RS_GCF_001887775.1	Desulfobacterota	Bacteria	medium	70.89159473028947	0.0	70.89159473028947	14.178325160192626	3218469	20	2281624	25	2737949	0.2000000876568619		456325	0	0	0	True	65.93989532854418	21.15144168210876	cocopye	-4.951699401745287	21.15144168210876	4.951699401745287	21.15144168210876	low	medium
G_r052_uneven_coverage_40pct	52	23	uneven_coverage	0.4	40.0	lognormal_sigma1.0	RS_GCF_001887775.1	Desulfobacterota	Bacteria	medium	70.89159473028947	0.0	70.89159473028947	28.356650320385253	3218469	20	2281624	31	3194274	0.4000001753137239		912650	0	0	0	True	69.392735907372	44.57003816645196	cocopye	-1.4988588229174695	44.57003816645196	1.4988588229174695	44.57003816645196	low	medium
G_r053_none_control	53	0	none	0.0	0.0	control	RS_GCF_002214485.1	Methanobacteriota_B	Archaea	high	100.0	1.999974239404415	100.0	1.999974239404415	1785673	3	1821386	3	1821386	0.0		0	0	0	0	True	100.0	0.70966372810715	cocopye	0.0	-1.2903105112972653	0.0	1.2903105112972653	high	high
G_r053_substitution_0p1pct	53	1	substitution	0.001	0.1	uniform	RS_GCF_002214485.1	Methanobacteriota_B	Archaea	high	100.0	1.999974239404415	100.0	1.999974239404415	1785673	3	1821386	3	1821386	0.0010124158196011	0.0089640838741259	0	1844	0	0	True	100.0	1.95464017563053	cocopye	0.0	-0.04533406377388505	0.0	0.04533406377388505	high	high
G_r053_substitution_0p5pct	53	2	substitution	0.005	0.5	uniform	RS_GCF_002214485.1	Methanobacteriota_B	Archaea	high	100.0	1.999974239404415	100.0	1.999974239404415	1785673	3	1821386	3	1821386	0.0050456081248016	0.0441104216424403	0	9190	0	0	True	100.0	8.16903288617074	cocopye	0.0	6.169058646766325	0.0	6.169058646766325	medium	high
G_r053_substitution_1pct	53	3	substitution	0.01	1.0	uniform	RS_GCF_002214485.1	Methanobacteriota_B	Archaea	high	100.0	1.999974239404415	100.0	1.999974239404415	1785673	3	1821386	3	1821386	0.0098683090789102	0.0864827525163591	0	17974	0	0	True	100.0	8.62163168135905	cocopye	0.0	6.621657441954635	0.0	6.621657441954635	medium	high
G_r053_substitution_2pct	53	4	substitution	0.02	2.0	uniform	RS_GCF_002214485.1	Methanobacteriota_B	Archaea	high	100.0	1.999974239404415	100.0	1.999974239404415	1785673	3	1821386	3	1821386	0.0202735718842683	0.1662522378698502	0	36926	0	0	True	99.31352754250828	20.94081780776037	cocopye	-0.6864724574917176	18.940843568355955	0.6864724574917176	18.940843568355955	low	high
G_r053_substitution_5pct	53	5	substitution	0.05	5.0	uniform	RS_GCF_002214485.1	Methanobacteriota_B	Archaea	high	100.0	1.999974239404415	100.0	1.999974239404415	1785673	3	1821386	3	1821386	0.0499965410956271	0.3697505902753909	0	91063	0	0	True	97.08265802269044	45.67955177838837	cocopye	-2.9173419773095617	43.679577538983956	2.9173419773095617	43.679577538983956	low	high
G_r053_substitution_titv_0p1pct	53	6	substitution_titv	0.001	0.1	titv_2	RS_GCF_002214485.1	Methanobacteriota_B	Archaea	high	100.0	1.999974239404415	100.0	1.999974239404415	1785673	3	1821386	3	1821386	0.001003631300559	0.0089640838741259	0	1828	0	0	True	100.0	1.12381810408943	cocopye	0.0	-0.8761561353149852	0.0	0.8761561353149852	high	high
G_r053_substitution_titv_0p5pct	53	7	substitution_titv	0.005	0.5	titv_2	RS_GCF_002214485.1	Methanobacteriota_B	Archaea	high	100.0	1.999974239404415	100.0	1.999974239404415	1785673	3	1821386	3	1821386	0.005013764243274	0.0441104216424403	0	9132	0	0	True	100.0	5.37184927082544	cocopye	0.0	3.371875031421025	0.0	3.371875031421025	medium	high
G_r053_substitution_titv_1pct	53	8	substitution_titv	0.01	1.0	titv_2	RS_GCF_002214485.1	Methanobacteriota_B	Archaea	high	100.0	1.999974239404415	100.0	1.999974239404415	1785673	3	1821386	3	1821386	0.0100500388165935	0.0864827525163591	0	18305	0	0	True	100.0	10.64108898397034	cocopye	0.0	8.641114744565925	0.0	8.641114744565925	low	high
G_r053_substitution_titv_2pct	53	9	substitution_titv	0.02	2.0	titv_2	RS_GCF_002214485.1	Methanobacteriota_B	Archaea	high	100.0	1.999974239404415	100.0	1.999974239404415	1785673	3	1821386	3	1821386	0.0198030510830762	0.1662522378698502	0	36069	0	0	True	99.45931865636324	13.98899140180866	cocopye	-0.5406813436367628	11.989017162404245	0.5406813436367628	11.989017162404245	low	high
G_r053_substitution_titv_5pct	53	10	substitution_titv	0.05	5.0	titv_2	RS_GCF_002214485.1	Methanobacteriota_B	Archaea	high	100.0	1.999974239404415	100.0	1.999974239404415	1785673	3	1821386	3	1821386	0.0500865824158086	0.3697505902753909	0	91227	0	0	True	98.40579846232232	36.44290528568535	cocopye	-1.5942015376776766	34.44293104628093	1.5942015376776766	34.44293104628093	low	high
G_r053_indel_0p1pct	53	11	indel	0.001	0.1	ins0.5_geom0.75	RS_GCF_002214485.1	Methanobacteriota_B	Archaea	high	100.0	1.999974239404415	100.00214122651651	1.999974239404415	1785673	3	1821386	3	1821425	0.0009866112949149		0	0	1797	0	True	100.0	30.84877653074969	cocopye	0.0	28.848802291345272	0.0	28.848802291345272	low	high
G_r053_indel_0p5pct	53	12	indel	0.005	0.5	ins0.5_geom0.75	RS_GCF_002214485.1	Methanobacteriota_B	Archaea	high	100.0	1.999974239404415	99.99148999717796	1.999974239404415	1785673	3	1821386	3	1821231	0.0049467822855781		0	0	9010	0	True	99.836867862969	125.60241599650794	cocopye	-0.16313213703099905	123.60244175710353	0.16313213703099905	123.60244175710353	low	high
G_r053_indel_1pct	53	13	indel	0.01	1.0	ins0.5_geom0.75	RS_GCF_002214485.1	Methanobacteriota_B	Archaea	high	100.0	1.999974239404415	100.0315144620635	1.999974239404415	1785673	3	1821386	3	1821960	0.0099918413779396		0	0	18199	0	True	99.4991652754591	169.01939022720157	cocopye	-0.5008347245408942	167.01941598779715	0.5008347245408942	167.01941598779715	low	high
G_r053_indel_2pct	53	14	indel	0.02	2.0	ins0.5_geom0.75	RS_GCF_002214485.1	Methanobacteriota_B	Archaea	high	100.0	1.999974239404415	99.9797407029592	1.999974239404415	1785673	3	1821386	3	1821017	0.0199946634046819		0	0	36418	0	True	96.123417721519	199.43754944620247	cocopye	-3.8765822784809956	197.43757520679804	3.8765822784809956	197.43757520679804	low	high
G_r053_indel_5pct	53	15	indel	0.05	5.0	ins0.5_geom0.75	RS_GCF_002214485.1	Methanobacteriota_B	Archaea	high	100.0	1.999974239404415	99.99385083667056	1.999974239404415	1785673	3	1821386	3	1821274	0.0498944210617628		0	0	90877	0	True	82.2434038729281	111.13980267498944	cocopye	-17.7565961270719	109.13982843558503	17.7565961270719	109.13982843558503	low	high
G_r053_chimera_5pct	53	16	chimera	0.05	5.0	rc0.5	RS_GCF_002214485.1	Methanobacteriota_B	Archaea	high	100.0	1.999974239404415	100.0	1.999974239404415	1785673	3	1821386	3	1821386	0.0		0	0	0	0	True	100.0	0.70966372810715	cocopye	0.0	-1.2903105112972653	0.0	1.2903105112972653	high	high
G_r053_chimera_10pct	53	17	chimera	0.1	10.0	rc0.5	RS_GCF_002214485.1	Methanobacteriota_B	Archaea	high	100.0	1.999974239404415	100.0	1.999974239404415	1785673	3	1821386	3	1821386	0.0		0	0	0	0	True	100.0	0.70966372810715	cocopye	0.0	-1.2903105112972653	0.0	1.2903105112972653	high	high
G_r053_chimera_20pct	53	18	chimera	0.2	20.0	rc0.5	RS_GCF_002214485.1	Methanobacteriota_B	Archaea	high	100.0	1.999974239404415	100.0	1.999974239404415	1785673	3	1821386	3	1821386	0.0		0	0	0	0	True	100.0	0.70966372810715	cocopye	0.0	-1.2903105112972653	0.0	1.2903105112972653	high	high
G_r053_chimera_40pct	53	19	chimera	0.4	40.0	rc0.5	RS_GCF_002214485.1	Methanobacteriota_B	Archaea	high	100.0	1.999974239404415	100.0	1.999974239404415	1785673	3	1821386	3	1821386	0.0		0	0	0	0	True	100.0	0.70966372810715	cocopye	0.0	-1.2903105112972653	0.0	1.2903105112972653	high	high
G_r053_uneven_coverage_5pct	53	20	uneven_coverage	0.05	5.0	lognormal_sigma1.0	RS_GCF_002214485.1	Methanobacteriota_B	Archaea	high	100.0	1.999974239404415	100.0	7.099956150986211	1785673	3	1821386	4	1912455	0.0499998352902679		91069	0	0	0	True	99.85740126539646	10.31774332064452	cocopye	-0.14259873460353845	8.317769081240106	0.14259873460353845	8.317769081240106	low	high
G_r053_uneven_coverage_10pct	53	21	uneven_coverage	0.1	10.0	lognormal_sigma1.0	RS_GCF_002214485.1	Methanobacteriota_B	Archaea	high	100.0	1.999974239404415	100.0	12.199994063862755	1785673	3	1821386	4	2003525	0.100000219612976		182139	0	0	0	True	100.0	7.27817035777586	cocopye	0.0	5.2781961183714445	0.0	5.2781961183714445	medium	high
G_r053_uneven_coverage_20pct	53	22	uneven_coverage	0.2	20.0	lognormal_sigma1.0	RS_GCF_002214485.1	Methanobacteriota_B	Archaea	high	100.0	1.999974239404415	100.0	22.39995788702635	1785673	3	1821386	4	2185663	0.1999998901935119		364277	0	0	0	True	100.0	13.42023665813357	cocopye	0.0	11.420262418729155	0.0	11.420262418729155	low	high
G_r053_uneven_coverage_40pct	53	23	uneven_coverage	0.4	40.0	lognormal_sigma1.0	RS_GCF_002214485.1	Methanobacteriota_B	Archaea	high	100.0	1.999974239404415	100.0	42.79994153464828	1785673	3	1821386	4	2549940	0.3999997803870239		728554	0	0	0	True	100.0	31.68756481702479	cocopye	0.0	29.687590577620373	0.0	29.687590577620373	low	high
G_r054_none_control	54	0	none	0.0	0.0	control	GB_GCA_951813605.1	Acidobacteriota	Bacteria	high	62.63230959325284	9.999988683369905	62.63230959325284	9.999988683369905	6185587	9	4492734	9	4492734	0.0		0	0	0	0	True	66.96892756078043	18.01542816030883	cocopye	4.336617967527587	8.015439476938925	4.336617967527587	8.015439476938925	low	medium
G_r054_substitution_0p1pct	54	1	substitution	0.001	0.1	uniform	GB_GCA_951813605.1	Acidobacteriota	Bacteria	high	62.63230959325284	9.999988683369905	62.63230959325284	9.999988683369905	6185587	9	4492734	9	4492734	0.0010214270419748	0.0089640838741259	0	4589	0	0	True	67.1297393362777	20.86540604624586	cocopye	4.497429743024853	10.865417362875954	4.497429743024853	10.865417362875954	low	medium
G_r054_substitution_0p5pct	54	2	substitution	0.005	0.5	uniform	GB_GCA_951813605.1	Acidobacteriota	Bacteria	high	62.63230959325284	9.999988683369905	62.63230959325284	9.999988683369905	6185587	9	4492734	9	4492734	0.0049871637181279	0.0441104216424403	0	22406	0	0	True	68.04209106498908	18.17888548107689	cocopye	5.409781471736238	8.178896797706985	5.409781471736238	8.178896797706985	low	medium
G_r054_substitution_1pct	54	3	substitution	0.01	1.0	uniform	GB_GCA_951813605.1	Acidobacteriota	Bacteria	high	62.63230959325284	9.999988683369905	62.63230959325284	9.999988683369905	6185587	9	4492734	9	4492734	0.0099585241414247	0.0864827525163591	0	44741	0	0	True	71.79068826748738	18.532133928258528	cocopye	9.158378674234541	8.532145244888623	9.158378674234541	8.532145244888623	low	medium
G_r054_substitution_2pct	54	4	substitution	0.02	2.0	uniform	GB_GCA_951813605.1	Acidobacteriota	Bacteria	high	62.63230959325284	9.999988683369905	62.63230959325284	9.999988683369905	6185587	9	4492734	9	4492734	0.0200768618840999	0.1662522378698502	0	90200	0	0	True	68.67219917012449	31.535269709543567	cocopye	6.039889576871644	21.535281026173664	6.039889576871644	21.535281026173664	low	medium
G_r054_substitution_5pct	54	5	substitution	0.05	5.0	uniform	GB_GCA_951813605.1	Acidobacteriota	Bacteria	high	62.63230959325284	9.999988683369905	62.63230959325284	9.999988683369905	6185587	9	4492734	9	4492734	0.0501002285022883	0.3697505902753909	0	225087	0	0	True	62.71186440677966	42.20338983050847	cocopye	0.07955481352681915	32.203401147138564	0.07955481352681915	32.203401147138564	low	medium
G_r054_substitution_titv_0p1pct	54	6	substitution_titv	0.001	0.1	titv_2	GB_GCA_951813605.1	Acidobacteriota	Bacteria	high	62.63230959325284	9.999988683369905	62.63230959325284	9.999988683369905	6185587	9	4492734	9	4492734	0.000994717247894	0.0089640838741259	0	4469	0	0	True	67.16384165644094	17.93819324624891	cocopye	4.531532063188095	7.938204562879006	4.531532063188095	7.938204562879006	low	medium
G_r054_substitution_titv_0p5pct	54	7	substitution_titv	0.005	0.5	titv_2	GB_GCA_951813605.1	Acidobacteriota	Bacteria	high	62.63230959325284	9.999988683369905	62.63230959325284	9.999988683369905	6185587	9	4492734	9	4492734	0.0049677991174193	0.0441104216424403	0	22319	0	0	True	68.0023099051284	19.60903579193733	cocopye	5.3700003118755575	9.609047108567426	5.3700003118755575	9.609047108567426	low	medium
G_r054_substitution_titv_1pct	54	8	substitution_titv	0.01	1.0	titv_2	GB_GCA_951813605.1	Acidobacteriota	Bacteria	high	62.63230959325284	9.999988683369905	62.63230959325284	9.999988683369905	6185587	9	4492734	9	4492734	0.0100328664016164	0.0864827525163591	0	45075	0	0	True	68.8886320059825	18.000374341253668	cocopye	6.256322412729659	8.000385657883763	6.256322412729659	8.000385657883763	low	medium
G_r054_substitution_titv_2pct	54	9	substitution_titv	0.02	2.0	titv_2	GB_GCA_951813605.1	Acidobacteriota	Bacteria	high	62.63230959325284	9.999988683369905	62.63230959325284	9.999988683369905	6185587	9	4492734	9	4492734	0.0199778130643835	0.1662522378698502	0	89755	0	0	True	70.58321460942747	17.71640492610943	cocopye	7.95090501617463	7.716416242739525	7.95090501617463	7.716416242739525	low	medium
G_r054_substitution_titv_5pct	54	10	substitution_titv	0.05	5.0	titv_2	GB_GCA_951813605.1	Acidobacteriota	Bacteria	high	62.63230959325284	9.999988683369905	62.63230959325284	9.999988683369905	6185587	9	4492734	9	4492734	0.0499439762069154	0.3697505902753909	0	224385	0	0	True	65.96244131455398	33.80281690140845	cocopye	3.330131721301143	23.80282821803854	3.330131721301143	23.80282821803854	low	medium
G_r054_indel_0p1pct	54	11	indel	0.001	0.1	ins0.5_geom0.75	GB_GCA_951813605.1	Acidobacteriota	Bacteria	high	62.63230959325284	9.999988683369905	62.63317392290038	9.999988683369905	6185587	9	4492734	9	4492796	0.0010031753493529		0	0	4507	0	True	68.04347826086956	38.26086956521739	cocopye	5.411168667616721	28.260880881847484	5.411168667616721	28.260880881847484	low	medium
G_r054_indel_0p5pct	54	12	indel	0.005	0.5	ins0.5_geom0.75	GB_GCA_951813605.1	Acidobacteriota	Bacteria	high	62.63230959325284	9.999988683369905	62.63263023167048	9.999988683369905	6185587	9	4492734	9	4492757	0.0050038573394285		0	0	22481	0	True	69.40928270042194	82.27848101265823	cocopye	6.776973107169098	72.27849232928833	6.776973107169098	72.27849232928833	low	medium
G_r054_indel_1pct	54	13	indel	0.01	1.0	ins0.5_geom0.75	GB_GCA_951813605.1	Acidobacteriota	Bacteria	high	62.63230959325284	9.999988683369905	62.634010370946406	9.999988683369905	6185587	9	4492734	9	4492856	0.0100486696964476		0	0	45146	0	True	65.76354679802957	101.72413793103448	cocopye	3.131237204776724	91.72414924766457	3.131237204776724	91.72414924766457	low	medium
G_r054_indel_2pct	54	14	indel	0.02	2.0	ins0.5_geom0.75	GB_GCA_951813605.1	Acidobacteriota	Bacteria	high	62.63230959325284	9.999988683369905	62.62814129382349	9.999988683369905	6185587	9	4492734	9	4492435	0.0200025196239082		0	0	89866	0	True	69.90521327014217	127.48815165876776	cocopye	7.272903676889328	117.48816297539786	7.272903676889328	117.48816297539786	low	medium
G_r054_indel_5pct	54	15	indel	0.05	5.0	ins0.5_geom0.75	GB_GCA_951813605.1	Acidobacteriota	Bacteria	high	62.63230959325284	9.999988683369905	62.61401926264649	9.999988683369905	6185587	9	4492734	9	4491422	0.0501204834294663		0	0	225178	0	True	48.11320754716981	54.00943396226416	cocopye	-14.519102046083034	44.009445278894255	14.519102046083034	44.009445278894255	low	medium
G_r054_chimera_5pct	54	16	chimera	0.05	5.0	rc0.5	GB_GCA_951813605.1	Acidobacteriota	Bacteria	high	62.63230959325284	9.999988683369905	62.63230959325284	9.999988683369905	6185587	9	4492734	9	4492734	0.0		0	0	0	0	True	66.96892756078043	18.01542816030883	cocopye	4.336617967527587	8.015439476938925	4.336617967527587	8.015439476938925	low	medium
G_r054_chimera_10pct	54	17	chimera	0.1	10.0	rc0.5	GB_GCA_951813605.1	Acidobacteriota	Bacteria	high	62.63230959325284	9.999988683369905	62.63230959325284	9.999988683369905	6185587	9	4492734	9	4492734	0.0		0	0	0	0	True	66.96892756078043	18.01542816030883	cocopye	4.336617967527587	8.015439476938925	4.336617967527587	8.015439476938925	low	medium
G_r054_chimera_20pct	54	18	chimera	0.2	20.0	rc0.5	GB_GCA_951813605.1	Acidobacteriota	Bacteria	high	62.63230959325284	9.999988683369905	62.63230959325284	9.999988683369905	6185587	9	4492734	8	4492734	0.2222222222222222		0	0	0	1	True	66.96892756078043	18.01542816030883	cocopye	4.336617967527587	8.015439476938925	4.336617967527587	8.015439476938925	low	medium
G_r054_chimera_40pct	54	19	chimera	0.4	40.0	rc0.5	GB_GCA_951813605.1	Acidobacteriota	Bacteria	high	62.63230959325284	9.999988683369905	62.63230959325284	9.999988683369905	6185587	9	4492734	7	4492734	0.4444444444444444		0	0	0	2	True	66.96892756078043	18.01542816030883	cocopye	4.336617967527587	8.015439476938925	4.336617967527587	8.015439476938925	low	medium
G_r054_uneven_coverage_5pct	54	20	uneven_coverage	0.05	5.0	lognormal_sigma1.0	GB_GCA_951813605.1	Acidobacteriota	Bacteria	high	62.63230959325284	9.999988683369905	62.63230959325284	13.631608447185368	6185587	9	4492734	10	4717371	0.0500000667744852		224637	0	0	0	True	68.75493849205996	15.72746853925325	cocopye	6.122628898807122	5.727479855883345	6.122628898807122	5.727479855883345	low	medium
G_r054_uneven_coverage_10pct	54	21	uneven_coverage	0.1	10.0	lognormal_sigma1.0	GB_GCA_951813605.1	Acidobacteriota	Bacteria	high	62.63230959325284	9.999988683369905	62.63230959325284	17.26321204438641	6185587	9	4492734	12	4942007	0.099999910967353		449273	0	0	0	True	69.36910155940627	19.83859929846823	cocopye	6.736791966153433	9.838610615098323	6.736791966153433	9.838610615098323	low	medium
G_r054_uneven_coverage_20pct	54	22	uneven_coverage	0.2	20.0	lognormal_sigma1.0	GB_GCA_951813605.1	Acidobacteriota	Bacteria	high	62.63230959325284	9.999988683369905	62.63230959325284	24.526451572017336	6185587	9	4492734	11	5391281	0.2000000445163234		898547	0	0	0	True	70.20250336396381	15.0326172845296	cocopye	7.570193770710972	5.032628601159695	7.570193770710972	5.032628601159695	low	medium
G_r054_uneven_coverage_40pct	54	23	uneven_coverage	0.4	40.0	lognormal_sigma1.0	GB_GCA_951813605.1	Acidobacteriota	Bacteria	high	62.63230959325284	9.999988683369905	62.63230959325284	39.052914460664766	6185587	9	4492734	15	6289828	0.4000000890326469		1797094	0	0	0	True	67.2576850187694	30.673758865248228	cocopye	4.625375425516552	20.673770181878325	4.625375425516552	20.673770181878325	low	medium
G_r055_none_control	55	0	none	0.0	0.0	control	RS_GCF_000023445.1	Desulfobacterota_I	Bacteria	high	86.54753887492957	19.99999067565813	86.54753887492957	19.99999067565813	4289847	8	4570726	8	4570726	0.0		0	0	0	0	True	89.34864568356107	25.08669487201217	cocopye	2.801106808631502	5.086704196354042	2.801106808631502	5.086704196354042	low	low
G_r055_substitution_0p1pct	55	1	substitution	0.001	0.1	uniform	RS_GCF_000023445.1	Desulfobacterota_I	Bacteria	high	86.54753887492957	19.99999067565813	86.54753887492957	19.99999067565813	4289847	8	4570726	8	4570726	0.0009836511748899	0.0089640838741259	0	4496	0	0	True	89.81217246340759	25.73283219432835	cocopye	3.26463358847802	5.73284151867022	3.26463358847802	5.73284151867022	low	low
G_r055_substitution_0p5pct	55	2	substitution	0.005	0.5	uniform	RS_GCF_000023445.1	Desulfobacterota_I	Bacteria	high	86.54753887492957	19.99999067565813	86.54753887492957	19.99999067565813	4289847	8	4570726	8	4570726	0.0049867351488581	0.0441104216424403	0	22793	0	0	True	91.90733871735392	31.32972028711642	cocopye	5.359799842424351	11.32972961145829	5.359799842424351	11.32972961145829	low	low
G_r055_substitution_1pct	55	3	substitution	0.01	1.0	uniform	RS_GCF_000023445.1	Desulfobacterota_I	Bacteria	high	86.54753887492957	19.99999067565813	86.54753887492957	19.99999067565813	4289847	8	4570726	8	4570726	0.0100356048470199	0.0864827525163591	0	45870	0	0	True	92.93345357035544	36.23321030166123	cocopye	6.385914695425868	16.233219626003102	6.385914695425868	16.233219626003102	low	low
G_r055_substitution_2pct	55	4	substitution	0.02	2.0	uniform	RS_GCF_000023445.1	Desulfobacterota_I	Bacteria	high	86.54753887492957	19.99999067565813	86.54753887492957	19.99999067565813	4289847	8	4570726	8	4570726	0.0199561295076537	0.1662522378698502	0	91214	0	0	True	92.25489512211136	44.94677631794905	cocopye	5.707356247181792	24.946785642290923	5.707356247181792	24.946785642290923	low	low
G_r055_substitution_5pct	55	5	substitution	0.05	5.0	uniform	RS_GCF_000023445.1	Desulfobacterota_I	Bacteria	high	86.54753887492957	19.99999067565813	86.54753887492957	19.99999067565813	4289847	8	4570726	8	4570726	0.0498861668802724	0.3697505902753909	0	228016	0	0	True	90.55456521248054	70.58126103411365	cocopye	4.007026337550968	50.58127035845553	4.007026337550968	50.58127035845553	low	low
G_r055_substitution_titv_0p1pct	55	6	substitution_titv	0.001	0.1	titv_2	RS_GCF_000023445.1	Desulfobacterota_I	Bacteria	high	86.54753887492957	19.99999067565813	86.54753887492957	19.99999067565813	4289847	8	4570726	8	4570726	0.0009930588707351	0.0089640838741259	0	4539	0	0	True	89.63450485673327	25.53921485637022	cocopye	3.0869659818037007	5.53922418071209	3.0869659818037007	5.53922418071209	low	low
G_r055_substitution_titv_0p5pct	55	7	substitution_titv	0.005	0.5	titv_2	RS_GCF_000023445.1	Desulfobacterota_I	Bacteria	high	86.54753887492957	19.99999067565813	86.54753887492957	19.99999067565813	4289847	8	4570726	8	4570726	0.0049663882717975	0.0441104216424403	0	22700	0	0	True	90.240352394786	25.97855029655597	cocopye	3.692813519856429	5.97855962089784	3.692813519856429	5.97855962089784	low	low
G_r055_substitution_titv_1pct	55	8	substitution_titv	0.01	1.0	titv_2	RS_GCF_000023445.1	Desulfobacterota_I	Bacteria	high	86.54753887492957	19.99999067565813	86.54753887492957	19.99999067565813	4289847	8	4570726	8	4570726	0.009978939888324	0.0864827525163591	0	45611	0	0	True	92.60819999604765	33.5300722170439	cocopye	6.060661121118073	13.530081541385773	6.060661121118073	13.530081541385773	low	low
G_r055_substitution_titv_2pct	55	9	substitution_titv	0.02	2.0	titv_2	RS_GCF_000023445.1	Desulfobacterota_I	Bacteria	high	86.54753887492957	19.99999067565813	86.54753887492957	19.99999067565813	4289847	8	4570726	8	4570726	0.0200079812266147	0.1662522378698502	0	91451	0	0	True	92.58943781942078	42.55536418960285	cocopye	6.041898944491209	22.55537351394472	6.041898944491209	22.55537351394472	low	low
G_r055_substitution_titv_5pct	55	10	substitution_titv	0.05	5.0	titv_2	RS_GCF_000023445.1	Desulfobacterota_I	Bacteria	high	86.54753887492957	19.99999067565813	86.54753887492957	19.99999067565813	4289847	8	4570726	8	4570726	0.0500662258030781	0.3697505902753909	0	228839	0	0	True	90.93673594676666	61.350367191064095	cocopye	4.3891970718370885	41.35037651540597	4.3891970718370885	41.35037651540597	low	low
G_r055_indel_0p1pct	55	11	indel	0.001	0.1	ins0.5_geom0.75	RS_GCF_000023445.1	Desulfobacterota_I	Bacteria	high	86.54753887492957	19.99999067565813	86.54984896740564	19.99999067565813	4289847	8	4570726	8	4570848	0.0010236885781383		0	0	4679	0	True	92.7047781569966	61.0580236024824	cocopye	6.1572392820670245	41.05803292682427	6.1572392820670245	41.05803292682427	low	low
G_r055_indel_0p5pct	55	12	indel	0.005	0.5	ins0.5_geom0.75	RS_GCF_000023445.1	Desulfobacterota_I	Bacteria	high	86.54753887492957	19.99999067565813	86.54608086574387	19.99999067565813	4289847	8	4570726	8	4570649	0.0050252410667364		0	0	22969	0	True	93.52941176470588	161.6143798828125	cocopye	6.981872889776312	141.61438920715437	6.981872889776312	141.61438920715437	low	low
G_r055_indel_1pct	55	13	indel	0.01	1.0	ins0.5_geom0.75	RS_GCF_000023445.1	Desulfobacterota_I	Bacteria	high	86.54753887492957	19.99999067565813	86.54142281042327	19.99999067565813	4289847	8	4570726	8	4570403	0.0100369175487657		0	0	45876	0	True	94.0936863543788	223.24845261583505	cocopye	7.546147479449232	203.24846194017692	7.546147479449232	203.24846194017692	low	low
G_r055_indel_2pct	55	14	indel	0.02	2.0	ins0.5_geom0.75	RS_GCF_000023445.1	Desulfobacterota_I	Bacteria	high	86.54753887492957	19.99999067565813	86.54303230108283	19.99999067565813	4289847	8	4570726	8	4570488	0.0200970261617082		0	0	91858	0	True	92.38834714426578	259.30419921875	cocopye	5.840808269336208	239.30420854309187	5.840808269336208	239.30420854309187	low	low
G_r055_indel_5pct	55	15	indel	0.05	5.0	ins0.5_geom0.75	RS_GCF_000023445.1	Desulfobacterota_I	Bacteria	high	86.54753887492957	19.99999067565813	86.57724817898647	19.99999067565813	4289847	8	4570726	8	4572295	0.0501034190192105		0	0	229009	0	True	79.83963170002416	146.26002360865013	cocopye	-6.707907174905415	126.260032932992	6.707907174905415	126.260032932992	low	low
G_r055_chimera_5pct	55	16	chimera	0.05	5.0	rc0.5	RS_GCF_000023445.1	Desulfobacterota_I	Bacteria	high	86.54753887492957	19.99999067565813	86.54753887492957	19.99999067565813	4289847	8	4570726	8	4570726	0.0		0	0	0	0	True	89.34864568356107	25.08669487201217	cocopye	2.801106808631502	5.086704196354042	2.801106808631502	5.086704196354042	low	low
G_r055_chimera_10pct	55	17	chimera	0.1	10.0	rc0.5	RS_GCF_000023445.1	Desulfobacterota_I	Bacteria	high	86.54753887492957	19.99999067565813	86.54753887492957	19.99999067565813	4289847	8	4570726	7	4570726	0.25		0	0	0	1	True	89.34864568356107	25.08669487201217	cocopye	2.801106808631502	5.086704196354042	2.801106808631502	5.086704196354042	low	low
G_r055_chimera_20pct	55	18	chimera	0.2	20.0	rc0.5	RS_GCF_000023445.1	Desulfobacterota_I	Bacteria	high	86.54753887492957	19.99999067565813	86.54753887492957	19.99999067565813	4289847	8	4570726	7	4570726	0.25		0	0	0	1	True	89.34864568356107	25.08669487201217	cocopye	2.801106808631502	5.086704196354042	2.801106808631502	5.086704196354042	low	low
G_r055_chimera_40pct	55	19	chimera	0.4	40.0	rc0.5	RS_GCF_000023445.1	Desulfobacterota_I	Bacteria	high	86.54753887492957	19.99999067565813	86.54753887492957	19.99999067565813	4289847	8	4570726	6	4570726	0.5		0	0	0	2	True	89.34864568356107	25.08669487201217	cocopye	2.801106808631502	5.086704196354042	2.801106808631502	5.086704196354042	low	low
G_r055_uneven_coverage_5pct	55	20	uneven_coverage	0.05	5.0	lognormal_sigma1.0	RS_GCF_000023445.1	Desulfobacterota_I	Bacteria	high	86.54753887492957	19.99999067565813	86.54753887492957	25.32736015993111	4289847	8	4570726	10	4799262	0.0499999343649127		228536	0	0	0	True	89.86032851142954	25.73041172562644	cocopye	3.3127896364999714	5.73042104996831	3.3127896364999714	5.73042104996831	low	low
G_r055_uneven_coverage_10pct	55	21	uneven_coverage	0.1	10.0	lognormal_sigma1.0	RS_GCF_000023445.1	Desulfobacterota_I	Bacteria	high	86.54753887492957	19.99999067565813	86.54753887492957	30.65475295505877	4289847	8	4570726	10	5027799	0.1000000875134497		457073	0	0	0	True	92.38701254634532	33.18644119521319	cocopye	5.839473671415746	13.186450519555063	5.839473671415746	13.186450519555063	low	low
G_r055_uneven_coverage_20pct	55	22	uneven_coverage	0.2	20.0	lognormal_sigma1.0	RS_GCF_000023445.1	Desulfobacterota_I	Bacteria	high	86.54753887492957	19.99999067565813	86.54753887492957	41.30949192360473	4289847	8	4570726	10	5484871	0.1999999562432751		914145	0	0	0	True	92.63959390862944	40.63169476142793	cocopye	6.0920550336998645	20.6317040857698	6.0920550336998645	20.6317040857698	low	low
G_r055_uneven_coverage_40pct	55	23	uneven_coverage	0.4	40.0	lognormal_sigma1.0	RS_GCF_000023445.1	Desulfobacterota_I	Bacteria	high	86.54753887492957	19.99999067565813	86.54753887492957	62.61899317155134	4289847	8	4570726	13	6399016	0.3999999124865502		1828290	0	0	0	True	93.271389523068	72.86036723368878	cocopye	6.7238506481384235	52.86037655803065	6.7238506481384235	52.86037655803065	low	low
G_r056_none_control	56	0	none	0.0	0.0	control	RS_GCF_000018605.1	Thermotogota	Bacteria	highly_fragmented	89.2611272025325	19.999972344469903	89.2611272025325	19.999972344469903	2169548	88	2370472	88	2370472	0.0		0	0	0	0	True	90.98005146234792	24.05619148410201	cocopye	1.7189242598154095	4.0562191396321055	1.7189242598154095	4.0562191396321055	low	low
G_r056_substitution_0p1pct	56	1	substitution	0.001	0.1	uniform	RS_GCF_000018605.1	Thermotogota	Bacteria	highly_fragmented	89.2611272025325	19.999972344469903	89.2611272025325	19.999972344469903	2169548	88	2370472	88	2370472	0.001007394307969	0.0089640838741259	0	2388	0	0	True	90.88898423857115	25.1082776839686	cocopye	1.6278570360386482	5.1083053394986955	1.6278570360386482	5.1083053394986955	low	low
G_r056_substitution_0p5pct	56	2	substitution	0.005	0.5	uniform	RS_GCF_000018605.1	Thermotogota	Bacteria	highly_fragmented	89.2611272025325	19.999972344469903	89.2611272025325	19.999972344469903	2169548	88	2370472	88	2370472	0.0050483616764931	0.0441104216424403	0	11967	0	0	True	90.9411420366436	26.219153157137	cocopye	1.6800148341110912	6.219180812667098	1.6800148341110912	6.219180812667098	low	low
G_r056_substitution_1pct	56	3	substitution	0.01	1.0	uniform	RS_GCF_000018605.1	Thermotogota	Bacteria	highly_fragmented	89.2611272025325	19.999972344469903	89.2611272025325	19.999972344469903	2169548	88	2370472	88	2370472	0.0099389488675673	0.0864827525163591	0	23560	0	0	True	89.743994477482	25.78594843361179	cocopye	0.48286727494949844	5.7859760891418865	0.48286727494949844	5.7859760891418865	low	low
G_r056_substitution_2pct	56	4	substitution	0.02	2.0	uniform	RS_GCF_000018605.1	Thermotogota	Bacteria	highly_fragmented	89.2611272025325	19.999972344469903	89.2611272025325	19.999972344469903	2169548	88	2370472	88	2370472	0.0200403126465952	0.1662522378698502	0	47505	0	0	True	91.45936728709964	39.69734533509211	cocopye	2.198240084567132	19.697372990622206	2.198240084567132	19.697372990622206	low	low
G_r056_substitution_5pct	56	5	substitution	0.05	5.0	uniform	RS_GCF_000018605.1	Thermotogota	Bacteria	highly_fragmented	89.2611272025325	19.999972344469903	89.2611272025325	19.999972344469903	2169548	88	2370472	88	2370472	0.0502030819178627	0.3697505902753909	0	119005	0	0	True	89.22955495006633	62.362418984467126	cocopye	-0.031572252466176565	42.36244663999722	0.031572252466176565	42.36244663999722	low	low
G_r056_substitution_titv_0p1pct	56	6	substitution_titv	0.001	0.1	titv_2	RS_GCF_000018605.1	Thermotogota	Bacteria	highly_fragmented	89.2611272025325	19.999972344469903	89.2611272025325	19.999972344469903	2169548	88	2370472	88	2370472	0.0009782861809799	0.0089640838741259	0	2319	0	0	True	91.08840129001314	24.08074216772555	cocopye	1.8272740874806317	4.080769823255647	1.8272740874806317	4.080769823255647	low	low
G_r056_substitution_titv_0p5pct	56	7	substitution_titv	0.005	0.5	titv_2	RS_GCF_000018605.1	Thermotogota	Bacteria	highly_fragmented	89.2611272025325	19.999972344469903	89.2611272025325	19.999972344469903	2169548	88	2370472	88	2370472	0.0050006918453371	0.0441104216424403	0	11854	0	0	True	91.18709836981913	25.085910320585057	cocopye	1.9259711672866189	5.085937976115154	1.9259711672866189	5.085937976115154	low	low
G_r056_substitution_titv_1pct	56	8	substitution_titv	0.01	1.0	titv_2	RS_GCF_000018605.1	Thermotogota	Bacteria	highly_fragmented	89.2611272025325	19.999972344469903	89.2611272025325	19.999972344469903	2169548	88	2370472	88	2370472	0.0099680569945563	0.0864827525163591	0	23629	0	0	True	91.71382109246665	25.94968655843734	cocopye	2.452693889934139	5.949714213967436	2.452693889934139	5.949714213967436	low	low
G_r056_substitution_titv_2pct	56	9	substitution_titv	0.02	2.0	titv_2	RS_GCF_000018605.1	Thermotogota	Bacteria	highly_fragmented	89.2611272025325	19.999972344469903	89.2611272025325	19.999972344469903	2169548	88	2370472	88	2370472	0.020059296207675	0.1662522378698502	0	47550	0	0	True	91.15729670069912	35.08557084137186	cocopye	1.8961694981666142	15.085598496901959	1.8961694981666142	15.085598496901959	low	low
G_r056_substitution_titv_5pct	56	10	substitution_titv	0.05	5.0	titv_2	RS_GCF_000018605.1	Thermotogota	Bacteria	highly_fragmented	89.2611272025325	19.999972344469903	89.2611272025325	19.999972344469903	2169548	88	2370472	88	2370472	0.050154568372881	0.3697505902753909	0	118890	0	0	True	88.16425120772948	50.58373713838882	cocopye	-1.0968759948030282	30.583764793918917	1.0968759948030282	30.583764793918917	low	low
G_r056_indel_0p1pct	56	11	indel	0.001	0.1	ins0.5_geom0.75	RS_GCF_000018605.1	Thermotogota	Bacteria	highly_fragmented	89.2611272025325	19.999972344469903	89.25958333016646	19.999972344469903	2169548	88	2370472	88	2370431	0.0010584389944281		0	0	2509	0	True	92.48442605277089	48.04127416878103	cocopye	3.223298850238379	28.041301824311127	3.223298850238379	28.041301824311127	low	low
G_r056_indel_0p5pct	56	12	indel	0.005	0.5	ins0.5_geom0.75	RS_GCF_000018605.1	Thermotogota	Bacteria	highly_fragmented	89.2611272025325	19.999972344469903	89.26285935201636	19.999972344469903	2169548	88	2370472	88	2370518	0.0050036448437273		0	0	11861	0	True	92.84643966160463	130.54680642117276	cocopye	3.585312459072128	110.54683407670285	3.585312459072128	110.54683407670285	low	low
G_r056_indel_1pct	56	13	indel	0.01	1.0	ins0.5_geom0.75	RS_GCF_000018605.1	Thermotogota	Bacteria	highly_fragmented	89.2611272025325	19.999972344469903	89.25781352525902	19.999972344469903	2169548	88	2370472	88	2370384	0.0101351123320587		0	0	24025	0	True	92.1875	177.734375	cocopye	2.9263727974674936	157.7344026555301	2.9263727974674936	157.7344026555301	low	low
G_r056_indel_2pct	56	14	indel	0.02	2.0	ins0.5_geom0.75	RS_GCF_000018605.1	Thermotogota	Bacteria	highly_fragmented	89.2611272025325	19.999972344469903	89.25909380966014	19.999972344469903	2169548	88	2370472	88	2370418	0.0200580306369364		0	0	47547	0	True	90.10673485365994	208.33332832223675	cocopye	0.8456076511274375	188.33335597776684	0.8456076511274375	188.33335597776684	low	low
G_r056_indel_5pct	56	15	indel	0.05	5.0	ins0.5_geom0.75	RS_GCF_000018605.1	Thermotogota	Bacteria	highly_fragmented	89.2611272025325	19.999972344469903	89.26349949421693	19.999972344469903	2169548	88	2370472	88	2370535	0.0502279714757229		0	0	119064	0	True	73.3634983252616	122.66213257388291	cocopye	-15.897628877270904	102.66216022941302	15.897628877270904	102.66216022941302	low	low
G_r056_chimera_5pct	56	16	chimera	0.05	5.0	rc0.5	RS_GCF_000018605.1	Thermotogota	Bacteria	highly_fragmented	89.2611272025325	19.999972344469903	89.2611272025325	19.999972344469903	2169548	88	2370472	85	2370472	0.0681818181818181		0	0	0	3	True	90.98005146234792	24.05619148410201	cocopye	1.7189242598154095	4.0562191396321055	1.7189242598154095	4.0562191396321055	low	low
G_r056_chimera_10pct	56	17	chimera	0.1	10.0	rc0.5	RS_GCF_000018605.1	Thermotogota	Bacteria	highly_fragmented	89.2611272025325	19.999972344469903	89.2611272025325	19.999972344469903	2169548	88	2370472	83	2370472	0.1136363636363636		0	0	0	5	True	90.98005146234792	24.05619148410201	cocopye	1.7189242598154095	4.0562191396321055	1.7189242598154095	4.0562191396321055	low	low
G_r056_chimera_20pct	56	18	chimera	0.2	20.0	rc0.5	RS_GCF_000018605.1	Thermotogota	Bacteria	highly_fragmented	89.2611272025325	19.999972344469903	89.2611272025325	19.999972344469903	2169548	88	2370472	79	2370472	0.2045454545454545		0	0	0	9	True	90.98005146234792	24.05619148410201	cocopye	1.7189242598154095	4.0562191396321055	1.7189242598154095	4.0562191396321055	low	low
G_r056_chimera_40pct	56	19	chimera	0.4	40.0	rc0.5	RS_GCF_000018605.1	Thermotogota	Bacteria	highly_fragmented	89.2611272025325	19.999972344469903	89.2611272025325	19.999972344469903	2169548	88	2370472	70	2370472	0.4090909090909091		0	0	0	18	True	90.97912813134816	24.07484394921679	cocopye	1.7180009288156555	4.074871604746885	1.7180009288156555	4.074871604746885	low	low
G_r056_uneven_coverage_5pct	56	20	uneven_coverage	0.05	5.0	lognormal_sigma1.0	RS_GCF_000018605.1	Thermotogota	Bacteria	highly_fragmented	89.2611272025325	19.999972344469903	89.2611272025325	25.46304575884009	2169548	88	2370472	93	2488996	0.0500001687427651		118524	0	0	0	True	91.43656361903476	26.524318702406752	cocopye	2.175436416502251	6.5243463579368495	2.175436416502251	6.5243463579368495	low	low
G_r056_uneven_coverage_10pct	56	21	uneven_coverage	0.1	10.0	lognormal_sigma1.0	RS_GCF_000018605.1	Thermotogota	Bacteria	highly_fragmented	89.2611272025325	19.999972344469903	89.2611272025325	30.92607308066012	2169548	88	2370472	98	2607519	0.0999999156286174		237047	0	0	0	True	91.89370027571596	26.0280718847292	cocopye	2.632573073183451	6.028099540259298	2.632573073183451	6.028099540259298	low	low
G_r056_uneven_coverage_20pct	56	22	uneven_coverage	0.2	20.0	lognormal_sigma1.0	RS_GCF_000018605.1	Thermotogota	Bacteria	highly_fragmented	89.2611272025325	19.999972344469903	89.2611272025325	41.85217381685033	2169548	88	2370472	107	2844566	0.1999998312572348		474094	0	0	0	True	92.88668573346388	38.77171215880893	cocopye	3.6255585309313716	18.77173981433903	3.6255585309313716	18.77173981433903	low	low
G_r056_uneven_coverage_40pct	56	23	uneven_coverage	0.4	40.0	lognormal_sigma1.0	RS_GCF_000018605.1	Thermotogota	Bacteria	highly_fragmented	89.2611272025325	19.999972344469903	89.2611272025325	63.7044213817809	2169548	88	2370472	128	3318661	0.4000000843713825		948189	0	0	0	True	92.507204610951	60.23055194777783	cocopye	3.2460774084185005	40.23057960330793	3.2460774084185005	40.23057960330793	low	low
G_r057_none_control	57	0	none	0.0	0.0	control	RS_GCF_040746155.1	Bdellovibrionota	Bacteria	high	94.59887406492592	0.0	94.59887406492592	0.0	3782989	2	3578665	2	3578665	0.0		0	0	0	0	True	93.0834399409094	0.0	cocopye	-1.5154341240165223	0.0	1.5154341240165223	0.0	high	high
G_r057_substitution_0p1pct	57	1	substitution	0.001	0.1	uniform	RS_GCF_040746155.1	Bdellovibrionota	Bacteria	high	94.59887406492592	0.0	94.59887406492592	0.0	3782989	2	3578665	2	3578665	0.0009953693806829	0.0089640838741259	0	3562	0	0	True	93.69203884117007	1.99681511861238	cocopye	-0.9068352237558486	1.99681511861238	0.9068352237558486	1.99681511861238	high	high
G_r057_substitution_0p5pct	57	2	substitution	0.005	0.5	uniform	RS_GCF_040746155.1	Bdellovibrionota	Bacteria	high	94.59887406492592	0.0	94.59887406492592	0.0	3782989	2	3578665	2	3578665	0.0049458289356282	0.0441104216424403	0	17699	0	0	True	93.95609757432568	4.98571110444165	cocopye	-0.6427764906002409	4.98571110444165	0.6427764906002409	4.98571110444165	high	high
G_r057_substitution_1pct	57	3	substitution	0.01	1.0	uniform	RS_GCF_040746155.1	Bdellovibrionota	Bacteria	high	94.59887406492592	0.0	94.59887406492592	0.0	3782989	2	3578665	2	3578665	0.0099889033918846	0.0864827525163591	0	35746	0	0	True	94.09374333680836	10.96599195649542	cocopye	-0.5051307281175639	10.96599195649542	0.5051307281175639	10.96599195649542	low	high
G_r057_substitution_2pct	57	4	substitution	0.02	2.0	uniform	RS_GCF_040746155.1	Bdellovibrionota	Bacteria	high	94.59887406492592	0.0	94.59887406492592	0.0	3782989	2	3578665	2	3578665	0.0200079864281021	0.1662522378698502	0	71600	0	0	True	94.6928192521478	20.36873366627152	cocopye	0.09394518722187684	20.36873366627152	0.09394518722187684	20.36873366627152	low	high
G_r057_substitution_5pct	57	5	substitution	0.05	5.0	uniform	RS_GCF_040746155.1	Bdellovibrionota	Bacteria	high	94.59887406492592	0.0	94.59887406492592	0.0	3782989	2	3578665	2	3578665	0.0499207644615685	0.3697505902753909	0	178645	0	0	True	91.85714285714286	48.42857142857142	cocopye	-2.7417312077830616	48.42857142857142	2.7417312077830616	48.42857142857142	low	high
G_r057_substitution_titv_0p1pct	57	6	substitution_titv	0.001	0.1	titv_2	RS_GCF_040746155.1	Bdellovibrionota	Bacteria	high	94.59887406492592	0.0	94.59887406492592	0.0	3782989	2	3578665	2	3578665	0.0010194013196887	0.0089640838741259	0	3648	0	0	True	93.6124897452953	1.26384779541693	cocopye	-0.9863843196306163	1.26384779541693	0.9863843196306163	1.26384779541693	high	high
G_r057_substitution_titv_0p5pct	57	7	substitution_titv	0.005	0.5	titv_2	RS_GCF_040746155.1	Bdellovibrionota	Bacteria	high	94.59887406492592	0.0	94.59887406492592	0.0	3782989	2	3578665	2	3578665	0.0050017171658743	0.0441104216424403	0	17899	0	0	True	95.44140510418816	2.21088096562934	cocopye	0.8425310392622407	2.21088096562934	0.8425310392622407	2.21088096562934	high	high
G_r057_substitution_titv_1pct	57	8	substitution_titv	0.01	1.0	titv_2	RS_GCF_040746155.1	Bdellovibrionota	Bacteria	high	94.59887406492592	0.0	94.59887406492592	0.0	3782989	2	3578665	2	3578665	0.0099413983961754	0.0864827525163591	0	35576	0	0	True	96.08685093104243	9.37321946251278	cocopye	1.4879768661165116	9.37321946251278	1.4879768661165116	9.37321946251278	medium	high
G_r057_substitution_titv_2pct	57	9	substitution_titv	0.02	2.0	titv_2	RS_GCF_040746155.1	Bdellovibrionota	Bacteria	high	94.59887406492592	0.0	94.59887406492592	0.0	3782989	2	3578665	2	3578665	0.0200113397219169	0.1662522378698502	0	71612	0	0	True	95.2239567513432	18.30251325282879	cocopye	0.6250826864172723	18.30251325282879	0.6250826864172723	18.30251325282879	low	high
G_r057_substitution_titv_5pct	57	10	substitution_titv	0.05	5.0	titv_2	RS_GCF_040746155.1	Bdellovibrionota	Bacteria	high	94.59887406492592	0.0	94.59887406492592	0.0	3782989	2	3578665	2	3578665	0.0498984091694701	0.3697505902753909	0	178565	0	0	True	92.24137931034484	33.76436781609195	cocopye	-2.357494754581083	33.76436781609195	2.357494754581083	33.76436781609195	low	high
G_r057_indel_0p1pct	57	11	indel	0.001	0.1	ins0.5_geom0.75	RS_GCF_040746155.1	Bdellovibrionota	Bacteria	high	94.59887406492592	0.0	94.60157034556538	0.0	3782989	2	3578665	2	3578767	0.0010224483152236		0	0	3659	0	True	93.57142857142856	32.857142857142854	cocopye	-1.0274454934973676	32.857142857142854	1.0274454934973676	32.857142857142854	low	high
G_r057_indel_0p5pct	57	12	indel	0.005	0.5	ins0.5_geom0.75	RS_GCF_040746155.1	Bdellovibrionota	Bacteria	high	94.59887406492592	0.0	94.59895336729764	0.0	3782989	2	3578665	2	3578668	0.0049635827885538		0	0	17763	0	True	95.6386292834891	109.50155763239874	cocopye	1.0397552185631724	109.50155763239874	1.0397552185631724	109.50155763239874	low	high
G_r057_indel_1pct	57	13	indel	0.01	1.0	ins0.5_geom0.75	RS_GCF_040746155.1	Bdellovibrionota	Bacteria	high	94.59887406492592	0.0	94.59477677571888	0.0	3782989	2	3578665	2	3578510	0.0100109957204711		0	0	35826	0	True	95.24193548387096	162.71122101814518	cocopye	0.6430614189450381	162.71122101814518	0.6430614189450381	162.71122101814518	low	high
G_r057_indel_2pct	57	14	indel	0.02	2.0	ins0.5_geom0.75	RS_GCF_040746155.1	Bdellovibrionota	Bacteria	high	94.59887406492592	0.0	94.58668793380048	0.0	3782989	2	3578665	2	3578204	0.0199322931875434		0	0	71331	0	True	93.6335403726708	184.88612204605008	cocopye	-0.965333692255129	184.88612204605008	0.965333692255129	184.88612204605008	low	high
G_r057_indel_5pct	57	15	indel	0.05	5.0	ins0.5_geom0.75	RS_GCF_040746155.1	Bdellovibrionota	Bacteria	high	94.59887406492592	0.0	94.57537412876432	0.0	3782989	2	3578665	2	3577776	0.0498289166490856		0	0	178321	0	True	82.16188083441493	108.04046533359126	cocopye	-12.436993230510993	108.04046533359126	12.436993230510993	108.04046533359126	low	high
G_r057_chimera_5pct	57	16	chimera	0.05	5.0	rc0.5	RS_GCF_040746155.1	Bdellovibrionota	Bacteria	high	94.59887406492592	0.0	94.59887406492592	0.0	3782989	2	3578665	2	3578665	0.0		0	0	0	0	True	93.0834399409094	0.0	cocopye	-1.5154341240165223	0.0	1.5154341240165223	0.0	high	high
G_r057_chimera_10pct	57	17	chimera	0.1	10.0	rc0.5	RS_GCF_040746155.1	Bdellovibrionota	Bacteria	high	94.59887406492592	0.0	94.59887406492592	0.0	3782989	2	3578665	2	3578665	0.0		0	0	0	0	True	93.0834399409094	0.0	cocopye	-1.5154341240165223	0.0	1.5154341240165223	0.0	high	high
G_r057_chimera_20pct	57	18	chimera	0.2	20.0	rc0.5	RS_GCF_040746155.1	Bdellovibrionota	Bacteria	high	94.59887406492592	0.0	94.59887406492592	0.0	3782989	2	3578665	1	3578665	1.0		0	0	0	1	True	93.0834399409094	0.0	cocopye	-1.5154341240165223	0.0	1.5154341240165223	0.0	high	high
G_r057_chimera_40pct	57	19	chimera	0.4	40.0	rc0.5	RS_GCF_040746155.1	Bdellovibrionota	Bacteria	high	94.59887406492592	0.0	94.59887406492592	0.0	3782989	2	3578665	2	3578665	0.0		0	0	0	0	True	93.0834399409094	0.0	cocopye	-1.5154341240165223	0.0	1.5154341240165223	0.0	high	high
G_r057_uneven_coverage_5pct	57	20	uneven_coverage	0.05	5.0	lognormal_sigma1.0	RS_GCF_040746155.1	Bdellovibrionota	Bacteria	high	94.59887406492592	0.0	94.59887406492592	4.729937094715316	3782989	2	3578665	3	3757598	0.0499999301415471		178933	0	0	0	True	95.43102409514827	0.84836172754923	cocopye	0.8321500302223512	0.84836172754923	0.8321500302223512	0.84836172754923	high	high
G_r057_uneven_coverage_10pct	57	21	uneven_coverage	0.1	10.0	lognormal_sigma1.0	RS_GCF_040746155.1	Bdellovibrionota	Bacteria	high	94.59887406492592	0.0	94.59887406492592	9.459874189430632	3782989	2	3578665	3	3936531	0.0999998602830943		357866	0	0	0	True	95.82523320681553	3.3467554317456703	cocopye	1.2263591418896027	3.3467554317456703	1.2263591418896027	3.3467554317456703	high	high
G_r057_uneven_coverage_20pct	57	22	uneven_coverage	0.2	20.0	lognormal_sigma1.0	RS_GCF_040746155.1	Bdellovibrionota	Bacteria	high	94.59887406492592	0.0	94.59887406492592	18.91977481298518	3782989	2	3578665	4	4294398	0.2		715733	0	0	0	True	95.93013070794156	11.09249500155803	cocopye	1.3312566430156352	11.09249500155803	1.3312566430156352	11.09249500155803	low	high
G_r057_uneven_coverage_40pct	57	23	uneven_coverage	0.4	40.0	lognormal_sigma1.0	RS_GCF_040746155.1	Bdellovibrionota	Bacteria	high	94.59887406492592	0.0	94.59887406492592	37.83954962597036	3782989	2	3578665	4	5010131	0.4		1431466	0	0	0	True	96.66690546648196	21.976587150506628	cocopye	2.0680314015560413	21.976587150506628	2.0680314015560413	21.976587150506628	low	high
G_r058_none_control	58	0	none	0.0	0.0	control	RS_GCF_001548675.1	Methanobacteriota	Archaea	highly_fragmented	87.32351616331529	0.0	87.32351616331529	0.0	2273296	41	1985122	41	1985122	0.0		0	0	0	0	True	89.54759282319425	0.0	cocopye	2.2240766598789605	0.0	2.2240766598789605	0.0	medium	medium
G_r058_substitution_0p1pct	58	1	substitution	0.001	0.1	uniform	RS_GCF_001548675.1	Methanobacteriota	Archaea	highly_fragmented	87.32351616331529	0.0	87.32351616331529	0.0	2273296	41	1985122	41	1985122	0.0010326821223078	0.0089640838741259	0	2050	0	0	True	89.63609710417911	0.0	cocopye	2.3125809408638247	0.0	2.3125809408638247	0.0	medium	medium
G_r058_substitution_0p5pct	58	2	substitution	0.005	0.5	uniform	RS_GCF_001548675.1	Methanobacteriota	Archaea	highly_fragmented	87.32351616331529	0.0	87.32351616331529	0.0	2273296	41	1985122	41	1985122	0.0050107751563883	0.0441104216424403	0	9947	0	0	True	89.51412991887247	3.80614169256895	cocopye	2.1906137555571803	3.80614169256895	2.1906137555571803	3.80614169256895	medium	medium
G_r058_substitution_1pct	58	3	substitution	0.01	1.0	uniform	RS_GCF_001548675.1	Methanobacteriota	Archaea	highly_fragmented	87.32351616331529	0.0	87.32351616331529	0.0	2273296	41	1985122	41	1985122	0.009950521932657	0.0864827525163591	0	19753	0	0	True	89.37124789078575	11.76033529253548	cocopye	2.047731727470463	11.76033529253548	2.047731727470463	11.76033529253548	low	medium
G_r058_substitution_2pct	58	4	substitution	0.02	2.0	uniform	RS_GCF_001548675.1	Methanobacteriota	Archaea	highly_fragmented	87.32351616331529	0.0	87.32351616331529	0.0	2273296	41	1985122	41	1985122	0.0199670347716664	0.1662522378698502	0	39637	0	0	True	87.11331924813538	23.44189033786186	cocopye	-0.2101969151799068	23.44189033786186	0.2101969151799068	23.44189033786186	low	medium
G_r058_substitution_5pct	58	5	substitution	0.05	5.0	uniform	RS_GCF_001548675.1	Methanobacteriota	Archaea	highly_fragmented	87.32351616331529	0.0	87.32351616331529	0.0	2273296	41	1985122	41	1985122	0.0500865941740608	0.3697505902753909	0	99428	0	0	True	84.48430219573291	48.19133057188025	cocopye	-2.8392139675823813	48.19133057188025	2.8392139675823813	48.19133057188025	low	medium
G_r058_substitution_titv_0p1pct	58	6	substitution_titv	0.001	0.1	titv_2	RS_GCF_001548675.1	Methanobacteriota	Archaea	highly_fragmented	87.32351616331529	0.0	87.32351616331529	0.0	2273296	41	1985122	41	1985122	0.0010034647744571	0.0089640838741259	0	1992	0	0	True	89.60608729129056	0.0	cocopye	2.282571127975274	0.0	2.282571127975274	0.0	medium	medium
G_r058_substitution_titv_0p5pct	58	7	substitution_titv	0.005	0.5	titv_2	RS_GCF_001548675.1	Methanobacteriota	Archaea	highly_fragmented	87.32351616331529	0.0	87.32351616331529	0.0	2273296	41	1985122	41	1985122	0.0050384812621088	0.0441104216424403	0	10002	0	0	True	89.12673189498341	3.24642914498874	cocopye	1.8032157316681179	3.24642914498874	1.8032157316681179	3.24642914498874	medium	medium
G_r058_substitution_titv_1pct	58	8	substitution_titv	0.01	1.0	titv_2	RS_GCF_001548675.1	Methanobacteriota	Archaea	highly_fragmented	87.32351616331529	0.0	87.32351616331529	0.0	2273296	41	1985122	41	1985122	0.0099646268592056	0.0864827525163591	0	19781	0	0	True	89.09169861678538	5.07836079524435	cocopye	1.7681824534700894	5.07836079524435	1.7681824534700894	5.07836079524435	medium	medium
G_r058_substitution_titv_2pct	58	9	substitution_titv	0.02	2.0	titv_2	RS_GCF_001548675.1	Methanobacteriota	Archaea	highly_fragmented	87.32351616331529	0.0	87.32351616331529	0.0	2273296	41	1985122	41	1985122	0.0199519223503643	0.1662522378698502	0	39607	0	0	True	89.3044207075699	15.0107540354401	cocopye	1.9809045442546136	15.0107540354401	1.9809045442546136	15.0107540354401	low	medium
G_r058_substitution_titv_5pct	58	10	substitution_titv	0.05	5.0	titv_2	RS_GCF_001548675.1	Methanobacteriota	Archaea	highly_fragmented	87.32351616331529	0.0	87.32351616331529	0.0	2273296	41	1985122	41	1985122	0.0502231097131561	0.3697505902753909	0	99699	0	0	True	85.60537842891675	33.87144969717804	cocopye	-1.718137734398539	33.87144969717804	1.718137734398539	33.87144969717804	low	medium
G_r058_indel_0p1pct	58	11	indel	0.001	0.1	ins0.5_geom0.75	RS_GCF_001548675.1	Methanobacteriota	Archaea	highly_fragmented	87.32351616331529	0.0	87.32320824036994	0.0	2273296	41	1985122	41	1985115	0.0010069910060943		0	0	1999	0	True	88.24054407234799	23.33553240229318	cocopye	0.9170279090326972	23.33553240229318	0.9170279090326972	23.33553240229318	low	medium
G_r058_indel_0p5pct	58	12	indel	0.005	0.5	ins0.5_geom0.75	RS_GCF_001548675.1	Methanobacteriota	Archaea	highly_fragmented	87.32351616331529	0.0	87.32597954687819	0.0	2273296	41	1985122	41	1985178	0.004996166482463		0	0	9918	0	True	90.47085201793722	105.17189470641816	cocopye	3.1473358546219288	105.17189470641816	3.1473358546219288	105.17189470641816	low	medium
G_r058_indel_1pct	58	13	indel	0.01	1.0	ins0.5_geom0.75	RS_GCF_001548675.1	Methanobacteriota	Archaea	highly_fragmented	87.32351616331529	0.0	87.32320824036994	0.0	2273296	41	1985122	41	1985115	0.0100280990286743		0	0	19907	0	True	90.02493765586036	137.02410843009662	cocopye	2.701421492545066	137.02410843009662	2.701421492545066	137.02410843009662	low	medium
G_r058_indel_2pct	58	14	indel	0.02	2.0	ins0.5_geom0.75	RS_GCF_001548675.1	Methanobacteriota	Archaea	highly_fragmented	87.32351616331529	0.0	87.31977709897875	0.0	2273296	41	1985122	41	1985037	0.0200053195722983		0	0	39713	0	True	87.80760626398211	153.8888816065436	cocopye	0.484090100666819	153.8888816065436	0.484090100666819	153.8888816065436	low	medium
G_r058_indel_5pct	58	15	indel	0.05	5.0	ins0.5_geom0.75	RS_GCF_001548675.1	Methanobacteriota	Archaea	highly_fragmented	87.32351616331529	0.0	87.3152902217749	0.0	2273296	41	1985122	41	1984935	0.0499198537923613		0	0	99097	0	True	69.40582685941004	84.97757847533633	cocopye	-17.91768930390525	84.97757847533633	17.91768930390525	84.97757847533633	low	medium
G_r058_chimera_5pct	58	16	chimera	0.05	5.0	rc0.5	RS_GCF_001548675.1	Methanobacteriota	Archaea	highly_fragmented	87.32351616331529	0.0	87.32351616331529	0.0	2273296	41	1985122	40	1985122	0.048780487804878		0	0	0	1	True	89.54759282319425	0.0	cocopye	2.2240766598789605	0.0	2.2240766598789605	0.0	medium	medium
G_r058_chimera_10pct	58	17	chimera	0.1	10.0	rc0.5	RS_GCF_001548675.1	Methanobacteriota	Archaea	highly_fragmented	87.32351616331529	0.0	87.32351616331529	0.0	2273296	41	1985122	39	1985122	0.0975609756097561		0	0	0	2	True	89.54759282319425	0.0	cocopye	2.2240766598789605	0.0	2.2240766598789605	0.0	medium	medium
G_r058_chimera_20pct	58	18	chimera	0.2	20.0	rc0.5	RS_GCF_001548675.1	Methanobacteriota	Archaea	highly_fragmented	87.32351616331529	0.0	87.32351616331529	0.0	2273296	41	1985122	37	1985122	0.1951219512195122		0	0	0	4	True	89.54759282319425	0.0	cocopye	2.2240766598789605	0.0	2.2240766598789605	0.0	medium	medium
G_r058_chimera_40pct	58	19	chimera	0.4	40.0	rc0.5	RS_GCF_001548675.1	Methanobacteriota	Archaea	highly_fragmented	87.32351616331529	0.0	87.32351616331529	0.0	2273296	41	1985122	32	1985122	0.4390243902439024		0	0	0	9	True	89.54759282319425	0.0	cocopye	2.2240766598789605	0.0	2.2240766598789605	0.0	medium	medium
G_r058_uneven_coverage_5pct	58	20	uneven_coverage	0.05	5.0	lognormal_sigma1.0	RS_GCF_001548675.1	Methanobacteriota	Archaea	highly_fragmented	87.32351616331529	0.0	87.32351616331529	4.366171409266546	2273296	41	1985122	44	2084378	0.0499999496252623		99256	0	0	0	True	89.62997437301856	5.54968857600353	cocopye	2.3064582097032655	5.54968857600353	2.3064582097032655	5.54968857600353	medium	medium
G_r058_uneven_coverage_10pct	58	21	uneven_coverage	0.1	10.0	lognormal_sigma1.0	RS_GCF_001548675.1	Methanobacteriota	Archaea	highly_fragmented	87.32351616331529	0.0	87.32351616331529	8.732342818533091	2273296	41	1985122	45	2183634	0.0999998992505246		198512	0	0	0	True	90.64578109286512	9.07198874642054	cocopye	3.3222649295498314	9.07198874642054	3.3222649295498314	9.07198874642054	medium	medium
G_r058_uneven_coverage_20pct	58	22	uneven_coverage	0.2	20.0	lognormal_sigma1.0	RS_GCF_001548675.1	Methanobacteriota	Archaea	highly_fragmented	87.32351616331529	0.0	87.32351616331529	17.464685637066182	2273296	41	1985122	54	2382146	0.1999997985010493		397024	0	0	0	True	89.45924931585108	19.15104377541445	cocopye	2.135733152535792	19.15104377541445	2.135733152535792	19.15104377541445	low	medium
G_r058_uneven_coverage_40pct	58	23	uneven_coverage	0.4	40.0	lognormal_sigma1.0	RS_GCF_001548675.1	Methanobacteriota	Archaea	highly_fragmented	87.32351616331529	0.0	87.32351616331529	34.929415263124554	2273296	41	1985122	61	2779171	0.4000001007494753		794049	0	0	0	True	89.91031390134529	36.442449595361545	cocopye	2.5867977380300005	36.442449595361545	2.5867977380300005	36.442449595361545	low	medium
G_r059_none_control	59	0	none	0.0	0.0	control	RS_GCF_000017505.1	Myxococcota	Bacteria	highly_fragmented	69.98148916538304	1.9999848427147453	69.98148916538304	1.9999848427147453	5277990	320	3799175	320	3799175	0.0		0	0	0	0	True	69.09116956515982	0.0	cocopye	-0.8903196002232221	-1.9999848427147453	0.8903196002232221	1.9999848427147453	medium	medium
G_r059_substitution_0p1pct	59	1	substitution	0.001	0.1	uniform	RS_GCF_000017505.1	Myxococcota	Bacteria	highly_fragmented	69.98148916538304	1.9999848427147453	69.98148916538304	1.9999848427147453	5277990	320	3799175	320	3799175	0.0009970585719267	0.0089640838741259	0	3788	0	0	True	68.47337909168444	3.0711484264705	cocopye	-1.508110073698603	1.0711635837557545	1.508110073698603	1.0711635837557545	medium	medium
G_r059_substitution_0p5pct	59	2	substitution	0.005	0.5	uniform	RS_GCF_000017505.1	Myxococcota	Bacteria	highly_fragmented	69.98148916538304	1.9999848427147453	69.98148916538304	1.9999848427147453	5277990	320	3799175	320	3799175	0.0050008225470003	0.0441104216424403	0	18999	0	0	True	67.9670147201836	4.71666077112344	cocopye	-2.01447444519944	2.7166759284086943	2.01447444519944	2.7166759284086943	medium	medium
G_r059_substitution_1pct	59	3	substitution	0.01	1.0	uniform	RS_GCF_000017505.1	Myxococcota	Bacteria	highly_fragmented	69.98148916538304	1.9999848427147453	69.98148916538304	1.9999848427147453	5277990	320	3799175	320	3799175	0.0100584995426638	0.0864827525163591	0	38214	0	0	True	66.93005981895533	6.19447843157157	cocopye	-3.0514293464277102	4.194493588856824	3.0514293464277102	4.194493588856824	medium	medium
G_r059_substitution_2pct	59	4	substitution	0.02	2.0	uniform	RS_GCF_000017505.1	Myxococcota	Bacteria	highly_fragmented	69.98148916538304	1.9999848427147453	69.98148916538304	1.9999848427147453	5277990	320	3799175	320	3799175	0.0200317174123329	0.1662522378698502	0	76104	0	0	True	67.44872324727231	13.82672807919424	cocopye	-2.5327659181107265	11.826743236479494	2.5327659181107265	11.826743236479494	low	medium
G_r059_substitution_5pct	59	5	substitution	0.05	5.0	uniform	RS_GCF_000017505.1	Myxococcota	Bacteria	highly_fragmented	69.98148916538304	1.9999848427147453	69.98148916538304	1.9999848427147453	5277990	320	3799175	320	3799175	0.0499987497285594	0.3697505902753909	0	189954	0	0	True	68.41944024640418	20.97576751529002	cocopye	-1.56204891897886	18.975782672575274	1.56204891897886	18.975782672575274	low	medium
G_r059_substitution_titv_0p1pct	59	6	substitution_titv	0.001	0.1	titv_2	RS_GCF_000017505.1	Myxococcota	Bacteria	highly_fragmented	69.98148916538304	1.9999848427147453	69.98148916538304	1.9999848427147453	5277990	320	3799175	320	3799175	0.0010110089690524	0.0089640838741259	0	3841	0	0	True	69.02357591230711	1.5301748788218	cocopye	-0.9579132530759296	-0.4698099638929454	0.9579132530759296	0.4698099638929454	medium	medium
G_r059_substitution_titv_0p5pct	59	7	substitution_titv	0.005	0.5	titv_2	RS_GCF_000017505.1	Myxococcota	Bacteria	highly_fragmented	69.98148916538304	1.9999848427147453	69.98148916538304	1.9999848427147453	5277990	320	3799175	320	3799175	0.0050071397079629	0.0441104216424403	0	19023	0	0	True	68.05917264012527	3.68376364064006	cocopye	-1.92231652525777	1.6837787979253147	1.92231652525777	1.6837787979253147	medium	medium
G_r059_substitution_titv_1pct	59	8	substitution_titv	0.01	1.0	titv_2	RS_GCF_000017505.1	Myxococcota	Bacteria	highly_fragmented	69.98148916538304	1.9999848427147453	69.98148916538304	1.9999848427147453	5277990	320	3799175	320	3799175	0.0100484973711397	0.0864827525163591	0	38176	0	0	True	68.27086153738745	6.706246680507549	cocopye	-1.710627627995592	4.706261837792804	1.710627627995592	4.706261837792804	medium	medium
G_r059_substitution_titv_2pct	59	9	substitution_titv	0.02	2.0	titv_2	RS_GCF_000017505.1	Myxococcota	Bacteria	highly_fragmented	69.98148916538304	1.9999848427147453	69.98148916538304	1.9999848427147453	5277990	320	3799175	320	3799175	0.0199306428369317	0.1662522378698502	0	75720	0	0	True	68.75779595863165	11.965245222995009	cocopye	-1.223693206751392	9.965260380280263	1.223693206751392	9.965260380280263	low	medium
G_r059_substitution_titv_5pct	59	10	substitution_titv	0.05	5.0	titv_2	RS_GCF_000017505.1	Myxococcota	Bacteria	highly_fragmented	69.98148916538304	1.9999848427147453	69.98148916538304	1.9999848427147453	5277990	320	3799175	320	3799175	0.0501390433449367	0.3697505902753909	0	190487	0	0	True	69.73064761700847	18.66744391258246	cocopye	-0.2508415483745665	16.667459069867714	0.2508415483745665	16.667459069867714	low	medium
G_r059_indel_0p1pct	59	11	indel	0.001	0.1	ins0.5_geom0.75	RS_GCF_000017505.1	Myxococcota	Bacteria	highly_fragmented	69.98148916538304	1.9999848427147453	69.98281541837741	1.9999848427147453	5277990	320	3799175	320	3799247	0.0010165364848947		0	0	3862	0	True	69.13889816599324	18.81547708252219	cocopye	-0.8425909993897989	16.815492239807444	0.8425909993897989	16.815492239807444	low	medium
G_r059_indel_0p5pct	59	12	indel	0.005	0.5	ins0.5_geom0.75	RS_GCF_000017505.1	Myxococcota	Bacteria	highly_fragmented	69.98148916538304	1.9999848427147453	69.98211545151926	1.9999848427147453	5277990	320	3799175	320	3799209	0.004904485842321		0	0	18633	0	True	71.60048502016583	67.14801444043322	cocopye	1.6189958547827956	65.14802959771848	1.6189958547827956	65.14802959771848	low	medium
G_r059_indel_1pct	59	13	indel	0.01	1.0	ins0.5_geom0.75	RS_GCF_000017505.1	Myxococcota	Bacteria	highly_fragmented	69.98148916538304	1.9999848427147453	69.97268431911482	1.9999848427147453	5277990	320	3799175	320	3798697	0.0099921693525568		0	0	37962	0	True	68.87966804979253	89.62655601659752	cocopye	-1.1018211155905107	87.62657117388278	1.1018211155905107	87.62657117388278	low	medium
G_r059_indel_2pct	59	14	indel	0.02	2.0	ins0.5_geom0.75	RS_GCF_000017505.1	Myxococcota	Bacteria	highly_fragmented	69.98148916538304	1.9999848427147453	69.97294220164149	1.9999848427147453	5277990	320	3799175	320	3798711	0.0199416978686162		0	0	75762	0	True	69.93006993006993	97.49416538051791	cocopye	-0.051419235313105105	95.49418053780317	0.051419235313105105	95.49418053780317	low	medium
G_r059_indel_5pct	59	15	indel	0.05	5.0	ins0.5_geom0.75	RS_GCF_000017505.1	Myxococcota	Bacteria	highly_fragmented	69.98148916538304	1.9999848427147453	70.01088777342504	1.9999848427147453	5277990	320	3799175	320	3800771	0.0497213210762862		0	0	188900	0	True	59.26640926640927	56.75675675675676	cocopye	-10.71507989897377	54.75677191404201	10.71507989897377	54.75677191404201	low	medium
G_r059_chimera_5pct	59	16	chimera	0.05	5.0	rc0.5	RS_GCF_000017505.1	Myxococcota	Bacteria	highly_fragmented	69.98148916538304	1.9999848427147453	69.98148916538304	1.9999848427147453	5277990	320	3799175	312	3799175	0.05		0	0	0	8	True	69.09116956515982	0.0	cocopye	-0.8903196002232221	-1.9999848427147453	0.8903196002232221	1.9999848427147453	medium	medium
G_r059_chimera_10pct	59	17	chimera	0.1	10.0	rc0.5	RS_GCF_000017505.1	Myxococcota	Bacteria	highly_fragmented	69.98148916538304	1.9999848427147453	69.98148916538304	1.9999848427147453	5277990	320	3799175	304	3799175	0.1		0	0	0	16	True	69.09116956515982	0.0	cocopye	-0.8903196002232221	-1.9999848427147453	0.8903196002232221	1.9999848427147453	medium	medium
G_r059_chimera_20pct	59	18	chimera	0.2	20.0	rc0.5	RS_GCF_000017505.1	Myxococcota	Bacteria	highly_fragmented	69.98148916538304	1.9999848427147453	69.98148916538304	1.9999848427147453	5277990	320	3799175	288	3799175	0.2		0	0	0	32	True	69.08971932706575	0.0	cocopye	-0.8917698383172876	-1.9999848427147453	0.8917698383172876	1.9999848427147453	medium	medium
G_r059_chimera_40pct	59	19	chimera	0.4	40.0	rc0.5	RS_GCF_000017505.1	Myxococcota	Bacteria	highly_fragmented	69.98148916538304	1.9999848427147453	69.98148916538304	1.9999848427147453	5277990	320	3799175	256	3799175	0.4		0	0	0	64	True	69.0817988442565	0.0	cocopye	-0.8996903211265419	-1.9999848427147453	0.8996903211265419	1.9999848427147453	medium	medium
G_r059_uneven_coverage_5pct	59	20	uneven_coverage	0.05	5.0	lognormal_sigma1.0	RS_GCF_000017505.1	Myxococcota	Bacteria	highly_fragmented	69.98148916538304	1.9999848427147453	69.98148916538304	5.5990632797712765	5277990	320	3799175	339	3989134	0.05000006580376		189959	0	0	0	True	68.43938078760398	3.04339356603992	cocopye	-1.5421083777790585	1.0434087233251745	1.5421083777790585	1.0434087233251745	medium	medium
G_r059_uneven_coverage_10pct	59	21	uneven_coverage	0.1	10.0	lognormal_sigma1.0	RS_GCF_000017505.1	Myxococcota	Bacteria	highly_fragmented	69.98148916538304	1.9999848427147453	69.98148916538304	9.198141716827807	5277990	320	3799175	353	4179093	0.10000013160752		379918	0	0	0	True	69.98452527202619	0.39245755415645	cocopye	0.0030361066431510153	-1.6075272885582952	0.0030361066431510153	1.6075272885582952	medium	medium
G_r059_uneven_coverage_20pct	59	22	uneven_coverage	0.2	20.0	lognormal_sigma1.0	RS_GCF_000017505.1	Myxococcota	Bacteria	highly_fragmented	69.98148916538304	1.9999848427147453	69.98148916538304	16.396279644334303	5277990	320	3799175	395	4559010	0.2		759835	0	0	0	True	70.3819344431283	3.90821710856005	cocopye	0.40044527774526273	1.9082322658453046	0.40044527774526273	1.9082322658453046	medium	medium
G_r059_uneven_coverage_40pct	59	23	uneven_coverage	0.4	40.0	lognormal_sigma1.0	RS_GCF_000017505.1	Myxococcota	Bacteria	highly_fragmented	69.98148916538304	1.9999848427147453	69.98148916538304	30.792574445953857	5277990	320	3799175	462	5318845	0.4		1519670	0	0	0	True	70.37037037037037	32.96296296296296	cocopye	0.38888120498732803	30.962978120248216	0.38888120498732803	30.962978120248216	low	medium
G_r060_none_control	60	0	none	0.0	0.0	control	RS_GCF_902387285.1	Thermoplasmatota	Archaea	highly_fragmented	59.90058765475058	8.393233721003483	59.90058765475058	8.393233721003483	1666795	69	1138318	69	1138318	0.0		0	0	0	0	True	57.69720295913346	1.90839694656488	cocopye	-2.2033846956171175	-6.4848367744386035	2.2033846956171175	6.4848367744386035	medium	medium
G_r060_substitution_0p1pct	60	1	substitution	0.001	0.1	uniform	RS_GCF_902387285.1	Thermoplasmatota	Archaea	highly_fragmented	59.90058765475058	8.393233721003483	59.90058765475058	8.393233721003483	1666795	69	1138318	69	1138318	0.0009935738350105	0.0089640838741259	0	1131	0	0	True	57.69720295913346	3.05343511450381	cocopye	-2.2033846956171175	-5.339798606499674	2.2033846956171175	5.339798606499674	medium	medium
G_r060_substitution_0p5pct	60	2	substitution	0.005	0.5	uniform	RS_GCF_902387285.1	Thermoplasmatota	Archaea	highly_fragmented	59.90058765475058	8.393233721003483	59.90058765475058	8.393233721003483	1666795	69	1138318	69	1138318	0.0049037392988759	0.0441104216424403	0	5582	0	0	True	57.82442748091603	4.1348602935558	cocopye	-2.076160173834552	-4.258373427447683	2.076160173834552	4.258373427447683	medium	medium
G_r060_substitution_1pct	60	3	substitution	0.01	1.0	uniform	RS_GCF_902387285.1	Thermoplasmatota	Archaea	highly_fragmented	59.90058765475058	8.393233721003483	59.90058765475058	8.393233721003483	1666795	69	1138318	69	1138318	0.0100394003417331	0.0864827525163591	0	11428	0	0	True	57.82442748091603	9.82824427480916	cocopye	-2.076160173834552	1.435010553805677	2.076160173834552	1.435010553805677	medium	medium
G_r060_substitution_2pct	60	4	substitution	0.02	2.0	uniform	RS_GCF_902387285.1	Thermoplasmatota	Archaea	highly_fragmented	59.90058765475058	8.393233721003483	59.90058765475058	8.393233721003483	1666795	69	1138318	69	1138318	0.019798561909489	0.1662522378698502	0	22537	0	0	True	57.78947261341831	11.75438596491228	cocopye	-2.111115041332269	3.3611522439087977	2.111115041332269	3.3611522439087977	low	medium
G_r060_substitution_5pct	60	5	substitution	0.05	5.0	uniform	RS_GCF_902387285.1	Thermoplasmatota	Archaea	highly_fragmented	59.90058765475058	8.393233721003483	59.90058765475058	8.393233721003483	1666795	69	1138318	69	1138318	0.0499808928108651	0.3697505902753909	0	56894	0	0	True	57.10526315789474	36.0087746068051	cocopye	-2.795324496855841	27.615540885801614	2.795324496855841	27.615540885801614	low	medium
G_r060_substitution_titv_0p1pct	60	6	substitution_titv	0.001	0.1	titv_2	RS_GCF_902387285.1	Thermoplasmatota	Archaea	highly_fragmented	59.90058765475058	8.393233721003483	59.90058765475058	8.393233721003483	1666795	69	1138318	69	1138318	0.0009417428391965	0.0089640838741259	0	1072	0	0	True	57.69720295913346	2.00381679389312	cocopye	-2.2033846956171175	-6.3894169271103625	2.2033846956171175	6.3894169271103625	medium	medium
G_r060_substitution_titv_0p5pct	60	7	substitution_titv	0.005	0.5	titv_2	RS_GCF_902387285.1	Thermoplasmatota	Archaea	highly_fragmented	59.90058765475058	8.393233721003483	59.90058765475058	8.393233721003483	1666795	69	1138318	69	1138318	0.0050688956923171	0.0441104216424403	0	5770	0	0	True	58.06122345178306	6.54761904761904	cocopye	-1.8393642029675235	-1.8456146733844427	1.8393642029675235	1.8456146733844427	medium	medium
G_r060_substitution_titv_1pct	60	8	substitution_titv	0.01	1.0	titv_2	RS_GCF_902387285.1	Thermoplasmatota	Archaea	highly_fragmented	59.90058765475058	8.393233721003483	59.90058765475058	8.393233721003483	1666795	69	1138318	69	1138318	0.0100437927990055	0.0864827525163591	0	11433	0	0	True	58.43137254901961	6.339869779698989	cocopye	-1.4692151057309673	-2.053363941304494	1.4692151057309673	2.053363941304494	medium	medium
G_r060_substitution_titv_2pct	60	9	substitution_titv	0.02	2.0	titv_2	RS_GCF_902387285.1	Thermoplasmatota	Archaea	highly_fragmented	59.90058765475058	8.393233721003483	59.90058765475058	8.393233721003483	1666795	69	1138318	69	1138318	0.0198662057514835	0.1662522378698502	0	22614	0	0	True	56.018520536876856	9.32539682539682	cocopye	-3.8820671178737243	0.9321631043933376	3.8820671178737243	0.9321631043933376	medium	medium
G_r060_substitution_titv_5pct	60	10	substitution_titv	0.05	5.0	titv_2	RS_GCF_902387285.1	Thermoplasmatota	Archaea	highly_fragmented	59.90058765475058	8.393233721003483	59.90058765475058	8.393233721003483	1666795	69	1138318	69	1138318	0.0497691763703368	0.3697505902753909	0	56653	0	0	True	56.10859728506787	17.11915650518771	cocopye	-3.7919903696827078	8.725922784184228	3.7919903696827078	8.725922784184228	low	medium
G_r060_indel_0p1pct	60	11	indel	0.001	0.1	ins0.5_geom0.75	RS_GCF_902387285.1	Thermoplasmatota	Archaea	highly_fragmented	59.90058765475058	8.393233721003483	59.89869326218579	8.393233721003483	1666795	69	1138318	69	1138282	0.0010243183363524		0	0	1166	0	True	57.16981132075472	22.3899366270821	cocopye	-2.7307763339958626	13.996702906078617	2.7307763339958626	13.996702906078617	low	medium
G_r060_indel_0p5pct	60	12	indel	0.005	0.5	ins0.5_geom0.75	RS_GCF_902387285.1	Thermoplasmatota	Archaea	highly_fragmented	59.90058765475058	8.393233721003483	59.896483137526864	8.393233721003483	1666795	69	1138318	69	1138240	0.0050513125506229		0	0	5750	0	True	55.778894472361806	41.70854271356783	cocopye	-4.121693182388775	33.31530899256435	4.121693182388775	33.31530899256435	low	medium
G_r060_indel_1pct	60	13	indel	0.01	1.0	ins0.5_geom0.75	RS_GCF_902387285.1	Thermoplasmatota	Archaea	highly_fragmented	59.90058765475058	8.393233721003483	59.89669362558961	8.393233721003483	1666795	69	1138318	69	1138244	0.0101026251012458		0	0	11500	0	True	51.10497237569061	70.99447513812154	cocopye	-8.795615279059973	62.60124141711806	8.795615279059973	62.60124141711806	low	medium
G_r060_indel_2pct	60	14	indel	0.02	2.0	ins0.5_geom0.75	RS_GCF_902387285.1	Thermoplasmatota	Archaea	highly_fragmented	59.90058765475058	8.393233721003483	59.89395728077381	8.393233721003483	1666795	69	1138318	69	1138192	0.0200884111469729		0	0	22867	0	True	53.58974358974359	94.1025641025641	cocopye	-6.3108440650069895	85.70933038156062	6.3108440650069895	85.70933038156062	low	medium
G_r060_indel_5pct	60	15	indel	0.05	5.0	ins0.5_geom0.75	RS_GCF_902387285.1	Thermoplasmatota	Archaea	highly_fragmented	59.90058765475058	8.393233721003483	59.91237498626486	8.393233721003483	1666795	69	1138318	69	1138542	0.0500343489253442		0	0	56955	0	True	44.90445859872611	39.49044585987261	cocopye	-14.996129056024472	31.097212138869125	14.996129056024472	31.097212138869125	low	medium
G_r060_chimera_5pct	60	16	chimera	0.05	5.0	rc0.5	RS_GCF_902387285.1	Thermoplasmatota	Archaea	highly_fragmented	59.90058765475058	8.393233721003483	59.90058765475058	8.393233721003483	1666795	69	1138318	67	1138318	0.0579710144927536		0	0	0	2	True	57.69720295913346	1.90839694656488	cocopye	-2.2033846956171175	-6.4848367744386035	2.2033846956171175	6.4848367744386035	medium	medium
G_r060_chimera_10pct	60	17	chimera	0.1	10.0	rc0.5	RS_GCF_902387285.1	Thermoplasmatota	Archaea	highly_fragmented	59.90058765475058	8.393233721003483	59.90058765475058	8.393233721003483	1666795	69	1138318	65	1138318	0.1159420289855072		0	0	0	4	True	57.69720295913346	1.90839694656488	cocopye	-2.2033846956171175	-6.4848367744386035	2.2033846956171175	6.4848367744386035	medium	medium
G_r060_chimera_20pct	60	18	chimera	0.2	20.0	rc0.5	RS_GCF_902387285.1	Thermoplasmatota	Archaea	highly_fragmented	59.90058765475058	8.393233721003483	59.90058765475058	8.393233721003483	1666795	69	1138318	62	1138318	0.2028985507246377		0	0	0	7	True	57.69720295913346	1.90839694656488	cocopye	-2.2033846956171175	-6.4848367744386035	2.2033846956171175	6.4848367744386035	medium	medium
G_r060_chimera_40pct	60	19	chimera	0.4	40.0	rc0.5	RS_GCF_902387285.1	Thermoplasmatota	Archaea	highly_fragmented	59.90058765475058	8.393233721003483	59.90058765475058	8.393233721003483	1666795	69	1138318	56	1138318	0.3768115942028985		0	0	0	13	True	57.69720295913346	1.90839694656488	cocopye	-2.2033846956171175	-6.4848367744386035	2.2033846956171175	6.4848367744386035	medium	medium
G_r060_uneven_coverage_5pct	60	20	uneven_coverage	0.05	5.0	lognormal_sigma1.0	RS_GCF_902387285.1	Thermoplasmatota	Archaea	highly_fragmented	59.90058765475058	8.393233721003483	59.90058765475058	11.80793078932922	1666795	69	1138318	73	1195234	0.0500000878489139		56916	0	0	0	True	57.69720295913346	2.6717557251908297	cocopye	-2.2033846956171175	-5.721477995812654	2.2033846956171175	5.721477995812654	medium	medium
G_r060_uneven_coverage_10pct	60	21	uneven_coverage	0.1	10.0	lognormal_sigma1.0	RS_GCF_902387285.1	Thermoplasmatota	Archaea	highly_fragmented	59.90058765475058	8.393233721003483	59.90058765475058	15.22262785765496	1666795	69	1138318	82	1252150	0.1000001756978278		113832	0	0	0	True	57.85805009617098	5.51330798479087	cocopye	-2.0425375585796033	-2.8799257362126127	2.0425375585796033	2.8799257362126127	medium	medium
G_r060_uneven_coverage_20pct	60	22	uneven_coverage	0.2	20.0	lognormal_sigma1.0	RS_GCF_902387285.1	Thermoplasmatota	Archaea	highly_fragmented	59.90058765475058	8.393233721003483	59.90058765475058	22.05202199430644	1666795	69	1138318	84	1365982	0.2000003513956557		227664	0	0	0	True	57.30337078651685	18.35205992509363	cocopye	-2.5972168682337298	9.958826204090148	2.5972168682337298	9.958826204090148	low	medium
G_r060_uneven_coverage_40pct	60	23	uneven_coverage	0.4	40.0	lognormal_sigma1.0	RS_GCF_902387285.1	Thermoplasmatota	Archaea	highly_fragmented	59.90058765475058	8.393233721003483	59.90058765475058	35.710750272229035	1666795	69	1138318	106	1593645	0.3999998243021722		455327	0	0	0	True	57.88804265378996	23.2824427480916	cocopye	-2.012545000960621	14.889209027088118	2.012545000960621	14.889209027088118	low	medium
G_r061_none_control	61	0	none	0.0	0.0	control	GB_GCA_963677495.1	Cloacimonadota	Bacteria	medium	83.55392487662326	8.740706401506927	83.55392487662326	8.740706401506927	3408260	5	3145641	5	3145641	0.0		0	0	0	0	True	83.01333324767637	8.50705077625084	cocopye	-0.5405916289468848	-0.23365562525608752	0.5405916289468848	0.23365562525608752	medium	medium
G_r061_substitution_0p1pct	61	1	substitution	0.001	0.1	uniform	GB_GCA_963677495.1	Cloacimonadota	Bacteria	medium	83.55392487662326	8.740706401506927	83.55392487662326	8.740706401506927	3408260	5	3145641	5	3145641	0.0009988425252595	0.0089640838741259	0	3142	0	0	True	84.11504512206336	6.79937606866003	cocopye	0.5611202454401081	-1.9413303328468965	0.5611202454401081	1.9413303328468965	medium	medium
G_r061_substitution_0p5pct	61	2	substitution	0.005	0.5	uniform	GB_GCA_963677495.1	Cloacimonadota	Bacteria	medium	83.55392487662326	8.740706401506927	83.55392487662326	8.740706401506927	3408260	5	3145641	5	3145641	0.005023141547303	0.0441104216424403	0	15801	0	0	True	83.98975133786443	11.86049298093333	cocopye	0.4358264612411773	3.1197865794264033	0.4358264612411773	3.1197865794264033	low	medium
G_r061_substitution_1pct	61	3	substitution	0.01	1.0	uniform	GB_GCA_963677495.1	Cloacimonadota	Bacteria	medium	83.55392487662326	8.740706401506927	83.55392487662326	8.740706401506927	3408260	5	3145641	5	3145641	0.0100173541736008	0.0864827525163591	0	31511	0	0	True	85.42319179943651	12.689539593903302	cocopye	1.869266922813253	3.948833192396375	1.869266922813253	3.948833192396375	low	medium
G_r061_substitution_2pct	61	4	substitution	0.02	2.0	uniform	GB_GCA_963677495.1	Cloacimonadota	Bacteria	medium	83.55392487662326	8.740706401506927	83.55392487662326	8.740706401506927	3408260	5	3145641	5	3145641	0.0200521928598972	0.1662522378698502	0	63077	0	0	True	79.49057400953551	14.33556905213009	cocopye	-4.063350867087749	5.594862650623163	4.063350867087749	5.594862650623163	low	medium
G_r061_substitution_5pct	61	5	substitution	0.05	5.0	uniform	GB_GCA_963677495.1	Cloacimonadota	Bacteria	medium	83.55392487662326	8.740706401506927	83.55392487662326	8.740706401506927	3408260	5	3145641	5	3145641	0.0501153818887787	0.3697505902753909	0	157645	0	0	True	78.76173678692155	15.58891218618555	cocopye	-4.79218808970171	6.848205784678623	4.79218808970171	6.848205784678623	low	medium
G_r061_substitution_titv_0p1pct	61	6	substitution_titv	0.001	0.1	titv_2	GB_GCA_963677495.1	Cloacimonadota	Bacteria	medium	83.55392487662326	8.740706401506927	83.55392487662326	8.740706401506927	3408260	5	3145641	5	3145641	0.0009921666204121	0.0089640838741259	0	3121	0	0	True	84.32720883750812	7.1112235239476105	cocopye	0.7732839608848678	-1.6294828775593162	0.7732839608848678	1.6294828775593162	medium	medium
G_r061_substitution_titv_0p5pct	61	7	substitution_titv	0.005	0.5	titv_2	GB_GCA_963677495.1	Cloacimonadota	Bacteria	medium	83.55392487662326	8.740706401506927	83.55392487662326	8.740706401506927	3408260	5	3145641	5	3145641	0.0049951663269902	0.0441104216424403	0	15713	0	0	True	85.48549128801015	11.29629448891658	cocopye	1.9315664113868962	2.555588087409653	1.9315664113868962	2.555588087409653	low	medium
G_r061_substitution_titv_1pct	61	8	substitution_titv	0.01	1.0	titv_2	GB_GCA_963677495.1	Cloacimonadota	Bacteria	medium	83.55392487662326	8.740706401506927	83.55392487662326	8.740706401506927	3408260	5	3145641	5	3145641	0.010098100832231	0.0864827525163591	0	31765	0	0	True	85.24895006566338	12.02270027345267	cocopye	1.6950251890401233	3.281993871945744	1.6950251890401233	3.281993871945744	low	medium
G_r061_substitution_titv_2pct	61	9	substitution_titv	0.02	2.0	titv_2	GB_GCA_963677495.1	Cloacimonadota	Bacteria	medium	83.55392487662326	8.740706401506927	83.55392487662326	8.740706401506927	3408260	5	3145641	5	3145641	0.0200490138575889	0.1662522378698502	0	63067	0	0	True	82.27804870838537	14.52962764142289	cocopye	-1.275876168237886	5.788921239915963	1.275876168237886	5.788921239915963	low	medium
G_r061_substitution_titv_5pct	61	10	substitution_titv	0.05	5.0	titv_2	GB_GCA_963677495.1	Cloacimonadota	Bacteria	medium	83.55392487662326	8.740706401506927	83.55392487662326	8.740706401506927	3408260	5	3145641	5	3145641	0.0499707372837523	0.3697505902753909	0	157190	0	0	True	79.02364481668339	18.70630398255929	cocopye	-4.530280059939869	9.965597581052364	4.530280059939869	9.965597581052364	low	medium
G_r061_indel_0p1pct	61	11	indel	0.001	0.1	ins0.5_geom0.75	GB_GCA_963677495.1	Cloacimonadota	Bacteria	medium	83.55392487662326	8.740706401506927	83.55177336985088	8.740706401506927	3408260	5	3145641	5	3145560	0.0010036110287219		0	0	3157	0	True	88.92387481203012	15.27490504324347	cocopye	5.369949935406865	6.534198641736543	5.369949935406865	6.534198641736543	low	medium
G_r061_indel_0p5pct	61	12	indel	0.005	0.5	ins0.5_geom0.75	GB_GCA_963677495.1	Cloacimonadota	Bacteria	medium	83.55392487662326	8.740706401506927	83.55692636137981	8.740706401506927	3408260	5	3145641	5	3145754	0.0050275921505346		0	0	15815	0	True	85.56149732620321	76.20320855614973	cocopye	2.0075724495799534	67.4625021546428	2.0075724495799534	67.4625021546428	low	medium
G_r061_indel_1pct	61	13	indel	0.01	1.0	ins0.5_geom0.75	GB_GCA_963677495.1	Cloacimonadota	Bacteria	medium	83.55392487662326	8.740706401506927	83.5618668584127	8.740706401506927	3408260	5	3145641	5	3145940	0.0100055918650602		0	0	31474	0	True	85.84070796460178	106.34218739197316	cocopye	2.2867830879785203	97.60148099046623	2.2867830879785203	97.60148099046623	low	medium
G_r061_indel_2pct	61	14	indel	0.02	2.0	ins0.5_geom0.75	GB_GCA_963677495.1	Cloacimonadota	Bacteria	medium	83.55392487662326	8.740706401506927	83.54547822040573	8.740706401506927	3408260	5	3145641	5	3145323	0.0199323444728753		0	0	62700	0	True	80.86124401913875	100.35885167464116	cocopye	-2.692680857484504	91.61814527313423	2.692680857484504	91.61814527313423	low	medium
G_r061_indel_5pct	61	15	indel	0.05	5.0	ins0.5_geom0.75	GB_GCA_963677495.1	Cloacimonadota	Bacteria	medium	83.55392487662326	8.740706401506927	83.55254366239902	8.740706401506927	3408260	5	3145641	5	3145589	0.0498877653235064		0	0	156929	0	True	63.69426751592356	63.69426751592356	cocopye	-19.859657360699693	54.95356111441664	19.859657360699693	54.95356111441664	low	medium
G_r061_chimera_5pct	61	16	chimera	0.05	5.0	rc0.5	GB_GCA_963677495.1	Cloacimonadota	Bacteria	medium	83.55392487662326	8.740706401506927	83.55392487662326	8.740706401506927	3408260	5	3145641	5	3145641	0.0		0	0	0	0	True	83.01333324767637	8.50705077625084	cocopye	-0.5405916289468848	-0.23365562525608752	0.5405916289468848	0.23365562525608752	medium	medium
G_r061_chimera_10pct	61	17	chimera	0.1	10.0	rc0.5	GB_GCA_963677495.1	Cloacimonadota	Bacteria	medium	83.55392487662326	8.740706401506927	83.55392487662326	8.740706401506927	3408260	5	3145641	5	3145641	0.0		0	0	0	0	True	83.01333324767637	8.50705077625084	cocopye	-0.5405916289468848	-0.23365562525608752	0.5405916289468848	0.23365562525608752	medium	medium
G_r061_chimera_20pct	61	18	chimera	0.2	20.0	rc0.5	GB_GCA_963677495.1	Cloacimonadota	Bacteria	medium	83.55392487662326	8.740706401506927	83.55392487662326	8.740706401506927	3408260	5	3145641	5	3145641	0.0		0	0	0	0	True	83.01333324767637	8.50705077625084	cocopye	-0.5405916289468848	-0.23365562525608752	0.5405916289468848	0.23365562525608752	medium	medium
G_r061_chimera_40pct	61	19	chimera	0.4	40.0	rc0.5	GB_GCA_963677495.1	Cloacimonadota	Bacteria	medium	83.55392487662326	8.740706401506927	83.55392487662326	8.740706401506927	3408260	5	3145641	4	3145641	0.4		0	0	0	1	True	83.01333324767637	8.50705077625084	cocopye	-0.5405916289468848	-0.23365562525608752	0.5405916289468848	0.23365562525608752	medium	medium
G_r061_uneven_coverage_5pct	61	20	uneven_coverage	0.05	5.0	lognormal_sigma1.0	GB_GCA_963677495.1	Cloacimonadota	Bacteria	medium	83.55392487662326	8.740706401506927	83.55392487662326	13.355436498389208	3408260	5	3145641	6	3302923	0.0499999841049884		157282	0	0	0	True	84.94458837419964	8.75785309543233	cocopye	1.3906634975763836	0.0171466939254028	1.3906634975763836	0.0171466939254028	medium	medium
G_r061_uneven_coverage_10pct	61	21	uneven_coverage	0.1	10.0	lognormal_sigma1.0	GB_GCA_963677495.1	Cloacimonadota	Bacteria	medium	83.55392487662326	8.740706401506927	83.55392487662326	17.970166595271486	3408260	5	3145641	6	3460205	0.0999999682099769		314564	0	0	0	True	82.93262566309663	10.70465404030192	cocopye	-0.6212992135266262	1.963947638794993	0.6212992135266262	1.963947638794993	low	medium
G_r061_uneven_coverage_20pct	61	22	uneven_coverage	0.2	20.0	lognormal_sigma1.0	GB_GCA_963677495.1	Cloacimonadota	Bacteria	medium	83.55392487662326	8.740706401506927	83.55392487662326	27.19962678903605	3408260	5	3145641	7	3774769	0.1999999364199538		629128	0	0	0	True	86.25182380760236	15.23105165719786	cocopye	2.6978989309791075	6.490345255690933	2.6978989309791075	6.490345255690933	low	medium
G_r061_uneven_coverage_40pct	61	23	uneven_coverage	0.4	40.0	lognormal_sigma1.0	GB_GCA_963677495.1	Cloacimonadota	Bacteria	medium	83.55392487662326	8.740706401506927	83.55392487662326	45.658547176565165	3408260	5	3145641	7	4403897	0.3999998728399077		1258256	0	0	0	True	87.98283261802575	35.622317596566525	cocopye	4.428907741402497	26.881611195059598	4.428907741402497	26.881611195059598	low	medium
G_r062_none_control	62	0	none	0.0	0.0	control	RS_GCF_000024905.1	Synergistota	Bacteria	low	80.77576422497692	4.999962130925293	80.77576422497692	4.999962130925293	1848474	13	1585542	13	1585542	0.0		0	0	0	0	True	70.82546721256251	2.18597722557442	cocopye	-9.95029701241441	-2.813984905350873	9.95029701241441	2.813984905350873	medium	medium
G_r062_substitution_0p1pct	62	1	substitution	0.001	0.1	uniform	RS_GCF_000024905.1	Synergistota	Bacteria	low	80.77576422497692	4.999962130925293	80.77576422497692	4.999962130925293	1848474	13	1585542	13	1585542	0.0010475912968562	0.0089640838741259	0	1661	0	0	True	70.91713499082944	2.16975448420637	cocopye	-9.858629234147486	-2.830207646718923	9.858629234147486	2.830207646718923	medium	medium
G_r062_substitution_0p5pct	62	2	substitution	0.005	0.5	uniform	RS_GCF_000024905.1	Synergistota	Bacteria	low	80.77576422497692	4.999962130925293	80.77576422497692	4.999962130925293	1848474	13	1585542	13	1585542	0.0049490962711804	0.0441104216424403	0	7847	0	0	True	68.56208986407452	6.36511263191403	cocopye	-12.213674360902402	1.3651505009887375	12.213674360902402	1.3651505009887375	medium	medium
G_r062_substitution_1pct	62	3	substitution	0.01	1.0	uniform	RS_GCF_000024905.1	Synergistota	Bacteria	low	80.77576422497692	4.999962130925293	80.77576422497692	4.999962130925293	1848474	13	1585542	13	1585542	0.0099410800849173	0.0864827525163591	0	15762	0	0	True	69.35377821611195	10.82181381877247	cocopye	-11.421986008864977	5.821851687847178	11.421986008864977	5.821851687847178	low	medium
G_r062_substitution_2pct	62	4	substitution	0.02	2.0	uniform	RS_GCF_000024905.1	Synergistota	Bacteria	low	80.77576422497692	4.999962130925293	80.77576422497692	4.999962130925293	1848474	13	1585542	13	1585542	0.0199149565259072	0.1662522378698502	0	31576	0	0	True	68.82400770351057	19.37533188870483	cocopye	-11.95175652146635	14.375369757779538	11.95175652146635	14.375369757779538	low	medium
G_r062_substitution_5pct	62	5	substitution	0.05	5.0	uniform	RS_GCF_000024905.1	Synergistota	Bacteria	low	80.77576422497692	4.999962130925293	80.77576422497692	4.999962130925293	1848474	13	1585542	13	1585542	0.0498889338787619	0.3697505902753909	0	79101	0	0	True	67.45746292097003	25.62561409032526	cocopye	-13.318301304006894	20.625651959399967	13.318301304006894	20.625651959399967	low	medium
G_r062_substitution_titv_0p1pct	62	6	substitution_titv	0.001	0.1	titv_2	RS_GCF_000024905.1	Synergistota	Bacteria	low	80.77576422497692	4.999962130925293	80.77576422497692	4.999962130925293	1848474	13	1585542	13	1585542	0.0009832599830215	0.0089640838741259	0	1559	0	0	True	70.8707263463848	2.77618994215476	cocopye	-9.905037878592125	-2.223772188770533	9.905037878592125	2.223772188770533	medium	medium
G_r062_substitution_titv_0p5pct	62	7	substitution_titv	0.005	0.5	titv_2	RS_GCF_000024905.1	Synergistota	Bacteria	low	80.77576422497692	4.999962130925293	80.77576422497692	4.999962130925293	1848474	13	1585542	13	1585542	0.0050411783478457	0.0441104216424403	0	7993	0	0	True	69.59481747842055	7.20786220445051	cocopye	-11.180946746556373	2.2079000735252174	11.180946746556373	2.2079000735252174	medium	medium
G_r062_substitution_titv_1pct	62	8	substitution_titv	0.01	1.0	titv_2	RS_GCF_000024905.1	Synergistota	Bacteria	low	80.77576422497692	4.999962130925293	80.77576422497692	4.999962130925293	1848474	13	1585542	13	1585542	0.0101593019926309	0.0864827525163591	0	16108	0	0	True	67.74717393313067	10.84209331104264	cocopye	-13.028590291846257	5.842131180117348	13.028590291846257	5.842131180117348	low	medium
G_r062_substitution_titv_2pct	62	9	substitution_titv	0.02	2.0	titv_2	RS_GCF_000024905.1	Synergistota	Bacteria	low	80.77576422497692	4.999962130925293	80.77576422497692	4.999962130925293	1848474	13	1585542	13	1585542	0.019925047712391	0.1662522378698502	0	31592	0	0	True	66.57716906891766	15.959892043308772	cocopye	-14.19859515605927	10.95992991238348	14.19859515605927	10.95992991238348	low	medium
G_r062_substitution_titv_5pct	62	10	substitution_titv	0.05	5.0	titv_2	RS_GCF_000024905.1	Synergistota	Bacteria	low	80.77576422497692	4.999962130925293	80.77576422497692	4.999962130925293	1848474	13	1585542	13	1585542	0.049972816866409	0.3697505902753909	0	79234	0	0	True	68.00618271742994	24.39584788509385	cocopye	-12.769581507546988	19.395885754168557	12.769581507546988	19.395885754168557	low	medium
G_r062_indel_0p1pct	62	11	indel	0.001	0.1	ins0.5_geom0.75	RS_GCF_000024905.1	Synergistota	Bacteria	low	80.77576422497692	4.999962130925293	80.7756623345644	4.999962130925293	1848474	13	1585542	13	1585540	0.0010059651526102		0	0	1595	0	True	70.35339157211942	22.26777491395884	cocopye	-10.422372652857504	17.267812783033545	10.422372652857504	17.267812783033545	low	medium
G_r062_indel_0p5pct	62	12	indel	0.005	0.5	ins0.5_geom0.75	RS_GCF_000024905.1	Synergistota	Bacteria	low	80.77576422497692	4.999962130925293	80.78844958133583	4.999962130925293	1848474	13	1585542	13	1585791	0.004997660106134		0	0	7924	0	True	69.93127147766323	76.1168384879725	cocopye	-10.844492747313694	71.1168763570472	10.844492747313694	71.1168763570472	low	medium
G_r062_indel_1pct	62	13	indel	0.01	1.0	ins0.5_geom0.75	RS_GCF_000024905.1	Synergistota	Bacteria	low	80.77576422497692	4.999962130925293	80.79181196494903	4.999962130925293	1848474	13	1585542	13	1585857	0.0100218095767882		0	0	15890	0	True	73.48178137651821	115.89068825910933	cocopye	-7.293982848458711	110.89072612818403	7.293982848458711	110.89072612818403	low	medium
G_r062_indel_2pct	62	14	indel	0.02	2.0	ins0.5_geom0.75	RS_GCF_000024905.1	Synergistota	Bacteria	low	80.77576422497692	4.999962130925293	80.79079306082384	4.999962130925293	1848474	13	1585542	13	1585837	0.0201659747896933		0	0	31974	0	True	70.14388489208633	126.91845790945368	cocopye	-10.631879332890591	121.91849577852838	10.631879332890591	121.91849577852838	low	medium
G_r062_indel_5pct	62	15	indel	0.05	5.0	ins0.5_geom0.75	RS_GCF_000024905.1	Synergistota	Bacteria	low	80.77576422497692	4.999962130925293	80.78467963607254	4.999962130925293	1848474	13	1585542	13	1585717	0.0499444354044232		0	0	79189	0	True	64.72868217054264	76.35658914728683	cocopye	-16.047082054434284	71.35662701636153	16.047082054434284	71.35662701636153	low	medium
G_r062_chimera_5pct	62	16	chimera	0.05	5.0	rc0.5	RS_GCF_000024905.1	Synergistota	Bacteria	low	80.77576422497692	4.999962130925293	80.77576422497692	4.999962130925293	1848474	13	1585542	13	1585542	0.0		0	0	0	0	True	70.82546721256251	2.18597722557442	cocopye	-9.95029701241441	-2.813984905350873	9.95029701241441	2.813984905350873	medium	medium
G_r062_chimera_10pct	62	17	chimera	0.1	10.0	rc0.5	RS_GCF_000024905.1	Synergistota	Bacteria	low	80.77576422497692	4.999962130925293	80.77576422497692	4.999962130925293	1848474	13	1585542	12	1585542	0.1538461538461538		0	0	0	1	True	70.82546721256251	2.18597722557442	cocopye	-9.95029701241441	-2.813984905350873	9.95029701241441	2.813984905350873	medium	medium
G_r062_chimera_20pct	62	18	chimera	0.2	20.0	rc0.5	RS_GCF_000024905.1	Synergistota	Bacteria	low	80.77576422497692	4.999962130925293	80.77576422497692	4.999962130925293	1848474	13	1585542	12	1585542	0.1538461538461538		0	0	0	1	True	70.82546721256251	2.18597722557442	cocopye	-9.95029701241441	-2.813984905350873	9.95029701241441	2.813984905350873	medium	medium
G_r062_chimera_40pct	62	19	chimera	0.4	40.0	rc0.5	RS_GCF_000024905.1	Synergistota	Bacteria	low	80.77576422497692	4.999962130925293	80.77576422497692	4.999962130925293	1848474	13	1585542	10	1585542	0.4615384615384615		0	0	0	3	True	70.82546721256251	2.18597722557442	cocopye	-9.95029701241441	-2.813984905350873	9.95029701241441	2.813984905350873	medium	medium
G_r062_uneven_coverage_5pct	62	20	uneven_coverage	0.05	5.0	lognormal_sigma1.0	RS_GCF_000024905.1	Synergistota	Bacteria	low	80.77576422497692	4.999962130925293	80.77576422497692	9.288743038852587	1848474	13	1585542	14	1664819	0.0499999369300844		79277	0	0	0	True	69.892621779171	0.93286699281601	cocopye	-10.88314244580593	-4.067095138109282	10.88314244580593	4.067095138109282	medium	medium
G_r062_uneven_coverage_10pct	62	21	uneven_coverage	0.1	10.0	lognormal_sigma1.0	RS_GCF_000024905.1	Synergistota	Bacteria	low	80.77576422497692	4.999962130925293	80.77576422497692	13.577523946779884	1848474	13	1585542	16	1744096	0.0999998738601689		158554	0	0	0	True	68.36943109882445	2.84192556739413	cocopye	-12.406333126152475	-2.1580365635311627	12.406333126152475	2.1580365635311627	medium	medium
G_r062_uneven_coverage_20pct	62	22	uneven_coverage	0.2	20.0	lognormal_sigma1.0	RS_GCF_000024905.1	Synergistota	Bacteria	low	80.77576422497692	4.999962130925293	80.77576422497692	22.155085762634474	1848474	13	1585542	16	1902650	0.1999997477203379		317108	0	0	0	True	68.96547557031816	4.76750246743264	cocopye	-11.810288654658763	-0.23245966349265323	11.810288654658763	0.23245966349265323	medium	medium
G_r062_uneven_coverage_40pct	62	23	uneven_coverage	0.4	40.0	lognormal_sigma1.0	RS_GCF_000024905.1	Synergistota	Bacteria	low	80.77576422497692	4.999962130925293	80.77576422497692	39.31026349302181	1848474	13	1585542	21	2219759	0.400000126139831		634217	0	0	0	True	71.89716312056737	34.04255319148936	cocopye	-8.878601104409555	29.042591060564067	8.878601104409555	29.042591060564067	low	medium
G_r063_none_control	63	0	none	0.0	0.0	control	GB_GCA_951812745.1	Nitrospirota	Bacteria	high	100.0	0.0	100.0	0.0	2346994	2	2346994	2	2346994	0.0		0	0	0	0	True	95.91189814867415	0.58572409072445	cocopye	-4.088101851325845	0.58572409072445	4.088101851325845	0.58572409072445	high	high
G_r063_substitution_0p1pct	63	1	substitution	0.001	0.1	uniform	GB_GCA_951812745.1	Nitrospirota	Bacteria	high	100.0	0.0	100.0	0.0	2346994	2	2346994	2	2346994	0.0010161934798299	0.0089640838741259	0	2385	0	0	True	96.91607707480144	2.18120771975755	cocopye	-3.0839229251985643	2.18120771975755	3.0839229251985643	2.18120771975755	high	high
G_r063_substitution_0p5pct	63	2	substitution	0.005	0.5	uniform	GB_GCA_951812745.1	Nitrospirota	Bacteria	high	100.0	0.0	100.0	0.0	2346994	2	2346994	2	2346994	0.0049753003203246	0.0441104216424403	0	11677	0	0	True	98.40407398928944	6.41992649494764	cocopye	-1.5959260107105564	6.41992649494764	1.5959260107105564	6.41992649494764	medium	high
G_r063_substitution_1pct	63	3	substitution	0.01	1.0	uniform	GB_GCA_951812745.1	Nitrospirota	Bacteria	high	100.0	0.0	100.0	0.0	2346994	2	2346994	2	2346994	0.0099565657176797	0.0864827525163591	0	23368	0	0	True	100.0	15.39188309599749	cocopye	0.0	15.39188309599749	0.0	15.39188309599749	low	high
G_r063_substitution_2pct	63	4	substitution	0.02	2.0	uniform	GB_GCA_951812745.1	Nitrospirota	Bacteria	high	100.0	0.0	100.0	0.0	2346994	2	2346994	2	2346994	0.0200528846686442	0.1662522378698502	0	47064	0	0	True	100.0	20.58962471424363	cocopye	0.0	20.58962471424363	0.0	20.58962471424363	low	high
G_r063_substitution_5pct	63	5	substitution	0.05	5.0	uniform	GB_GCA_951812745.1	Nitrospirota	Bacteria	high	100.0	0.0	100.0	0.0	2346994	2	2346994	2	2346994	0.0500137622848631	0.3697505902753909	0	117382	0	0	True	93.24817518248176	35.03649635036496	cocopye	-6.751824817518241	35.03649635036496	6.751824817518241	35.03649635036496	low	high
G_r063_substitution_titv_0p1pct	63	6	substitution_titv	0.001	0.1	titv_2	GB_GCA_951812745.1	Nitrospirota	Bacteria	high	100.0	0.0	100.0	0.0	2346994	2	2346994	2	2346994	0.0010012807872538	0.0089640838741259	0	2350	0	0	True	96.2658824432422	0.3790288105638	cocopye	-3.734117556757795	0.3790288105638	3.734117556757795	0.3790288105638	high	high
G_r063_substitution_titv_0p5pct	63	7	substitution_titv	0.005	0.5	titv_2	GB_GCA_951812745.1	Nitrospirota	Bacteria	high	100.0	0.0	100.0	0.0	2346994	2	2346994	2	2346994	0.0050196123211222	0.0441104216424403	0	11781	0	0	True	98.2333525375364	5.08235181735715	cocopye	-1.7666474624635953	5.08235181735715	1.7666474624635953	5.08235181735715	medium	high
G_r063_substitution_titv_1pct	63	8	substitution_titv	0.01	1.0	titv_2	GB_GCA_951812745.1	Nitrospirota	Bacteria	high	100.0	0.0	100.0	0.0	2346994	2	2346994	2	2346994	0.0099714784102558	0.0864827525163591	0	23403	0	0	True	97.5703517876774	5.15041942403829	cocopye	-2.429648212322604	5.15041942403829	2.429648212322604	5.15041942403829	medium	high
G_r063_substitution_titv_2pct	63	9	substitution_titv	0.02	2.0	titv_2	GB_GCA_951812745.1	Nitrospirota	Bacteria	high	100.0	0.0	100.0	0.0	2346994	2	2346994	2	2346994	0.0199957903599242	0.1662522378698502	0	46930	0	0	True	99.31121825097765	14.21444042732791	cocopye	-0.688781749022354	14.21444042732791	0.688781749022354	14.21444042732791	low	high
G_r063_substitution_titv_5pct	63	10	substitution_titv	0.05	5.0	titv_2	GB_GCA_951812745.1	Nitrospirota	Bacteria	high	100.0	0.0	100.0	0.0	2346994	2	2346994	2	2346994	0.0499754153610959	0.3697505902753909	0	117292	0	0	True	95.9866220735786	33.05462738343306	cocopye	-4.0133779264213985	33.05462738343306	4.0133779264213985	33.05462738343306	low	high
G_r063_indel_0p1pct	63	11	indel	0.001	0.1	ins0.5_geom0.75	GB_GCA_951812745.1	Nitrospirota	Bacteria	high	100.0	0.0	99.9986365538216	0.0	2346994	2	2346994	2	2346962	0.0010396277110209		0	0	2440	0	True	98.98648648648648	35.92342170509132	cocopye	-1.0135135135135158	35.92342170509132	1.0135135135135158	35.92342170509132	low	high
G_r063_indel_0p5pct	63	12	indel	0.005	0.5	ins0.5_geom0.75	GB_GCA_951812745.1	Nitrospirota	Bacteria	high	100.0	0.0	100.01533876950688	0.0	2346994	2	2346994	2	2347354	0.005041768321521		0	0	11833	0	True	97.15302491103203	101.00829643711076	cocopye	-2.846975088967966	101.00829643711076	2.846975088967966	101.00829643711076	low	high
G_r063_indel_1pct	63	13	indel	0.01	1.0	ins0.5_geom0.75	GB_GCA_951812745.1	Nitrospirota	Bacteria	high	100.0	0.0	99.9922880075535	0.0	2346994	2	2346994	2	2346813	0.0100451897192749		0	0	23576	0	True	96.98581560283688	137.5886524822695	cocopye	-3.0141843971631204	137.5886524822695	3.0141843971631204	137.5886524822695	low	high
G_r063_indel_2pct	63	14	indel	0.02	2.0	ins0.5_geom0.75	GB_GCA_951812745.1	Nitrospirota	Bacteria	high	100.0	0.0	100.00298253851524	0.0	2346994	2	2346994	2	2347064	0.0199962164368549		0	0	46931	0	True	93.07116104868916	149.6878863273935	cocopye	-6.928838951310837	149.6878863273935	6.928838951310837	149.6878863273935	low	high
G_r063_indel_5pct	63	15	indel	0.05	5.0	ins0.5_geom0.75	GB_GCA_951812745.1	Nitrospirota	Bacteria	high	100.0	0.0	99.99518533068256	0.0	2346994	2	2346994	2	2346881	0.0500597785933837		0	0	117490	0	True	78.63849765258216	82.3943661971831	cocopye	-21.36150234741784	82.3943661971831	21.36150234741784	82.3943661971831	low	high
G_r063_chimera_5pct	63	16	chimera	0.05	5.0	rc0.5	GB_GCA_951812745.1	Nitrospirota	Bacteria	high	100.0	0.0	100.0	0.0	2346994	2	2346994	1	2346994	1.0		0	0	0	1	True	95.91189814867415	0.58572409072445	cocopye	-4.088101851325845	0.58572409072445	4.088101851325845	0.58572409072445	high	high
G_r063_chimera_10pct	63	17	chimera	0.1	10.0	rc0.5	GB_GCA_951812745.1	Nitrospirota	Bacteria	high	100.0	0.0	100.0	0.0	2346994	2	2346994	2	2346994	0.0		0	0	0	0	True	95.91189814867415	0.58572409072445	cocopye	-4.088101851325845	0.58572409072445	4.088101851325845	0.58572409072445	high	high
G_r063_chimera_20pct	63	18	chimera	0.2	20.0	rc0.5	GB_GCA_951812745.1	Nitrospirota	Bacteria	high	100.0	0.0	100.0	0.0	2346994	2	2346994	2	2346994	0.0		0	0	0	0	True	95.91189814867415	0.58572409072445	cocopye	-4.088101851325845	0.58572409072445	4.088101851325845	0.58572409072445	high	high
G_r063_chimera_40pct	63	19	chimera	0.4	40.0	rc0.5	GB_GCA_951812745.1	Nitrospirota	Bacteria	high	100.0	0.0	100.0	0.0	2346994	2	2346994	2	2346994	0.0		0	0	0	0	True	95.91189814867415	0.58572409072445	cocopye	-4.088101851325845	0.58572409072445	4.088101851325845	0.58572409072445	high	high
G_r063_uneven_coverage_5pct	63	20	uneven_coverage	0.05	5.0	lognormal_sigma1.0	GB_GCA_951812745.1	Nitrospirota	Bacteria	high	100.0	0.0	100.0	5.000012782307922	2346994	2	2346994	3	2464344	0.0500001278230792		117350	0	0	0	True	98.35063148763275	4.98513076066721	cocopye	-1.6493685123672464	4.98513076066721	1.6493685123672464	4.98513076066721	high	high
G_r063_uneven_coverage_10pct	63	21	uneven_coverage	0.1	10.0	lognormal_sigma1.0	GB_GCA_951812745.1	Nitrospirota	Bacteria	high	100.0	0.0	100.0	9.99998295692277	2346994	2	2346994	3	2581693	0.0999998295692277		234699	0	0	0	True	99.40037336700598	9.46219296763331	cocopye	-0.599626632994017	9.46219296763331	0.599626632994017	9.46219296763331	medium	high
G_r063_uneven_coverage_20pct	63	22	uneven_coverage	0.2	20.0	lognormal_sigma1.0	GB_GCA_951812745.1	Nitrospirota	Bacteria	high	100.0	0.0	100.0	20.00000852153861	2346994	2	2346994	3	2816393	0.2000000852153861		469399	0	0	0	True	100.0	11.70330911794381	cocopye	0.0	11.70330911794381	0.0	11.70330911794381	low	high
G_r063_uneven_coverage_40pct	63	23	uneven_coverage	0.4	40.0	lognormal_sigma1.0	GB_GCA_951812745.1	Nitrospirota	Bacteria	high	100.0	0.0	100.0	40.00001704307723	2346994	2	2346994	3	3285792	0.4000001704307723		938798	0	0	0	True	98.14562303923152	24.80841363178824	cocopye	-1.8543769607684766	24.80841363178824	1.8543769607684766	24.80841363178824	low	high
G_r064_none_control	64	0	none	0.0	0.0	control	RS_GCF_016615815.1	Pseudomonadota	Bacteria	medium	100.0	1.999989406485085	100.0	1.999989406485085	3020716	6	3081130	6	3081130	0.0		0	0	0	0	True	100.0	0.77584671337732	cocopye	0.0	-1.224142693107765	0.0	1.224142693107765	high	high
G_r064_substitution_0p1pct	64	1	substitution	0.001	0.1	uniform	RS_GCF_016615815.1	Pseudomonadota	Bacteria	medium	100.0	1.999989406485085	100.0	1.999989406485085	3020716	6	3081130	6	3081130	0.0010223521889696	0.0089640838741259	0	3150	0	0	True	100.0	1.08418404142408	cocopye	0.0	-0.915805365061005	0.0	0.915805365061005	high	high
G_r064_substitution_0p5pct	64	2	substitution	0.005	0.5	uniform	RS_GCF_016615815.1	Pseudomonadota	Bacteria	medium	100.0	1.999989406485085	100.0	1.999989406485085	3020716	6	3081130	6	3081130	0.0049900523509232	0.0441104216424403	0	15375	0	0	True	100.0	5.83626839451907	cocopye	0.0	3.8362789880339854	0.0	3.8362789880339854	medium	high
G_r064_substitution_1pct	64	3	substitution	0.01	1.0	uniform	RS_GCF_016615815.1	Pseudomonadota	Bacteria	medium	100.0	1.999989406485085	100.0	1.999989406485085	3020716	6	3081130	6	3081130	0.0100784452457377	0.0864827525163591	0	31053	0	0	True	100.0	9.2894109650847	cocopye	0.0	7.289421558599615	0.0	7.289421558599615	medium	high
G_r064_substitution_2pct	64	4	substitution	0.02	2.0	uniform	RS_GCF_016615815.1	Pseudomonadota	Bacteria	medium	100.0	1.999989406485085	100.0	1.999989406485085	3020716	6	3081130	6	3081130	0.0199955860349936	0.1662522378698502	0	61609	0	0	True	100.0	18.8669513220859	cocopye	0.0	16.866961915600815	0.0	16.866961915600815	low	high
G_r064_substitution_5pct	64	5	substitution	0.05	5.0	uniform	RS_GCF_016615815.1	Pseudomonadota	Bacteria	medium	100.0	1.999989406485085	100.0	1.999989406485085	3020716	6	3081130	6	3081130	0.0501884049033958	0.3697505902753909	0	154637	0	0	True	96.38967514038086	39.66619751670144	cocopye	-3.6103248596191406	37.66620811021635	3.6103248596191406	37.66620811021635	low	high
G_r064_substitution_titv_0p1pct	64	6	substitution_titv	0.001	0.1	titv_2	RS_GCF_016615815.1	Pseudomonadota	Bacteria	medium	100.0	1.999989406485085	100.0	1.999989406485085	3020716	6	3081130	6	3081130	0.0009915193451753	0.0089640838741259	0	3055	0	0	True	100.0	1.63358131655129	cocopye	0.0	-0.3664080899337949	0.0	0.3664080899337949	high	high
G_r064_substitution_titv_0p5pct	64	7	substitution_titv	0.005	0.5	titv_2	RS_GCF_016615815.1	Pseudomonadota	Bacteria	medium	100.0	1.999989406485085	100.0	1.999989406485085	3020716	6	3081130	6	3081130	0.0049306585570878	0.0441104216424403	0	15192	0	0	True	100.0	3.4099169029263	cocopye	0.0	1.409927496441215	0.0	1.409927496441215	high	high
G_r064_substitution_titv_1pct	64	8	substitution_titv	0.01	1.0	titv_2	RS_GCF_016615815.1	Pseudomonadota	Bacteria	medium	100.0	1.999989406485085	100.0	1.999989406485085	3020716	6	3081130	6	3081130	0.0100372266019285	0.0864827525163591	0	30926	0	0	True	100.0	9.78381250135408	cocopye	0.0	7.783823094868994	0.0	7.783823094868994	medium	high
G_r064_substitution_titv_2pct	64	9	substitution_titv	0.02	2.0	titv_2	RS_GCF_016615815.1	Pseudomonadota	Bacteria	medium	100.0	1.999989406485085	100.0	1.999989406485085	3020716	6	3081130	6	3081130	0.0199595602911918	0.1662522378698502	0	61498	0	0	True	100.0	13.35866898555435	cocopye	0.0	11.358679579069266	0.0	11.358679579069266	low	high
G_r064_substitution_titv_5pct	64	10	substitution_titv	0.05	5.0	titv_2	RS_GCF_016615815.1	Pseudomonadota	Bacteria	medium	100.0	1.999989406485085	100.0	1.999989406485085	3020716	6	3081130	6	3081130	0.0500757838844839	0.3697505902753909	0	154290	0	0	True	97.49303621169916	32.13125244820682	cocopye	-2.506963788300837	30.131263041721738	2.506963788300837	30.131263041721738	low	high
G_r064_indel_0p1pct	64	11	indel	0.001	0.1	ins0.5_geom0.75	RS_GCF_016615815.1	Pseudomonadota	Bacteria	medium	100.0	1.999989406485085	100.0018175150026	1.999989406485085	3020716	6	3081130	6	3081186	0.0010096944952014		0	0	3111	0	True	99.8050622772752	33.5944013985974	cocopye	-0.19493772272480214	31.594411992112313	0.19493772272480214	31.594411992112313	low	high
G_r064_indel_0p5pct	64	12	indel	0.005	0.5	ins0.5_geom0.75	RS_GCF_016615815.1	Pseudomonadota	Bacteria	medium	100.0	1.999989406485085	100.00714023751028	1.999989406485085	3020716	6	3081130	6	3081350	0.0050095257259511		0	0	15435	0	True	98.29001367989056	99.9329030758379	cocopye	-1.7099863201094365	97.93291366935281	1.7099863201094365	97.93291366935281	low	high
G_r064_indel_1pct	64	13	indel	0.01	1.0	ins0.5_geom0.75	RS_GCF_016615815.1	Pseudomonadota	Bacteria	medium	100.0	1.999989406485085	100.0024990831286	1.999989406485085	3020716	6	3081130	6	3081207	0.0100446913956892		0	0	30949	0	True	97.77455544437136	125.20561495090256	cocopye	-2.2254445556286413	123.20562554441747	2.2254445556286413	123.20562554441747	low	high
G_r064_indel_2pct	64	14	indel	0.02	2.0	ins0.5_geom0.75	RS_GCF_016615815.1	Pseudomonadota	Bacteria	medium	100.0	1.999989406485085	100.00379730813049	1.999989406485085	3020716	6	3081130	6	3081247	0.020093926578885		0	0	61912	0	True	94.2922467329005	135.05472911910198	cocopye	-5.7077532670995055	133.05473971261688	5.7077532670995055	133.05473971261688	low	high
G_r064_indel_5pct	64	15	indel	0.05	5.0	ins0.5_geom0.75	RS_GCF_016615815.1	Pseudomonadota	Bacteria	medium	100.0	1.999989406485085	99.99474218874244	1.999989406485085	3020716	6	3081130	6	3080968	0.0500585824032092		0	0	154237	0	True	75.41370581227837	71.44208326407359	cocopye	-24.586294187721634	69.4420938575885	24.586294187721634	69.4420938575885	low	high
G_r064_chimera_5pct	64	16	chimera	0.05	5.0	rc0.5	RS_GCF_016615815.1	Pseudomonadota	Bacteria	medium	100.0	1.999989406485085	100.0	1.999989406485085	3020716	6	3081130	6	3081130	0.0		0	0	0	0	True	100.0	0.77584671337732	cocopye	0.0	-1.224142693107765	0.0	1.224142693107765	high	high
G_r064_chimera_10pct	64	17	chimera	0.1	10.0	rc0.5	RS_GCF_016615815.1	Pseudomonadota	Bacteria	medium	100.0	1.999989406485085	100.0	1.999989406485085	3020716	6	3081130	6	3081130	0.0		0	0	0	0	True	100.0	0.77584671337732	cocopye	0.0	-1.224142693107765	0.0	1.224142693107765	high	high
G_r064_chimera_20pct	64	18	chimera	0.2	20.0	rc0.5	RS_GCF_016615815.1	Pseudomonadota	Bacteria	medium	100.0	1.999989406485085	100.0	1.999989406485085	3020716	6	3081130	6	3081130	0.0		0	0	0	0	True	100.0	0.77584671337732	cocopye	0.0	-1.224142693107765	0.0	1.224142693107765	high	high
G_r064_chimera_40pct	64	19	chimera	0.4	40.0	rc0.5	RS_GCF_016615815.1	Pseudomonadota	Bacteria	medium	100.0	1.999989406485085	100.0	1.999989406485085	3020716	6	3081130	5	3081130	0.3333333333333333		0	0	0	1	True	100.0	0.77584671337732	cocopye	0.0	-1.224142693107765	0.0	1.224142693107765	high	high
G_r064_uneven_coverage_5pct	64	20	uneven_coverage	0.05	5.0	lognormal_sigma1.0	RS_GCF_016615815.1	Pseudomonadota	Bacteria	medium	100.0	1.999989406485085	100.0	7.099972324442285	3020716	6	3081130	7	3235186	0.0499998377218747		154056	0	0	0	True	100.0	7.1107021941241	cocopye	0.0	5.110712787639015	0.0	5.110712787639015	medium	high
G_r064_uneven_coverage_10pct	64	21	uneven_coverage	0.1	10.0	lognormal_sigma1.0	RS_GCF_016615815.1	Pseudomonadota	Bacteria	medium	100.0	1.999989406485085	100.0	12.199988347133594	3020716	6	3081130	7	3389243	0.1		308113	0	0	0	True	100.0	12.9660881626195	cocopye	0.0	10.966098756134414	0.0	10.966098756134414	low	high
G_r064_uneven_coverage_20pct	64	22	uneven_coverage	0.2	20.0	lognormal_sigma1.0	RS_GCF_016615815.1	Pseudomonadota	Bacteria	medium	100.0	1.999989406485085	100.0	22.399987287782103	3020716	6	3081130	9	3697356	0.2		616226	0	0	0	True	100.0	20.00665929206564	cocopye	0.0	18.006669885580553	0.0	18.006669885580553	low	high
G_r064_uneven_coverage_40pct	64	23	uneven_coverage	0.4	40.0	lognormal_sigma1.0	RS_GCF_016615815.1	Pseudomonadota	Bacteria	medium	100.0	1.999989406485085	100.0	42.79998516907912	3020716	6	3081130	8	4313582	0.4		1232452	0	0	0	True	100.0	19.81750182893384	cocopye	0.0	17.817512422448754	0.0	17.817512422448754	low	high
G_r065_none_control	65	0	none	0.0	0.0	control	RS_GCF_033344055.1	Bacillota	Bacteria	medium	100.0	1.6243791856648486	100.0	1.6243791856648486	1985497	8	2017749	8	2017749	0.0		0	0	0	0	True	100.0	0.71906600909638	cocopye	0.0	-0.9053131765684687	0.0	0.9053131765684687	high	high
G_r065_substitution_0p1pct	65	1	substitution	0.001	0.1	uniform	RS_GCF_033344055.1	Bacillota	Bacteria	medium	100.0	1.6243791856648486	100.0	1.6243791856648486	1985497	8	2017749	8	2017749	0.0010179660601987	0.0089640838741259	0	2054	0	0	True	100.0	2.56522271764974	cocopye	0.0	0.9408435319848913	0.0	0.9408435319848913	high	high
G_r065_substitution_0p5pct	65	2	substitution	0.005	0.5	uniform	RS_GCF_033344055.1	Bacillota	Bacteria	medium	100.0	1.6243791856648486	100.0	1.6243791856648486	1985497	8	2017749	8	2017749	0.0050209416532978	0.0441104216424403	0	10131	0	0	True	100.0	5.93043073857714	cocopye	0.0	4.306051552912292	0.0	4.306051552912292	medium	high
G_r065_substitution_1pct	65	3	substitution	0.01	1.0	uniform	RS_GCF_033344055.1	Bacillota	Bacteria	medium	100.0	1.6243791856648486	100.0	1.6243791856648486	1985497	8	2017749	8	2017749	0.009956639800094	0.0864827525163591	0	20090	0	0	True	100.0	12.5492503688285	cocopye	0.0	10.924871183163653	0.0	10.924871183163653	low	high
G_r065_substitution_2pct	65	4	substitution	0.02	2.0	uniform	RS_GCF_033344055.1	Bacillota	Bacteria	medium	100.0	1.6243791856648486	100.0	1.6243791856648486	1985497	8	2017749	8	2017749	0.0199212092286999	0.1662522378698502	0	40196	0	0	True	98.18741432225842	22.83525714017747	cocopye	-1.8125856777415805	21.210877954512622	1.8125856777415805	21.210877954512622	low	high
G_r065_substitution_5pct	65	5	substitution	0.05	5.0	uniform	RS_GCF_033344055.1	Bacillota	Bacteria	medium	100.0	1.6243791856648486	100.0	1.6243791856648486	1985497	8	2017749	8	2017749	0.0495700902342164	0.3697505902753909	0	100020	0	0	True	93.92251668195748	49.2822568584008	cocopye	-6.077483318042525	47.65787767273595	6.077483318042525	47.65787767273595	low	high
G_r065_substitution_titv_0p1pct	65	6	substitution_titv	0.001	0.1	titv_2	RS_GCF_033344055.1	Bacillota	Bacteria	medium	100.0	1.6243791856648486	100.0	1.6243791856648486	1985497	8	2017749	8	2017749	0.0010397725386061	0.0089640838741259	0	2098	0	0	True	100.0	0.8489413529785901	cocopye	0.0	-0.7754378326862585	0.0	0.7754378326862585	high	high
G_r065_substitution_titv_0p5pct	65	7	substitution_titv	0.005	0.5	titv_2	RS_GCF_033344055.1	Bacillota	Bacteria	medium	100.0	1.6243791856648486	100.0	1.6243791856648486	1985497	8	2017749	8	2017749	0.0049654342537154	0.0441104216424403	0	10019	0	0	True	100.0	5.45309368791745	cocopye	0.0	3.8287145022526015	0.0	3.8287145022526015	medium	high
G_r065_substitution_titv_1pct	65	8	substitution_titv	0.01	1.0	titv_2	RS_GCF_033344055.1	Bacillota	Bacteria	medium	100.0	1.6243791856648486	100.0	1.6243791856648486	1985497	8	2017749	8	2017749	0.0100557601564912	0.0864827525163591	0	20290	0	0	True	99.93306913094312	11.3914224393296	cocopye	-0.06693086905687551	9.767043253664752	0.06693086905687551	9.767043253664752	low	high
G_r065_substitution_titv_2pct	65	9	substitution_titv	0.02	2.0	titv_2	RS_GCF_033344055.1	Bacillota	Bacteria	medium	100.0	1.6243791856648486	100.0	1.6243791856648486	1985497	8	2017749	8	2017749	0.0198751182629752	0.1662522378698502	0	40103	0	0	True	97.94206446471756	16.23573847578949	cocopye	-2.0579355352824393	14.611359290124641	2.0579355352824393	14.611359290124641	low	high
G_r065_substitution_titv_5pct	65	10	substitution_titv	0.05	5.0	titv_2	RS_GCF_033344055.1	Bacillota	Bacteria	medium	100.0	1.6243791856648486	100.0	1.6243791856648486	1985497	8	2017749	8	2017749	0.0500533019716525	0.3697505902753909	0	100995	0	0	True	95.2308276708426	42.31409172242297	cocopye	-4.769172329157399	40.68971253675812	4.769172329157399	40.68971253675812	low	high
G_r065_indel_0p1pct	65	11	indel	0.001	0.1	ins0.5_geom0.75	RS_GCF_033344055.1	Bacillota	Bacteria	medium	100.0	1.6243791856648486	99.99573782467492	1.6243791856648486	1985497	8	2017749	8	2017663	0.0009867431479336		0	0	1991	0	True	99.48119325551232	33.03980647976451	cocopye	-0.5188067444876765	31.415427294099658	0.5188067444876765	31.415427294099658	low	high
G_r065_indel_0p5pct	65	12	indel	0.005	0.5	ins0.5_geom0.75	RS_GCF_033344055.1	Bacillota	Bacteria	medium	100.0	1.6243791856648486	100.006987985126	1.6243791856648486	1985497	8	2017749	8	2017890	0.0049054664380951		0	0	9898	0	True	99.69287469287468	121.42886599978884	cocopye	-0.30712530712531816	119.80448681412399	0.30712530712531816	119.80448681412399	low	high
G_r065_indel_1pct	65	13	indel	0.01	1.0	ins0.5_geom0.75	RS_GCF_033344055.1	Bacillota	Bacteria	medium	100.0	1.6243791856648486	99.999752199109	1.6243791856648486	1985497	8	2017749	8	2017744	0.0100245372442261		0	0	20227	0	True	96.978654532597	169.34640066964286	cocopye	-3.0213454674029947	167.722021483978	3.0213454674029947	167.722021483978	low	high
G_r065_indel_2pct	65	14	indel	0.02	2.0	ins0.5_geom0.75	RS_GCF_033344055.1	Bacillota	Bacteria	medium	100.0	1.6243791856648486	99.98072109068076	1.6243791856648486	1985497	8	2017749	8	2017360	0.0198671886344634		0	0	40087	0	True	94.77886977886978	199.8255024378072	cocopye	-5.221130221130224	198.20112325214234	5.221130221130224	198.20112325214234	low	high
G_r065_indel_5pct	65	15	indel	0.05	5.0	ins0.5_geom0.75	RS_GCF_033344055.1	Bacillota	Bacteria	medium	100.0	1.6243791856648486	99.9868665527774	1.6243791856648486	1985497	8	2017749	8	2017484	0.0500547887769985		0	0	100998	0	True	82.7336129425578	128.62751690638547	cocopye	-17.266387057442202	127.00313772072062	17.266387057442202	127.00313772072062	low	high
G_r065_chimera_5pct	65	16	chimera	0.05	5.0	rc0.5	RS_GCF_033344055.1	Bacillota	Bacteria	medium	100.0	1.6243791856648486	100.0	1.6243791856648486	1985497	8	2017749	8	2017749	0.0		0	0	0	0	True	100.0	0.71906600909638	cocopye	0.0	-0.9053131765684687	0.0	0.9053131765684687	high	high
G_r065_chimera_10pct	65	17	chimera	0.1	10.0	rc0.5	RS_GCF_033344055.1	Bacillota	Bacteria	medium	100.0	1.6243791856648486	100.0	1.6243791856648486	1985497	8	2017749	8	2017749	0.0		0	0	0	0	True	100.0	0.71906600909638	cocopye	0.0	-0.9053131765684687	0.0	0.9053131765684687	high	high
G_r065_chimera_20pct	65	18	chimera	0.2	20.0	rc0.5	RS_GCF_033344055.1	Bacillota	Bacteria	medium	100.0	1.6243791856648486	100.0	1.6243791856648486	1985497	8	2017749	7	2017749	0.25		0	0	0	1	True	100.0	0.71906600909638	cocopye	0.0	-0.9053131765684687	0.0	0.9053131765684687	high	high
G_r065_chimera_40pct	65	19	chimera	0.4	40.0	rc0.5	RS_GCF_033344055.1	Bacillota	Bacteria	medium	100.0	1.6243791856648486	100.0	1.6243791856648486	1985497	8	2017749	7	2017749	0.25		0	0	0	1	True	100.0	0.78873543519863	cocopye	0.0	-0.8356437504662186	0.0	0.8356437504662186	high	high
G_r065_uneven_coverage_5pct	65	20	uneven_coverage	0.05	5.0	lognormal_sigma1.0	RS_GCF_033344055.1	Bacillota	Bacteria	medium	100.0	1.6243791856648486	100.0	6.705575480597553	1985497	8	2017749	9	2118636	0.0499997769791981		100887	0	0	0	True	100.0	2.33727689048701	cocopye	0.0	0.7128977048221614	0.0	0.7128977048221614	high	high
G_r065_uneven_coverage_10pct	65	21	uneven_coverage	0.1	10.0	lognormal_sigma1.0	RS_GCF_033344055.1	Bacillota	Bacteria	medium	100.0	1.6243791856648486	100.0	11.786822140753674	1985497	8	2017749	9	2219524	0.1000000495601782		201775	0	0	0	True	100.0	11.96100094944978	cocopye	0.0	10.336621763784931	0.0	10.336621763784931	low	high
G_r065_uneven_coverage_20pct	65	22	uneven_coverage	0.2	20.0	lognormal_sigma1.0	RS_GCF_033344055.1	Bacillota	Bacteria	medium	100.0	1.6243791856648486	100.0	21.949265095842502	1985497	8	2017749	10	2421299	0.2000000991203564		403550	0	0	0	True	100.0	15.990924603208938	cocopye	0.0	14.36654541754409	0.0	14.36654541754409	low	high
G_r065_uneven_coverage_40pct	65	23	uneven_coverage	0.4	40.0	lognormal_sigma1.0	RS_GCF_033344055.1	Bacillota	Bacteria	medium	100.0	1.6243791856648486	100.0	42.27415100602016	1985497	8	2017749	12	2824849	0.4000001982407128		807100	0	0	0	True	99.87654320987654	37.54967583550347	cocopye	-0.12345679012345556	35.92529664983862	0.12345679012345556	35.92529664983862	low	high
G_r066_none_control	66	0	none	0.0	0.0	control	RS_GCF_000145235.1	Actinomycetota	Bacteria	low	86.47316177972458	4.602793884443928	86.47316177972458	4.602793884443928	7025559	210	6398595	210	6398595	0.0		0	0	0	0	True	84.17878901045933	12.41170487914115	cocopye	-2.2943727692652516	7.8089109946972215	2.2943727692652516	7.8089109946972215	low	medium
G_r066_substitution_0p1pct	66	1	substitution	0.001	0.1	uniform	RS_GCF_000145235.1	Actinomycetota	Bacteria	low	86.47316177972458	4.602793884443928	86.47316177972458	4.602793884443928	7025559	210	6398595	210	6398595	0.001013972598672	0.0089640838741259	0	6488	0	0	True	84.12074134880042	12.54619769557318	cocopye	-2.3524204309241554	7.943403811129253	2.3524204309241554	7.943403811129253	low	medium
G_r066_substitution_0p5pct	66	2	substitution	0.005	0.5	uniform	RS_GCF_000145235.1	Actinomycetota	Bacteria	low	86.47316177972458	4.602793884443928	86.47316177972458	4.602793884443928	7025559	210	6398595	210	6398595	0.005000160191417	0.0441104216424403	0	31994	0	0	True	83.23746545249821	16.75932142092515	cocopye	-3.235696327226364	12.156527536481223	3.235696327226364	12.156527536481223	low	medium
G_r066_substitution_1pct	66	3	substitution	0.01	1.0	uniform	RS_GCF_000145235.1	Actinomycetota	Bacteria	low	86.47316177972458	4.602793884443928	86.47316177972458	4.602793884443928	7025559	210	6398595	210	6398595	0.0100522067735182	0.0864827525163591	0	64320	0	0	True	81.69581733745541	21.69038974518975	cocopye	-4.777344442269168	17.08759586074582	4.777344442269168	17.08759586074582	low	medium
G_r066_substitution_2pct	66	4	substitution	0.02	2.0	uniform	RS_GCF_000145235.1	Actinomycetota	Bacteria	low	86.47316177972458	4.602793884443928	86.47316177972458	4.602793884443928	7025559	210	6398595	210	6398595	0.0199832932073369	0.1662522378698502	0	127865	0	0	True	80.09514740404985	24.385629388660128	cocopye	-6.378014375674724	19.7828355042162	6.378014375674724	19.7828355042162	low	medium
G_r066_substitution_5pct	66	5	substitution	0.05	5.0	uniform	RS_GCF_000145235.1	Actinomycetota	Bacteria	low	86.47316177972458	4.602793884443928	86.47316177972458	4.602793884443928	7025559	210	6398595	210	6398595	0.0499522160724346	0.3697505902753909	0	319624	0	0	True	85.22549825107626	45.114796393325264	cocopye	-1.2476635286483173	40.51200250888134	1.2476635286483173	40.51200250888134	low	medium
G_r066_substitution_titv_0p1pct	66	6	substitution_titv	0.001	0.1	titv_2	RS_GCF_000145235.1	Actinomycetota	Bacteria	low	86.47316177972458	4.602793884443928	86.47316177972458	4.602793884443928	7025559	210	6398595	210	6398595	0.0010117846183419	0.0089640838741259	0	6474	0	0	True	83.89691564756271	13.65425173752107	cocopye	-2.57624613216187	9.051457853077142	2.57624613216187	9.051457853077142	low	medium
G_r066_substitution_titv_0p5pct	66	7	substitution_titv	0.005	0.5	titv_2	RS_GCF_000145235.1	Actinomycetota	Bacteria	low	86.47316177972458	4.602793884443928	86.47316177972458	4.602793884443928	7025559	210	6398595	210	6398595	0.0049940651033547	0.0441104216424403	0	31955	0	0	True	82.82261777163117	16.895901856920688	cocopye	-3.650544008093405	12.29310797247676	3.650544008093405	12.29310797247676	low	medium
G_r066_substitution_titv_1pct	66	8	substitution_titv	0.01	1.0	titv_2	RS_GCF_000145235.1	Actinomycetota	Bacteria	low	86.47316177972458	4.602793884443928	86.47316177972458	4.602793884443928	7025559	210	6398595	210	6398595	0.0099831291088121	0.0864827525163591	0	63878	0	0	True	81.8345118602495	20.22434102070153	cocopye	-4.638649919475071	15.621547136257602	4.638649919475071	15.621547136257602	low	medium
G_r066_substitution_titv_2pct	66	9	substitution_titv	0.02	2.0	titv_2	RS_GCF_000145235.1	Actinomycetota	Bacteria	low	86.47316177972458	4.602793884443928	86.47316177972458	4.602793884443928	7025559	210	6398595	210	6398595	0.0200445566565785	0.1662522378698502	0	128257	0	0	True	82.2327891880106	23.22552977484192	cocopye	-4.240372591713978	18.62273589039799	4.240372591713978	18.62273589039799	low	medium
G_r066_substitution_titv_5pct	66	10	substitution_titv	0.05	5.0	titv_2	RS_GCF_000145235.1	Actinomycetota	Bacteria	low	86.47316177972458	4.602793884443928	86.47316177972458	4.602793884443928	7025559	210	6398595	210	6398595	0.0498454738891897	0.3697505902753909	0	318941	0	0	True	83.7082262210797	43.21550697777755	cocopye	-2.764935558644879	38.612713093333625	2.764935558644879	38.612713093333625	low	medium
G_r066_indel_0p1pct	66	11	indel	0.001	0.1	ins0.5_geom0.75	RS_GCF_000145235.1	Actinomycetota	Bacteria	low	86.47316177972458	4.602793884443928	86.47583763060003	4.602793884443928	7025559	210	6398595	210	6398793	0.0010030326970217		0	0	6418	0	True	86.73664122137404	41.62849639814925	cocopye	0.2634794416494657	37.025702513705326	0.2634794416494657	37.025702513705326	low	medium
G_r066_indel_0p5pct	66	12	indel	0.005	0.5	ins0.5_geom0.75	RS_GCF_000145235.1	Actinomycetota	Bacteria	low	86.47316177972458	4.602793884443928	86.47879728384103	4.602793884443928	7025559	210	6398595	210	6399012	0.0050450137881831		0	0	32281	0	True	86.58668132143725	108.8564624118434	cocopye	0.11351954171267664	104.25366852739947	0.11351954171267664	104.25366852739947	low	medium
G_r066_indel_1pct	66	13	indel	0.01	1.0	ins0.5_geom0.75	RS_GCF_000145235.1	Actinomycetota	Bacteria	low	86.47316177972458	4.602793884443928	86.47333746690327	4.602793884443928	7025559	210	6398595	210	6398608	0.0100043837748755		0	0	64014	0	True	86.75294355912642	146.78871848366478	cocopye	0.27978177940184423	142.18592459922084	0.27978177940184423	142.18592459922084	low	medium
G_r066_indel_2pct	66	14	indel	0.02	2.0	ins0.5_geom0.75	RS_GCF_000145235.1	Actinomycetota	Bacteria	low	86.47316177972458	4.602793884443928	86.48479767671326	4.602793884443928	7025559	210	6398595	210	6399456	0.0200181446083085		0	0	128088	0	True	83.72641509433963	151.48024237702157	cocopye	-2.7467466853849487	146.87744849257763	2.7467466853849487	146.87744849257763	low	medium
G_r066_indel_5pct	66	15	indel	0.05	5.0	ins0.5_geom0.75	RS_GCF_000145235.1	Actinomycetota	Bacteria	low	86.47316177972458	4.602793884443928	86.4963119441167	4.602793884443928	7025559	210	6398595	210	6400308	0.0499576860232597		0	0	319659	0	True	72.53633338034315	91.31698400513028	cocopye	-13.936828399381426	86.71419012068635	13.936828399381426	86.71419012068635	low	medium
G_r066_chimera_5pct	66	16	chimera	0.05	5.0	rc0.5	RS_GCF_000145235.1	Actinomycetota	Bacteria	low	86.47316177972458	4.602793884443928	86.47316177972458	4.602793884443928	7025559	210	6398595	205	6398595	0.0476190476190476		0	0	0	5	True	84.17878901045933	12.41170487914115	cocopye	-2.2943727692652516	7.8089109946972215	2.2943727692652516	7.8089109946972215	low	medium
G_r066_chimera_10pct	66	17	chimera	0.1	10.0	rc0.5	RS_GCF_000145235.1	Actinomycetota	Bacteria	low	86.47316177972458	4.602793884443928	86.47316177972458	4.602793884443928	7025559	210	6398595	200	6398595	0.0952380952380952		0	0	0	10	True	84.18845237203378	12.37936397292528	cocopye	-2.284709407690798	7.776570088481352	2.284709407690798	7.776570088481352	low	medium
G_r066_chimera_20pct	66	18	chimera	0.2	20.0	rc0.5	RS_GCF_000145235.1	Actinomycetota	Bacteria	low	86.47316177972458	4.602793884443928	86.47316177972458	4.602793884443928	7025559	210	6398595	189	6398595	0.2		0	0	0	21	True	84.17878901045933	12.41170487914115	cocopye	-2.2943727692652516	7.8089109946972215	2.2943727692652516	7.8089109946972215	low	medium
G_r066_chimera_40pct	66	19	chimera	0.4	40.0	rc0.5	RS_GCF_000145235.1	Actinomycetota	Bacteria	low	86.47316177972458	4.602793884443928	86.47316177972458	4.602793884443928	7025559	210	6398595	168	6398595	0.4		0	0	0	42	True	84.17863255027662	12.44476167463631	cocopye	-2.29452922944796	7.841967790192381	2.29452922944796	7.841967790192381	low	medium
G_r066_uneven_coverage_5pct	66	20	uneven_coverage	0.05	5.0	lognormal_sigma1.0	RS_GCF_000145235.1	Actinomycetota	Bacteria	low	86.47316177972458	4.602793884443928	86.47316177972458	9.15659522608806	7025559	210	6398595	226	6718525	0.0500000390710773		319930	0	0	0	True	83.45871214680926	16.65550184441252	cocopye	-3.0144496329153156	12.052707959968592	3.0144496329153156	12.052707959968592	low	medium
G_r066_uneven_coverage_10pct	66	21	uneven_coverage	0.1	10.0	lognormal_sigma1.0	RS_GCF_000145235.1	Actinomycetota	Bacteria	low	86.47316177972458	4.602793884443928	86.47316177972458	13.710396567732191	7025559	210	6398595	244	7038455	0.1000000781421546		639860	0	0	0	True	83.23512206365405	19.63612229947558	cocopye	-3.2380397160705314	15.033328415031653	3.2380397160705314	15.033328415031653	low	medium
G_r066_uneven_coverage_20pct	66	22	uneven_coverage	0.2	20.0	lognormal_sigma1.0	RS_GCF_000145235.1	Actinomycetota	Bacteria	low	86.47316177972458	4.602793884443928	86.47316177972458	22.81798501727763	7025559	210	6398595	249	7678314	0.2		1279719	0	0	0	True	86.83980433305304	33.8276964552859	cocopye	0.36664255332846096	29.224902570841977	0.36664255332846096	29.224902570841977	low	medium
G_r066_uneven_coverage_40pct	66	23	uneven_coverage	0.4	40.0	lognormal_sigma1.0	RS_GCF_000145235.1	Actinomycetota	Bacteria	low	86.47316177972458	4.602793884443928	86.47316177972458	41.03317615011133	7025559	210	6398595	316	8958033	0.4		2559438	0	0	0	True	87.25698993859513	62.01292952249883	cocopye	0.7838281588705485	57.4101356380549	0.7838281588705485	57.4101356380549	low	medium
G_r067_none_control	67	0	none	0.0	0.0	control	RS_GCF_001670625.2	Bacteroidota	Bacteria	high	100.0	9.999990709738794	100.0	9.999990709738794	2152792	3	2368071	3	2368071	0.0		0	0	0	0	True	100.0	7.439957863179759	cocopye	0.0	-2.560032846559035	0.0	2.560032846559035	medium	medium
G_r067_substitution_0p1pct	67	1	substitution	0.001	0.1	uniform	RS_GCF_001670625.2	Bacteroidota	Bacteria	high	100.0	9.999990709738794	100.0	9.999990709738794	2152792	3	2368071	3	2368071	0.0009560524156581	0.0089640838741259	0	2264	0	0	True	100.0	9.42070544625602	cocopye	0.0	-0.5792852634827739	0.0	0.5792852634827739	medium	medium
G_r067_substitution_0p5pct	67	2	substitution	0.005	0.5	uniform	RS_GCF_001670625.2	Bacteroidota	Bacteria	high	100.0	9.999990709738794	100.0	9.999990709738794	2152792	3	2368071	3	2368071	0.0049816918496109	0.0441104216424403	0	11797	0	0	True	100.0	16.65927828538159	cocopye	0.0	6.659287575642795	0.0	6.659287575642795	low	medium
G_r067_substitution_1pct	67	3	substitution	0.01	1.0	uniform	RS_GCF_001670625.2	Bacteroidota	Bacteria	high	100.0	9.999990709738794	100.0	9.999990709738794	2152792	3	2368071	3	2368071	0.0100246149714261	0.0864827525163591	0	23739	0	0	True	100.0	22.07324141663069	cocopye	0.0	12.073250706891896	0.0	12.073250706891896	low	medium
G_r067_substitution_2pct	67	4	substitution	0.02	2.0	uniform	RS_GCF_001670625.2	Bacteroidota	Bacteria	high	100.0	9.999990709738794	100.0	9.999990709738794	2152792	3	2368071	3	2368071	0.0198807383731315	0.1662522378698502	0	47079	0	0	True	99.55817378497792	39.80117820324005	cocopye	-0.44182621502207553	29.801187493501253	0.44182621502207553	29.801187493501253	low	medium
G_r067_substitution_5pct	67	5	substitution	0.05	5.0	uniform	RS_GCF_001670625.2	Bacteroidota	Bacteria	high	100.0	9.999990709738794	100.0	9.999990709738794	2152792	3	2368071	3	2368071	0.0501028051946077	0.3697505902753909	0	118647	0	0	True	98.68973066221992	69.4212331711871	cocopye	-1.3102693377800847	59.4212424614483	1.3102693377800847	59.4212424614483	low	medium
G_r067_substitution_titv_0p1pct	67	6	substitution_titv	0.001	0.1	titv_2	RS_GCF_001670625.2	Bacteroidota	Bacteria	high	100.0	9.999990709738794	100.0	9.999990709738794	2152792	3	2368071	3	2368071	0.0009923688943448	0.0089640838741259	0	2350	0	0	True	100.0	8.86927713029654	cocopye	0.0	-1.1307135794422543	0.0	1.1307135794422543	medium	medium
G_r067_substitution_titv_0p5pct	67	7	substitution_titv	0.005	0.5	titv_2	RS_GCF_001670625.2	Bacteroidota	Bacteria	high	100.0	9.999990709738794	100.0	9.999990709738794	2152792	3	2368071	3	2368071	0.0049559324868215	0.0441104216424403	0	11736	0	0	True	100.0	14.87276837977122	cocopye	0.0	4.872777670032425	0.0	4.872777670032425	low	medium
G_r067_substitution_titv_1pct	67	8	substitution_titv	0.01	1.0	titv_2	RS_GCF_001670625.2	Bacteroidota	Bacteria	high	100.0	9.999990709738794	100.0	9.999990709738794	2152792	3	2368071	3	2368071	0.010040239502954	0.0864827525163591	0	23776	0	0	True	99.70574124054563	18.30185225861142	cocopye	-0.2942587594543653	8.301861548872624	0.2942587594543653	8.301861548872624	low	medium
G_r067_substitution_titv_2pct	67	9	substitution_titv	0.02	2.0	titv_2	RS_GCF_001670625.2	Bacteroidota	Bacteria	high	100.0	9.999990709738794	100.0	9.999990709738794	2152792	3	2368071	3	2368071	0.0198938291968441	0.1662522378698502	0	47110	0	0	True	99.8844181240632	23.91872013158719	cocopye	-0.11558187593679747	13.918729421848395	0.11558187593679747	13.918729421848395	low	medium
G_r067_substitution_titv_5pct	67	10	substitution_titv	0.05	5.0	titv_2	RS_GCF_001670625.2	Bacteroidota	Bacteria	high	100.0	9.999990709738794	100.0	9.999990709738794	2152792	3	2368071	3	2368071	0.0500753566932748	0.3697505902753909	0	118582	0	0	True	97.77777188066123	53.85334844174592	cocopye	-2.222228119338766	43.853357732007126	2.222228119338766	43.853357732007126	low	medium
G_r067_indel_0p1pct	67	11	indel	0.001	0.1	ins0.5_geom0.75	RS_GCF_001670625.2	Bacteroidota	Bacteria	high	100.0	9.999990709738794	99.99679063676724	9.999990709738794	2152792	3	2368071	3	2367995	0.0009843454862628		0	0	2331	0	True	100.0	42.78043658729565	cocopye	0.0	32.78044587755685	0.0	32.78044587755685	low	medium
G_r067_indel_0p5pct	67	12	indel	0.005	0.5	ins0.5_geom0.75	RS_GCF_001670625.2	Bacteroidota	Bacteria	high	100.0	9.999990709738794	100.00050674156306	9.999990709738794	2152792	3	2368071	3	2368083	0.0049791581417955		0	0	11791	0	True	99.85590778097982	150.5115344132745	cocopye	-0.14409221902018032	140.5115437035357	0.14409221902018032	140.5115437035357	low	medium
G_r067_indel_1pct	67	13	indel	0.01	1.0	ins0.5_geom0.75	RS_GCF_001670625.2	Bacteroidota	Bacteria	high	100.0	9.999990709738794	100.00329382015995	9.999990709738794	2152792	3	2368071	3	2368149	0.0100850016743585		0	0	23882	0	True	98.80763116057234	217.3529450578796	cocopye	-1.1923688394276581	207.3529543481408	1.1923688394276581	207.3529543481408	low	medium
G_r067_indel_2pct	67	14	indel	0.02	2.0	ins0.5_geom0.75	RS_GCF_001670625.2	Bacteroidota	Bacteria	high	100.0	9.999990709738794	99.99881760301948	9.999990709738794	2152792	3	2368071	3	2368043	0.0199018526049261		0	0	47129	0	True	97.5725786821978	253.4359310482357	cocopye	-2.4274213178021995	243.4359403384969	2.4274213178021995	243.4359403384969	low	medium
G_r067_indel_5pct	67	15	indel	0.05	5.0	ins0.5_geom0.75	RS_GCF_001670625.2	Bacteroidota	Bacteria	high	100.0	9.999990709738794	99.99328567428933	9.999990709738794	2152792	3	2368071	3	2367912	0.0502670739179695		0	0	119036	0	True	86.77483392676069	164.6263640187131	cocopye	-13.225166073239308	154.6263733089743	13.225166073239308	154.6263733089743	low	medium
G_r067_chimera_5pct	67	16	chimera	0.05	5.0	rc0.5	RS_GCF_001670625.2	Bacteroidota	Bacteria	high	100.0	9.999990709738794	100.0	9.999990709738794	2152792	3	2368071	3	2368071	0.0		0	0	0	0	True	100.0	7.439957863179759	cocopye	0.0	-2.560032846559035	0.0	2.560032846559035	medium	medium
G_r067_chimera_10pct	67	17	chimera	0.1	10.0	rc0.5	RS_GCF_001670625.2	Bacteroidota	Bacteria	high	100.0	9.999990709738794	100.0	9.999990709738794	2152792	3	2368071	3	2368071	0.0		0	0	0	0	True	100.0	7.439957863179759	cocopye	0.0	-2.560032846559035	0.0	2.560032846559035	medium	medium
G_r067_chimera_20pct	67	18	chimera	0.2	20.0	rc0.5	RS_GCF_001670625.2	Bacteroidota	Bacteria	high	100.0	9.999990709738794	100.0	9.999990709738794	2152792	3	2368071	2	2368071	0.6666666666666666		0	0	0	1	True	100.0	7.439957863179759	cocopye	0.0	-2.560032846559035	0.0	2.560032846559035	medium	medium
G_r067_chimera_40pct	67	19	chimera	0.4	40.0	rc0.5	RS_GCF_001670625.2	Bacteroidota	Bacteria	high	100.0	9.999990709738794	100.0	9.999990709738794	2152792	3	2368071	2	2368071	0.6666666666666666		0	0	0	1	True	100.0	7.439957863179759	cocopye	0.0	-2.560032846559035	0.0	2.560032846559035	medium	medium
G_r067_uneven_coverage_5pct	67	20	uneven_coverage	0.05	5.0	lognormal_sigma1.0	RS_GCF_001670625.2	Bacteroidota	Bacteria	high	100.0	9.999990709738794	100.0	15.500011148313446	2152792	3	2368071	4	2486475	0.0500001900280861		118404	0	0	0	True	100.0	10.03734300698648	cocopye	0.0	0.037352297247686295	0.0	0.037352297247686295	low	medium
G_r067_uneven_coverage_10pct	67	21	uneven_coverage	0.1	10.0	lognormal_sigma1.0	RS_GCF_001670625.2	Bacteroidota	Bacteria	high	100.0	9.999990709738794	100.0	20.999985135582072	2152792	3	2368071	5	2604878	0.0999999577715364		236807	0	0	0	True	100.0	12.00567344644471	cocopye	0.0	2.005682736705916	0.0	2.005682736705916	low	medium
G_r067_uneven_coverage_20pct	67	22	uneven_coverage	0.2	20.0	lognormal_sigma1.0	RS_GCF_001670625.2	Bacteroidota	Bacteria	high	100.0	9.999990709738794	100.0	31.99997956142535	2152792	3	2368071	4	2841685	0.1999999155430728		473614	0	0	0	True	100.0	19.3798095153224	cocopye	0.0	9.379818805583605	0.0	9.379818805583605	low	medium
G_r067_uneven_coverage_40pct	67	23	uneven_coverage	0.4	40.0	lognormal_sigma1.0	RS_GCF_001670625.2	Bacteroidota	Bacteria	high	100.0	9.999990709738794	100.0	53.9999684131119	2152792	3	2368071	4	3315299	0.3999998310861456		947228	0	0	0	True	100.0	53.94338493291316	cocopye	0.0	43.943394223174366	0.0	43.943394223174366	low	medium
G_r068_none_control	68	0	none	0.0	0.0	control	RS_GCF_037694895.1	Campylobacterota	Bacteria	high	85.72405712245289	0.0	85.72405712245289	0.0	1691524	1	1450043	1	1450043	0.0		0	0	0	0	True	82.94011042129299	0.30533549095327	cocopye	-2.7839467011599055	0.30533549095327	2.7839467011599055	0.30533549095327	medium	medium
G_r068_substitution_0p1pct	68	1	substitution	0.001	0.1	uniform	RS_GCF_037694895.1	Campylobacterota	Bacteria	high	85.72405712245289	0.0	85.72405712245289	0.0	1691524	1	1450043	1	1450043	0.0010110045012458	0.0089640838741259	0	1466	0	0	True	82.56145498544197	2.41713824953909	cocopye	-3.1626021370109214	2.41713824953909	3.1626021370109214	2.41713824953909	medium	medium
G_r068_substitution_0p5pct	68	2	substitution	0.005	0.5	uniform	RS_GCF_037694895.1	Campylobacterota	Bacteria	high	85.72405712245289	0.0	85.72405712245289	0.0	1691524	1	1450043	1	1450043	0.0051474335588668	0.0441104216424403	0	7464	0	0	True	82.13162940497708	9.634063903571713	cocopye	-3.5924277174758146	9.634063903571713	3.5924277174758146	9.634063903571713	medium	medium
G_r068_substitution_1pct	68	3	substitution	0.01	1.0	uniform	RS_GCF_037694895.1	Campylobacterota	Bacteria	high	85.72405712245289	0.0	85.72405712245289	0.0	1691524	1	1450043	1	1450043	0.0100824596236111	0.0864827525163591	0	14620	0	0	True	80.68931371772973	17.75203444363581	cocopye	-5.034743404723159	17.75203444363581	5.034743404723159	17.75203444363581	low	medium
G_r068_substitution_2pct	68	4	substitution	0.02	2.0	uniform	RS_GCF_037694895.1	Campylobacterota	Bacteria	high	85.72405712245289	0.0	85.72405712245289	0.0	1691524	1	1450043	1	1450043	0.0199683733516868	0.1662522378698502	0	28955	0	0	True	77.79168668912178	28.41347301708268	cocopye	-7.932370433331116	28.41347301708268	7.932370433331116	28.41347301708268	low	medium
G_r068_substitution_5pct	68	5	substitution	0.05	5.0	uniform	RS_GCF_037694895.1	Campylobacterota	Bacteria	high	85.72405712245289	0.0	85.72405712245289	0.0	1691524	1	1450043	1	1450043	0.0498157640842375	0.3697505902753909	0	72235	0	0	True	81.68437190287413	55.71605429068075	cocopye	-4.039685219578757	55.71605429068075	4.039685219578757	55.71605429068075	low	medium
G_r068_substitution_titv_0p1pct	68	6	substitution_titv	0.001	0.1	titv_2	RS_GCF_037694895.1	Campylobacterota	Bacteria	high	85.72405712245289	0.0	85.72405712245289	0.0	1691524	1	1450043	1	1450043	0.0009985910762646	0.0089640838741259	0	1448	0	0	True	82.9307441061502	1.9374108937795	cocopye	-2.7933130163026902	1.9374108937795	2.7933130163026902	1.9374108937795	medium	medium
G_r068_substitution_titv_0p5pct	68	7	substitution_titv	0.005	0.5	titv_2	RS_GCF_037694895.1	Campylobacterota	Bacteria	high	85.72405712245289	0.0	85.72405712245289	0.0	1691524	1	1450043	1	1450043	0.0050446779854114	0.0441104216424403	0	7315	0	0	True	83.01906205491176	8.14745700838845	cocopye	-2.704995067541134	8.14745700838845	2.704995067541134	8.14745700838845	medium	medium
G_r068_substitution_titv_1pct	68	8	substitution_titv	0.01	1.0	titv_2	RS_GCF_037694895.1	Campylobacterota	Bacteria	high	85.72405712245289	0.0	85.72405712245289	0.0	1691524	1	1450043	1	1450043	0.0101424578443535	0.0864827525163591	0	14707	0	0	True	81.3354716628411	12.04330530521742	cocopye	-4.3885854596117895	12.04330530521742	4.3885854596117895	12.04330530521742	low	medium
G_r068_substitution_titv_2pct	68	9	substitution_titv	0.02	2.0	titv_2	RS_GCF_037694895.1	Campylobacterota	Bacteria	high	85.72405712245289	0.0	85.72405712245289	0.0	1691524	1	1450043	1	1450043	0.0201187137209034	0.1662522378698502	0	29173	0	0	True	78.17476744540122	22.9990103400938	cocopye	-7.549289677051675	22.9990103400938	7.549289677051675	22.9990103400938	low	medium
G_r068_substitution_titv_5pct	68	10	substitution_titv	0.05	5.0	titv_2	RS_GCF_037694895.1	Campylobacterota	Bacteria	high	85.72405712245289	0.0	85.72405712245289	0.0	1691524	1	1450043	1	1450043	0.0500578258713707	0.3697505902753909	0	72586	0	0	True	82.28830469716894	42.97442445660581	cocopye	-3.435752425283951	42.97442445660581	3.435752425283951	42.97442445660581	low	medium
G_r068_indel_0p1pct	68	11	indel	0.001	0.1	ins0.5_geom0.75	RS_GCF_037694895.1	Campylobacterota	Bacteria	high	85.72405712245289	0.0	85.72399800416666	0.0	1691524	1	1450043	1	1450042	0.0010310039081599		0	0	1495	0	True	84.66808356861077	31.136139218169863	cocopye	-1.0559735538421222	31.136139218169863	1.0559735538421222	31.136139218169863	low	medium
G_r068_indel_0p5pct	68	12	indel	0.005	0.5	ins0.5_geom0.75	RS_GCF_037694895.1	Campylobacterota	Bacteria	high	85.72405712245289	0.0	85.72470742360144	0.0	1691524	1	1450043	1	1450054	0.0048653729579053		0	0	7055	0	True	85.19903350940515	113.07331816853888	cocopye	-0.5250236130477361	113.07331816853888	0.5250236130477361	113.07331816853888	low	medium
G_r068_indel_1pct	68	13	indel	0.01	1.0	ins0.5_geom0.75	RS_GCF_037694895.1	Campylobacterota	Bacteria	high	85.72405712245289	0.0	85.7354078334094	0.0	1691524	1	1450043	1	1450235	0.0098928100752874		0	0	14345	0	True	84.80861244019138	178.7333949330891	cocopye	-0.9154446822615085	178.7333949330891	0.9154446822615085	178.7333949330891	low	medium
G_r068_indel_2pct	68	14	indel	0.02	2.0	ins0.5_geom0.75	RS_GCF_037694895.1	Campylobacterota	Bacteria	high	85.72405712245289	0.0	85.75113329754707	0.0	1691524	1	1450043	1	1450501	0.0201862979235788		0	0	29271	0	True	82.03847125156076	209.3793761055425	cocopye	-3.685585870892126	209.3793761055425	3.685585870892126	209.3793761055425	low	medium
G_r068_indel_5pct	68	15	indel	0.05	5.0	ins0.5_geom0.75	RS_GCF_037694895.1	Campylobacterota	Bacteria	high	85.72405712245289	0.0	85.77625856919559	0.0	1691524	1	1450043	1	1450926	0.0499123129452023		0	0	72375	0	True	74.09327070051212	127.82794863085284	cocopye	-11.630786421940769	127.82794863085284	11.630786421940769	127.82794863085284	low	medium
G_r068_chimera_5pct	68	16	chimera	0.05	5.0	rc0.5	RS_GCF_037694895.1	Campylobacterota	Bacteria	high	85.72405712245289	0.0	85.72405712245289	0.0	1691524	1	1450043	1	1450043	0.0		0	0	0	0	True	82.94011042129299	0.30533549095327	cocopye	-2.7839467011599055	0.30533549095327	2.7839467011599055	0.30533549095327	medium	medium
G_r068_chimera_10pct	68	17	chimera	0.1	10.0	rc0.5	RS_GCF_037694895.1	Campylobacterota	Bacteria	high	85.72405712245289	0.0	85.72405712245289	0.0	1691524	1	1450043	1	1450043	0.0		0	0	0	0	True	82.94011042129299	0.30533549095327	cocopye	-2.7839467011599055	0.30533549095327	2.7839467011599055	0.30533549095327	medium	medium
G_r068_chimera_20pct	68	18	chimera	0.2	20.0	rc0.5	RS_GCF_037694895.1	Campylobacterota	Bacteria	high	85.72405712245289	0.0	85.72405712245289	0.0	1691524	1	1450043	1	1450043	0.0		0	0	0	0	True	82.94011042129299	0.30533549095327	cocopye	-2.7839467011599055	0.30533549095327	2.7839467011599055	0.30533549095327	medium	medium
G_r068_chimera_40pct	68	19	chimera	0.4	40.0	rc0.5	RS_GCF_037694895.1	Campylobacterota	Bacteria	high	85.72405712245289	0.0	85.72405712245289	0.0	1691524	1	1450043	1	1450043	0.0		0	0	0	0	True	82.94011042129299	0.30533549095327	cocopye	-2.7839467011599055	0.30533549095327	2.7839467011599055	0.30533549095327	medium	medium
G_r068_uneven_coverage_5pct	68	20	uneven_coverage	0.05	5.0	lognormal_sigma1.0	RS_GCF_037694895.1	Campylobacterota	Bacteria	high	85.72405712245289	0.0	85.72405712245289	4.2861939883797096	1691524	1	1450043	2	1522545	0.0499998965547918		72502	0	0	0	True	82.35654652661744	6.61397311717021	cocopye	-3.367510595835455	6.61397311717021	3.367510595835455	6.61397311717021	medium	medium
G_r068_uneven_coverage_10pct	68	21	uneven_coverage	0.1	10.0	lognormal_sigma1.0	RS_GCF_037694895.1	Campylobacterota	Bacteria	high	85.72405712245289	0.0	85.72405712245289	8.572387976759419	1691524	1	1450043	2	1595047	0.0999997931095836		145004	0	0	0	True	81.60990098345194	10.65132071293628	cocopye	-4.114156139000954	10.65132071293628	4.114156139000954	10.65132071293628	low	medium
G_r068_uneven_coverage_20pct	68	22	uneven_coverage	0.2	20.0	lognormal_sigma1.0	RS_GCF_037694895.1	Campylobacterota	Bacteria	high	85.72405712245289	0.0	85.72405712245289	17.14483507180507	1691524	1	1450043	2	1740052	0.2000002758538884		290009	0	0	0	True	79.15660046839106	24.10136940197431	cocopye	-6.567456654061829	24.10136940197431	6.567456654061829	24.10136940197431	low	medium
G_r068_uneven_coverage_40pct	68	23	uneven_coverage	0.4	40.0	lognormal_sigma1.0	RS_GCF_037694895.1	Campylobacterota	Bacteria	high	85.72405712245289	0.0	85.72405712245289	34.28961102532391	1691524	1	1450043	2	2030060	0.3999998620730557		580017	0	0	0	True	84.79647122896634	35.22138155423678	cocopye	-0.9275858934865511	35.22138155423678	0.9275858934865511	35.22138155423678	low	medium
G_r069_none_control	69	0	none	0.0	0.0	control	RS_GCF_001693295.1	Cyanobacteriota	Bacteria	low	69.94931733053114	9.999975787569822	69.94931733053114	9.999975787569822	3304088	44	2641595	44	2641595	0.0		0	0	0	0	True	71.25134556306145	12.63533251124104	cocopye	1.3020282325303043	2.6353567236712188	1.3020282325303043	2.6353567236712188	low	medium
G_r069_substitution_0p1pct	69	1	substitution	0.001	0.1	uniform	RS_GCF_001693295.1	Cyanobacteriota	Bacteria	low	69.94931733053114	9.999975787569822	69.94931733053114	9.999975787569822	3304088	44	2641595	44	2641595	0.0009679757873557	0.0089640838741259	0	2557	0	0	True	70.37212038370758	12.47794363806472	cocopye	0.4228030531764375	2.477967850494899	0.4228030531764375	2.477967850494899	low	medium
G_r069_substitution_0p5pct	69	2	substitution	0.005	0.5	uniform	RS_GCF_001693295.1	Cyanobacteriota	Bacteria	low	69.94931733053114	9.999975787569822	69.94931733053114	9.999975787569822	3304088	44	2641595	44	2641595	0.0050227230139366	0.0441104216424403	0	13268	0	0	True	68.64154954275334	21.59638697951209	cocopye	-1.3077677877778058	11.596411191942268	1.3077677877778058	11.596411191942268	low	medium
G_r069_substitution_1pct	69	3	substitution	0.01	1.0	uniform	RS_GCF_001693295.1	Cyanobacteriota	Bacteria	low	69.94931733053114	9.999975787569822	69.94931733053114	9.999975787569822	3304088	44	2641595	44	2641595	0.0099879050346476	0.0864827525163591	0	26384	0	0	True	70.61848331718255	24.04793576375396	cocopye	0.6691659866514073	14.047959976184137	0.6691659866514073	14.047959976184137	low	medium
G_r069_substitution_2pct	69	4	substitution	0.02	2.0	uniform	RS_GCF_001693295.1	Cyanobacteriota	Bacteria	low	69.94931733053114	9.999975787569822	69.94931733053114	9.999975787569822	3304088	44	2641595	44	2641595	0.0199837598117803	0.1662522378698502	0	52789	0	0	True	68.74282061014135	25.064467948282047	cocopye	-1.2064967203897936	15.064492160712225	1.2064967203897936	15.064492160712225	low	medium
G_r069_substitution_5pct	69	5	substitution	0.05	5.0	uniform	RS_GCF_001693295.1	Cyanobacteriota	Bacteria	low	69.94931733053114	9.999975787569822	69.94931733053114	9.999975787569822	3304088	44	2641595	44	2641595	0.0499421750873998	0.3697505902753909	0	131927	0	0	True	76.49176797749084	43.69855810094762	cocopye	6.5424506469596935	33.6985823133778	6.5424506469596935	33.6985823133778	low	medium
G_r069_substitution_titv_0p1pct	69	6	substitution_titv	0.001	0.1	titv_2	RS_GCF_001693295.1	Cyanobacteriota	Bacteria	low	69.94931733053114	9.999975787569822	69.94931733053114	9.999975787569822	3304088	44	2641595	44	2641595	0.0009963677248026	0.0089640838741259	0	2632	0	0	True	71.2867766334419	14.03676605871813	cocopye	1.3374593029107587	4.036790271148309	1.3374593029107587	4.036790271148309	low	medium
G_r069_substitution_titv_0p5pct	69	7	substitution_titv	0.005	0.5	titv_2	RS_GCF_001693295.1	Cyanobacteriota	Bacteria	low	69.94931733053114	9.999975787569822	69.94931733053114	9.999975787569822	3304088	44	2641595	44	2641595	0.0050053092923025	0.0441104216424403	0	13222	0	0	True	70.29026728595854	14.60554918030716	cocopye	0.3409499554273907	4.6055733927373375	0.3409499554273907	4.6055733927373375	low	medium
G_r069_substitution_titv_1pct	69	8	substitution_titv	0.01	1.0	titv_2	RS_GCF_001693295.1	Cyanobacteriota	Bacteria	low	69.94931733053114	9.999975787569822	69.94931733053114	9.999975787569822	3304088	44	2641595	44	2641595	0.0100189468862562	0.0864827525163591	0	26466	0	0	True	69.82275263986935	22.42652847774648	cocopye	-0.12656469066179454	12.426552690176658	0.12656469066179454	12.426552690176658	low	medium
G_r069_substitution_titv_2pct	69	9	substitution_titv	0.02	2.0	titv_2	RS_GCF_001693295.1	Cyanobacteriota	Bacteria	low	69.94931733053114	9.999975787569822	69.94931733053114	9.999975787569822	3304088	44	2641595	44	2641595	0.0200019306517463	0.1662522378698502	0	52837	0	0	True	70.60359713163284	24.165102985284488	cocopye	0.6542798011016941	14.165127197714666	0.6542798011016941	14.165127197714666	low	medium
G_r069_substitution_titv_5pct	69	10	substitution_titv	0.05	5.0	titv_2	RS_GCF_001693295.1	Cyanobacteriota	Bacteria	low	69.94931733053114	9.999975787569822	69.94931733053114	9.999975787569822	3304088	44	2641595	44	2641595	0.0499175687416125	0.3697505902753909	0	131862	0	0	True	74.57470703125	42.11493972252155	cocopye	4.625389700718856	32.114963934951724	4.625389700718856	32.114963934951724	low	medium
G_r069_indel_0p1pct	69	11	indel	0.001	0.1	ins0.5_geom0.75	RS_GCF_001693295.1	Cyanobacteriota	Bacteria	low	69.94931733053114	9.999975787569822	69.94518645751559	9.999975787569822	3304088	44	2641595	44	2641439	0.0010126457689388		0	0	2675	0	True	74.60275134456141	34.38082719134903	cocopye	4.6534340140302675	24.380851403779204	4.6534340140302675	24.380851403779204	low	medium
G_r069_indel_0p5pct	69	12	indel	0.005	0.5	ins0.5_geom0.75	RS_GCF_001693295.1	Cyanobacteriota	Bacteria	low	69.94931733053114	9.999975787569822	69.951621086636	9.999975787569822	3304088	44	2641595	44	2641682	0.0050390010580728		0	0	13311	0	True	75.35885167464114	107.43753776976178	cocopye	5.40953434411	97.43756198219195	5.40953434411	97.43756198219195	low	medium
G_r069_indel_1pct	69	13	indel	0.01	1.0	ins0.5_geom0.75	RS_GCF_001693295.1	Cyanobacteriota	Bacteria	low	69.94931733053114	9.999975787569822	69.95056188842686	9.999975787569822	3304088	44	2641595	44	2641642	0.0100231110370817		0	0	26477	0	True	75.70662470588907	152.91910450360928	cocopye	5.757307375357925	142.91912871603947	5.757307375357925	142.91912871603947	low	medium
G_r069_indel_2pct	69	14	indel	0.02	2.0	ins0.5_geom0.75	RS_GCF_001693295.1	Cyanobacteriota	Bacteria	low	69.94931733053114	9.999975787569822	69.95832051530867	9.999975787569822	3304088	44	2641595	44	2641935	0.0200064733617378		0	0	52849	0	True	76.5139368186043	182.29368154642285	cocopye	6.5646194880731485	172.29370575885304	6.5646194880731485	172.29370575885304	low	medium
G_r069_indel_5pct	69	15	indel	0.05	5.0	ins0.5_geom0.75	RS_GCF_001693295.1	Cyanobacteriota	Bacteria	low	69.94931733053114	9.999975787569822	69.95440148193492	9.999975787569822	3304088	44	2641595	44	2641787	0.0498286073376123		0	0	131627	0	True	67.54073983651621	115.1851851851852	cocopye	-2.408577494014935	105.18520939761538	2.408577494014935	105.18520939761538	low	medium
G_r069_chimera_5pct	69	16	chimera	0.05	5.0	rc0.5	RS_GCF_001693295.1	Cyanobacteriota	Bacteria	low	69.94931733053114	9.999975787569822	69.94931733053114	9.999975787569822	3304088	44	2641595	43	2641595	0.0454545454545454		0	0	0	1	True	71.25134556306145	12.63533251124104	cocopye	1.3020282325303043	2.6353567236712188	1.3020282325303043	2.6353567236712188	low	medium
G_r069_chimera_10pct	69	17	chimera	0.1	10.0	rc0.5	RS_GCF_001693295.1	Cyanobacteriota	Bacteria	low	69.94931733053114	9.999975787569822	69.94931733053114	9.999975787569822	3304088	44	2641595	42	2641595	0.0909090909090909		0	0	0	2	True	71.25134556306145	12.63533251124104	cocopye	1.3020282325303043	2.6353567236712188	1.3020282325303043	2.6353567236712188	low	medium
G_r069_chimera_20pct	69	18	chimera	0.2	20.0	rc0.5	RS_GCF_001693295.1	Cyanobacteriota	Bacteria	low	69.94931733053114	9.999975787569822	69.94931733053114	9.999975787569822	3304088	44	2641595	40	2641595	0.1818181818181818		0	0	0	4	True	71.25134556306145	12.63533251124104	cocopye	1.3020282325303043	2.6353567236712188	1.3020282325303043	2.6353567236712188	low	medium
G_r069_chimera_40pct	69	19	chimera	0.4	40.0	rc0.5	RS_GCF_001693295.1	Cyanobacteriota	Bacteria	low	69.94931733053114	9.999975787569822	69.94931733053114	9.999975787569822	3304088	44	2641595	35	2641595	0.4090909090909091		0	0	0	9	True	71.25134556306145	12.63533251124104	cocopye	1.3020282325303043	2.6353567236712188	1.3020282325303043	2.6353567236712188	low	medium
G_r069_uneven_coverage_5pct	69	20	uneven_coverage	0.05	5.0	lognormal_sigma1.0	RS_GCF_001693295.1	Cyanobacteriota	Bacteria	low	69.94931733053114	9.999975787569822	69.94931733053114	13.9974480098593	3304088	44	2641595	48	2773675	0.0500000946397914		132080	0	0	0	True	70.74087472518553	13.02903608158894	cocopye	0.7915573946543901	3.029060294019118	0.7915573946543901	3.029060294019118	low	medium
G_r069_uneven_coverage_10pct	69	21	uneven_coverage	0.1	10.0	lognormal_sigma1.0	RS_GCF_001693295.1	Cyanobacteriota	Bacteria	low	69.94931733053114	9.999975787569822	69.94931733053114	17.99492023214878	3304088	44	2641595	52	2905755	0.1000001892795829		264160	0	0	0	True	67.79237576121716	22.9399915564895	cocopye	-2.156941569313986	12.940015768919677	2.156941569313986	12.940015768919677	low	medium
G_r069_uneven_coverage_20pct	69	22	uneven_coverage	0.2	20.0	lognormal_sigma1.0	RS_GCF_001693295.1	Cyanobacteriota	Bacteria	low	69.94931733053114	9.999975787569822	69.94931733053114	25.989834411190017	3304088	44	2641595	59	3169914	0.2		528319	0	0	0	True	68.36939560255927	24.04099837108539	cocopye	-1.579921727971879	14.041022583515568	1.579921727971879	14.041022583515568	low	medium
G_r069_uneven_coverage_40pct	69	23	uneven_coverage	0.4	40.0	lognormal_sigma1.0	RS_GCF_001693295.1	Cyanobacteriota	Bacteria	low	69.94931733053114	9.999975787569822	69.94931733053114	41.97969303481021	3304088	44	2641595	71	3698233	0.4		1056638	0	0	0	True	76.31513657471423	36.2094395280236	cocopye	6.365819244183086	26.209463740453778	6.365819244183086	26.209463740453778	low	medium
G_r070_none_control	70	0	none	0.0	0.0	control	RS_GCF_000318565.1	Chlamydiota	Bacteria	low	58.00343955911279	9.883361109024897	58.00343955911279	9.883361109024897	1051879	17	714087	17	714087	0.0		0	0	0	0	True	49.66832630669893	0.99502487562189	cocopye	-8.335113252413862	-8.888336233403006	8.335113252413862	8.888336233403006	low	medium
G_r070_substitution_0p1pct	70	1	substitution	0.001	0.1	uniform	RS_GCF_000318565.1	Chlamydiota	Bacteria	low	58.00343955911279	9.883361109024897	58.00343955911279	9.883361109024897	1051879	17	714087	17	714087	0.0010082889756204	0.0089640838741259	0	720	0	0	True	49.66832630669893	1.49253731343283	cocopye	-8.335113252413862	-8.390823795592066	8.335113252413862	8.390823795592066	low	medium
G_r070_substitution_0p5pct	70	2	substitution	0.005	0.5	uniform	RS_GCF_000318565.1	Chlamydiota	Bacteria	low	58.00343955911279	9.883361109024897	58.00343955911279	9.883361109024897	1051879	17	714087	17	714087	0.0050834569187529	0.0441104216424403	0	3630	0	0	True	49.09793814432989	2.57731958762886	cocopye	-8.905501414782904	-7.306041521396036	8.905501414782904	7.306041521396036	low	medium
G_r070_substitution_1pct	70	3	substitution	0.01	1.0	uniform	RS_GCF_000318565.1	Chlamydiota	Bacteria	low	58.00343955911279	9.883361109024897	58.00343955911279	9.883361109024897	1051879	17	714087	17	714087	0.0097706002540328	0.0864827525163591	0	6977	0	0	True	51.167474276777625	10.8695652173913	cocopye	-6.835965282335167	0.9862041083664028	6.835965282335167	0.9862041083664028	low	medium
G_r070_substitution_2pct	70	4	substitution	0.02	2.0	uniform	RS_GCF_000318565.1	Chlamydiota	Bacteria	low	58.00343955911279	9.883361109024897	58.00343955911279	9.883361109024897	1051879	17	714087	17	714087	0.0198814980373375	0.1662522378698502	0	14197	0	0	True	48.5	15.5	cocopye	-9.503439559112792	5.6166388909751035	9.503439559112792	5.6166388909751035	low	medium
G_r070_substitution_5pct	70	5	substitution	0.05	5.0	uniform	RS_GCF_000318565.1	Chlamydiota	Bacteria	low	58.00343955911279	9.883361109024897	58.00343955911279	9.883361109024897	1051879	17	714087	17	714087	0.0502646058360326	0.3697505902753909	0	35893	0	0	True	51.08695652173913	30.83735848394569	cocopye	-6.916483037373659	20.953997374920792	6.916483037373659	20.953997374920792	low	medium
G_r070_substitution_titv_0p1pct	70	6	substitution_titv	0.001	0.1	titv_2	RS_GCF_000318565.1	Chlamydiota	Bacteria	low	58.00343955911279	9.883361109024897	58.00343955911279	9.883361109024897	1051879	17	714087	17	714087	0.000939669309224	0.0089640838741259	0	671	0	0	True	49.66832630669893	2.48756218905472	cocopye	-8.335113252413862	-7.395798919970177	8.335113252413862	7.395798919970177	low	medium
G_r070_substitution_titv_0p5pct	70	7	substitution_titv	0.005	0.5	titv_2	RS_GCF_000318565.1	Chlamydiota	Bacteria	low	58.00343955911279	9.883361109024897	58.00343955911279	9.883361109024897	1051879	17	714087	17	714087	0.004989630027966	0.0441104216424403	0	3563	0	0	True	47.75475220359051	1.03626943005181	cocopye	-10.248687355522279	-8.847091678973086	10.248687355522279	8.847091678973086	low	medium
G_r070_substitution_titv_1pct	70	8	substitution_titv	0.01	1.0	titv_2	RS_GCF_000318565.1	Chlamydiota	Bacteria	low	58.00343955911279	9.883361109024897	58.00343955911279	9.883361109024897	1051879	17	714087	17	714087	0.0101389058104052	0.0864827525163591	0	7240	0	0	True	46.85990338164251	3.8647342995169	cocopye	-11.143536177470281	-6.018626809507996	11.143536177470281	6.018626809507996	low	medium
G_r070_substitution_titv_2pct	70	9	substitution_titv	0.02	2.0	titv_2	RS_GCF_000318565.1	Chlamydiota	Bacteria	low	58.00343955911279	9.883361109024897	58.00343955911279	9.883361109024897	1051879	17	714087	17	714087	0.0198408863980416	0.1662522378698502	0	14168	0	0	True	51.5	14.249999999999998	cocopye	-6.503439559112792	4.366638890975102	6.503439559112792	4.366638890975102	low	medium
G_r070_substitution_titv_5pct	70	10	substitution_titv	0.05	5.0	titv_2	RS_GCF_000318565.1	Chlamydiota	Bacteria	low	58.00343955911279	9.883361109024897	58.00343955911279	9.883361109024897	1051879	17	714087	17	714087	0.0499761231568967	0.3697505902753909	0	35687	0	0	True	46.79144385026738	17.91443850267379	cocopye	-11.211995708845414	8.031077393648893	11.211995708845414	8.031077393648893	low	medium
G_r070_indel_0p1pct	70	11	indel	0.001	0.1	ins0.5_geom0.75	RS_GCF_000318565.1	Chlamydiota	Bacteria	low	58.00343955911279	9.883361109024897	58.00019046259883	9.883361109024897	1051879	17	714087	17	714047	0.0010418898537573		0	0	744	0	True	51.44927536231884	17.31079027848543	cocopye	-6.554164196793948	7.4274291694605346	6.554164196793948	7.4274291694605346	low	medium
G_r070_indel_0p5pct	70	12	indel	0.005	0.5	ins0.5_geom0.75	RS_GCF_000318565.1	Chlamydiota	Bacteria	low	58.00343955911279	9.883361109024897	58.00888179577367	9.883361109024897	1051879	17	714087	17	714154	0.0049489768053472		0	0	3534	0	True	50.24875621890548	66.91542288557214	cocopye	-7.754683340207315	57.032061776547245	7.754683340207315	57.032061776547245	low	medium
G_r070_indel_1pct	70	13	indel	0.01	1.0	ins0.5_geom0.75	RS_GCF_000318565.1	Chlamydiota	Bacteria	low	58.00343955911279	9.883361109024897	58.00953161507647	9.883361109024897	1051879	17	714087	17	714162	0.0100730023092424		0	0	7193	0	True	49.77777777777777	98.1481458875868	cocopye	-8.22566178133502	88.2647847785619	8.22566178133502	88.2647847785619	low	medium
G_r070_indel_2pct	70	14	indel	0.02	2.0	ins0.5_geom0.75	RS_GCF_000318565.1	Chlamydiota	Bacteria	low	58.00343955911279	9.883361109024897	58.02707673625184	9.883361109024897	1051879	17	714087	17	714378	0.0199303446218738		0	0	14232	0	True	52.22222222222223	115.11111111111111	cocopye	-5.781217336890563	105.22775000208622	5.781217336890563	105.22775000208622	low	medium
G_r070_indel_5pct	70	15	indel	0.05	5.0	ins0.5_geom0.75	RS_GCF_000318565.1	Chlamydiota	Bacteria	low	58.00343955911279	9.883361109024897	58.012293347113335	9.883361109024897	1051879	17	714087	17	714196	0.0504098240130404		0	0	35997	0	True	48.012552301255226	76.35983263598327	cocopye	-9.990887257857565	66.47647152695836	9.990887257857565	66.47647152695836	low	medium
G_r070_chimera_5pct	70	16	chimera	0.05	5.0	rc0.5	RS_GCF_000318565.1	Chlamydiota	Bacteria	low	58.00343955911279	9.883361109024897	58.00343955911279	9.883361109024897	1051879	17	714087	17	714087	0.0		0	0	0	0	True	49.66832630669893	0.99502487562189	cocopye	-8.335113252413862	-8.888336233403006	8.335113252413862	8.888336233403006	low	medium
G_r070_chimera_10pct	70	17	chimera	0.1	10.0	rc0.5	RS_GCF_000318565.1	Chlamydiota	Bacteria	low	58.00343955911279	9.883361109024897	58.00343955911279	9.883361109024897	1051879	17	714087	16	714087	0.1176470588235294		0	0	0	1	True	49.66832630669893	0.99502487562189	cocopye	-8.335113252413862	-8.888336233403006	8.335113252413862	8.888336233403006	low	medium
G_r070_chimera_20pct	70	18	chimera	0.2	20.0	rc0.5	RS_GCF_000318565.1	Chlamydiota	Bacteria	low	58.00343955911279	9.883361109024897	58.00343955911279	9.883361109024897	1051879	17	714087	16	714087	0.1176470588235294		0	0	0	1	True	49.66832630669893	0.99502487562189	cocopye	-8.335113252413862	-8.888336233403006	8.335113252413862	8.888336233403006	low	medium
G_r070_chimera_40pct	70	19	chimera	0.4	40.0	rc0.5	RS_GCF_000318565.1	Chlamydiota	Bacteria	low	58.00343955911279	9.883361109024897	58.00343955911279	9.883361109024897	1051879	17	714087	14	714087	0.3529411764705882		0	0	0	3	True	49.66832630669893	0.99502487562189	cocopye	-8.335113252413862	-8.888336233403006	8.335113252413862	8.888336233403006	low	medium
G_r070_uneven_coverage_5pct	70	20	uneven_coverage	0.05	5.0	lognormal_sigma1.0	RS_GCF_000318565.1	Chlamydiota	Bacteria	low	58.00343955911279	9.883361109024897	58.00343955911279	13.277667868642686	1051879	17	714087	18	749791	0.049999509863644		35704	0	0	0	True	49.66832630669893	0.99502487562189	cocopye	-8.335113252413862	-8.888336233403006	8.335113252413862	8.888336233403006	low	medium
G_r070_uneven_coverage_10pct	70	21	uneven_coverage	0.1	10.0	lognormal_sigma1.0	RS_GCF_000318565.1	Chlamydiota	Bacteria	low	58.00343955911279	9.883361109024897	58.00343955911279	16.67206969622932	1051879	17	714087	19	785496	0.1000004201168765		71409	0	0	0	True	50.16103182437915	12.07729468599033	cocopye	-7.842407734733641	2.193933576965433	7.842407734733641	2.193933576965433	low	medium
G_r070_uneven_coverage_20pct	70	22	uneven_coverage	0.2	20.0	lognormal_sigma1.0	RS_GCF_000318565.1	Chlamydiota	Bacteria	low	58.00343955911279	9.883361109024897	58.00343955911279	23.460683215464897	1051879	17	714087	21	856904	0.1999994398441646		142817	0	0	0	True	47.97734751284701	8.7378640776699	cocopye	-10.02609204626578	-1.1454970313549957	10.02609204626578	1.1454970313549957	low	medium
G_r070_uneven_coverage_40pct	70	23	uneven_coverage	0.4	40.0	lognormal_sigma1.0	RS_GCF_000318565.1	Chlamydiota	Bacteria	low	58.00343955911279	9.883361109024897	58.00343955911279	37.03810038987374	1051879	17	714087	22	999722	0.4000002800779176		285635	0	0	0	True	51.25523012552301	26.08089207605338	cocopye	-6.748209433589778	16.197530967028484	6.748209433589778	16.197530967028484	low	medium
G_r071_none_control	71	0	none	0.0	0.0	control	RS_GCF_016117655.1	Spirochaetota	Bacteria	highly_fragmented	77.64809175527544	0.0	77.64809175527544	0.0	2738066	116	2126056	116	2126056	0.0		0	0	0	0	True	87.41531857222947	0.11855778671325	cocopye	9.767226816954022	0.11855778671325	9.767226816954022	0.11855778671325	medium	medium
G_r071_substitution_0p1pct	71	1	substitution	0.001	0.1	uniform	RS_GCF_016117655.1	Spirochaetota	Bacteria	highly_fragmented	77.64809175527544	0.0	77.64809175527544	0.0	2738066	116	2126056	116	2126056	0.0010074993320966	0.0089640838741259	0	2142	0	0	True	87.72498086385852	1.92301614539274	cocopye	10.076889108583075	1.92301614539274	10.076889108583075	1.92301614539274	medium	medium
G_r071_substitution_0p5pct	71	2	substitution	0.005	0.5	uniform	RS_GCF_016117655.1	Spirochaetota	Bacteria	highly_fragmented	77.64809175527544	0.0	77.64809175527544	0.0	2738066	116	2126056	116	2126056	0.0049749395124117	0.0441104216424403	0	10577	0	0	True	88.54961227317999	4.8167325424482	cocopye	10.901520517904544	4.8167325424482	10.901520517904544	4.8167325424482	medium	medium
G_r071_substitution_1pct	71	3	substitution	0.01	1.0	uniform	RS_GCF_016117655.1	Spirochaetota	Bacteria	highly_fragmented	77.64809175527544	0.0	77.64809175527544	0.0	2738066	116	2126056	116	2126056	0.0099066064111199	0.0864827525163591	0	21062	0	0	True	87.93282889380951	14.026596697959558	cocopye	10.28473713853407	14.026596697959558	10.28473713853407	14.026596697959558	low	medium
G_r071_substitution_2pct	71	4	substitution	0.02	2.0	uniform	RS_GCF_016117655.1	Spirochaetota	Bacteria	highly_fragmented	77.64809175527544	0.0	77.64809175527544	0.0	2738066	116	2126056	116	2126056	0.0201565716048871	0.1662522378698502	0	42854	0	0	True	86.00732705358408	19.18787268250437	cocopye	8.359235298308633	19.18787268250437	8.359235298308633	19.18787268250437	low	medium
G_r071_substitution_5pct	71	5	substitution	0.05	5.0	uniform	RS_GCF_016117655.1	Spirochaetota	Bacteria	highly_fragmented	77.64809175527544	0.0	77.64809175527544	0.0	2738066	116	2126056	116	2126056	0.0501957615415586	0.3697505902753909	0	106719	0	0	True	82.61494252873564	31.93965561088474	cocopye	4.9668507734601945	31.93965561088474	4.9668507734601945	31.93965561088474	low	medium
G_r071_substitution_titv_0p1pct	71	6	substitution_titv	0.001	0.1	titv_2	RS_GCF_016117655.1	Spirochaetota	Bacteria	highly_fragmented	77.64809175527544	0.0	77.64809175527544	0.0	2738066	116	2126056	116	2126056	0.001010791813574	0.0089640838741259	0	2149	0	0	True	88.04299080748557	2.71428581381036	cocopye	10.394899052210121	2.71428581381036	10.394899052210121	2.71428581381036	medium	medium
G_r071_substitution_titv_0p5pct	71	7	substitution_titv	0.005	0.5	titv_2	RS_GCF_016117655.1	Spirochaetota	Bacteria	highly_fragmented	77.64809175527544	0.0	77.64809175527544	0.0	2738066	116	2126056	116	2126056	0.0049645917134826	0.0441104216424403	0	10555	0	0	True	87.60247388669104	3.10536005191793	cocopye	9.9543821314156	3.10536005191793	9.9543821314156	3.10536005191793	medium	medium
G_r071_substitution_titv_1pct	71	8	substitution_titv	0.01	1.0	titv_2	RS_GCF_016117655.1	Spirochaetota	Bacteria	highly_fragmented	77.64809175527544	0.0	77.64809175527544	0.0	2738066	116	2126056	116	2126056	0.0100425388606885	0.0864827525163591	0	21351	0	0	True	88.69279140996618	8.71532172747874	cocopye	11.044699654690731	8.71532172747874	11.044699654690731	8.71532172747874	medium	medium
G_r071_substitution_titv_2pct	71	9	substitution_titv	0.02	2.0	titv_2	RS_GCF_016117655.1	Spirochaetota	Bacteria	highly_fragmented	77.64809175527544	0.0	77.64809175527544	0.0	2738066	116	2126056	116	2126056	0.0199510266897955	0.1662522378698502	0	42417	0	0	True	86.55247116978408	10.54412270679821	cocopye	8.90437941450864	10.54412270679821	8.90437941450864	10.54412270679821	low	medium
G_r071_substitution_titv_5pct	71	10	substitution_titv	0.05	5.0	titv_2	RS_GCF_016117655.1	Spirochaetota	Bacteria	highly_fragmented	77.64809175527544	0.0	77.64809175527544	0.0	2738066	116	2126056	116	2126056	0.0499262484149053	0.3697505902753909	0	106146	0	0	True	78.18797305455799	20.414172185451708	cocopye	0.5398812992825412	20.414172185451708	0.5398812992825412	20.414172185451708	low	medium
G_r071_indel_0p1pct	71	11	indel	0.001	0.1	ins0.5_geom0.75	RS_GCF_016117655.1	Spirochaetota	Bacteria	highly_fragmented	77.64809175527544	0.0	77.64900480850352	0.0	2738066	116	2126056	116	2126081	0.0010037364961223		0	0	2134	0	True	90.6230866687594	20.405066676060173	cocopye	12.974994913483954	20.405066676060173	12.974994913483954	20.405066676060173	low	medium
G_r071_indel_0p5pct	71	12	indel	0.005	0.5	ins0.5_geom0.75	RS_GCF_016117655.1	Spirochaetota	Bacteria	highly_fragmented	77.64809175527544	0.0	77.65514052619623	0.0	2738066	116	2126056	116	2126249	0.0050031607822183		0	0	10637	0	True	88.79781420765028	91.40254786757173	cocopye	11.149722452374832	91.40254786757173	11.149722452374832	91.40254786757173	low	medium
G_r071_indel_1pct	71	13	indel	0.01	1.0	ins0.5_geom0.75	RS_GCF_016117655.1	Spirochaetota	Bacteria	highly_fragmented	77.64809175527544	0.0	77.6522552779955	0.0	2738066	116	2126056	116	2126170	0.0099597564692557		0	0	21175	0	True	85.71428571428571	120.93718276560126	cocopye	8.066193959010263	120.93718276560126	8.066193959010263	120.93718276560126	low	medium
G_r071_indel_2pct	71	14	indel	0.02	2.0	ins0.5_geom0.75	RS_GCF_016117655.1	Spirochaetota	Bacteria	highly_fragmented	77.64809175527544	0.0	77.63424986833772	0.0	2738066	116	2126056	116	2125677	0.0201363463615257		0	0	42811	0	True	83.41902313624678	136.82089366765746	cocopye	5.770931380971334	136.82089366765746	5.770931380971334	136.82089366765746	low	medium
G_r071_indel_5pct	71	15	indel	0.05	5.0	ins0.5_geom0.75	RS_GCF_016117655.1	Spirochaetota	Bacteria	highly_fragmented	77.64809175527544	0.0	77.63213158484858	0.0	2738066	116	2126056	116	2125619	0.0501035720601903		0	0	106523	0	True	68.16939890710383	67.55464480874316	cocopye	-9.478692848171619	67.55464480874316	9.478692848171619	67.55464480874316	low	medium
G_r071_chimera_5pct	71	16	chimera	0.05	5.0	rc0.5	RS_GCF_016117655.1	Spirochaetota	Bacteria	highly_fragmented	77.64809175527544	0.0	77.64809175527544	0.0	2738066	116	2126056	113	2126056	0.0517241379310344		0	0	0	3	True	87.41531857222947	0.11855778671325	cocopye	9.767226816954022	0.11855778671325	9.767226816954022	0.11855778671325	medium	medium
G_r071_chimera_10pct	71	17	chimera	0.1	10.0	rc0.5	RS_GCF_016117655.1	Spirochaetota	Bacteria	highly_fragmented	77.64809175527544	0.0	77.64809175527544	0.0	2738066	116	2126056	111	2126056	0.0862068965517241		0	0	0	5	True	87.41531857222947	0.11855778671325	cocopye	9.767226816954022	0.11855778671325	9.767226816954022	0.11855778671325	medium	medium
G_r071_chimera_20pct	71	18	chimera	0.2	20.0	rc0.5	RS_GCF_016117655.1	Spirochaetota	Bacteria	highly_fragmented	77.64809175527544	0.0	77.64809175527544	0.0	2738066	116	2126056	105	2126056	0.1896551724137931		0	0	0	11	True	87.48432476007441	0.43982305382485	cocopye	9.83623300479897	0.43982305382485	9.83623300479897	0.43982305382485	medium	medium
G_r071_chimera_40pct	71	19	chimera	0.4	40.0	rc0.5	RS_GCF_016117655.1	Spirochaetota	Bacteria	highly_fragmented	77.64809175527544	0.0	77.64809175527544	0.0	2738066	116	2126056	93	2126056	0.396551724137931		0	0	0	23	True	87.41467237487626	0.1540985485062899	cocopye	9.766580619600816	0.1540985485062899	9.766580619600816	0.1540985485062899	medium	medium
G_r071_uneven_coverage_5pct	71	20	uneven_coverage	0.05	5.0	lognormal_sigma1.0	RS_GCF_016117655.1	Spirochaetota	Bacteria	highly_fragmented	77.64809175527544	0.0	77.64809175527544	3.8824118921895967	2738066	116	2126056	125	2232359	0.0500000940708993		106303	0	0	0	True	87.5674247450104	1.39082205240616	cocopye	9.919332989734954	1.39082205240616	9.919332989734954	1.39082205240616	medium	medium
G_r071_uneven_coverage_10pct	71	21	uneven_coverage	0.1	10.0	lognormal_sigma1.0	RS_GCF_016117655.1	Spirochaetota	Bacteria	highly_fragmented	77.64809175527544	0.0	77.64809175527544	7.764823784379193	2738066	116	2126056	126	2338662	0.1000001881417987		212606	0	0	0	True	90.21970729320608	10.37447441025181	cocopye	12.57161553793064	10.37447441025181	12.57161553793064	10.37447441025181	low	medium
G_r071_uneven_coverage_20pct	71	22	uneven_coverage	0.2	20.0	lognormal_sigma1.0	RS_GCF_016117655.1	Spirochaetota	Bacteria	highly_fragmented	77.64809175527544	0.0	77.64809175527544	15.529611046629263	2738066	116	2126056	154	2551267	0.1999999059291006		425211	0	0	0	True	89.82272057205726	9.32275872127471	cocopye	12.17462881678182	9.32275872127471	12.17462881678182	9.32275872127471	medium	medium
G_r071_uneven_coverage_40pct	71	23	uneven_coverage	0.4	40.0	lognormal_sigma1.0	RS_GCF_016117655.1	Spirochaetota	Bacteria	highly_fragmented	77.64809175527544	0.0	77.64809175527544	31.059222093258526	2738066	116	2126056	178	2976478	0.3999998118582012		850422	0	0	0	True	89.80391243077594	20.20105536970884	cocopye	12.155820675500493	20.20105536970884	12.155820675500493	20.20105536970884	low	medium
G_r072_none_control	72	0	none	0.0	0.0	control	RS_GCF_902381645.1	Fusobacteriota	Bacteria	highly_fragmented	69.72920355230767	4.835927966310918	69.72920355230767	4.835927966310918	2268272	107	1691340	107	1691340	0.0		0	0	0	0	True	67.91626597833117	4.6000941914696005	cocopye	-1.8129375739764981	-0.23583377484131773	1.8129375739764981	0.23583377484131773	medium	medium
G_r072_substitution_0p1pct	72	1	substitution	0.001	0.1	uniform	RS_GCF_902381645.1	Fusobacteriota	Bacteria	highly_fragmented	69.72920355230767	4.835927966310918	69.72920355230767	4.835927966310918	2268272	107	1691340	107	1691340	0.0009974339872527	0.0089640838741259	0	1687	0	0	True	67.14189446166124	7.92480182476968	cocopye	-2.5873090906464284	3.0888738584587614	2.5873090906464284	3.0888738584587614	medium	medium
G_r072_substitution_0p5pct	72	2	substitution	0.005	0.5	uniform	RS_GCF_902381645.1	Fusobacteriota	Bacteria	highly_fragmented	69.72920355230767	4.835927966310918	69.72920355230767	4.835927966310918	2268272	107	1691340	107	1691340	0.0049363226790592	0.0441104216424403	0	8349	0	0	True	65.28355643774563	14.89725529334261	cocopye	-4.4456471145620355	10.061327327031691	4.4456471145620355	10.061327327031691	low	medium
G_r072_substitution_1pct	72	3	substitution	0.01	1.0	uniform	RS_GCF_902381645.1	Fusobacteriota	Bacteria	highly_fragmented	69.72920355230767	4.835927966310918	69.72920355230767	4.835927966310918	2268272	107	1691340	107	1691340	0.0098454479879858	0.0864827525163591	0	16652	0	0	True	62.83100784259593	22.18620669721783	cocopye	-6.898195709711736	17.35027873090691	6.898195709711736	17.35027873090691	low	medium
G_r072_substitution_2pct	72	4	substitution	0.02	2.0	uniform	RS_GCF_902381645.1	Fusobacteriota	Bacteria	highly_fragmented	69.72920355230767	4.835927966310918	69.72920355230767	4.835927966310918	2268272	107	1691340	107	1691340	0.0201402438303357	0.1662522378698502	0	34064	0	0	True	65.15906983013159	27.47019501787813	cocopye	-4.570133722176081	22.63426705156721	4.570133722176081	22.63426705156721	low	medium
G_r072_substitution_5pct	72	5	substitution	0.05	5.0	uniform	RS_GCF_902381645.1	Fusobacteriota	Bacteria	highly_fragmented	69.72920355230767	4.835927966310918	69.72920355230767	4.835927966310918	2268272	107	1691340	107	1691340	0.0498527794529781	0.3697505902753909	0	84318	0	0	True	67.64162561576354	49.27339976644281	cocopye	-2.087577936544122	44.43747180013189	2.087577936544122	44.43747180013189	low	medium
G_r072_substitution_titv_0p1pct	72	6	substitution_titv	0.001	0.1	titv_2	RS_GCF_902381645.1	Fusobacteriota	Bacteria	highly_fragmented	69.72920355230767	4.835927966310918	69.72920355230767	4.835927966310918	2268272	107	1691340	107	1691340	0.0010193101327941	0.0089640838741259	0	1724	0	0	True	67.50714062594687	6.32293153393802	cocopye	-2.222062926360792	1.4870035676271014	2.222062926360792	1.4870035676271014	medium	medium
G_r072_substitution_titv_0p5pct	72	7	substitution_titv	0.005	0.5	titv_2	RS_GCF_902381645.1	Fusobacteriota	Bacteria	highly_fragmented	69.72920355230767	4.835927966310918	69.72920355230767	4.835927966310918	2268272	107	1691340	107	1691340	0.0049688412737829	0.0441104216424403	0	8404	0	0	True	67.1390642728451	10.3144227208996	cocopye	-2.590139279462562	5.478494754588682	2.590139279462562	5.478494754588682	low	medium
G_r072_substitution_titv_1pct	72	8	substitution_titv	0.01	1.0	titv_2	RS_GCF_902381645.1	Fusobacteriota	Bacteria	highly_fragmented	69.72920355230767	4.835927966310918	69.72920355230767	4.835927966310918	2268272	107	1691340	107	1691340	0.0099619236818144	0.0864827525163591	0	16849	0	0	True	65.26144496468808	13.74005278322858	cocopye	-4.467758587619585	8.904124816917662	4.467758587619585	8.904124816917662	low	medium
G_r072_substitution_titv_2pct	72	9	substitution_titv	0.02	2.0	titv_2	RS_GCF_902381645.1	Fusobacteriota	Bacteria	highly_fragmented	69.72920355230767	4.835927966310918	69.72920355230767	4.835927966310918	2268272	107	1691340	107	1691340	0.019767758108955	0.1662522378698502	0	33434	0	0	True	63.887019963440906	20.57166018988561	cocopye	-5.84218358886676	15.73573222357469	5.84218358886676	15.73573222357469	low	medium
G_r072_substitution_titv_5pct	72	10	substitution_titv	0.05	5.0	titv_2	RS_GCF_902381645.1	Fusobacteriota	Bacteria	highly_fragmented	69.72920355230767	4.835927966310918	69.72920355230767	4.835927966310918	2268272	107	1691340	107	1691340	0.0503441058568945	0.3697505902753909	0	85149	0	0	True	68.278733919027	34.579692559593475	cocopye	-1.4504696332806617	29.743764593282556	1.4504696332806617	29.743764593282556	low	medium
G_r072_indel_0p1pct	72	11	indel	0.001	0.1	ins0.5_geom0.75	RS_GCF_902381645.1	Fusobacteriota	Bacteria	highly_fragmented	69.72920355230767	4.835927966310918	69.72611151270213	4.835927966310918	2268272	107	1691340	107	1691265	0.0010039377061974		0	0	1698	0	True	64.84187763774896	25.21293249342169	cocopye	-4.887325914558701	20.37700452711077	4.887325914558701	20.37700452711077	low	medium
G_r072_indel_0p5pct	72	12	indel	0.005	0.5	ins0.5_geom0.75	RS_GCF_902381645.1	Fusobacteriota	Bacteria	highly_fragmented	69.72920355230767	4.835927966310918	69.72182388444912	4.835927966310918	2268272	107	1691340	107	1691161	0.0050930031809098		0	0	8614	0	True	68.99494310998736	96.81256049502213	cocopye	-0.7342604423203056	91.9766325287112	0.7342604423203056	91.9766325287112	low	medium
G_r072_indel_1pct	72	13	indel	0.01	1.0	ins0.5_geom0.75	RS_GCF_902381645.1	Fusobacteriota	Bacteria	highly_fragmented	69.72920355230767	4.835927966310918	69.72285456431763	4.835927966310918	2268272	107	1691340	107	1691186	0.010089633072002		0	0	17065	0	True	70.14131236849282	141.31448417530393	cocopye	0.41210881618515316	136.478556208993	0.41210881618515316	136.478556208993	low	medium
G_r072_indel_2pct	72	14	indel	0.02	2.0	ins0.5_geom0.75	RS_GCF_902381645.1	Fusobacteriota	Bacteria	highly_fragmented	69.72920355230767	4.835927966310918	69.74045857647181	4.835927966310918	2268272	107	1691340	107	1691613	0.020107725235612		0	0	34009	0	True	69.67661843371036	167.13537719119248	cocopye	-0.052585118597306746	162.29944922488156	0.052585118597306746	162.29944922488156	low	medium
G_r072_indel_5pct	72	15	indel	0.05	5.0	ins0.5_geom0.75	RS_GCF_902381645.1	Fusobacteriota	Bacteria	highly_fragmented	69.72920355230767	4.835927966310918	69.72652378464953	4.835927966310918	2268272	107	1691340	107	1691275	0.0498037059373041		0	0	84235	0	True	63.459740441766336	95.52078870241394	cocopye	-6.269463110541331	90.68486073610302	6.269463110541331	90.68486073610302	low	medium
G_r072_chimera_5pct	72	16	chimera	0.05	5.0	rc0.5	RS_GCF_902381645.1	Fusobacteriota	Bacteria	highly_fragmented	69.72920355230767	4.835927966310918	69.72920355230767	4.835927966310918	2268272	107	1691340	104	1691340	0.0560747663551401		0	0	0	3	True	67.91626597833117	4.6000941914696005	cocopye	-1.8129375739764981	-0.23583377484131773	1.8129375739764981	0.23583377484131773	medium	medium
G_r072_chimera_10pct	72	17	chimera	0.1	10.0	rc0.5	RS_GCF_902381645.1	Fusobacteriota	Bacteria	highly_fragmented	69.72920355230767	4.835927966310918	69.72920355230767	4.835927966310918	2268272	107	1691340	101	1691340	0.1121495327102803		0	0	0	6	True	67.91626597833117	4.6000941914696005	cocopye	-1.8129375739764981	-0.23583377484131773	1.8129375739764981	0.23583377484131773	medium	medium
G_r072_chimera_20pct	72	18	chimera	0.2	20.0	rc0.5	RS_GCF_902381645.1	Fusobacteriota	Bacteria	highly_fragmented	69.72920355230767	4.835927966310918	69.72920355230767	4.835927966310918	2268272	107	1691340	97	1691340	0.1869158878504672		0	0	0	10	True	67.90703936328406	4.56071591061785	cocopye	-1.82216418902361	-0.2752120556930686	1.82216418902361	0.2752120556930686	medium	medium
G_r072_chimera_40pct	72	19	chimera	0.4	40.0	rc0.5	RS_GCF_902381645.1	Fusobacteriota	Bacteria	highly_fragmented	69.72920355230767	4.835927966310918	69.72920355230767	4.835927966310918	2268272	107	1691340	85	1691340	0.411214953271028		0	0	0	22	True	67.90703936328406	4.56071591061785	cocopye	-1.82216418902361	-0.2752120556930686	1.82216418902361	0.2752120556930686	medium	medium
G_r072_uneven_coverage_5pct	72	20	uneven_coverage	0.05	5.0	lognormal_sigma1.0	RS_GCF_902381645.1	Fusobacteriota	Bacteria	highly_fragmented	69.72920355230767	4.835927966310918	69.72920355230767	8.564184542241847	2268272	107	1691340	114	1775907	0.05		84567	0	0	0	True	66.52897361813324	8.95256304468679	cocopye	-3.2002299341744305	4.1166350783758725	3.2002299341744305	4.1166350783758725	medium	medium
G_r072_uneven_coverage_10pct	72	21	uneven_coverage	0.1	10.0	lognormal_sigma1.0	RS_GCF_902381645.1	Fusobacteriota	Bacteria	highly_fragmented	69.72920355230767	4.835927966310918	69.72920355230767	12.292441118172777	2268272	107	1691340	120	1860474	0.1		169134	0	0	0	True	65.76922978987496	16.52613324564089	cocopye	-3.9599737624327105	11.69020527932997	3.9599737624327105	11.69020527932997	low	medium
G_r072_uneven_coverage_20pct	72	22	uneven_coverage	0.2	20.0	lognormal_sigma1.0	RS_GCF_902381645.1	Fusobacteriota	Bacteria	highly_fragmented	69.72920355230767	4.835927966310918	69.72920355230767	19.748954270034638	2268272	107	1691340	130	2029608	0.2		338268	0	0	0	True	64.46412341702586	18.399409195597443	cocopye	-5.265080135281806	13.563481229286523	5.265080135281806	13.563481229286523	low	medium
G_r072_uneven_coverage_40pct	72	23	uneven_coverage	0.4	40.0	lognormal_sigma1.0	RS_GCF_902381645.1	Fusobacteriota	Bacteria	highly_fragmented	69.72920355230767	4.835927966310918	69.72920355230767	34.66198057375835	2268272	107	1691340	161	2367876	0.4		676536	0	0	0	True	69.4661308737362	33.22303622376685	cocopye	-0.26307267857146144	28.387108257455928	0.26307267857146144	28.387108257455928	low	medium
G_r073_none_control	73	0	none	0.0	0.0	control	RS_GCF_000243255.1	Halobacteriota	Archaea	medium	83.8626456053929	9.99998125554133	83.8626456053929	9.99998125554133	3200946	18	3004492	18	3004492	0.0		0	0	0	0	True	73.68894893660425	6.64361601853978	cocopye	-10.17369666878865	-3.35636523700155	10.17369666878865	3.35636523700155	medium	medium
G_r073_substitution_0p1pct	73	1	substitution	0.001	0.1	uniform	RS_GCF_000243255.1	Halobacteriota	Archaea	medium	83.8626456053929	9.99998125554133	83.8626456053929	9.99998125554133	3200946	18	3004492	18	3004492	0.0010067274964444	0.0089640838741259	0	3024	0	0	True	73.60785635148677	8.987682348453111	cocopye	-10.254789253906125	-1.0122989070882191	10.254789253906125	1.0122989070882191	medium	medium
G_r073_substitution_0p5pct	73	2	substitution	0.005	0.5	uniform	RS_GCF_000243255.1	Halobacteriota	Archaea	medium	83.8626456053929	9.99998125554133	83.8626456053929	9.99998125554133	3200946	18	3004492	18	3004492	0.0049853651650979	0.0441104216424403	0	14975	0	0	True	72.6896166203842	14.298517464869107	cocopye	-11.173028985008699	4.298536209327777	11.173028985008699	4.298536209327777	low	medium
G_r073_substitution_1pct	73	3	substitution	0.01	1.0	uniform	RS_GCF_000243255.1	Halobacteriota	Archaea	medium	83.8626456053929	9.99998125554133	83.8626456053929	9.99998125554133	3200946	18	3004492	18	3004492	0.0101032295178893	0.0864827525163591	0	30348	0	0	True	71.2894664085044	19.43483992250949	cocopye	-12.573179196888503	9.43485866696816	12.573179196888503	9.43485866696816	low	medium
G_r073_substitution_2pct	73	4	substitution	0.02	2.0	uniform	RS_GCF_000243255.1	Halobacteriota	Archaea	medium	83.8626456053929	9.99998125554133	83.8626456053929	9.99998125554133	3200946	18	3004492	18	3004492	0.019900512418969	0.1662522378698502	0	59777	0	0	True	70.5375520291191	23.39516610780319	cocopye	-13.325093576273801	13.395184852261858	13.325093576273801	13.395184852261858	low	medium
G_r073_substitution_5pct	73	5	substitution	0.05	5.0	uniform	RS_GCF_000243255.1	Halobacteriota	Archaea	medium	83.8626456053929	9.99998125554133	83.8626456053929	9.99998125554133	3200946	18	3004492	18	3004492	0.0499944736519705	0.3697505902753909	0	150173	0	0	True	71.93548387096774	40.43010752688172	cocopye	-11.927161734425155	30.43012627134039	11.927161734425155	30.43012627134039	low	medium
G_r073_substitution_titv_0p1pct	73	6	substitution_titv	0.001	0.1	titv_2	RS_GCF_000243255.1	Halobacteriota	Archaea	medium	83.8626456053929	9.99998125554133	83.8626456053929	9.99998125554133	3200946	18	3004492	18	3004492	0.0010227072979753	0.0089640838741259	0	3072	0	0	True	73.59044172509364	7.592902452951391	cocopye	-10.272203880299259	-2.4070788025899397	10.272203880299259	2.4070788025899397	medium	medium
G_r073_substitution_titv_0p5pct	73	7	substitution_titv	0.005	0.5	titv_2	RS_GCF_000243255.1	Halobacteriota	Archaea	medium	83.8626456053929	9.99998125554133	83.8626456053929	9.99998125554133	3200946	18	3004492	18	3004492	0.0049900259405444	0.0441104216424403	0	14989	0	0	True	73.21429648735307	10.45218965605932	cocopye	-10.648349118039832	0.45220840051798916	10.648349118039832	0.45220840051798916	low	medium
G_r073_substitution_titv_1pct	73	8	substitution_titv	0.01	1.0	titv_2	RS_GCF_000243255.1	Halobacteriota	Archaea	medium	83.8626456053929	9.99998125554133	83.8626456053929	9.99998125554133	3200946	18	3004492	18	3004492	0.0100492976877227	0.0864827525163591	0	30186	0	0	True	72.36663866912856	15.848363722682407	cocopye	-11.496006936264337	5.848382467141077	11.496006936264337	5.848382467141077	low	medium
G_r073_substitution_titv_2pct	73	9	substitution_titv	0.02	2.0	titv_2	RS_GCF_000243255.1	Halobacteriota	Archaea	medium	83.8626456053929	9.99998125554133	83.8626456053929	9.99998125554133	3200946	18	3004492	18	3004492	0.0200253546184289	0.1662522378698502	0	60152	0	0	True	69.98580466564958	22.46787361533955	cocopye	-13.876840939743317	12.467892359798219	13.876840939743317	12.467892359798219	low	medium
G_r073_substitution_titv_5pct	73	10	substitution_titv	0.05	5.0	titv_2	RS_GCF_000243255.1	Halobacteriota	Archaea	medium	83.8626456053929	9.99998125554133	83.8626456053929	9.99998125554133	3200946	18	3004492	18	3004492	0.0499481988100374	0.3697505902753909	0	150034	0	0	True	68.77279383694992	24.72675293055099	cocopye	-15.089851768442983	14.72677167500966	15.089851768442983	14.72677167500966	low	medium
G_r073_indel_0p1pct	73	11	indel	0.001	0.1	ins0.5_geom0.75	RS_GCF_000243255.1	Halobacteriota	Archaea	medium	83.8626456053929	9.99998125554133	83.8626456053929	9.99998125554133	3200946	18	3004492	18	3004492	0.0010124839739962		0	0	3042	0	True	71.85916686147415	25.2874096353748	cocopye	-12.003478743918748	15.28742837983347	12.003478743918748	15.28742837983347	low	medium
G_r073_indel_0p5pct	73	12	indel	0.005	0.5	ins0.5_geom0.75	RS_GCF_000243255.1	Halobacteriota	Archaea	medium	83.8626456053929	9.99998125554133	83.86038469929163	9.99998125554133	3200946	18	3004492	18	3004411	0.0050091662750308		0	0	15050	0	True	73.1500015258789	73.47916412353516	cocopye	-10.712644079513993	63.47918286799383	10.712644079513993	63.47918286799383	low	medium
G_r073_indel_1pct	73	13	indel	0.01	1.0	ins0.5_geom0.75	RS_GCF_000243255.1	Halobacteriota	Archaea	medium	83.8626456053929	9.99998125554133	83.87107515653592	9.99998125554133	3200946	18	3004492	18	3004794	0.010019331054967		0	0	30103	0	True	73.17230666893117	124.55715603298611	cocopye	-10.690338936461728	114.55717477744479	10.690338936461728	114.55717477744479	low	medium
G_r073_indel_2pct	73	14	indel	0.02	2.0	ins0.5_geom0.75	RS_GCF_000243255.1	Halobacteriota	Archaea	medium	83.8626456053929	9.99998125554133	83.87205209127104	9.99998125554133	3200946	18	3004492	18	3004829	0.0199384787844334		0	0	59905	0	True	74.7178329571106	160.86155738572234	cocopye	-9.144812648282297	150.861576130181	9.144812648282297	150.861576130181	low	medium
G_r073_indel_5pct	73	15	indel	0.05	5.0	ins0.5_geom0.75	RS_GCF_000243255.1	Halobacteriota	Archaea	medium	83.8626456053929	9.99998125554133	83.85798423108534	9.99998125554133	3200946	18	3004492	18	3004325	0.050027092766431		0	0	150306	0	True	62.121212121212125	88.3838460902975	cocopye	-21.741433484180774	78.38386483475617	21.741433484180774	78.38386483475617	low	medium
G_r073_chimera_5pct	73	16	chimera	0.05	5.0	rc0.5	RS_GCF_000243255.1	Halobacteriota	Archaea	medium	83.8626456053929	9.99998125554133	83.8626456053929	9.99998125554133	3200946	18	3004492	17	3004492	0.1111111111111111		0	0	0	1	True	73.68894893660425	6.64361601853978	cocopye	-10.17369666878865	-3.35636523700155	10.17369666878865	3.35636523700155	medium	medium
G_r073_chimera_10pct	73	17	chimera	0.1	10.0	rc0.5	RS_GCF_000243255.1	Halobacteriota	Archaea	medium	83.8626456053929	9.99998125554133	83.8626456053929	9.99998125554133	3200946	18	3004492	17	3004492	0.1111111111111111		0	0	0	1	True	73.68894893660425	6.64361601853978	cocopye	-10.17369666878865	-3.35636523700155	10.17369666878865	3.35636523700155	medium	medium
G_r073_chimera_20pct	73	18	chimera	0.2	20.0	rc0.5	RS_GCF_000243255.1	Halobacteriota	Archaea	medium	83.8626456053929	9.99998125554133	83.8626456053929	9.99998125554133	3200946	18	3004492	16	3004492	0.2222222222222222		0	0	0	2	True	73.68894893660425	6.64361601853978	cocopye	-10.17369666878865	-3.35636523700155	10.17369666878865	3.35636523700155	medium	medium
G_r073_chimera_40pct	73	19	chimera	0.4	40.0	rc0.5	RS_GCF_000243255.1	Halobacteriota	Archaea	medium	83.8626456053929	9.99998125554133	83.8626456053929	9.99998125554133	3200946	18	3004492	14	3004492	0.4444444444444444		0	0	0	4	True	73.68894893660425	6.64361601853978	cocopye	-10.17369666878865	-3.35636523700155	10.17369666878865	3.35636523700155	medium	medium
G_r073_uneven_coverage_5pct	73	20	uneven_coverage	0.05	5.0	lognormal_sigma1.0	RS_GCF_000243255.1	Halobacteriota	Archaea	medium	83.8626456053929	9.99998125554133	83.8626456053929	14.693125094893825	3200946	18	3004492	19	3154717	0.0500001331339873		150225	0	0	0	True	73.76984396341719	9.57204268542152	cocopye	-10.092801641975711	-0.4279385701198102	10.092801641975711	0.4279385701198102	medium	medium
G_r073_uneven_coverage_10pct	73	21	uneven_coverage	0.1	10.0	lognormal_sigma1.0	RS_GCF_000243255.1	Halobacteriota	Archaea	medium	83.8626456053929	9.99998125554133	83.8626456053929	19.386237693481863	3200946	18	3004492	21	3304941	0.0999999334330063		300449	0	0	0	True	67.1528846341476	24.83377459879152	cocopye	-16.709760971245302	14.833793343250191	16.709760971245302	14.833793343250191	low	medium
G_r073_uneven_coverage_20pct	73	22	uneven_coverage	0.2	20.0	lognormal_sigma1.0	RS_GCF_000243255.1	Halobacteriota	Archaea	medium	83.8626456053929	9.99998125554133	83.8626456053929	28.7724941314224	3200946	18	3004492	27	3605390	0.1999998668660126		600898	0	0	0	True	69.1080656279774	23.24333704059994	cocopye	-14.754579977415503	13.24335578505861	14.754579977415503	13.24335578505861	low	medium
G_r073_uneven_coverage_40pct	73	23	uneven_coverage	0.4	40.0	lognormal_sigma1.0	RS_GCF_000243255.1	Halobacteriota	Archaea	medium	83.8626456053929	9.99998125554133	83.8626456053929	47.54503824806792	3200946	18	3004492	25	4206289	0.4000000665669936		1201797	0	0	0	True	73.68359995218677	54.11470338323651	cocopye	-10.179045653206131	44.11472212769518	10.179045653206131	44.11472212769518	low	medium
G_r074_none_control	74	0	none	0.0	0.0	control	GB_GCA_016766715.1	Verrucomicrobiota	Bacteria	high	100.0	20.0	100.0	20.0	917845	2	1101414	2	1101414	0.0		0	0	0	0	True	86.77156607798968	16.59717528670035	cocopye	-13.228433922010325	-3.402824713299651	13.228433922010325	3.402824713299651	low	low
G_r074_substitution_0p1pct	74	1	substitution	0.001	0.1	uniform	GB_GCA_016766715.1	Verrucomicrobiota	Bacteria	high	100.0	20.0	100.0	20.0	917845	2	1101414	2	1101414	0.0010232319967459	0.0089640838741259	0	1127	0	0	True	86.88361983512327	17.15154461496151	cocopye	-13.11638016487673	-2.8484553850384913	13.11638016487673	2.8484553850384913	low	low
G_r074_substitution_0p5pct	74	2	substitution	0.005	0.5	uniform	GB_GCA_016766715.1	Verrucomicrobiota	Bacteria	high	100.0	20.0	100.0	20.0	917845	2	1101414	2	1101414	0.0051561087040998	0.0441104216424403	0	5679	0	0	True	87.98452242661546	19.07802448978545	cocopye	-12.015477573384544	-0.9219755102145513	12.015477573384544	0.9219755102145513	low	low
G_r074_substitution_1pct	74	3	substitution	0.01	1.0	uniform	GB_GCA_016766715.1	Verrucomicrobiota	Bacteria	high	100.0	20.0	100.0	20.0	917845	2	1101414	2	1101414	0.0100416556202402	0.0864827525163591	0	11060	0	0	True	86.44578244230466	19.97634554641046	cocopye	-13.554217557695338	-0.02365445358953977	13.554217557695338	0.02365445358953977	low	low
G_r074_substitution_2pct	74	4	substitution	0.02	2.0	uniform	GB_GCA_016766715.1	Verrucomicrobiota	Bacteria	high	100.0	20.0	100.0	20.0	917845	2	1101414	2	1101414	0.02005244177474	0.1662522378698502	0	22086	0	0	True	87.61266196534467	20.36029346931309	cocopye	-12.387338034655329	0.36029346931308837	12.387338034655329	0.36029346931308837	low	low
G_r074_substitution_5pct	74	5	substitution	0.05	5.0	uniform	GB_GCA_016766715.1	Verrucomicrobiota	Bacteria	high	100.0	20.0	100.0	20.0	917845	2	1101414	2	1101414	0.0502872676164777	0.3697505902753909	0	55387	0	0	True	79.44123255747775	21.14005080048753	cocopye	-20.558767442522253	1.1400508004875292	20.558767442522253	1.1400508004875292	low	low
G_r074_substitution_titv_0p1pct	74	6	substitution_titv	0.001	0.1	titv_2	GB_GCA_016766715.1	Verrucomicrobiota	Bacteria	high	100.0	20.0	100.0	20.0	917845	2	1101414	2	1101414	0.0010005338601722	0.0089640838741259	0	1102	0	0	True	86.57854308486326	17.25532941920163	cocopye	-13.421456915136744	-2.7446705807983705	13.421456915136744	2.7446705807983705	low	low
G_r074_substitution_titv_0p5pct	74	7	substitution_titv	0.005	0.5	titv_2	GB_GCA_016766715.1	Verrucomicrobiota	Bacteria	high	100.0	20.0	100.0	20.0	917845	2	1101414	2	1101414	0.0049118767545659	0.0441104216424403	0	5410	0	0	True	87.38094785696683	19.85521103819575	cocopye	-12.619052143033173	-0.14478896180424883	12.619052143033173	0.14478896180424883	low	low
G_r074_substitution_titv_1pct	74	8	substitution_titv	0.01	1.0	titv_2	GB_GCA_016766715.1	Verrucomicrobiota	Bacteria	high	100.0	20.0	100.0	20.0	917845	2	1101414	2	1101414	0.0100480110984808	0.0864827525163591	0	11067	0	0	True	89.87855131890959	21.15398874103641	cocopye	-10.121448681090413	1.153988741036411	10.121448681090413	1.153988741036411	low	low
G_r074_substitution_titv_2pct	74	9	substitution_titv	0.02	2.0	titv_2	GB_GCA_016766715.1	Verrucomicrobiota	Bacteria	high	100.0	20.0	100.0	20.0	917845	2	1101414	2	1101414	0.0197628135520586	0.1662522378698502	0	21767	0	0	True	90.17106510367528	23.6793937103283	cocopye	-9.828934896324725	3.6793937103282985	9.828934896324725	3.6793937103282985	low	low
G_r074_substitution_titv_5pct	74	10	substitution_titv	0.05	5.0	titv_2	GB_GCA_016766715.1	Verrucomicrobiota	Bacteria	high	100.0	20.0	100.0	20.0	917845	2	1101414	2	1101414	0.0500103503502776	0.3697505902753909	0	55082	0	0	True	84.72854631691635	21.763588770070218	cocopye	-15.27145368308365	1.7635887700702177	15.27145368308365	1.7635887700702177	low	low
G_r074_indel_0p1pct	74	11	indel	0.001	0.1	ins0.5_geom0.75	GB_GCA_016766715.1	Verrucomicrobiota	Bacteria	high	100.0	20.0	99.99909207618568	20.0	917845	2	1101414	2	1101404	0.0009905448813979		0	0	1091	0	True	89.82430497902921	21.64257763719616	cocopye	-10.175695020970792	1.6425776371961582	10.175695020970792	1.6425776371961582	low	low
G_r074_indel_0p5pct	74	12	indel	0.005	0.5	ins0.5_geom0.75	GB_GCA_016766715.1	Verrucomicrobiota	Bacteria	high	100.0	20.0	100.0030869409686	20.0	917845	2	1101414	2	1101448	0.0050090156834759		0	0	5517	0	True	85.61643835616438	65.22070479719606	cocopye	-14.38356164383562	45.22070479719606	14.38356164383562	45.22070479719606	low	low
G_r074_indel_1pct	74	13	indel	0.01	1.0	ins0.5_geom0.75	GB_GCA_016766715.1	Verrucomicrobiota	Bacteria	high	100.0	20.0	100.00726339051435	20.0	917845	2	1101414	2	1101494	0.0099935174239659		0	0	11007	0	True	83.33333333333334	93.20987654320987	cocopye	-16.666666666666657	73.20987654320987	16.666666666666657	73.20987654320987	low	low
G_r074_indel_2pct	74	14	indel	0.02	2.0	ins0.5_geom0.75	GB_GCA_016766715.1	Verrucomicrobiota	Bacteria	high	100.0	20.0	99.9874706513627	20.0	917845	2	1101414	2	1101276	0.0200033774765891		0	0	22032	0	True	81.76795580110497	107.73480662983424	cocopye	-18.232044198895025	87.73480662983424	18.232044198895025	87.73480662983424	low	low
G_r074_indel_5pct	74	15	indel	0.05	5.0	ins0.5_geom0.75	GB_GCA_016766715.1	Verrucomicrobiota	Bacteria	high	100.0	20.0	99.9743057560554	20.0	917845	2	1101414	2	1101131	0.0500583795012592		0	0	55135	0	True	61.57635467980296	48.02955665024631	cocopye	-38.42364532019704	28.029556650246313	38.42364532019704	28.029556650246313	low	low
G_r074_chimera_5pct	74	16	chimera	0.05	5.0	rc0.5	GB_GCA_016766715.1	Verrucomicrobiota	Bacteria	high	100.0	20.0	100.0	20.0	917845	2	1101414	2	1101414	0.0		0	0	0	0	True	86.77156607798968	16.59717528670035	cocopye	-13.228433922010325	-3.402824713299651	13.228433922010325	3.402824713299651	low	low
G_r074_chimera_10pct	74	17	chimera	0.1	10.0	rc0.5	GB_GCA_016766715.1	Verrucomicrobiota	Bacteria	high	100.0	20.0	100.0	20.0	917845	2	1101414	2	1101414	0.0		0	0	0	0	True	86.77156607798968	16.59717528670035	cocopye	-13.228433922010325	-3.402824713299651	13.228433922010325	3.402824713299651	low	low
G_r074_chimera_20pct	74	18	chimera	0.2	20.0	rc0.5	GB_GCA_016766715.1	Verrucomicrobiota	Bacteria	high	100.0	20.0	100.0	20.0	917845	2	1101414	2	1101414	0.0		0	0	0	0	True	86.77156607798968	16.59717528670035	cocopye	-13.228433922010325	-3.402824713299651	13.228433922010325	3.402824713299651	low	low
G_r074_chimera_40pct	74	19	chimera	0.4	40.0	rc0.5	GB_GCA_016766715.1	Verrucomicrobiota	Bacteria	high	100.0	20.0	100.0	20.0	917845	2	1101414	2	1101414	0.0		0	0	0	0	True	86.77156607798968	16.59717528670035	cocopye	-13.228433922010325	-3.402824713299651	13.228433922010325	3.402824713299651	low	low
G_r074_uneven_coverage_5pct	74	20	uneven_coverage	0.05	5.0	lognormal_sigma1.0	GB_GCA_016766715.1	Verrucomicrobiota	Bacteria	high	100.0	20.0	100.0	26.000032685257317	917845	2	1101414	3	1156485	0.0500002723771442		55071	0	0	0	True	87.15123610282386	15.25844569669694	cocopye	-12.848763897176141	-4.74155430330306	12.848763897176141	4.74155430330306	low	low
G_r074_uneven_coverage_10pct	74	21	uneven_coverage	0.1	10.0	lognormal_sigma1.0	GB_GCA_016766715.1	Verrucomicrobiota	Bacteria	high	100.0	20.0	100.0	31.999956419656915	917845	2	1101414	4	1211555	0.0999996368304742		110141	0	0	0	True	88.37668526836744	9.13867680782943	cocopye	-11.623314731632561	-10.86132319217057	11.623314731632561	10.86132319217057	medium	low
G_r074_uneven_coverage_20pct	74	22	uneven_coverage	0.2	20.0	lognormal_sigma1.0	GB_GCA_016766715.1	Verrucomicrobiota	Bacteria	high	100.0	20.0	100.0	44.00002179017154	917845	2	1101414	3	1321697	0.2000001815847628		220283	0	0	0	True	90.05226225658103	18.55767445092891	cocopye	-9.947737743418969	-1.4423255490710893	9.947737743418969	1.4423255490710893	low	low
G_r074_uneven_coverage_40pct	74	23	uneven_coverage	0.4	40.0	lognormal_sigma1.0	GB_GCA_016766715.1	Verrucomicrobiota	Bacteria	high	100.0	20.0	100.0	68.00004358034309	917845	2	1101414	4	1541980	0.4000003631695257		440566	0	0	0	True	87.14285714285714	47.14285714285714	cocopye	-12.857142857142861	27.14285714285714	12.857142857142861	27.14285714285714	low	low
G_r075_none_control	75	0	none	0.0	0.0	control	RS_GCF_001719125.1	Thermoproteota	Archaea	medium	83.298249425198	1.999987352681994	83.298249425198	1.999987352681994	2688317	6	2293087	6	2293087	0.0		0	0	0	0	True	87.79461562433445	0.7787724946735199	cocopye	4.49636619913646	-1.221214858008474	4.49636619913646	1.221214858008474	medium	medium
G_r075_substitution_0p1pct	75	1	substitution	0.001	0.1	uniform	RS_GCF_001719125.1	Thermoproteota	Archaea	medium	83.298249425198	1.999987352681994	83.298249425198	1.999987352681994	2688317	6	2293087	6	2293087	0.0009990898731709	0.0089640838741259	0	2291	0	0	True	87.39184656399013	3.69913956405748	cocopye	4.093597138792134	1.699152211375486	4.093597138792134	1.699152211375486	medium	medium
G_r075_substitution_0p5pct	75	2	substitution	0.005	0.5	uniform	RS_GCF_001719125.1	Thermoproteota	Archaea	medium	83.298249425198	1.999987352681994	83.298249425198	1.999987352681994	2688317	6	2293087	6	2293087	0.004992832805733	0.0441104216424403	0	11449	0	0	True	87.67153416834836	10.37201169782193	cocopye	4.373284743150364	8.372024345139936	4.373284743150364	8.372024345139936	low	medium
G_r075_substitution_1pct	75	3	substitution	0.01	1.0	uniform	RS_GCF_001719125.1	Thermoproteota	Archaea	medium	83.298249425198	1.999987352681994	83.298249425198	1.999987352681994	2688317	6	2293087	6	2293087	0.0099551390767118	0.0864827525163591	0	22828	0	0	True	86.21370847778212	16.45087818153791	cocopye	2.9154590525841257	14.450890828855915	2.9154590525841257	14.450890828855915	low	medium
G_r075_substitution_2pct	75	4	substitution	0.02	2.0	uniform	RS_GCF_001719125.1	Thermoproteota	Archaea	medium	83.298249425198	1.999987352681994	83.298249425198	1.999987352681994	2688317	6	2293087	6	2293087	0.0200602942670731	0.1662522378698502	0	46000	0	0	True	84.20611368224095	25.5565309704801	cocopye	0.9078642570429594	23.556543617798106	0.9078642570429594	23.556543617798106	low	medium
G_r075_substitution_5pct	75	5	substitution	0.05	5.0	uniform	RS_GCF_001719125.1	Thermoproteota	Archaea	medium	83.298249425198	1.999987352681994	83.298249425198	1.999987352681994	2688317	6	2293087	6	2293087	0.0500460732628112	0.3697505902753909	0	114760	0	0	True	83.82405635484459	38.53680321301335	cocopye	0.5258069296465919	36.53681586033136	0.5258069296465919	36.53681586033136	low	medium
G_r075_substitution_titv_0p1pct	75	6	substitution_titv	0.001	0.1	titv_2	RS_GCF_001719125.1	Thermoproteota	Archaea	medium	83.298249425198	1.999987352681994	83.298249425198	1.999987352681994	2688317	6	2293087	6	2293087	0.0009825183257329	0.0089640838741259	0	2253	0	0	True	87.64725437588552	3.20712728820137	cocopye	4.3490049506875295	1.2071399355193762	4.3490049506875295	1.2071399355193762	medium	medium
G_r075_substitution_titv_0p5pct	75	7	substitution_titv	0.005	0.5	titv_2	RS_GCF_001719125.1	Thermoproteota	Archaea	medium	83.298249425198	1.999987352681994	83.298249425198	1.999987352681994	2688317	6	2293087	6	2293087	0.0050421113546934	0.0441104216424403	0	11562	0	0	True	87.69019227207801	4.68110854940437	cocopye	4.3919428468800135	2.6811211967223763	4.3919428468800135	2.6811211967223763	medium	medium
G_r075_substitution_titv_1pct	75	8	substitution_titv	0.01	1.0	titv_2	RS_GCF_001719125.1	Thermoproteota	Archaea	medium	83.298249425198	1.999987352681994	83.298249425198	1.999987352681994	2688317	6	2293087	6	2293087	0.0100427938407919	0.0864827525163591	0	23029	0	0	True	86.86867078733712	9.94483562481053	cocopye	3.570421362139129	7.944848272128536	3.570421362139129	7.944848272128536	medium	medium
G_r075_substitution_titv_2pct	75	9	substitution_titv	0.02	2.0	titv_2	RS_GCF_001719125.1	Thermoproteota	Archaea	medium	83.298249425198	1.999987352681994	83.298249425198	1.999987352681994	2688317	6	2293087	6	2293087	0.0199299023543371	0.1662522378698502	0	45701	0	0	True	81.94455871653075	20.49807000209779	cocopye	-1.3536907086672443	18.498082649415796	1.3536907086672443	18.498082649415796	low	medium
G_r075_substitution_titv_5pct	75	10	substitution_titv	0.05	5.0	titv_2	RS_GCF_001719125.1	Thermoproteota	Archaea	medium	83.298249425198	1.999987352681994	83.298249425198	1.999987352681994	2688317	6	2293087	6	2293087	0.0500674418371391	0.3697505902753909	0	114809	0	0	True	82.37029736796127	33.75171015437799	cocopye	-0.9279520572367232	31.751722801695994	0.9279520572367232	31.751722801695994	low	medium
G_r075_indel_0p1pct	75	11	indel	0.001	0.1	ins0.5_geom0.75	RS_GCF_001719125.1	Thermoproteota	Archaea	medium	83.298249425198	1.999987352681994	83.29806779613327	1.999987352681994	2688317	6	2293087	6	2293082	0.0009764130187821		0	0	2239	0	True	85.70719666589734	26.33271021953026	cocopye	2.408947240699348	24.332722866848265	2.408947240699348	24.332722866848265	low	medium
G_r075_indel_0p5pct	75	12	indel	0.005	0.5	ins0.5_geom0.75	RS_GCF_001719125.1	Thermoproteota	Archaea	medium	83.298249425198	1.999987352681994	83.30053795141343	1.999987352681994	2688317	6	2293087	6	2293150	0.0050207427803655		0	0	11513	0	True	88.51027182482798	92.80071666845852	cocopye	5.212022399629987	90.80072931577652	5.212022399629987	90.80072931577652	low	medium
G_r075_indel_1pct	75	13	indel	0.01	1.0	ins0.5_geom0.75	RS_GCF_001719125.1	Thermoproteota	Archaea	medium	83.298249425198	1.999987352681994	83.30195465811822	1.999987352681994	2688317	6	2293087	6	2293189	0.0099852295181124		0	0	22897	0	True	88.40307370580808	134.64645231613005	cocopye	5.104824280610089	132.64646496344807	5.104824280610089	132.64646496344807	low	medium
G_r075_indel_2pct	75	14	indel	0.02	2.0	ins0.5_geom0.75	RS_GCF_001719125.1	Thermoproteota	Archaea	medium	83.298249425198	1.999987352681994	83.32040817109355	1.999987352681994	2688317	6	2293087	6	2293697	0.0201017231356682		0	0	46095	0	True	84.79852841076334	144.53388495572509	cocopye	1.5002789855653447	142.5338976030431	1.5002789855653447	142.5338976030431	low	medium
G_r075_indel_5pct	75	15	indel	0.05	5.0	ins0.5_geom0.75	RS_GCF_001719125.1	Thermoproteota	Archaea	medium	83.298249425198	1.999987352681994	83.3136152440731	1.999987352681994	2688317	6	2293087	6	2293510	0.0499906894068999		0	0	114633	0	True	65.4636583830181	71.43976311934622	cocopye	-17.834591042179895	69.43977576666423	17.834591042179895	69.43977576666423	low	medium
G_r075_chimera_5pct	75	16	chimera	0.05	5.0	rc0.5	RS_GCF_001719125.1	Thermoproteota	Archaea	medium	83.298249425198	1.999987352681994	83.298249425198	1.999987352681994	2688317	6	2293087	6	2293087	0.0		0	0	0	0	True	87.79461562433445	0.7787724946735199	cocopye	4.49636619913646	-1.221214858008474	4.49636619913646	1.221214858008474	medium	medium
G_r075_chimera_10pct	75	17	chimera	0.1	10.0	rc0.5	RS_GCF_001719125.1	Thermoproteota	Archaea	medium	83.298249425198	1.999987352681994	83.298249425198	1.999987352681994	2688317	6	2293087	5	2293087	0.3333333333333333		0	0	0	1	True	87.79461562433445	0.7787724946735199	cocopye	4.49636619913646	-1.221214858008474	4.49636619913646	1.221214858008474	medium	medium
G_r075_chimera_20pct	75	18	chimera	0.2	20.0	rc0.5	RS_GCF_001719125.1	Thermoproteota	Archaea	medium	83.298249425198	1.999987352681994	83.298249425198	1.999987352681994	2688317	6	2293087	5	2293087	0.3333333333333333		0	0	0	1	True	87.79461562433445	0.7787724946735199	cocopye	4.49636619913646	-1.221214858008474	4.49636619913646	1.221214858008474	medium	medium
G_r075_chimera_40pct	75	19	chimera	0.4	40.0	rc0.5	RS_GCF_001719125.1	Thermoproteota	Archaea	medium	83.298249425198	1.999987352681994	83.298249425198	1.999987352681994	2688317	6	2293087	5	2293087	0.3333333333333333		0	0	0	1	True	87.79461562433445	0.7787724946735199	cocopye	4.49636619913646	-1.221214858008474	4.49636619913646	1.221214858008474	medium	medium
G_r075_uneven_coverage_5pct	75	20	uneven_coverage	0.05	5.0	lognormal_sigma1.0	RS_GCF_001719125.1	Thermoproteota	Archaea	medium	83.298249425198	1.999987352681994	83.298249425198	6.264886172278046	2688317	6	2293087	7	2407741	0.0499998473673262		114654	0	0	0	True	88.40800012333645	1.46050323653918	cocopye	5.1097506981384555	-0.5394841161428141	5.1097506981384555	0.5394841161428141	medium	medium
G_r075_uneven_coverage_10pct	75	21	uneven_coverage	0.1	10.0	lognormal_sigma1.0	RS_GCF_001719125.1	Thermoproteota	Archaea	medium	83.298249425198	1.999987352681994	83.298249425198	10.529822189868234	2688317	6	2293087	7	2522396	0.100000130828006		229309	0	0	0	True	89.17360753839277	2.20353992714853	cocopye	5.875358113194778	0.20355257446653607	5.875358113194778	0.20355257446653607	medium	medium
G_r075_uneven_coverage_20pct	75	22	uneven_coverage	0.2	20.0	lognormal_sigma1.0	RS_GCF_001719125.1	Thermoproteota	Archaea	medium	83.298249425198	1.999987352681994	83.298249425198	19.05961982906034	2688317	6	2293087	9	2751704	0.1999998255626585		458617	0	0	0	True	86.72209917656635	13.85233430555228	cocopye	3.4238497513683512	11.852346952870285	3.4238497513683512	11.852346952870285	low	medium
G_r075_uneven_coverage_40pct	75	23	uneven_coverage	0.4	40.0	lognormal_sigma1.0	RS_GCF_001719125.1	Thermoproteota	Archaea	medium	83.298249425198	1.999987352681994	83.298249425198	36.11928950343282	2688317	6	2293087	10	3210322	0.4000000872186707		917235	0	0	0	True	89.69135420271365	16.32746859949203	cocopye	6.39310477751566	14.327481246810034	6.39310477751566	14.327481246810034	low	medium
G_r076_none_control	76	0	none	0.0	0.0	control	GB_GCA_963663615.1	Bacteroidota_A	Bacteria	low	90.1594500831497	1.9999800782261647	90.1594500831497	1.9999800782261647	4216492	127	3885895	127	3885895	0.0		0	0	0	0	True	92.29204884567332	3.99026773998837	cocopye	2.132598762523628	1.9902876617622052	2.132598762523628	1.9902876617622052	high	high
G_r076_substitution_0p1pct	76	1	substitution	0.001	0.1	uniform	GB_GCA_963663615.1	Bacteroidota_A	Bacteria	low	90.1594500831497	1.9999800782261647	90.1594500831497	1.9999800782261647	4216492	127	3885895	127	3885895	0.0009917921096684	0.0089640838741259	0	3854	0	0	True	91.06936571606153	2.45631274176686	cocopye	0.909915632911833	0.45633266354069524	0.909915632911833	0.45633266354069524	high	high
G_r076_substitution_0p5pct	76	2	substitution	0.005	0.5	uniform	GB_GCA_963663615.1	Bacteroidota_A	Bacteria	low	90.1594500831497	1.9999800782261647	90.1594500831497	1.9999800782261647	4216492	127	3885895	127	3885895	0.0050407949777335	0.0441104216424403	0	19588	0	0	True	89.99992499470473	8.119060854788291	cocopye	-0.1595250884449655	6.119080776562126	0.1595250884449655	6.119080776562126	medium	high
G_r076_substitution_1pct	76	3	substitution	0.01	1.0	uniform	GB_GCA_963663615.1	Bacteroidota_A	Bacteria	low	90.1594500831497	1.9999800782261647	90.1594500831497	1.9999800782261647	4216492	127	3885895	127	3885895	0.0099642424718115	0.0864827525163591	0	38720	0	0	True	91.163816872075	11.82815197889996	cocopye	1.00436678892531	9.828171900673796	1.00436678892531	9.828171900673796	low	high
G_r076_substitution_2pct	76	4	substitution	0.02	2.0	uniform	GB_GCA_963663615.1	Bacteroidota_A	Bacteria	low	90.1594500831497	1.9999800782261647	90.1594500831497	1.9999800782261647	4216492	127	3885895	127	3885895	0.0200419723126847	0.1662522378698502	0	77881	0	0	True	92.94348415286308	18.95221839972227	cocopye	2.7840340697133854	16.952238321496104	2.7840340697133854	16.952238321496104	low	high
G_r076_substitution_5pct	76	5	substitution	0.05	5.0	uniform	GB_GCA_963663615.1	Bacteroidota_A	Bacteria	low	90.1594500831497	1.9999800782261647	90.1594500831497	1.9999800782261647	4216492	127	3885895	127	3885895	0.0498711365078057	0.3697505902753909	0	193794	0	0	True	87.00440528634361	36.34361233480176	cocopye	-3.155044796806081	34.343632256575596	3.155044796806081	34.343632256575596	low	high
G_r076_substitution_titv_0p1pct	76	6	substitution_titv	0.001	0.1	titv_2	GB_GCA_963663615.1	Bacteroidota_A	Bacteria	low	90.1594500831497	1.9999800782261647	90.1594500831497	1.9999800782261647	4216492	127	3885895	127	3885895	0.0010010563846938	0.0089640838741259	0	3890	0	0	True	92.35838022565912	3.72622054738088	cocopye	2.1989301425094254	1.726240469154715	2.1989301425094254	1.726240469154715	high	high
G_r076_substitution_titv_0p5pct	76	7	substitution_titv	0.005	0.5	titv_2	GB_GCA_963663615.1	Bacteroidota_A	Bacteria	low	90.1594500831497	1.9999800782261647	90.1594500831497	1.9999800782261647	4216492	127	3885895	127	3885895	0.0050171196082241	0.0441104216424403	0	19496	0	0	True	93.2119821229854	9.04202621999244	cocopye	3.052532039835711	7.042046141766275	3.052532039835711	7.042046141766275	medium	high
G_r076_substitution_titv_1pct	76	8	substitution_titv	0.01	1.0	titv_2	GB_GCA_963663615.1	Bacteroidota_A	Bacteria	low	90.1594500831497	1.9999800782261647	90.1594500831497	1.9999800782261647	4216492	127	3885895	127	3885895	0.0099969247753734	0.0864827525163591	0	38847	0	0	True	92.33505422856524	10.398636289153	cocopye	2.175604145415548	8.398656210926836	2.175604145415548	8.398656210926836	low	high
G_r076_substitution_titv_2pct	76	9	substitution_titv	0.02	2.0	titv_2	GB_GCA_963663615.1	Bacteroidota_A	Bacteria	low	90.1594500831497	1.9999800782261647	90.1594500831497	1.9999800782261647	4216492	127	3885895	127	3885895	0.0199503589263219	0.1662522378698502	0	77525	0	0	True	93.11316144034276	14.451446246888388	cocopye	2.9537113571930718	12.451466168662224	2.9537113571930718	12.451466168662224	low	high
G_r076_substitution_titv_5pct	76	10	substitution_titv	0.05	5.0	titv_2	GB_GCA_963663615.1	Bacteroidota_A	Bacteria	low	90.1594500831497	1.9999800782261647	90.1594500831497	1.9999800782261647	4216492	127	3885895	127	3885895	0.0501081475438734	0.3697505902753909	0	194715	0	0	True	90.55772926550706	18.33484151269201	cocopye	0.3982791823573706	16.334861434465843	0.3982791823573706	16.334861434465843	low	high
G_r076_indel_0p1pct	76	11	indel	0.001	0.1	ins0.5_geom0.75	GB_GCA_963663615.1	Bacteroidota_A	Bacteria	low	90.1594500831497	1.9999800782261647	90.15571460613258	1.9999800782261647	4216492	127	3885895	127	3885734	0.000996681588154		0	0	3873	0	True	91.68861761528063	17.60124791787844	cocopye	1.5291675321309413	15.601267839652275	1.5291675321309413	15.601267839652275	low	high
G_r076_indel_0p5pct	76	12	indel	0.005	0.5	ins0.5_geom0.75	GB_GCA_963663615.1	Bacteroidota_A	Bacteria	low	90.1594500831497	1.9999800782261647	90.1550881596763	1.9999800782261647	4216492	127	3885895	127	3885707	0.0049911281699582		0	0	19395	0	True	86.26865671641791	82.28855417735541	cocopye	-3.890793366731785	80.28857409912925	3.890793366731785	80.28857409912925	low	high
G_r076_indel_1pct	76	13	indel	0.01	1.0	ins0.5_geom0.75	GB_GCA_963663615.1	Bacteroidota_A	Bacteria	low	90.1594500831497	1.9999800782261647	90.16084218638588	1.9999800782261647	4216492	127	3885895	127	3885955	0.010027548351152		0	0	38966	0	True	86.13138686131386	122.992700729927	cocopye	-4.028063221835836	120.99272065170084	4.028063221835836	120.99272065170084	low	high
G_r076_indel_2pct	76	14	indel	0.02	2.0	ins0.5_geom0.75	GB_GCA_963663615.1	Bacteroidota_A	Bacteria	low	90.1594500831497	1.9999800782261647	90.16578415287437	1.9999800782261647	4216492	127	3885895	127	3886168	0.0200437736994952		0	0	77888	0	True	86.37820512820514	147.9967948717949	cocopye	-3.7812449549445546	145.99681479356872	3.7812449549445546	145.99681479356872	low	high
G_r076_indel_5pct	76	15	indel	0.05	5.0	ins0.5_geom0.75	GB_GCA_963663615.1	Bacteroidota_A	Bacteria	low	90.1594500831497	1.9999800782261647	90.14051747913751	1.9999800782261647	4216492	127	3885895	127	3885079	0.0500075272234581		0	0	194324	0	True	74.46894926183364	70.2614428950291	cocopye	-15.69050082131605	68.26146281680295	15.69050082131605	68.26146281680295	low	high
G_r076_chimera_5pct	76	16	chimera	0.05	5.0	rc0.5	GB_GCA_963663615.1	Bacteroidota_A	Bacteria	low	90.1594500831497	1.9999800782261647	90.1594500831497	1.9999800782261647	4216492	127	3885895	124	3885895	0.0472440944881889		0	0	0	3	True	92.29204884567332	3.99026773998837	cocopye	2.132598762523628	1.9902876617622052	2.132598762523628	1.9902876617622052	high	high
G_r076_chimera_10pct	76	17	chimera	0.1	10.0	rc0.5	GB_GCA_963663615.1	Bacteroidota_A	Bacteria	low	90.1594500831497	1.9999800782261647	90.1594500831497	1.9999800782261647	4216492	127	3885895	121	3885895	0.0944881889763779		0	0	0	6	True	92.29204884567332	3.99026773998837	cocopye	2.132598762523628	1.9902876617622052	2.132598762523628	1.9902876617622052	high	high
G_r076_chimera_20pct	76	18	chimera	0.2	20.0	rc0.5	GB_GCA_963663615.1	Bacteroidota_A	Bacteria	low	90.1594500831497	1.9999800782261647	90.1594500831497	1.9999800782261647	4216492	127	3885895	114	3885895	0.2047244094488189		0	0	0	13	True	92.28910197855453	4.06805009610569	cocopye	2.129651895404834	2.068070017879525	2.129651895404834	2.068070017879525	high	high
G_r076_chimera_40pct	76	19	chimera	0.4	40.0	rc0.5	GB_GCA_963663615.1	Bacteroidota_A	Bacteria	low	90.1594500831497	1.9999800782261647	90.1594500831497	1.9999800782261647	4216492	127	3885895	101	3885895	0.4094488188976378		0	0	0	26	True	92.29204884567332	3.99026773998837	cocopye	2.132598762523628	1.9902876617622052	2.132598762523628	1.9902876617622052	high	high
G_r076_uneven_coverage_5pct	76	20	uneven_coverage	0.05	5.0	lognormal_sigma1.0	GB_GCA_963663615.1	Bacteroidota_A	Bacteria	low	90.1594500831497	1.9999800782261647	90.1594500831497	6.607957515394314	4216492	127	3885895	133	4080190	0.0500000643352432		194295	0	0	0	True	90.48783433545144	3.09431080194043	cocopye	0.3283842523017455	1.0943307237142654	0.3283842523017455	1.0943307237142654	high	high
G_r076_uneven_coverage_10pct	76	21	uneven_coverage	0.1	10.0	lognormal_sigma1.0	GB_GCA_963663615.1	Bacteroidota_A	Bacteria	low	90.1594500831497	1.9999800782261647	90.1594500831497	11.215934952562462	4216492	127	3885895	139	4274485	0.1000001286704864		388590	0	0	0	True	93.27990303872046	5.00004081168759	cocopye	3.1204529555707694	3.0000607334614253	3.1204529555707694	3.0000607334614253	medium	high
G_r076_uneven_coverage_20pct	76	22	uneven_coverage	0.2	20.0	lognormal_sigma1.0	GB_GCA_963663615.1	Bacteroidota_A	Bacteria	low	90.1594500831497	1.9999800782261647	90.1594500831497	20.431866110501332	4216492	127	3885895	147	4663074	0.2		777179	0	0	0	True	93.09056976410834	8.63082447903954	cocopye	2.931119680958645	6.630844400813374	2.931119680958645	6.630844400813374	medium	high
G_r076_uneven_coverage_40pct	76	23	uneven_coverage	0.4	40.0	lognormal_sigma1.0	GB_GCA_963663615.1	Bacteroidota_A	Bacteria	low	90.1594500831497	1.9999800782261647	90.1594500831497	38.863752142776505	4216492	127	3885895	165	5440253	0.4		1554358	0	0	0	True	94.28251121076232	30.717488789237667	cocopye	4.12306112761263	28.7175087110115	4.12306112761263	28.7175087110115	low	high
G_r077_none_control	77	0	none	0.0	0.0	control	GB_GCA_016700095.1	Patescibacteriota	Bacteria	high	100.0	9.999937217380111	100.0	9.999937217380111	1274238	4	1401661	4	1401661	0.0		0	0	0	0	True	76.24446481211469	15.21207418093318	cocopye	-23.755535187885314	5.212136963553069	23.755535187885314	5.212136963553069	low	medium
G_r077_substitution_0p1pct	77	1	substitution	0.001	0.1	uniform	GB_GCA_016700095.1	Patescibacteriota	Bacteria	high	100.0	9.999937217380111	100.0	9.999937217380111	1274238	4	1401661	4	1401661	0.0010273525481553	0.0089640838741259	0	1440	0	0	True	77.64966421240895	15.52004896383936	cocopye	-22.35033578759105	5.520111746459248	22.35033578759105	5.520111746459248	low	medium
G_r077_substitution_0p5pct	77	2	substitution	0.005	0.5	uniform	GB_GCA_016700095.1	Patescibacteriota	Bacteria	high	100.0	9.999937217380111	100.0	9.999937217380111	1274238	4	1401661	4	1401661	0.0050433021964654	0.0441104216424403	0	7069	0	0	True	76.5254996851879	19.43214058020917	cocopye	-23.474500314812104	9.432203362829057	23.474500314812104	9.432203362829057	low	medium
G_r077_substitution_1pct	77	3	substitution	0.01	1.0	uniform	GB_GCA_016700095.1	Patescibacteriota	Bacteria	high	100.0	9.999937217380111	100.0	9.999937217380111	1274238	4	1401661	4	1401661	0.0099917169700804	0.0864827525163591	0	14005	0	0	True	75.81086825404454	21.31006756775851	cocopye	-24.189131745955464	11.310130350378397	24.189131745955464	11.310130350378397	low	medium
G_r077_substitution_2pct	77	4	substitution	0.02	2.0	uniform	GB_GCA_016700095.1	Patescibacteriota	Bacteria	high	100.0	9.999937217380111	100.0	9.999937217380111	1274238	4	1401661	4	1401661	0.0198742777319194	0.1662522378698502	0	27857	0	0	True	74.85231343433236	21.35074690430119	cocopye	-25.14768656566764	11.350809686921078	25.14768656566764	11.350809686921078	low	medium
G_r077_substitution_5pct	77	5	substitution	0.05	5.0	uniform	GB_GCA_016700095.1	Patescibacteriota	Bacteria	high	100.0	9.999937217380111	100.0	9.999937217380111	1274238	4	1401661	4	1401661	0.050129810275095	0.3697505902753909	0	70265	0	0	True	71.55797101449275	32.60869565217391	cocopye	-28.44202898550725	22.608758434793796	28.44202898550725	22.608758434793796	low	medium
G_r077_substitution_titv_0p1pct	77	6	substitution_titv	0.001	0.1	titv_2	GB_GCA_016700095.1	Patescibacteriota	Bacteria	high	100.0	9.999937217380111	100.0	9.999937217380111	1274238	4	1401661	4	1401661	0.0009781252385562	0.0089640838741259	0	1371	0	0	True	76.28203851760715	14.953666484666789	cocopye	-23.71796148239285	4.953729267286677	23.71796148239285	4.953729267286677	low	medium
G_r077_substitution_titv_0p5pct	77	7	substitution_titv	0.005	0.5	titv_2	GB_GCA_016700095.1	Patescibacteriota	Bacteria	high	100.0	9.999937217380111	100.0	9.999937217380111	1274238	4	1401661	4	1401661	0.0049655373160842	0.0441104216424403	0	6960	0	0	True	73.0745910842741	24.95027343984485	cocopye	-26.925408915725896	14.950336222464738	26.925408915725896	14.950336222464738	low	medium
G_r077_substitution_titv_1pct	77	8	substitution_titv	0.01	1.0	titv_2	GB_GCA_016700095.1	Patescibacteriota	Bacteria	high	100.0	9.999937217380111	100.0	9.999937217380111	1274238	4	1401661	4	1401661	0.0100074126340106	0.0864827525163591	0	14027	0	0	True	76.94117303633242	18.30346989558114	cocopye	-23.058826963667585	8.30353267820103	23.058826963667585	8.30353267820103	low	medium
G_r077_substitution_titv_2pct	77	9	substitution_titv	0.02	2.0	titv_2	GB_GCA_016700095.1	Patescibacteriota	Bacteria	high	100.0	9.999937217380111	100.0	9.999937217380111	1274238	4	1401661	4	1401661	0.0198236235437812	0.1662522378698502	0	27786	0	0	True	78.81460255205528	13.7442079633773	cocopye	-21.185397447944723	3.7442707459971896	21.185397447944723	3.7442707459971896	low	medium
G_r077_substitution_titv_5pct	77	10	substitution_titv	0.05	5.0	titv_2	GB_GCA_016700095.1	Patescibacteriota	Bacteria	high	100.0	9.999937217380111	100.0	9.999937217380111	1274238	4	1401661	4	1401661	0.0499749939536021	0.3697505902753909	0	70048	0	0	True	73.52789335158513	13.23385955825794	cocopye	-26.472106648414865	3.233922340877829	26.472106648414865	3.233922340877829	low	medium
G_r077_indel_0p1pct	77	11	indel	0.001	0.1	ins0.5_geom0.75	GB_GCA_016700095.1	Patescibacteriota	Bacteria	high	100.0	9.999937217380111	100.00370988420168	9.999937217380111	1274238	4	1401661	4	1401713	0.0010038090522601		0	0	1407	0	True	84.16887195410816	14.95037724461514	cocopye	-15.831128045891845	4.950440027235029	15.831128045891845	4.950440027235029	low	medium
G_r077_indel_0p5pct	77	12	indel	0.005	0.5	ins0.5_geom0.75	GB_GCA_016700095.1	Patescibacteriota	Bacteria	high	100.0	9.999937217380111	100.0055648263025	9.999937217380111	1274238	4	1401661	4	1401739	0.0049990689617532		0	0	7007	0	True	77.68959166511657	57.14285714285714	cocopye	-22.310408334883434	47.14291992547703	22.310408334883434	47.14291992547703	low	medium
G_r077_indel_1pct	77	13	indel	0.01	1.0	ins0.5_geom0.75	GB_GCA_016700095.1	Patescibacteriota	Bacteria	high	100.0	9.999937217380111	99.98858497168716	9.999937217380111	1274238	4	1401661	4	1401501	0.0099674600349157		0	0	13971	0	True	74.16666666666667	86.25	cocopye	-25.83333333333333	76.25006278261989	25.83333333333333	76.25006278261989	low	medium
G_r077_indel_2pct	77	14	indel	0.02	2.0	ins0.5_geom0.75	GB_GCA_016700095.1	Patescibacteriota	Bacteria	high	100.0	9.999937217380111	99.97652784803174	9.999937217380111	1274238	4	1401661	4	1401332	0.0199713054725786		0	0	27993	0	True	69.28104575163398	76.1437908496732	cocopye	-30.718954248366018	66.14385363229309	30.718954248366018	66.14385363229309	low	medium
G_r077_indel_5pct	77	15	indel	0.05	5.0	ins0.5_geom0.75	GB_GCA_016700095.1	Patescibacteriota	Bacteria	high	100.0	9.999937217380111	99.97716994337432	9.999937217380111	1274238	4	1401661	4	1401341	0.0500862904796523		0	0	70204	0	True	54.965753424657535	39.04109589041096	cocopye	-45.034246575342465	29.041158673030846	45.034246575342465	29.041158673030846	low	medium
G_r077_chimera_5pct	77	16	chimera	0.05	5.0	rc0.5	GB_GCA_016700095.1	Patescibacteriota	Bacteria	high	100.0	9.999937217380111	100.0	9.999937217380111	1274238	4	1401661	4	1401661	0.0		0	0	0	0	True	76.24446481211469	15.21207418093318	cocopye	-23.755535187885314	5.212136963553069	23.755535187885314	5.212136963553069	low	medium
G_r077_chimera_10pct	77	17	chimera	0.1	10.0	rc0.5	GB_GCA_016700095.1	Patescibacteriota	Bacteria	high	100.0	9.999937217380111	100.0	9.999937217380111	1274238	4	1401661	4	1401661	0.0		0	0	0	0	True	76.24446481211469	15.21207418093318	cocopye	-23.755535187885314	5.212136963553069	23.755535187885314	5.212136963553069	low	medium
G_r077_chimera_20pct	77	18	chimera	0.2	20.0	rc0.5	GB_GCA_016700095.1	Patescibacteriota	Bacteria	high	100.0	9.999937217380111	100.0	9.999937217380111	1274238	4	1401661	4	1401661	0.0		0	0	0	0	True	76.24446481211469	15.21207418093318	cocopye	-23.755535187885314	5.212136963553069	23.755535187885314	5.212136963553069	low	medium
G_r077_chimera_40pct	77	19	chimera	0.4	40.0	rc0.5	GB_GCA_016700095.1	Patescibacteriota	Bacteria	high	100.0	9.999937217380111	100.0	9.999937217380111	1274238	4	1401661	4	1401661	0.0		0	0	0	0	True	76.24446481211469	15.21207418093318	cocopye	-23.755535187885314	5.212136963553069	23.755535187885314	5.212136963553069	low	medium
G_r077_uneven_coverage_5pct	77	20	uneven_coverage	0.05	5.0	lognormal_sigma1.0	GB_GCA_016700095.1	Patescibacteriota	Bacteria	high	100.0	9.999937217380111	100.0	15.499930154335376	1274238	4	1401661	5	1471744	0.0499999643280365		70083	0	0	0	True	75.06508623516048	19.35848006837016	cocopye	-24.93491376483952	9.358542850990048	24.93491376483952	9.358542850990048	low	medium
G_r077_uneven_coverage_10pct	77	21	uneven_coverage	0.1	10.0	lognormal_sigma1.0	GB_GCA_016700095.1	Patescibacteriota	Bacteria	high	100.0	9.999937217380111	100.0	20.99992309129064	1274238	4	1401661	5	1541827	0.099999928656073		140166	0	0	0	True	76.24294316303674	21.83093645821099	cocopye	-23.757056836963258	11.830999240830877	23.757056836963258	11.830999240830877	low	medium
G_r077_uneven_coverage_20pct	77	22	uneven_coverage	0.2	20.0	lognormal_sigma1.0	GB_GCA_016700095.1	Patescibacteriota	Bacteria	high	100.0	9.999937217380111	100.0	31.999908965201165	1274238	4	1401661	12	1681993	0.1999998573121461		280332	0	0	0	True	70.35800838440609	18.2942812532432	cocopye	-29.64199161559391	8.294344035863087	29.64199161559391	8.294344035863087	low	medium
G_r077_uneven_coverage_40pct	77	23	uneven_coverage	0.4	40.0	lognormal_sigma1.0	GB_GCA_016700095.1	Patescibacteriota	Bacteria	high	100.0	9.999937217380111	100.0	53.999880713022215	1274238	4	1401661	5	1962325	0.3999997146242922		560664	0	0	0	True	71.5213671762548	20.88021326395585	cocopye	-28.4786328237452	10.880276046575737	28.4786328237452	10.880276046575737	low	medium
G_r078_none_control	78	0	none	0.0	0.0	control	RS_GCF_007182855.1	Deinococcota	Bacteria	highly_fragmented	69.93828042535343	0.0	69.93828042535343	0.0	2169490	69	1517304	69	1517304	0.0		0	0	0	0	True	69.77742353847678	0.0	cocopye	-0.160856886876644	0.0	0.160856886876644	0.0	medium	medium
G_r078_substitution_0p1pct	78	1	substitution	0.001	0.1	uniform	RS_GCF_007182855.1	Deinococcota	Bacteria	highly_fragmented	69.93828042535343	0.0	69.93828042535343	0.0	2169490	69	1517304	69	1517304	0.0009740961600312	0.0089640838741259	0	1478	0	0	True	70.09057680755386	0.66904608404208	cocopye	0.15229638220043284	0.66904608404208	0.15229638220043284	0.66904608404208	medium	medium
G_r078_substitution_0p5pct	78	2	substitution	0.005	0.5	uniform	RS_GCF_007182855.1	Deinococcota	Bacteria	highly_fragmented	69.93828042535343	0.0	69.93828042535343	0.0	2169490	69	1517304	69	1517304	0.0050352467270896	0.0441104216424403	0	7640	0	0	True	68.73019565158286	5.53354823130054	cocopye	-1.2080847737705653	5.53354823130054	1.2080847737705653	5.53354823130054	medium	medium
G_r078_substitution_1pct	78	3	substitution	0.01	1.0	uniform	RS_GCF_007182855.1	Deinococcota	Bacteria	highly_fragmented	69.93828042535343	0.0	69.93828042535343	0.0	2169490	69	1517304	69	1517304	0.0099268175658931	0.0864827525163591	0	15062	0	0	True	66.96526781151047	9.6467892343248	cocopye	-2.973012613842954	9.6467892343248	2.973012613842954	9.6467892343248	medium	medium
G_r078_substitution_2pct	78	4	substitution	0.02	2.0	uniform	RS_GCF_007182855.1	Deinococcota	Bacteria	highly_fragmented	69.93828042535343	0.0	69.93828042535343	0.0	2169490	69	1517304	69	1517304	0.0200665127093845	0.1662522378698502	0	30447	0	0	True	65.67154151197988	17.27884218670174	cocopye	-4.266738913373544	17.27884218670174	4.266738913373544	17.27884218670174	low	medium
G_r078_substitution_5pct	78	5	substitution	0.05	5.0	uniform	RS_GCF_007182855.1	Deinococcota	Bacteria	highly_fragmented	69.93828042535343	0.0	69.93828042535343	0.0	2169490	69	1517304	69	1517304	0.0501007049345417	0.3697505902753909	0	76018	0	0	True	62.53972356897109	28.364460998727743	cocopye	-7.398556856382335	28.364460998727743	7.398556856382335	28.364460998727743	low	medium
G_r078_substitution_titv_0p1pct	78	6	substitution_titv	0.001	0.1	titv_2	RS_GCF_007182855.1	Deinococcota	Bacteria	highly_fragmented	69.93828042535343	0.0	69.93828042535343	0.0	2169490	69	1517304	69	1517304	0.0009984815172173	0.0089640838741259	0	1515	0	0	True	69.3106965043887	0.74762964592448	cocopye	-0.6275839209647245	0.74762964592448	0.6275839209647245	0.74762964592448	medium	medium
G_r078_substitution_titv_0p5pct	78	7	substitution_titv	0.005	0.5	titv_2	RS_GCF_007182855.1	Deinococcota	Bacteria	highly_fragmented	69.93828042535343	0.0	69.93828042535343	0.0	2169490	69	1517304	69	1517304	0.0050840174414619	0.0441104216424403	0	7714	0	0	True	68.50784591444679	4.4140705825146	cocopye	-1.430434510906636	4.4140705825146	1.430434510906636	4.4140705825146	medium	medium
G_r078_substitution_titv_1pct	78	8	substitution_titv	0.01	1.0	titv_2	RS_GCF_007182855.1	Deinococcota	Bacteria	highly_fragmented	69.93828042535343	0.0	69.93828042535343	0.0	2169490	69	1517304	69	1517304	0.0099202269288158	0.0864827525163591	0	15052	0	0	True	68.61905690411973	6.47270388588625	cocopye	-1.3192235212336954	6.47270388588625	1.3192235212336954	6.47270388588625	medium	medium
G_r078_substitution_titv_2pct	78	9	substitution_titv	0.02	2.0	titv_2	RS_GCF_007182855.1	Deinococcota	Bacteria	highly_fragmented	69.93828042535343	0.0	69.93828042535343	0.0	2169490	69	1517304	69	1517304	0.0198193638189842	0.1662522378698502	0	30072	0	0	True	66.05041042607935	14.82357580878016	cocopye	-3.8878699992740735	14.82357580878016	3.8878699992740735	14.82357580878016	low	medium
G_r078_substitution_titv_5pct	78	10	substitution_titv	0.05	5.0	titv_2	RS_GCF_007182855.1	Deinococcota	Bacteria	highly_fragmented	69.93828042535343	0.0	69.93828042535343	0.0	2169490	69	1517304	69	1517304	0.0500407301371379	0.3697505902753909	0	75927	0	0	True	62.3122073872488	24.99627059526577	cocopye	-7.626073038104629	24.99627059526577	7.626073038104629	24.99627059526577	low	medium
G_r078_indel_0p1pct	78	11	indel	0.001	0.1	ins0.5_geom0.75	RS_GCF_007182855.1	Deinococcota	Bacteria	highly_fragmented	69.93828042535343	0.0	69.93772729996451	0.0	2169490	69	1517304	69	1517292	0.0010030949631715		0	0	1522	0	True	63.34902986644255	25.59841142598223	cocopye	-6.5892505589108765	25.59841142598223	6.5892505589108765	25.59841142598223	low	medium
G_r078_indel_0p5pct	78	12	indel	0.005	0.5	ins0.5_geom0.75	RS_GCF_007182855.1	Deinococcota	Bacteria	highly_fragmented	69.93828042535343	0.0	69.9367593305339	0.0	2169490	69	1517304	69	1517271	0.0049884532038404		0	0	7569	0	True	72.96318296259915	68.063071191521	cocopye	3.0249025372457226	68.063071191521	3.0249025372457226	68.063071191521	low	medium
G_r078_indel_1pct	78	13	indel	0.01	1.0	ins0.5_geom0.75	RS_GCF_007182855.1	Deinococcota	Bacteria	highly_fragmented	69.93828042535343	0.0	69.93542261084403	0.0	2169490	69	1517304	69	1517242	0.0100138139753141		0	0	15194	0	True	72.00779965049342	97.26999383223684	cocopye	2.0695192251399988	97.26999383223684	2.0695192251399988	97.26999383223684	low	medium
G_r078_indel_2pct	78	14	indel	0.02	2.0	ins0.5_geom0.75	RS_GCF_007182855.1	Deinococcota	Bacteria	highly_fragmented	69.93828042535343	0.0	69.92316166472304	0.0	2169490	69	1517304	69	1516976	0.0199867660007486		0	0	30326	0	True	71.4513325608343	108.35071974806272	cocopye	1.5130521354808764	108.35071974806272	1.5130521354808764	108.35071974806272	low	medium
G_r078_indel_5pct	78	15	indel	0.05	5.0	ins0.5_geom0.75	RS_GCF_007182855.1	Deinococcota	Bacteria	highly_fragmented	69.93828042535343	0.0	69.94593199323343	0.0	2169490	69	1517304	69	1517470	0.0500097541428744		0	0	75880	0	True	59.65317919075145	62.76878753838512	cocopye	-10.285101234601974	62.76878753838512	10.285101234601974	62.76878753838512	low	medium
G_r078_chimera_5pct	78	16	chimera	0.05	5.0	rc0.5	RS_GCF_007182855.1	Deinococcota	Bacteria	highly_fragmented	69.93828042535343	0.0	69.93828042535343	0.0	2169490	69	1517304	67	1517304	0.0579710144927536		0	0	0	2	True	69.77742353847678	0.0	cocopye	-0.160856886876644	0.0	0.160856886876644	0.0	medium	medium
G_r078_chimera_10pct	78	17	chimera	0.1	10.0	rc0.5	RS_GCF_007182855.1	Deinococcota	Bacteria	highly_fragmented	69.93828042535343	0.0	69.93828042535343	0.0	2169490	69	1517304	65	1517304	0.1159420289855072		0	0	0	4	True	69.77742353847678	0.0	cocopye	-0.160856886876644	0.0	0.160856886876644	0.0	medium	medium
G_r078_chimera_20pct	78	18	chimera	0.2	20.0	rc0.5	RS_GCF_007182855.1	Deinococcota	Bacteria	highly_fragmented	69.93828042535343	0.0	69.93828042535343	0.0	2169490	69	1517304	62	1517304	0.2028985507246377		0	0	0	7	True	69.77742353847678	0.0	cocopye	-0.160856886876644	0.0	0.160856886876644	0.0	medium	medium
G_r078_chimera_40pct	78	19	chimera	0.4	40.0	rc0.5	RS_GCF_007182855.1	Deinococcota	Bacteria	highly_fragmented	69.93828042535343	0.0	69.93828042535343	0.0	2169490	69	1517304	56	1517304	0.3768115942028985		0	0	0	13	True	69.77742353847678	0.0	cocopye	-0.160856886876644	0.0	0.160856886876644	0.0	medium	medium
G_r078_uneven_coverage_5pct	78	20	uneven_coverage	0.05	5.0	lognormal_sigma1.0	RS_GCF_007182855.1	Deinococcota	Bacteria	highly_fragmented	69.93828042535343	0.0	69.93828042535343	3.4969048025111893	2169490	69	1517304	73	1593169	0.0499998681872584		75865	0	0	0	True	68.76785375818966	5.4309924165539005	cocopye	-1.1704266671637669	5.4309924165539005	1.1704266671637669	5.4309924165539005	medium	medium
G_r078_uneven_coverage_10pct	78	21	uneven_coverage	0.1	10.0	lognormal_sigma1.0	RS_GCF_007182855.1	Deinococcota	Bacteria	highly_fragmented	69.93828042535343	0.0	69.93828042535343	6.993809605022379	2169490	69	1517304	77	1669034	0.0999997363745169		151730	0	0	0	True	65.05306426000853	15.97234469448904	cocopye	-4.8852161653449	15.97234469448904	4.8852161653449	15.97234469448904	low	medium
G_r078_uneven_coverage_20pct	78	22	uneven_coverage	0.2	20.0	lognormal_sigma1.0	RS_GCF_007182855.1	Deinococcota	Bacteria	highly_fragmented	69.93828042535343	0.0	69.93828042535343	13.987665303827166	2169490	69	1517304	91	1820765	0.2000001318127415		303461	0	0	0	True	64.71598008062614	24.17201639605106	cocopye	-5.222300344727287	24.17201639605106	5.222300344727287	24.17201639605106	low	medium
G_r078_uneven_coverage_40pct	78	23	uneven_coverage	0.4	40.0	lognormal_sigma1.0	RS_GCF_007182855.1	Deinococcota	Bacteria	highly_fragmented	69.93828042535343	0.0	69.93828042535343	27.97533060765433	2169490	69	1517304	100	2124226	0.4000002636254831		606922	0	0	0	True	72.32177028766257	37.84778396518245	cocopye	2.3834898623091476	37.84778396518245	2.3834898623091476	37.84778396518245	low	medium
G_r079_none_control	79	0	none	0.0	0.0	control	RS_GCF_011066545.1	Planctomycetota	Bacteria	medium	100.0	4.999986158952436	100.0	4.999986158952436	4334932	3	4551678	3	4551678	0.0		0	0	0	0	True	96.8882448479945	5.97777347359162	cocopye	-3.1117551520055002	0.9777873146391842	3.1117551520055002	0.9777873146391842	medium	high
G_r079_substitution_0p1pct	79	1	substitution	0.001	0.1	uniform	RS_GCF_011066545.1	Planctomycetota	Bacteria	medium	100.0	4.999986158952436	100.0	4.999986158952436	4334932	3	4551678	3	4551678	0.00101457089012	0.0089640838741259	0	4618	0	0	True	98.96915273977986	6.867804089598829	cocopye	-1.030847260220142	1.8678179306463933	1.030847260220142	1.8678179306463933	medium	high
G_r079_substitution_0p5pct	79	2	substitution	0.005	0.5	uniform	RS_GCF_011066545.1	Planctomycetota	Bacteria	medium	100.0	4.999986158952436	100.0	4.999986158952436	4334932	3	4551678	3	4551678	0.005018149350635	0.0441104216424403	0	22841	0	0	True	100.0	12.32276992396904	cocopye	0.0	7.322783765016603	0.0	7.322783765016603	low	high
G_r079_substitution_1pct	79	3	substitution	0.01	1.0	uniform	RS_GCF_011066545.1	Planctomycetota	Bacteria	medium	100.0	4.999986158952436	100.0	4.999986158952436	4334932	3	4551678	3	4551678	0.009912827752754	0.0864827525163591	0	45120	0	0	True	100.0	13.61350535716775	cocopye	0.0	8.613519198215315	0.0	8.613519198215315	low	high
G_r079_substitution_2pct	79	4	substitution	0.02	2.0	uniform	RS_GCF_011066545.1	Planctomycetota	Bacteria	medium	100.0	4.999986158952436	100.0	4.999986158952436	4334932	3	4551678	3	4551678	0.0199669220889526	0.1662522378698502	0	90883	0	0	True	98.35766423357664	32.96837075783388	cocopye	-1.6423357664233578	27.968384598881446	1.6423357664233578	27.968384598881446	low	high
G_r079_substitution_5pct	79	5	substitution	0.05	5.0	uniform	RS_GCF_011066545.1	Planctomycetota	Bacteria	medium	100.0	4.999986158952436	100.0	4.999986158952436	4334932	3	4551678	3	4551678	0.0499446577723643	0.3697505902753909	0	227332	0	0	True	95.77464788732394	59.50704225352113	cocopye	-4.225352112676063	54.50705609456869	4.225352112676063	54.50705609456869	low	high
G_r079_substitution_titv_0p1pct	79	6	substitution_titv	0.001	0.1	titv_2	RS_GCF_011066545.1	Planctomycetota	Bacteria	medium	100.0	4.999986158952436	100.0	4.999986158952436	4334932	3	4551678	3	4551678	0.0009827145066061	0.0089640838741259	0	4473	0	0	True	97.02310724473746	6.48862214895224	cocopye	-2.97689275526254	1.4886359899998043	2.97689275526254	1.4886359899998043	medium	high
G_r079_substitution_titv_0p5pct	79	7	substitution_titv	0.005	0.5	titv_2	RS_GCF_011066545.1	Planctomycetota	Bacteria	medium	100.0	4.999986158952436	100.0	4.999986158952436	4334932	3	4551678	3	4551678	0.0050631876859479	0.0441104216424403	0	23046	0	0	True	97.8995799092432	5.9942693087136805	cocopye	-2.100420090756799	0.9942831497612445	2.100420090756799	0.9942831497612445	medium	high
G_r079_substitution_titv_1pct	79	8	substitution_titv	0.01	1.0	titv_2	RS_GCF_011066545.1	Planctomycetota	Bacteria	medium	100.0	4.999986158952436	100.0	4.999986158952436	4334932	3	4551678	3	4551678	0.0100644201984411	0.0864827525163591	0	45810	0	0	True	100.0	8.59497999563725	cocopye	0.0	3.5949938366848135	0.0	3.5949938366848135	medium	high
G_r079_substitution_titv_2pct	79	9	substitution_titv	0.02	2.0	titv_2	RS_GCF_011066545.1	Planctomycetota	Bacteria	medium	100.0	4.999986158952436	100.0	4.999986158952436	4334932	3	4551678	3	4551678	0.0199029896227281	0.1662522378698502	0	90592	0	0	True	99.73466758061318	15.13860556642646	cocopye	-0.26533241938682295	10.138619407474025	0.26533241938682295	10.138619407474025	low	high
G_r079_substitution_titv_5pct	79	10	substitution_titv	0.05	5.0	titv_2	RS_GCF_011066545.1	Planctomycetota	Bacteria	medium	100.0	4.999986158952436	100.0	4.999986158952436	4334932	3	4551678	3	4551678	0.0501035002915408	0.3697505902753909	0	228055	0	0	True	96.86717556831532	42.91979854268239	cocopye	-3.132824431684682	37.919812383729955	3.132824431684682	37.919812383729955	low	high
G_r079_indel_0p1pct	79	11	indel	0.001	0.1	ins0.5_geom0.75	RS_GCF_011066545.1	Planctomycetota	Bacteria	medium	100.0	4.999986158952436	100.00087879678658	4.999986158952436	4334932	3	4551678	3	4551718	0.0009930403688485		0	0	4520	0	True	100.0	44.04761904761904	cocopye	0.0	39.0476328886666	0.0	39.0476328886666	low	high
G_r079_indel_0p5pct	79	12	indel	0.005	0.5	ins0.5_geom0.75	RS_GCF_011066545.1	Planctomycetota	Bacteria	medium	100.0	4.999986158952436	99.99833028610549	4.999986158952436	4334932	3	4551678	3	4551602	0.0049911263494473		0	0	22718	0	True	99.29577464788731	108.97887323943662	cocopye	-0.7042253521126867	103.97888708048418	0.7042253521126867	103.97888708048418	low	high
G_r079_indel_1pct	79	13	indel	0.01	1.0	ins0.5_geom0.75	RS_GCF_011066545.1	Planctomycetota	Bacteria	medium	100.0	4.999986158952436	99.98901504016762	4.999986158952436	4334932	3	4551678	3	4551178	0.0100395941892198		0	0	45697	0	True	98.98648648648648	174.91554054054058	cocopye	-1.0135135135135158	169.91555438158815	1.0135135135135158	169.91555438158815	low	high
G_r079_indel_2pct	79	14	indel	0.02	2.0	ins0.5_geom0.75	RS_GCF_011066545.1	Planctomycetota	Bacteria	medium	100.0	4.999986158952436	100.00248260092212	4.999986158952436	4334932	3	4551678	3	4551791	0.0199269368351627		0	0	90701	0	True	97.32142857142856	208.45238821847096	cocopye	-2.678571428571445	203.45240205951853	2.678571428571445	203.45240205951853	low	high
G_r079_indel_5pct	79	15	indel	0.05	5.0	ins0.5_geom0.75	RS_GCF_011066545.1	Planctomycetota	Bacteria	medium	100.0	4.999986158952436	100.0101720728048	4.999986158952436	4334932	3	4551678	3	4552141	0.0499574003257699		0	0	227390	0	True	81.16591928251121	106.72645739910314	cocopye	-18.83408071748879	101.7264712401507	18.83408071748879	101.7264712401507	low	high
G_r079_chimera_5pct	79	16	chimera	0.05	5.0	rc0.5	RS_GCF_011066545.1	Planctomycetota	Bacteria	medium	100.0	4.999986158952436	100.0	4.999986158952436	4334932	3	4551678	2	4551678	0.6666666666666666		0	0	0	1	True	96.8882448479945	5.97777347359162	cocopye	-3.1117551520055002	0.9777873146391842	3.1117551520055002	0.9777873146391842	medium	high
G_r079_chimera_10pct	79	17	chimera	0.1	10.0	rc0.5	RS_GCF_011066545.1	Planctomycetota	Bacteria	medium	100.0	4.999986158952436	100.0	4.999986158952436	4334932	3	4551678	3	4551678	0.0		0	0	0	0	True	96.8882448479945	5.97777347359162	cocopye	-3.1117551520055002	0.9777873146391842	3.1117551520055002	0.9777873146391842	medium	high
G_r079_chimera_20pct	79	18	chimera	0.2	20.0	rc0.5	RS_GCF_011066545.1	Planctomycetota	Bacteria	medium	100.0	4.999986158952436	100.0	4.999986158952436	4334932	3	4551678	2	4551678	0.6666666666666666		0	0	0	1	True	96.8882448479945	5.97777347359162	cocopye	-3.1117551520055002	0.9777873146391842	3.1117551520055002	0.9777873146391842	medium	high
G_r079_chimera_40pct	79	19	chimera	0.4	40.0	rc0.5	RS_GCF_011066545.1	Planctomycetota	Bacteria	medium	100.0	4.999986158952436	100.0	4.999986158952436	4334932	3	4551678	2	4551678	0.6666666666666666		0	0	0	1	True	96.8882448479945	5.97777347359162	cocopye	-3.1117551520055002	0.9777873146391842	3.1117551520055002	0.9777873146391842	medium	high
G_r079_uneven_coverage_5pct	79	20	uneven_coverage	0.05	5.0	lognormal_sigma1.0	RS_GCF_011066545.1	Planctomycetota	Bacteria	medium	100.0	4.999986158952436	100.0	10.24998777374132	4334932	3	4551678	4	4779262	0.0500000219699196		227584	0	0	0	True	99.95522124911538	9.51729894120211	cocopye	-0.04477875088461758	4.517312782249674	0.04477875088461758	4.517312782249674	medium	high
G_r079_uneven_coverage_10pct	79	21	uneven_coverage	0.1	10.0	lognormal_sigma1.0	RS_GCF_011066545.1	Planctomycetota	Bacteria	medium	100.0	4.999986158952436	100.0	15.4999893885302	4334932	3	4551678	4	5006846	0.1000000439398393		455168	0	0	0	True	100.0	8.54566765290293	cocopye	0.0	3.545681493950494	0.0	3.545681493950494	medium	high
G_r079_uneven_coverage_20pct	79	22	uneven_coverage	0.2	20.0	lognormal_sigma1.0	RS_GCF_011066545.1	Planctomycetota	Bacteria	medium	100.0	4.999986158952436	100.0	25.999992618107967	4334932	3	4551678	5	5462014	0.2000000878796786		910336	0	0	0	True	100.0	11.525599534564469	cocopye	0.0	6.525613375612033	0.0	6.525613375612033	low	high
G_r079_uneven_coverage_40pct	79	23	uneven_coverage	0.4	40.0	lognormal_sigma1.0	RS_GCF_011066545.1	Planctomycetota	Bacteria	medium	100.0	4.999986158952436	100.0	46.999976008850886	4334932	3	4551678	5	6372349	0.3999999560601606		1820671	0	0	0	True	100.0	64.4484430765934	cocopye	0.0	59.44845691764097	0.0	59.44845691764097	low	high
G_r000_none_control	0	0	none	0.0	0.0	control	RS_GCF_029718665.1	Pseudomonadota	Bacteria	medium	59.8421580699521	19.999987171755283	59.8421580699521	19.999987171755283	6236239	19	4979147	19	4979147	0.0		0	0	0	0	True	74.56767272949219	4.96068000793457	deepcheck	14.725514659540089	-15.039307163820713	14.725514659540089	15.039307163820713	medium	low
G_r000_substitution_0p1pct	0	1	substitution	0.001	0.1	uniform	RS_GCF_029718665.1	Pseudomonadota	Bacteria	medium	59.8421580699521	19.999987171755283	59.8421580699521	19.999987171755283	6236239	19	4979147	19	4979147	0.0010174433492323	0.0089640838741259	0	5066	0	0	True	74.1540298461914	4.965193748474121	deepcheck	14.311871776239308	-15.034793423281162	14.311871776239308	15.034793423281162	medium	low
G_r000_substitution_0p5pct	0	2	substitution	0.005	0.5	uniform	RS_GCF_029718665.1	Pseudomonadota	Bacteria	medium	59.8421580699521	19.999987171755283	59.8421580699521	19.999987171755283	6236239	19	4979147	19	4979147	0.005006680863208	0.0441104216424403	0	24929	0	0	True	73.51712799072266	4.591275215148926	deepcheck	13.674969920770558	-15.408711956606357	13.674969920770558	15.408711956606357	medium	low
G_r000_substitution_1pct	0	3	substitution	0.01	1.0	uniform	RS_GCF_029718665.1	Pseudomonadota	Bacteria	medium	59.8421580699521	19.999987171755283	59.8421580699521	19.999987171755283	6236239	19	4979147	19	4979147	0.0100288262226441	0.0864827525163591	0	49935	0	0	True	69.2008285522461	5.002097129821777	deepcheck	9.358670482293995	-14.997890041933506	9.358670482293995	14.997890041933506	medium	low
G_r000_substitution_2pct	0	4	substitution	0.02	2.0	uniform	RS_GCF_029718665.1	Pseudomonadota	Bacteria	medium	59.8421580699521	19.999987171755283	59.8421580699521	19.999987171755283	6236239	19	4979147	19	4979147	0.0199825391778953	0.1662522378698502	0	99496	0	0	True	63.405757904052734	5.032995700836182	deepcheck	3.5635998341006356	-14.966991470919101	3.5635998341006356	14.966991470919101	medium	low
G_r000_substitution_5pct	0	5	substitution	0.05	5.0	uniform	RS_GCF_029718665.1	Pseudomonadota	Bacteria	medium	59.8421580699521	19.999987171755283	59.8421580699521	19.999987171755283	6236239	19	4979147	19	4979147	0.0500808672650154	0.3697505902753909	0	249360	0	0	True	48.41305160522461	4.56857442855835	deepcheck	-11.42910646472749	-15.431412743196933	11.42910646472749	15.431412743196933	low	low
G_r000_substitution_titv_0p1pct	0	6	substitution_titv	0.001	0.1	titv_2	RS_GCF_029718665.1	Pseudomonadota	Bacteria	medium	59.8421580699521	19.999987171755283	59.8421580699521	19.999987171755283	6236239	19	4979147	19	4979147	0.0010319036573935	0.0089640838741259	0	5138	0	0	True	73.8951644897461	4.9318952560424805	deepcheck	14.053006419793995	-15.068091915712802	14.053006419793995	15.068091915712802	medium	low
G_r000_substitution_titv_0p5pct	0	7	substitution_titv	0.005	0.5	titv_2	RS_GCF_029718665.1	Pseudomonadota	Bacteria	medium	59.8421580699521	19.999987171755283	59.8421580699521	19.999987171755283	6236239	19	4979147	19	4979147	0.0049763543835922	0.0441104216424403	0	24778	0	0	True	72.91138458251953	4.982784271240234	deepcheck	13.069226512567433	-15.017202900515048	13.069226512567433	15.017202900515048	medium	low
G_r000_substitution_titv_1pct	0	8	substitution_titv	0.01	1.0	titv_2	RS_GCF_029718665.1	Pseudomonadota	Bacteria	medium	59.8421580699521	19.999987171755283	59.8421580699521	19.999987171755283	6236239	19	4979147	19	4979147	0.0100834540534754	0.0864827525163591	0	50207	0	0	True	68.84845733642578	4.9596147537231445	deepcheck	9.006299266473683	-15.040372418032138	9.006299266473683	15.040372418032138	medium	low
G_r000_substitution_titv_2pct	0	9	substitution_titv	0.02	2.0	titv_2	RS_GCF_029718665.1	Pseudomonadota	Bacteria	medium	59.8421580699521	19.999987171755283	59.8421580699521	19.999987171755283	6236239	19	4979147	19	4979147	0.0200196941363651	0.1662522378698502	0	99681	0	0	True	65.14360809326172	4.883977890014648	deepcheck	5.30145002330962	-15.116009281740634	5.30145002330962	15.116009281740634	medium	low
G_r000_substitution_titv_5pct	0	10	substitution_titv	0.05	5.0	titv_2	RS_GCF_029718665.1	Pseudomonadota	Bacteria	medium	59.8421580699521	19.999987171755283	59.8421580699521	19.999987171755283	6236239	19	4979147	19	4979147	0.0499320465935229	0.3697505902753909	0	248619	0	0	True	53.59928512573242	5.021960735321045	deepcheck	-6.242872944219677	-14.978026436434238	6.242872944219677	14.978026436434238	medium	low
G_r000_indel_0p1pct	0	11	indel	0.001	0.1	ins0.5_geom0.75	RS_GCF_029718665.1	Pseudomonadota	Bacteria	medium	59.8421580699521	19.999987171755283	59.8442853544003	19.999987171755283	6236239	19	4979147	19	4979324	0.0010059956052713		0	0	5009	0	True	61.81876754760742	5.0939154624938965	deepcheck	1.9766094776553231	-14.906071709261386	1.9766094776553231	14.906071709261386	medium	low
G_r000_indel_0p5pct	0	12	indel	0.005	0.5	ins0.5_geom0.75	RS_GCF_029718665.1	Pseudomonadota	Bacteria	medium	59.8421580699521	19.999987171755283	59.84474205953607	19.999987171755283	6236239	19	4979147	19	4979362	0.0050004548971942		0	0	24898	0	True	32.83856201171875	4.3005876541137695	deepcheck	-27.00359605823335	-15.699399517641513	27.00359605823335	15.699399517641513	low	low
G_r000_indel_1pct	0	13	indel	0.01	1.0	ins0.5_geom0.75	RS_GCF_029718665.1	Pseudomonadota	Bacteria	medium	59.8421580699521	19.999987171755283	59.839862525717045	19.999987171755283	6236239	19	4979147	19	4978956	0.0099976963925748		0	0	49780	0	True	20.54268455505371	1.5701197385787964	deepcheck	-39.29947351489839	-18.429867433176486	39.29947351489839	18.429867433176486	low	low
G_r000_indel_2pct	0	14	indel	0.02	2.0	ins0.5_geom0.75	RS_GCF_029718665.1	Pseudomonadota	Bacteria	medium	59.8421580699521	19.999987171755283	59.84547519146453	19.999987171755283	6236239	19	4979147	19	4979423	0.0201018367202253		0	0	100090	0	True	19.26970100402832	1.4530129432678225	deepcheck	-40.57245706592378	-18.54697422848746	40.57245706592378	18.54697422848746	low	low
G_r000_indel_5pct	0	15	indel	0.05	5.0	ins0.5_geom0.75	RS_GCF_029718665.1	Pseudomonadota	Bacteria	medium	59.8421580699521	19.999987171755283	59.83076447867023	19.999987171755283	6236239	19	4979147	19	4978199	0.0501796793707837		0	0	249852	0	True	46.6484260559082	18.180328369140625	deepcheck	-13.193732014043896	-1.8196588026146578	13.193732014043896	1.8196588026146578	low	low
G_r000_chimera_5pct	0	16	chimera	0.05	5.0	rc0.5	RS_GCF_029718665.1	Pseudomonadota	Bacteria	medium	59.8421580699521	19.999987171755283	59.8421580699521	19.999987171755283	6236239	19	4979147	19	4979147	0.0		0	0	0	0	True	74.56767272949219	4.96068000793457	deepcheck	14.725514659540089	-15.039307163820713	14.725514659540089	15.039307163820713	medium	low
G_r000_chimera_10pct	0	17	chimera	0.1	10.0	rc0.5	RS_GCF_029718665.1	Pseudomonadota	Bacteria	medium	59.8421580699521	19.999987171755283	59.8421580699521	19.999987171755283	6236239	19	4979147	18	4979147	0.1052631578947368		0	0	0	1	True	74.56500244140625	4.960565090179443	deepcheck	14.722844371454151	-15.03942208157584	14.722844371454151	15.03942208157584	medium	low
G_r000_chimera_20pct	0	18	chimera	0.2	20.0	rc0.5	RS_GCF_029718665.1	Pseudomonadota	Bacteria	medium	59.8421580699521	19.999987171755283	59.8421580699521	19.999987171755283	6236239	19	4979147	17	4979147	0.2105263157894736		0	0	0	2	True	74.56541442871094	4.960584163665772	deepcheck	14.723256358758839	-15.039403008089511	14.723256358758839	15.039403008089511	medium	low
G_r000_chimera_40pct	0	19	chimera	0.4	40.0	rc0.5	RS_GCF_029718665.1	Pseudomonadota	Bacteria	medium	59.8421580699521	19.999987171755283	59.8421580699521	19.999987171755283	6236239	19	4979147	15	4979147	0.4210526315789473		0	0	0	4	True	74.56806945800781	4.960695266723633	deepcheck	14.725911388055714	-15.03929190503165	14.725911388055714	15.03929190503165	medium	low
G_r000_uneven_coverage_5pct	0	20	uneven_coverage	0.05	5.0	lognormal_sigma1.0	RS_GCF_029718665.1	Pseudomonadota	Bacteria	medium	59.8421580699521	19.999987171755283	59.8421580699521	23.99208882148359	6236239	19	4979147	21	5228104	0.0499999297068353		248957	0	0	0	True	74.60884094238281	8.885360717773438	deepcheck	14.766682872430714	-11.114626453981845	14.766682872430714	11.114626453981845	medium	low
G_r000_uneven_coverage_10pct	0	21	uneven_coverage	0.1	10.0	lognormal_sigma1.0	RS_GCF_029718665.1	Pseudomonadota	Bacteria	medium	59.8421580699521	19.999987171755283	59.8421580699521	27.98420650651779	6236239	19	4979147	23	5477062	0.100000060251284		497915	0	0	0	True	74.75110626220703	10.337133407592772	deepcheck	14.908948192254933	-9.662853764162511	14.908948192254933	9.662853764162511	low	low
G_r000_uneven_coverage_20pct	0	22	uneven_coverage	0.2	20.0	lognormal_sigma1.0	RS_GCF_029718665.1	Pseudomonadota	Bacteria	medium	59.8421580699521	19.999987171755283	59.8421580699521	35.9684098059744	6236239	19	4979147	25	5974976	0.1999999196649546		995829	0	0	0	True	73.00108337402344	24.675189971923828	deepcheck	13.158925304071339	4.675202800168545	13.158925304071339	4.675202800168545	low	low
G_r000_uneven_coverage_40pct	0	23	uneven_coverage	0.4	40.0	lognormal_sigma1.0	RS_GCF_029718665.1	Pseudomonadota	Bacteria	medium	59.8421580699521	19.999987171755283	59.8421580699521	51.93684847549942	6236239	19	4979147	26	6970806	0.4000000401675226		1991659	0	0	0	True	73.53631591796875	24.82659149169922	deepcheck	13.694157848016651	4.826604319943936	13.694157848016651	4.826604319943936	low	low
G_r001_none_control	1	0	none	0.0	0.0	control	RS_GCF_029925445.1	Bacillota	Bacteria	low	69.09442327577179	4.999967803584241	69.09442327577179	4.999967803584241	2950639	40	2186258	40	2186258	0.0		0	0	0	0	True	72.17486572265625	0.0289119780063629	deepcheck	3.0804424468844616	-4.971055825577878	3.0804424468844616	4.971055825577878	medium	medium
G_r001_substitution_0p1pct	1	1	substitution	0.001	0.1	uniform	RS_GCF_029925445.1	Bacillota	Bacteria	low	69.09442327577179	4.999967803584241	69.09442327577179	4.999967803584241	2950639	40	2186258	40	2186258	0.0009889043287663	0.0089640838741259	0	2162	0	0	True	70.8438720703125	0.0492095947265625	deepcheck	1.7494487945407116	-4.950758208857678	1.7494487945407116	4.950758208857678	medium	medium
G_r001_substitution_0p5pct	1	2	substitution	0.005	0.5	uniform	RS_GCF_029925445.1	Bacillota	Bacteria	low	69.09442327577179	4.999967803584241	69.09442327577179	4.999967803584241	2950639	40	2186258	40	2186258	0.0050602444908148	0.0441104216424403	0	11063	0	0	True	69.94930267333984	1.1416975259780884	deepcheck	0.8548793975680553	-3.8582702776061524	0.8548793975680553	3.8582702776061524	medium	medium
G_r001_substitution_1pct	1	3	substitution	0.01	1.0	uniform	RS_GCF_029925445.1	Bacillota	Bacteria	low	69.09442327577179	4.999967803584241	69.09442327577179	4.999967803584241	2950639	40	2186258	40	2186258	0.0099421019843037	0.0864827525163591	0	21736	0	0	True	65.93310546875	2.213345766067505	deepcheck	-3.1613178070217884	-2.786622037516736	3.1613178070217884	2.786622037516736	medium	medium
G_r001_substitution_2pct	1	4	substitution	0.02	2.0	uniform	RS_GCF_029925445.1	Bacillota	Bacteria	low	69.09442327577179	4.999967803584241	69.09442327577179	4.999967803584241	2950639	40	2186258	40	2186258	0.0201032997935284	0.1662522378698502	0	43951	0	0	True	59.70847702026367	2.583552837371826	deepcheck	-9.385946255508117	-2.4164149662124146	9.385946255508117	2.4164149662124146	medium	medium
G_r001_substitution_5pct	1	5	substitution	0.05	5.0	uniform	RS_GCF_029925445.1	Bacillota	Bacteria	low	69.09442327577179	4.999967803584241	69.09442327577179	4.999967803584241	2950639	40	2186258	40	2186258	0.0500535618394535	0.3697505902753909	0	109430	0	0	True	46.23746871948242	3.028475522994995	deepcheck	-22.856954556289367	-1.9714922805892456	22.856954556289367	1.9714922805892456	low	medium
G_r001_substitution_titv_0p1pct	1	6	substitution_titv	0.001	0.1	titv_2	RS_GCF_029925445.1	Bacillota	Bacteria	low	69.09442327577179	4.999967803584241	69.09442327577179	4.999967803584241	2950639	40	2186258	40	2186258	0.0010090300412851	0.0089640838741259	0	2206	0	0	True	71.7715835571289	0.0945288687944412	deepcheck	2.677160281357118	-4.9054389347897995	2.677160281357118	4.9054389347897995	medium	medium
G_r001_substitution_titv_0p5pct	1	7	substitution_titv	0.005	0.5	titv_2	RS_GCF_029925445.1	Bacillota	Bacteria	low	69.09442327577179	4.999967803584241	69.09442327577179	4.999967803584241	2950639	40	2186258	40	2186258	0.0049577863179917	0.0441104216424403	0	10839	0	0	True	70.32174682617188	0.4226990044116974	deepcheck	1.2273235504000866	-4.577268799172543	1.2273235504000866	4.577268799172543	medium	medium
G_r001_substitution_titv_1pct	1	8	substitution_titv	0.01	1.0	titv_2	RS_GCF_029925445.1	Bacillota	Bacteria	low	69.09442327577179	4.999967803584241	69.09442327577179	4.999967803584241	2950639	40	2186258	40	2186258	0.0099411871791892	0.0864827525163591	0	21734	0	0	True	66.23779296875	0.2982482314109802	deepcheck	-2.8566303070217884	-4.7017195721732605	2.8566303070217884	4.7017195721732605	medium	medium
G_r001_substitution_titv_2pct	1	9	substitution_titv	0.02	2.0	titv_2	RS_GCF_029925445.1	Bacillota	Bacteria	low	69.09442327577179	4.999967803584241	69.09442327577179	4.999967803584241	2950639	40	2186258	40	2186258	0.0198489839716995	0.1662522378698502	0	43395	0	0	True	62.8455810546875	2.422177791595459	deepcheck	-6.248842221084288	-2.5777900119887818	6.248842221084288	2.5777900119887818	medium	medium
G_r001_substitution_titv_5pct	1	10	substitution_titv	0.05	5.0	titv_2	RS_GCF_029925445.1	Bacillota	Bacteria	low	69.09442327577179	4.999967803584241	69.09442327577179	4.999967803584241	2950639	40	2186258	40	2186258	0.0500069067786144	0.3697505902753909	0	109328	0	0	True	53.94695281982422	1.7980135679244995	deepcheck	-15.14747045594757	-3.2019542356597412	15.14747045594757	3.2019542356597412	medium	medium
G_r001_indel_0p1pct	1	11	indel	0.001	0.1	ins0.5_geom0.75	RS_GCF_029925445.1	Bacillota	Bacteria	low	69.09442327577179	4.999967803584241	69.090030324512	4.999967803584241	2950639	40	2186258	40	2186119	0.0010328149742619		0	0	2258	0	True	55.957366943359375	3.2003602981567383	deepcheck	-13.137056332412413	-1.7996075054275025	13.137056332412413	1.7996075054275025	medium	medium
G_r001_indel_0p5pct	1	12	indel	0.005	0.5	ins0.5_geom0.75	RS_GCF_029925445.1	Bacillota	Bacteria	low	69.09442327577179	4.999967803584241	69.0987846230657	4.999967803584241	2950639	40	2186258	40	2186396	0.004986145276541		0	0	10901	0	True	31.06289291381836	2.076202630996704	deepcheck	-38.03153036195343	-2.9237651725875367	38.03153036195343	2.9237651725875367	low	medium
G_r001_indel_1pct	1	13	indel	0.01	1.0	ins0.5_geom0.75	RS_GCF_029925445.1	Bacillota	Bacteria	low	69.09442327577179	4.999967803584241	69.10017519756519	4.999967803584241	2950639	40	2186258	40	2186440	0.0099960754860588		0	0	21854	0	True	16.213836669921875	0.535662829875946	deepcheck	-52.88058660584991	-4.464304973708295	52.88058660584991	4.464304973708295	low	medium
G_r001_indel_2pct	1	14	indel	0.02	2.0	ins0.5_geom0.75	RS_GCF_029925445.1	Bacillota	Bacteria	low	69.09442327577179	4.999967803584241	69.0856373732522	4.999967803584241	2950639	40	2186258	40	2185980	0.0199569309752096		0	0	43631	0	True	23.24569129943848	4.988327026367188	deepcheck	-45.84873197633331	-0.011640777217052367	45.84873197633331	0.011640777217052367	low	medium
G_r001_indel_5pct	1	15	indel	0.05	5.0	ins0.5_geom0.75	RS_GCF_029925445.1	Bacillota	Bacteria	low	69.09442327577179	4.999967803584241	69.09328553299946	4.999967803584241	2950639	40	2186258	40	2186222	0.0502186841626194		0	0	109791	0	True	51.16168212890625	20.312877655029297	deepcheck	-17.93274114686554	15.312909851445056	17.93274114686554	15.312909851445056	low	medium
G_r001_chimera_5pct	1	16	chimera	0.05	5.0	rc0.5	RS_GCF_029925445.1	Bacillota	Bacteria	low	69.09442327577179	4.999967803584241	69.09442327577179	4.999967803584241	2950639	40	2186258	39	2186258	0.05		0	0	0	1	True	72.09954833984375	0.0188328325748443	deepcheck	3.0051250640719616	-4.981134971009396	3.0051250640719616	4.981134971009396	medium	medium
G_r001_chimera_10pct	1	17	chimera	0.1	10.0	rc0.5	RS_GCF_029925445.1	Bacillota	Bacteria	low	69.09442327577179	4.999967803584241	69.09442327577179	4.999967803584241	2950639	40	2186258	38	2186258	0.1		0	0	0	2	True	72.09820556640625	0.0187925994396209	deepcheck	3.0037822906344616	-4.98117520414462	3.0037822906344616	4.98117520414462	medium	medium
G_r001_chimera_20pct	1	18	chimera	0.2	20.0	rc0.5	RS_GCF_029925445.1	Bacillota	Bacteria	low	69.09442327577179	4.999967803584241	69.09442327577179	4.999967803584241	2950639	40	2186258	36	2186258	0.2		0	0	0	4	True	72.17503356933594	0.0289149582386016	deepcheck	3.080610293564149	-4.971052845345639	3.080610293564149	4.971052845345639	medium	medium
G_r001_chimera_40pct	1	19	chimera	0.4	40.0	rc0.5	RS_GCF_029925445.1	Bacillota	Bacteria	low	69.09442327577179	4.999967803584241	69.09442327577179	4.999967803584241	2950639	40	2186258	32	2186258	0.4		0	0	0	8	True	72.18000793457031	0.0288449227809906	deepcheck	3.085584658798524	-4.97112288080325	3.085584658798524	4.97112288080325	medium	medium
G_r001_uneven_coverage_5pct	1	20	uneven_coverage	0.05	5.0	lognormal_sigma1.0	RS_GCF_029925445.1	Bacillota	Bacteria	low	69.09442327577179	4.999967803584241	69.09442327577179	8.704690746648438	2950639	40	2186258	44	2295571	0.0500000457402557		109313	0	0	0	True	72.30909729003906	2.210411548614502	deepcheck	3.214674014267274	-2.789556254969739	3.214674014267274	2.789556254969739	medium	medium
G_r001_uneven_coverage_10pct	1	21	uneven_coverage	0.1	10.0	lognormal_sigma1.0	RS_GCF_029925445.1	Bacillota	Bacteria	low	69.09442327577179	4.999967803584241	69.09442327577179	12.409413689712634	2950639	40	2186258	44	2404884	0.1000000914805114		218626	0	0	0	True	72.35587310791016	5.191420078277588	deepcheck	3.261449832138368	0.19145227469334714	3.261449832138368	0.19145227469334714	medium	medium
G_r001_uneven_coverage_20pct	1	22	uneven_coverage	0.2	20.0	lognormal_sigma1.0	RS_GCF_029925445.1	Bacillota	Bacteria	low	69.09442327577179	4.999967803584241	69.09442327577179	19.818859575841028	2950639	40	2186258	47	2623510	0.2000001829610229		437252	0	0	0	True	72.30406951904297	10.015264511108398	deepcheck	3.2096462432711803	5.015296707524158	3.2096462432711803	5.015296707524158	low	medium
G_r001_uneven_coverage_40pct	1	23	uneven_coverage	0.4	40.0	lognormal_sigma1.0	RS_GCF_029925445.1	Bacillota	Bacteria	low	69.09442327577179	4.999967803584241	69.09442327577179	34.63771745713386	2950639	40	2186258	52	3060761	0.3999999085194886		874503	0	0	0	True	72.20323181152344	24.84595489501953	deepcheck	3.108808535751649	19.84598709143529	3.108808535751649	19.84598709143529	low	medium
G_r002_none_control	2	0	none	0.0	0.0	control	RS_GCF_020096995.1	Actinomycetota	Bacteria	low	81.496887067733	1.9999827521314977	81.496887067733	1.9999827521314977	3246778	153	2710958	153	2710958	0.0		0	0	0	0	True	78.4979248046875	1.4219399690628052	deepcheck	-2.998962263045499	-0.5780427830686925	2.998962263045499	0.5780427830686925	medium	medium
G_r002_substitution_0p1pct	2	1	substitution	0.001	0.1	uniform	RS_GCF_020096995.1	Actinomycetota	Bacteria	low	81.496887067733	1.9999827521314977	81.496887067733	1.9999827521314977	3246778	153	2710958	153	2710958	0.0009937446467263	0.0089640838741259	0	2694	0	0	True	77.64771270751953	1.53686261177063	deepcheck	-3.8491743602134676	-0.46312014036086757	3.8491743602134676	0.46312014036086757	medium	medium
G_r002_substitution_0p5pct	2	2	substitution	0.005	0.5	uniform	RS_GCF_020096995.1	Actinomycetota	Bacteria	low	81.496887067733	1.9999827521314977	81.496887067733	1.9999827521314977	3246778	153	2710958	153	2710958	0.0049949132373131	0.0441104216424403	0	13541	0	0	True	74.96741485595703	1.779635667800903	deepcheck	-6.529472211775968	-0.22034708433059458	6.529472211775968	0.22034708433059458	medium	medium
G_r002_substitution_1pct	2	3	substitution	0.01	1.0	uniform	RS_GCF_020096995.1	Actinomycetota	Bacteria	low	81.496887067733	1.9999827521314977	81.496887067733	1.9999827521314977	3246778	153	2710958	153	2710958	0.0098773201207838	0.0864827525163591	0	26777	0	0	True	71.2339096069336	2.023534774780273	deepcheck	-10.262977460799405	0.023552022648775317	10.262977460799405	0.023552022648775317	medium	medium
G_r002_substitution_2pct	2	4	substitution	0.02	2.0	uniform	RS_GCF_020096995.1	Actinomycetota	Bacteria	low	81.496887067733	1.9999827521314977	81.496887067733	1.9999827521314977	3246778	153	2710958	153	2710958	0.0199143623766948	0.1662522378698502	0	53987	0	0	True	66.51031494140625	1.9149270057678225	deepcheck	-14.986572126326749	-0.08505574636367519	14.986572126326749	0.08505574636367519	medium	medium
G_r002_substitution_5pct	2	5	substitution	0.05	5.0	uniform	RS_GCF_020096995.1	Actinomycetota	Bacteria	low	81.496887067733	1.9999827521314977	81.496887067733	1.9999827521314977	3246778	153	2710958	153	2710958	0.0499380661743929	0.3697505902753909	0	135380	0	0	True	48.33353042602539	3.427891731262207	deepcheck	-33.16335664170761	1.4279089791307094	33.16335664170761	1.4279089791307094	low	medium
G_r002_substitution_titv_0p1pct	2	6	substitution_titv	0.001	0.1	titv_2	RS_GCF_020096995.1	Actinomycetota	Bacteria	low	81.496887067733	1.9999827521314977	81.496887067733	1.9999827521314977	3246778	153	2710958	153	2710958	0.0009815718281138	0.0089640838741259	0	2661	0	0	True	77.31346893310547	1.5838556289672852	deepcheck	-4.18341813462753	-0.4161271231642125	4.18341813462753	0.4161271231642125	medium	medium
G_r002_substitution_titv_0p5pct	2	7	substitution_titv	0.005	0.5	titv_2	RS_GCF_020096995.1	Actinomycetota	Bacteria	low	81.496887067733	1.9999827521314977	81.496887067733	1.9999827521314977	3246778	153	2710958	153	2710958	0.0049185564660168	0.0441104216424403	0	13334	0	0	True	75.73735809326172	1.938849687576294	deepcheck	-5.75952897447128	-0.06113306455520373	5.75952897447128	0.06113306455520373	medium	medium
G_r002_substitution_titv_1pct	2	8	substitution_titv	0.01	1.0	titv_2	RS_GCF_020096995.1	Actinomycetota	Bacteria	low	81.496887067733	1.9999827521314977	81.496887067733	1.9999827521314977	3246778	153	2710958	153	2710958	0.0099356021008071	0.0864827525163591	0	26935	0	0	True	72.1419448852539	1.388405680656433	deepcheck	-9.354942182479093	-0.6115770714750646	9.354942182479093	0.6115770714750646	medium	medium
G_r002_substitution_titv_2pct	2	9	substitution_titv	0.02	2.0	titv_2	RS_GCF_020096995.1	Actinomycetota	Bacteria	low	81.496887067733	1.9999827521314977	81.496887067733	1.9999827521314977	3246778	153	2710958	153	2710958	0.0201128162074071	0.1662522378698502	0	54525	0	0	True	67.62677764892578	4.852727890014648	deepcheck	-13.870109418807218	2.8527451378831508	13.870109418807218	2.8527451378831508	medium	medium
G_r002_substitution_titv_5pct	2	10	substitution_titv	0.05	5.0	titv_2	RS_GCF_020096995.1	Actinomycetota	Bacteria	low	81.496887067733	1.9999827521314977	81.496887067733	1.9999827521314977	3246778	153	2710958	153	2710958	0.0500826645045773	0.3697505902753909	0	135772	0	0	True	56.74046325683594	1.636617660522461	deepcheck	-24.75642381089706	-0.36336509160903674	24.75642381089706	0.36336509160903674	medium	medium
G_r002_indel_0p1pct	2	11	indel	0.001	0.1	ins0.5_geom0.75	RS_GCF_020096995.1	Actinomycetota	Bacteria	low	81.496887067733	1.9999827521314977	81.49309925258774	1.9999827521314977	3246778	153	2710958	153	2710832	0.0009978022529305		0	0	2705	0	True	56.34492492675781	2.120045661926269	deepcheck	-25.151962140975186	0.12006290979477141	25.151962140975186	0.12006290979477141	medium	medium
G_r002_indel_0p5pct	2	12	indel	0.005	0.5	ins0.5_geom0.75	RS_GCF_020096995.1	Actinomycetota	Bacteria	low	81.496887067733	1.9999827521314977	81.496887067733	1.9999827521314977	3246778	153	2710958	153	2710958	0.0049414266100765		0	0	13396	0	True	29.917217254638672	1.36759352684021	deepcheck	-51.57966981309433	-0.6323892252912877	51.57966981309433	0.6323892252912877	low	medium
G_r002_indel_1pct	2	13	indel	0.01	1.0	ins0.5_geom0.75	RS_GCF_020096995.1	Actinomycetota	Bacteria	low	81.496887067733	1.9999827521314977	81.48988261591678	1.9999827521314977	3246778	153	2710958	153	2710725	0.0100016304199474		0	0	27114	0	True	26.031831741333008	1.1845860481262207	deepcheck	-55.46505532639999	-0.815396704005277	55.46505532639999	0.815396704005277	low	medium
G_r002_indel_2pct	2	14	indel	0.02	2.0	ins0.5_geom0.75	RS_GCF_020096995.1	Actinomycetota	Bacteria	low	81.496887067733	1.9999827521314977	81.49412136143646	1.9999827521314977	3246778	153	2710958	153	2710866	0.0200910526832212		0	0	54466	0	True	51.46455001831055	15.00842571258545	deepcheck	-30.032337049422452	13.008442960453952	30.032337049422452	13.008442960453952	low	medium
G_r002_indel_5pct	2	15	indel	0.05	5.0	ins0.5_geom0.75	RS_GCF_020096995.1	Actinomycetota	Bacteria	low	81.496887067733	1.9999827521314977	81.49709750190775	1.9999827521314977	3246778	153	2710958	153	2710965	0.0498668736291746		0	0	135187	0	True	48.13365173339844	29.758716583251957	deepcheck	-33.36323533433456	27.75873383112046	33.36323533433456	27.75873383112046	low	medium
G_r002_chimera_5pct	2	16	chimera	0.05	5.0	rc0.5	RS_GCF_020096995.1	Actinomycetota	Bacteria	low	81.496887067733	1.9999827521314977	81.496887067733	1.9999827521314977	3246778	153	2710958	149	2710958	0.0522875816993464		0	0	0	4	True	78.50712585449219	1.427010416984558	deepcheck	-2.9897612132408113	-0.5729723351469396	2.9897612132408113	0.5729723351469396	medium	medium
G_r002_chimera_10pct	2	17	chimera	0.1	10.0	rc0.5	RS_GCF_020096995.1	Actinomycetota	Bacteria	low	81.496887067733	1.9999827521314977	81.496887067733	1.9999827521314977	3246778	153	2710958	146	2710958	0.0915032679738562		0	0	0	7	True	78.48616027832031	1.4101974964141846	deepcheck	-3.0107267894126863	-0.5897852557173131	3.0107267894126863	0.5897852557173131	medium	medium
G_r002_chimera_20pct	2	18	chimera	0.2	20.0	rc0.5	RS_GCF_020096995.1	Actinomycetota	Bacteria	low	81.496887067733	1.9999827521314977	81.496887067733	1.9999827521314977	3246778	153	2710958	138	2710958	0.196078431372549		0	0	0	15	True	78.51004791259766	1.4415525197982788	deepcheck	-2.9868391551353426	-0.5584302323332189	2.9868391551353426	0.5584302323332189	medium	medium
G_r002_chimera_40pct	2	19	chimera	0.4	40.0	rc0.5	RS_GCF_020096995.1	Actinomycetota	Bacteria	low	81.496887067733	1.9999827521314977	81.496887067733	1.9999827521314977	3246778	153	2710958	123	2710958	0.392156862745098		0	0	0	30	True	78.29102325439453	1.2760285139083862	deepcheck	-3.2058638133384676	-0.7239542382231114	3.2058638133384676	0.7239542382231114	medium	medium
G_r002_uneven_coverage_5pct	2	20	uneven_coverage	0.05	5.0	lognormal_sigma1.0	RS_GCF_020096995.1	Actinomycetota	Bacteria	low	81.496887067733	1.9999827521314977	81.496887067733	6.174829323101241	3246778	153	2710958	163	2846506	0.0500000368873291		135548	0	0	0	True	78.62995910644531	4.867173194885254	deepcheck	-2.8669279612876863	2.8671904427537562	2.8669279612876863	2.8671904427537562	medium	medium
G_r002_uneven_coverage_10pct	2	21	uneven_coverage	0.1	10.0	lognormal_sigma1.0	RS_GCF_020096995.1	Actinomycetota	Bacteria	low	81.496887067733	1.9999827521314977	81.496887067733	10.349675894070984	3246778	153	2710958	164	2982054	0.1000000737746582		271096	0	0	0	True	79.93217468261719	9.354347229003906	deepcheck	-1.5647123851158113	7.354364476872409	1.5647123851158113	7.354364476872409	medium	medium
G_r002_uneven_coverage_20pct	2	22	uneven_coverage	0.2	20.0	lognormal_sigma1.0	RS_GCF_020096995.1	Actinomycetota	Bacteria	low	81.496887067733	1.9999827521314977	81.496887067733	18.69936903601047	3246778	153	2710958	181	3253150	0.2000001475493165		542192	0	0	0	True	79.38346099853516	19.907400131225582	deepcheck	-2.1134260691978426	17.907417379094085	2.1134260691978426	17.907417379094085	low	medium
G_r002_uneven_coverage_40pct	2	23	uneven_coverage	0.4	40.0	lognormal_sigma1.0	RS_GCF_020096995.1	Actinomycetota	Bacteria	low	81.496887067733	1.9999827521314977	81.496887067733	35.39872452012426	3246778	153	2710958	210	3795341	0.3999999262253417		1084383	0	0	0	True	76.50735473632812	37.02330780029297	deepcheck	-4.989532331404874	35.02332504816147	4.989532331404874	35.02332504816147	low	medium
G_r003_none_control	3	0	none	0.0	0.0	control	RS_GCF_963675585.1	Bacteroidota	Bacteria	low	69.81887252003206	4.999988404978969	69.81887252003206	4.999988404978969	6037074	164	4516870	164	4516870	0.0		0	0	0	0	True	71.53441619873047	4.12445878982544	deepcheck	1.7155436786984097	-0.8755296151535283	1.7155436786984097	0.8755296151535283	medium	medium
G_r003_substitution_0p1pct	3	1	substitution	0.001	0.1	uniform	RS_GCF_963675585.1	Bacteroidota	Bacteria	low	69.81887252003206	4.999988404978969	69.81887252003206	4.999988404978969	6037074	164	4516870	164	4516870	0.0010124267468401	0.0089640838741259	0	4573	0	0	True	71.70111083984375	4.714425086975098	deepcheck	1.882238319811691	-0.285563318003871	1.882238319811691	0.285563318003871	medium	medium
G_r003_substitution_0p5pct	3	2	substitution	0.005	0.5	uniform	RS_GCF_963675585.1	Bacteroidota	Bacteria	low	69.81887252003206	4.999988404978969	69.81887252003206	4.999988404978969	6037074	164	4516870	164	4516870	0.0050382233714939	0.0441104216424403	0	22757	0	0	True	68.58128356933594	4.210211277008057	deepcheck	-1.2375889506961215	-0.789777127970912	1.2375889506961215	0.789777127970912	medium	medium
G_r003_substitution_1pct	3	3	substitution	0.01	1.0	uniform	RS_GCF_963675585.1	Bacteroidota	Bacteria	low	69.81887252003206	4.999988404978969	69.81887252003206	4.999988404978969	6037074	164	4516870	164	4516870	0.0100020589478997	0.0864827525163591	0	45178	0	0	True	64.59735870361328	4.719545841217041	deepcheck	-5.221513816418778	-0.28044256376192767	5.221513816418778	0.28044256376192767	medium	medium
G_r003_substitution_2pct	3	4	substitution	0.02	2.0	uniform	RS_GCF_963675585.1	Bacteroidota	Bacteria	low	69.81887252003206	4.999988404978969	69.81887252003206	4.999988404978969	6037074	164	4516870	164	4516870	0.0199334937689152	0.1662522378698502	0	90037	0	0	True	53.926700592041016	3.726698875427246	deepcheck	-15.892171927991043	-1.2732895295517226	15.892171927991043	1.2732895295517226	medium	medium
G_r003_substitution_5pct	3	5	substitution	0.05	5.0	uniform	RS_GCF_963675585.1	Bacteroidota	Bacteria	low	69.81887252003206	4.999988404978969	69.81887252003206	4.999988404978969	6037074	164	4516870	164	4516870	0.0498736957229231	0.3697505902753909	0	225273	0	0	True	36.7625617980957	1.811119556427002	deepcheck	-33.056310721936356	-3.1888688485519667	33.056310721936356	3.1888688485519667	low	medium
G_r003_substitution_titv_0p1pct	3	6	substitution_titv	0.001	0.1	titv_2	RS_GCF_963675585.1	Bacteroidota	Bacteria	low	69.81887252003206	4.999988404978969	69.81887252003206	4.999988404978969	6037074	164	4516870	164	4516870	0.0009630562756953	0.0089640838741259	0	4350	0	0	True	71.47272491455078	3.383429288864136	deepcheck	1.6538523945187222	-1.6165591161148325	1.6538523945187222	1.6165591161148325	medium	medium
G_r003_substitution_titv_0p5pct	3	7	substitution_titv	0.005	0.5	titv_2	RS_GCF_963675585.1	Bacteroidota	Bacteria	low	69.81887252003206	4.999988404978969	69.81887252003206	4.999988404978969	6037074	164	4516870	164	4516870	0.004971805697308	0.0441104216424403	0	22457	0	0	True	70.51718139648438	3.661541223526001	deepcheck	0.698308876452316	-1.3384471814529677	0.698308876452316	1.3384471814529677	medium	medium
G_r003_substitution_titv_1pct	3	8	substitution_titv	0.01	1.0	titv_2	RS_GCF_963675585.1	Bacteroidota	Bacteria	low	69.81887252003206	4.999988404978969	69.81887252003206	4.999988404978969	6037074	164	4516870	164	4516870	0.0100589567554523	0.0864827525163591	0	45435	0	0	True	65.6137466430664	4.287579536437988	deepcheck	-4.205125876965653	-0.7124088685409804	4.205125876965653	0.7124088685409804	medium	medium
G_r003_substitution_titv_2pct	3	9	substitution_titv	0.02	2.0	titv_2	RS_GCF_963675585.1	Bacteroidota	Bacteria	low	69.81887252003206	4.999988404978969	69.81887252003206	4.999988404978969	6037074	164	4516870	164	4516870	0.0198648621722564	0.1662522378698502	0	89727	0	0	True	62.553070068359375	4.919931888580322	deepcheck	-7.265802451672684	-0.08005651639864642	7.265802451672684	0.08005651639864642	medium	medium
G_r003_substitution_titv_5pct	3	10	substitution_titv	0.05	5.0	titv_2	RS_GCF_963675585.1	Bacteroidota	Bacteria	low	69.81887252003206	4.999988404978969	69.81887252003206	4.999988404978969	6037074	164	4516870	164	4516870	0.0500840183578451	0.3697505902753909	0	226223	0	0	True	48.93024063110352	2.114391326904297	deepcheck	-20.888631888928536	-2.885597078074672	20.888631888928536	2.885597078074672	low	medium
G_r003_indel_0p1pct	3	11	indel	0.001	0.1	ins0.5_geom0.75	RS_GCF_963675585.1	Bacteroidota	Bacteria	low	69.81887252003206	4.999988404978969	69.81962993052949	4.999988404978969	6037074	164	4516870	164	4516919	0.0009774467717689		0	0	4415	0	True	61.74971008300781	4.726739883422852	deepcheck	-8.069162437024247	-0.2732485215561171	8.069162437024247	0.2732485215561171	medium	medium
G_r003_indel_0p5pct	3	12	indel	0.005	0.5	ins0.5_geom0.75	RS_GCF_963675585.1	Bacteroidota	Bacteria	low	69.81887252003206	4.999988404978969	69.82287597551841	4.999988404978969	6037074	164	4516870	164	4517129	0.0049704773438243		0	0	22451	0	True	34.04108428955078	5.719417095184326	deepcheck	-35.77778823048128	0.7194286902053575	35.77778823048128	0.7194286902053575	low	medium
G_r003_indel_1pct	3	13	indel	0.01	1.0	ins0.5_geom0.75	RS_GCF_963675585.1	Bacteroidota	Bacteria	low	69.81887252003206	4.999988404978969	69.82480814515469	4.999988404978969	6037074	164	4516870	164	4517254	0.0099369696271975		0	0	44884	0	True	21.30418586730957	1.9884910583496092	deepcheck	-48.51468665272249	-3.0114973466293593	48.51468665272249	3.0114973466293593	low	medium
G_r003_indel_2pct	3	14	indel	0.02	2.0	ins0.5_geom0.75	RS_GCF_963675585.1	Bacteroidota	Bacteria	low	69.81887252003206	4.999988404978969	69.82170121637957	4.999988404978969	6037074	164	4516870	164	4517053	0.0199058197380044		0	0	89912	0	True	48.0899543762207	19.79244041442871	deepcheck	-21.728918143811356	14.792452009449743	21.728918143811356	14.792452009449743	low	medium
G_r003_indel_5pct	3	15	indel	0.05	5.0	ins0.5_geom0.75	RS_GCF_963675585.1	Bacteroidota	Bacteria	low	69.81887252003206	4.999988404978969	69.80347699237021	4.999988404978969	6037074	164	4516870	164	4515874	0.0500731701377281		0	0	226174	0	True	53.05088806152344	23.839330673217773	deepcheck	-16.76798445850862	18.839342268238806	16.76798445850862	18.839342268238806	low	medium
G_r003_chimera_5pct	3	16	chimera	0.05	5.0	rc0.5	RS_GCF_963675585.1	Bacteroidota	Bacteria	low	69.81887252003206	4.999988404978969	69.81887252003206	4.999988404978969	6037074	164	4516870	160	4516870	0.048780487804878		0	0	0	4	True	71.77452087402344	4.105434894561768	deepcheck	1.9556483539913785	-0.8945535104172011	1.9556483539913785	0.8945535104172011	medium	medium
G_r003_chimera_10pct	3	17	chimera	0.1	10.0	rc0.5	RS_GCF_963675585.1	Bacteroidota	Bacteria	low	69.81887252003206	4.999988404978969	69.81887252003206	4.999988404978969	6037074	164	4516870	156	4516870	0.0975609756097561		0	0	0	8	True	71.63182830810547	3.962706089019776	deepcheck	1.8129557880734097	-1.0372823159591928	1.8129557880734097	1.0372823159591928	medium	medium
G_r003_chimera_20pct	3	18	chimera	0.2	20.0	rc0.5	RS_GCF_963675585.1	Bacteroidota	Bacteria	low	69.81887252003206	4.999988404978969	69.81887252003206	4.999988404978969	6037074	164	4516870	147	4516870	0.2073170731707317		0	0	0	17	True	71.7241439819336	4.047039985656738	deepcheck	1.9052714619015347	-0.9529484193222304	1.9052714619015347	0.9529484193222304	medium	medium
G_r003_chimera_40pct	3	19	chimera	0.4	40.0	rc0.5	RS_GCF_963675585.1	Bacteroidota	Bacteria	low	69.81887252003206	4.999988404978969	69.81887252003206	4.999988404978969	6037074	164	4516870	131	4516870	0.4024390243902439		0	0	0	33	True	71.55534362792969	3.818533182144165	deepcheck	1.7364711078976285	-1.1814552228348036	1.7364711078976285	1.1814552228348036	medium	medium
G_r003_uneven_coverage_5pct	3	20	uneven_coverage	0.05	5.0	lognormal_sigma1.0	RS_GCF_963675585.1	Bacteroidota	Bacteria	low	69.81887252003206	4.999988404978969	69.81887252003206	8.7409397333874	6037074	164	4516870	174	4742714	0.0500001106961236		225844	0	0	0	True	71.99040222167969	7.451650619506836	deepcheck	2.1715297016476285	2.4516622145278673	2.1715297016476285	2.4516622145278673	medium	medium
G_r003_uneven_coverage_10pct	3	21	uneven_coverage	0.1	10.0	lognormal_sigma1.0	RS_GCF_963675585.1	Bacteroidota	Bacteria	low	69.81887252003206	4.999988404978969	69.81887252003206	12.48187449748007	6037074	164	4516870	185	4968557	0.1		451687	0	0	0	True	72.49607849121094	8.744938850402832	deepcheck	2.6772059711788785	3.7449504454238633	2.6772059711788785	3.7449504454238633	medium	medium
G_r003_uneven_coverage_20pct	3	22	uneven_coverage	0.2	20.0	lognormal_sigma1.0	RS_GCF_963675585.1	Bacteroidota	Bacteria	low	69.81887252003206	4.999988404978969	69.81887252003206	19.96376058998117	6037074	164	4516870	196	5420244	0.2		903374	0	0	0	True	70.1114273071289	20.26032447814941	deepcheck	0.29255478709684724	15.260336073170443	0.29255478709684724	15.260336073170443	low	medium
G_r003_uneven_coverage_40pct	3	23	uneven_coverage	0.4	40.0	lognormal_sigma1.0	RS_GCF_963675585.1	Bacteroidota	Bacteria	low	69.81887252003206	4.999988404978969	69.81887252003206	34.927532774983376	6037074	164	4516870	230	6323618	0.4		1806748	0	0	0	True	72.287353515625	30.575578689575195	deepcheck	2.468480995592941	25.575590284596228	2.468480995592941	25.575590284596228	low	medium
G_r004_none_control	4	0	none	0.0	0.0	control	RS_GCF_030323385.1	Campylobacterota	Bacteria	highly_fragmented	82.53028281605829	0.0	82.53028281605829	0.0	1662494	127	1372061	127	1372061	0.0		0	0	0	0	True	80.26679992675781	1.861653447151184	deepcheck	-2.2634828893004766	1.861653447151184	2.2634828893004766	1.861653447151184	medium	medium
G_r004_substitution_0p1pct	4	1	substitution	0.001	0.1	uniform	RS_GCF_030323385.1	Campylobacterota	Bacteria	highly_fragmented	82.53028281605829	0.0	82.53028281605829	0.0	1662494	127	1372061	127	1372061	0.0010189051361419	0.0089640838741259	0	1398	0	0	True	79.18344116210938	1.980119228363037	deepcheck	-3.346841653948914	1.980119228363037	3.346841653948914	1.980119228363037	medium	medium
G_r004_substitution_0p5pct	4	2	substitution	0.005	0.5	uniform	RS_GCF_030323385.1	Campylobacterota	Bacteria	highly_fragmented	82.53028281605829	0.0	82.53028281605829	0.0	1662494	127	1372061	127	1372061	0.005066830119069	0.0441104216424403	0	6952	0	0	True	75.82087707519531	4.397579669952393	deepcheck	-6.709405740862977	4.397579669952393	6.709405740862977	4.397579669952393	medium	medium
G_r004_substitution_1pct	4	3	substitution	0.01	1.0	uniform	RS_GCF_030323385.1	Campylobacterota	Bacteria	highly_fragmented	82.53028281605829	0.0	82.53028281605829	0.0	1662494	127	1372061	127	1372061	0.0098654505885671	0.0864827525163591	0	13536	0	0	True	68.18396759033203	4.8089094161987305	deepcheck	-14.346315225726258	4.8089094161987305	14.346315225726258	4.8089094161987305	medium	medium
G_r004_substitution_2pct	4	4	substitution	0.02	2.0	uniform	RS_GCF_030323385.1	Campylobacterota	Bacteria	highly_fragmented	82.53028281605829	0.0	82.53028281605829	0.0	1662494	127	1372061	127	1372061	0.019929871922604	0.1662522378698502	0	27345	0	0	True	59.779571533203125	4.698031902313232	deepcheck	-22.750711282855164	4.698031902313232	22.750711282855164	4.698031902313232	medium	medium
G_r004_substitution_5pct	4	5	substitution	0.05	5.0	uniform	RS_GCF_030323385.1	Campylobacterota	Bacteria	highly_fragmented	82.53028281605829	0.0	82.53028281605829	0.0	1662494	127	1372061	127	1372061	0.0501712387423008	0.3697505902753909	0	68838	0	0	True	42.006683349609375	2.2749412059783936	deepcheck	-40.523599466448914	2.2749412059783936	40.523599466448914	2.2749412059783936	low	medium
G_r004_substitution_titv_0p1pct	4	6	substitution_titv	0.001	0.1	titv_2	RS_GCF_030323385.1	Campylobacterota	Bacteria	highly_fragmented	82.53028281605829	0.0	82.53028281605829	0.0	1662494	127	1372061	127	1372061	0.0009693446574168	0.0089640838741259	0	1330	0	0	True	79.83113861083984	2.027259826660156	deepcheck	-2.6991442052184453	2.027259826660156	2.6991442052184453	2.027259826660156	medium	medium
G_r004_substitution_titv_0p5pct	4	7	substitution_titv	0.005	0.5	titv_2	RS_GCF_030323385.1	Campylobacterota	Bacteria	highly_fragmented	82.53028281605829	0.0	82.53028281605829	0.0	1662494	127	1372061	127	1372061	0.0050362192351506	0.0441104216424403	0	6910	0	0	True	75.83043670654297	1.9825677871704104	deepcheck	-6.69984610951532	1.9825677871704104	6.69984610951532	1.9825677871704104	medium	medium
G_r004_substitution_titv_1pct	4	8	substitution_titv	0.01	1.0	titv_2	RS_GCF_030323385.1	Campylobacterota	Bacteria	highly_fragmented	82.53028281605829	0.0	82.53028281605829	0.0	1662494	127	1372061	127	1372061	0.0100746249620097	0.0864827525163591	0	13823	0	0	True	74.636962890625	3.954315185546875	deepcheck	-7.893319925433289	3.954315185546875	7.893319925433289	3.954315185546875	medium	medium
G_r004_substitution_titv_2pct	4	9	substitution_titv	0.02	2.0	titv_2	RS_GCF_030323385.1	Campylobacterota	Bacteria	highly_fragmented	82.53028281605829	0.0	82.53028281605829	0.0	1662494	127	1372061	127	1372061	0.0201733013328124	0.1662522378698502	0	27679	0	0	True	66.06511688232422	4.916866302490234	deepcheck	-16.46516593373407	4.916866302490234	16.46516593373407	4.916866302490234	medium	medium
G_r004_substitution_titv_5pct	4	10	substitution_titv	0.05	5.0	titv_2	RS_GCF_030323385.1	Campylobacterota	Bacteria	highly_fragmented	82.53028281605829	0.0	82.53028281605829	0.0	1662494	127	1372061	127	1372061	0.0502725461914594	0.3697505902753909	0	68977	0	0	True	48.47792816162109	2.445352554321289	deepcheck	-34.0523546544372	2.445352554321289	34.0523546544372	2.445352554321289	low	medium
G_r004_indel_0p1pct	4	11	indel	0.001	0.1	ins0.5_geom0.75	RS_GCF_030323385.1	Campylobacterota	Bacteria	highly_fragmented	82.53028281605829	0.0	82.53022266546526	0.0	1662494	127	1372061	127	1372060	0.0010108879998775		0	0	1387	0	True	62.30368041992188	5.430785655975342	deepcheck	-20.226602396136407	5.430785655975342	20.226602396136407	5.430785655975342	medium	medium
G_r004_indel_0p5pct	4	12	indel	0.005	0.5	ins0.5_geom0.75	RS_GCF_030323385.1	Campylobacterota	Bacteria	highly_fragmented	82.53028281605829	0.0	82.52420760616279	0.0	1662494	127	1372061	127	1371960	0.004934911785992		0	0	6771	0	True	32.5576171875	2.109154224395752	deepcheck	-49.97266562855829	2.109154224395752	49.97266562855829	2.109154224395752	low	medium
G_r004_indel_1pct	4	13	indel	0.01	1.0	ins0.5_geom0.75	RS_GCF_030323385.1	Campylobacterota	Bacteria	highly_fragmented	82.53028281605829	0.0	82.53076402080248	0.0	1662494	127	1372061	127	1372069	0.0101926955142664		0	0	13985	0	True	21.84375762939453	2.47833251953125	deepcheck	-60.68652518666376	2.47833251953125	60.68652518666376	2.47833251953125	low	medium
G_r004_indel_2pct	4	14	indel	0.02	2.0	ins0.5_geom0.75	RS_GCF_030323385.1	Campylobacterota	Bacteria	highly_fragmented	82.53028281605829	0.0	82.53280914096533	0.0	1662494	127	1372061	127	1372103	0.0201856914524937		0	0	27696	0	True	36.90690231323242	7.420774459838867	deepcheck	-45.62338050282587	7.420774459838867	45.62338050282587	7.420774459838867	low	medium
G_r004_indel_5pct	4	15	indel	0.05	5.0	ins0.5_geom0.75	RS_GCF_030323385.1	Campylobacterota	Bacteria	highly_fragmented	82.53028281605829	0.0	82.54441820541909	0.0	1662494	127	1372061	127	1372296	0.0499358264683567		0	0	68515	0	True	32.437217712402344	8.086628913879395	deepcheck	-50.093065103655945	8.086628913879395	50.093065103655945	8.086628913879395	low	medium
G_r004_chimera_5pct	4	16	chimera	0.05	5.0	rc0.5	RS_GCF_030323385.1	Campylobacterota	Bacteria	highly_fragmented	82.53028281605829	0.0	82.53028281605829	0.0	1662494	127	1372061	124	1372061	0.0472440944881889		0	0	0	3	True	80.265380859375	1.861282467842102	deepcheck	-2.264901956683289	1.861282467842102	2.264901956683289	1.861282467842102	medium	medium
G_r004_chimera_10pct	4	17	chimera	0.1	10.0	rc0.5	RS_GCF_030323385.1	Campylobacterota	Bacteria	highly_fragmented	82.53028281605829	0.0	82.53028281605829	0.0	1662494	127	1372061	120	1372061	0.1102362204724409		0	0	0	7	True	80.26497650146484	1.8612399101257324	deepcheck	-2.2653063145934453	1.8612399101257324	2.2653063145934453	1.8612399101257324	medium	medium
G_r004_chimera_20pct	4	18	chimera	0.2	20.0	rc0.5	RS_GCF_030323385.1	Campylobacterota	Bacteria	highly_fragmented	82.53028281605829	0.0	82.53028281605829	0.0	1662494	127	1372061	114	1372061	0.2047244094488189		0	0	0	13	True	80.32492065429688	1.8190897703170776	deepcheck	-2.205362161761414	1.8190897703170776	2.205362161761414	1.8190897703170776	medium	medium
G_r004_chimera_40pct	4	19	chimera	0.4	40.0	rc0.5	RS_GCF_030323385.1	Campylobacterota	Bacteria	highly_fragmented	82.53028281605829	0.0	82.53028281605829	0.0	1662494	127	1372061	101	1372061	0.4094488188976378		0	0	0	26	True	80.14928436279297	1.8680304288864136	deepcheck	-2.3809984532653203	1.8680304288864136	2.3809984532653203	1.8680304288864136	medium	medium
G_r004_uneven_coverage_5pct	4	20	uneven_coverage	0.05	5.0	lognormal_sigma1.0	RS_GCF_030323385.1	Campylobacterota	Bacteria	highly_fragmented	82.53028281605829	0.0	82.53028281605829	4.126511133273263	1662494	127	1372061	131	1440664	0.0499999635584715		68603	0	0	0	True	80.55496215820312	5.042964935302734	deepcheck	-1.975320657855164	5.042964935302734	1.975320657855164	5.042964935302734	medium	medium
G_r004_uneven_coverage_10pct	4	21	uneven_coverage	0.1	10.0	lognormal_sigma1.0	RS_GCF_030323385.1	Campylobacterota	Bacteria	highly_fragmented	82.53028281605829	0.0	82.53028281605829	8.253022266546527	1662494	127	1372061	142	1509267	0.099999927116943		137206	0	0	0	True	80.74400329589844	10.041343688964844	deepcheck	-1.7862795201598516	10.041343688964844	1.7862795201598516	10.041343688964844	low	medium
G_r004_uneven_coverage_20pct	4	22	uneven_coverage	0.2	20.0	lognormal_sigma1.0	RS_GCF_030323385.1	Campylobacterota	Bacteria	highly_fragmented	82.53028281605829	0.0	82.53028281605829	16.506044533093053	1662494	127	1372061	155	1646473	0.1999998542338861		274412	0	0	0	True	80.73170471191406	19.47108268737793	deepcheck	-1.7985781041442266	19.47108268737793	1.7985781041442266	19.47108268737793	low	medium
G_r004_uneven_coverage_40pct	4	23	uneven_coverage	0.4	40.0	lognormal_sigma1.0	RS_GCF_030323385.1	Campylobacterota	Bacteria	highly_fragmented	82.53028281605829	0.0	82.53028281605829	33.01208906618611	1662494	127	1372061	175	1920885	0.3999997084677722		548824	0	0	0	True	78.64315795898438	30.348190307617188	deepcheck	-3.887124857073914	30.348190307617188	3.887124857073914	30.348190307617188	low	medium
G_r005_none_control	5	0	none	0.0	0.0	control	RS_GCF_036630095.1	Cyanobacteriota	Bacteria	highly_fragmented	59.26823325524292	0.0	59.26823325524292	0.0	2803161	39	1661384	39	1661384	0.0		0	0	0	0	True	62.5260124206543	0.8027687668800354	deepcheck	3.257779165411378	0.8027687668800354	3.257779165411378	0.8027687668800354	medium	medium
G_r005_substitution_0p1pct	5	1	substitution	0.001	0.1	uniform	RS_GCF_036630095.1	Cyanobacteriota	Bacteria	highly_fragmented	59.26823325524292	0.0	59.26823325524292	0.0	2803161	39	1661384	39	1661384	0.0010244470874885	0.0089640838741259	0	1702	0	0	True	61.90744018554688	1.317808747291565	deepcheck	2.6392069303039634	1.317808747291565	2.6392069303039634	1.317808747291565	medium	medium
G_r005_substitution_0p5pct	5	2	substitution	0.005	0.5	uniform	RS_GCF_036630095.1	Cyanobacteriota	Bacteria	highly_fragmented	59.26823325524292	0.0	59.26823325524292	0.0	2803161	39	1661384	39	1661384	0.0049964367057826	0.0441104216424403	0	8301	0	0	True	59.3562126159668	2.0967066287994385	deepcheck	0.08797936072387813	2.0967066287994385	0.08797936072387813	2.0967066287994385	medium	medium
G_r005_substitution_1pct	5	3	substitution	0.01	1.0	uniform	RS_GCF_036630095.1	Cyanobacteriota	Bacteria	highly_fragmented	59.26823325524292	0.0	59.26823325524292	0.0	2803161	39	1661384	39	1661384	0.0100404241283171	0.0864827525163591	0	16681	0	0	True	54.90735626220703	1.9979946613311768	deepcheck	-4.3608769930358875	1.9979946613311768	4.3608769930358875	1.9979946613311768	medium	medium
G_r005_substitution_2pct	5	4	substitution	0.02	2.0	uniform	RS_GCF_036630095.1	Cyanobacteriota	Bacteria	highly_fragmented	59.26823325524292	0.0	59.26823325524292	0.0	2803161	39	1661384	39	1661384	0.0200856635190901	0.1662522378698502	0	33370	0	0	True	50.20177459716797	1.4186654090881348	deepcheck	-9.06645865807495	1.4186654090881348	9.06645865807495	1.4186654090881348	medium	medium
G_r005_substitution_5pct	5	5	substitution	0.05	5.0	uniform	RS_GCF_036630095.1	Cyanobacteriota	Bacteria	highly_fragmented	59.26823325524292	0.0	59.26823325524292	0.0	2803161	39	1661384	39	1661384	0.0501304936125543	0.3697505902753909	0	83286	0	0	True	36.54228591918945	4.746695041656494	deepcheck	-22.725947336053466	4.746695041656494	22.725947336053466	4.746695041656494	low	medium
G_r005_substitution_titv_0p1pct	5	6	substitution_titv	0.001	0.1	titv_2	RS_GCF_036630095.1	Cyanobacteriota	Bacteria	highly_fragmented	59.26823325524292	0.0	59.26823325524292	0.0	2803161	39	1661384	39	1661384	0.0009498105194223	0.0089640838741259	0	1578	0	0	True	62.03570556640625	1.2271844148635864	deepcheck	2.7674723111633313	1.2271844148635864	2.7674723111633313	1.2271844148635864	medium	medium
G_r005_substitution_titv_0p5pct	5	7	substitution_titv	0.005	0.5	titv_2	RS_GCF_036630095.1	Cyanobacteriota	Bacteria	highly_fragmented	59.26823325524292	0.0	59.26823325524292	0.0	2803161	39	1661384	39	1661384	0.0049735642091172	0.0441104216424403	0	8263	0	0	True	58.87847137451172	2.010343313217163	deepcheck	-0.3897618807312	2.010343313217163	0.3897618807312	2.010343313217163	medium	medium
G_r005_substitution_titv_1pct	5	8	substitution_titv	0.01	1.0	titv_2	RS_GCF_036630095.1	Cyanobacteriota	Bacteria	highly_fragmented	59.26823325524292	0.0	59.26823325524292	0.0	2803161	39	1661384	39	1661384	0.0100566756391057	0.0864827525163591	0	16708	0	0	True	55.74414825439453	1.9435979127883911	deepcheck	-3.5240850008483875	1.9435979127883911	3.5240850008483875	1.9435979127883911	medium	medium
G_r005_substitution_titv_2pct	5	9	substitution_titv	0.02	2.0	titv_2	RS_GCF_036630095.1	Cyanobacteriota	Bacteria	highly_fragmented	59.26823325524292	0.0	59.26823325524292	0.0	2803161	39	1661384	39	1661384	0.0200447337882151	0.1662522378698502	0	33302	0	0	True	47.9858627319336	5.158097743988037	deepcheck	-11.282370523309318	5.158097743988037	11.282370523309318	5.158097743988037	low	medium
G_r005_substitution_titv_5pct	5	10	substitution_titv	0.05	5.0	titv_2	RS_GCF_036630095.1	Cyanobacteriota	Bacteria	highly_fragmented	59.26823325524292	0.0	59.26823325524292	0.0	2803161	39	1661384	39	1661384	0.0498722751633577	0.3697505902753909	0	82857	0	0	True	41.54705429077149	5.890388488769531	deepcheck	-17.721178964471427	5.890388488769531	17.721178964471427	5.890388488769531	low	medium
G_r005_indel_0p1pct	5	11	indel	0.001	0.1	ins0.5_geom0.75	RS_GCF_036630095.1	Cyanobacteriota	Bacteria	highly_fragmented	59.26823325524292	0.0	59.269267801599696	0.0	2803161	39	1661384	39	1661413	0.0009811097253855		0	0	1630	0	True	49.95797729492188	3.679185390472412	deepcheck	-9.310255960321037	3.679185390472412	9.310255960321037	3.679185390472412	low	medium
G_r005_indel_0p5pct	5	12	indel	0.005	0.5	ins0.5_geom0.75	RS_GCF_036630095.1	Cyanobacteriota	Bacteria	highly_fragmented	59.26823325524292	0.0	59.27511833961731	0.0	2803161	39	1661384	39	1661577	0.0050277359117458		0	0	8353	0	True	20.15362930297852	0.3856107592582702	deepcheck	-39.1146039522644	0.3856107592582702	39.1146039522644	0.3856107592582702	low	medium
G_r005_indel_1pct	5	13	indel	0.01	1.0	ins0.5_geom0.75	RS_GCF_036630095.1	Cyanobacteriota	Bacteria	highly_fragmented	59.26823325524292	0.0	59.27090880616561	0.0	2803161	39	1661384	39	1661459	0.010041627943931		0	0	16683	0	True	15.640860557556152	1.5757687091827393	deepcheck	-43.627372697686766	1.5757687091827393	43.627372697686766	1.5757687091827393	low	medium
G_r005_indel_2pct	5	14	indel	0.02	2.0	ins0.5_geom0.75	RS_GCF_036630095.1	Cyanobacteriota	Bacteria	highly_fragmented	59.26823325524292	0.0	59.27251413671922	0.0	2803161	39	1661384	39	1661504	0.0200688101004945		0	0	33342	0	True	33.652320861816406	9.408466339111328	deepcheck	-25.615912393426512	9.408466339111328	25.615912393426512	9.408466339111328	low	medium
G_r005_indel_5pct	5	15	indel	0.05	5.0	ins0.5_geom0.75	RS_GCF_036630095.1	Cyanobacteriota	Bacteria	highly_fragmented	59.26823325524292	0.0	59.25742402951525	0.0	2803161	39	1661384	39	1661081	0.0497362439989791		0	0	82631	0	True	53.10784149169922	21.57539176940918	deepcheck	-6.1603917635437	21.57539176940918	6.1603917635437	21.57539176940918	low	medium
G_r005_chimera_5pct	5	16	chimera	0.05	5.0	rc0.5	RS_GCF_036630095.1	Cyanobacteriota	Bacteria	highly_fragmented	59.26823325524292	0.0	59.26823325524292	0.0	2803161	39	1661384	38	1661384	0.0512820512820512		0	0	0	1	True	62.526668548583984	0.8033528923988342	deepcheck	3.2584352933410656	0.8033528923988342	3.2584352933410656	0.8033528923988342	medium	medium
G_r005_chimera_10pct	5	17	chimera	0.1	10.0	rc0.5	RS_GCF_036630095.1	Cyanobacteriota	Bacteria	highly_fragmented	59.26823325524292	0.0	59.26823325524292	0.0	2803161	39	1661384	37	1661384	0.1025641025641025		0	0	0	2	True	62.517356872558594	0.8278273344039917	deepcheck	3.249123617315675	0.8278273344039917	3.249123617315675	0.8278273344039917	medium	medium
G_r005_chimera_20pct	5	18	chimera	0.2	20.0	rc0.5	RS_GCF_036630095.1	Cyanobacteriota	Bacteria	highly_fragmented	59.26823325524292	0.0	59.26823325524292	0.0	2803161	39	1661384	35	1661384	0.2051282051282051		0	0	0	4	True	62.51688766479492	0.827548623085022	deepcheck	3.248654409552003	0.827548623085022	3.248654409552003	0.827548623085022	medium	medium
G_r005_chimera_40pct	5	19	chimera	0.4	40.0	rc0.5	RS_GCF_036630095.1	Cyanobacteriota	Bacteria	highly_fragmented	59.26823325524292	0.0	59.26823325524292	0.0	2803161	39	1661384	31	1661384	0.4102564102564102		0	0	0	8	True	62.52610778808594	0.8030909895896912	deepcheck	3.2578745328430188	0.8030909895896912	3.2578745328430188	0.8030909895896912	medium	medium
G_r005_uneven_coverage_5pct	5	20	uneven_coverage	0.05	5.0	lognormal_sigma1.0	RS_GCF_036630095.1	Cyanobacteriota	Bacteria	highly_fragmented	59.26823325524292	0.0	59.26823325524292	2.963404527959685	2803161	39	1661384	41	1744453	0.0499998796184386		83069	0	0	0	True	62.558536529541016	5.001755237579346	deepcheck	3.290303274298097	5.001755237579346	3.290303274298097	5.001755237579346	medium	medium
G_r005_uneven_coverage_10pct	5	21	uneven_coverage	0.1	10.0	lognormal_sigma1.0	RS_GCF_036630095.1	Cyanobacteriota	Bacteria	highly_fragmented	59.26823325524292	0.0	59.26823325524292	5.926809055919371	2803161	39	1661384	45	1827522	0.0999997592368772		166138	0	0	0	True	63.15133666992188	5.245337963104248	deepcheck	3.8831034146789634	5.245337963104248	3.8831034146789634	5.245337963104248	medium	medium
G_r005_uneven_coverage_20pct	5	22	uneven_coverage	0.2	20.0	lognormal_sigma1.0	RS_GCF_036630095.1	Cyanobacteriota	Bacteria	highly_fragmented	59.26823325524292	0.0	59.26823325524292	11.853653785851044	2803161	39	1661384	47	1993661	0.2000001203815614		332277	0	0	0	True	62.803810119628906	10.17744255065918	deepcheck	3.5355768643859875	10.17744255065918	3.5355768643859875	10.17744255065918	low	medium
G_r005_uneven_coverage_40pct	5	23	uneven_coverage	0.4	40.0	lognormal_sigma1.0	RS_GCF_036630095.1	Cyanobacteriota	Bacteria	highly_fragmented	59.26823325524292	0.0	59.26823325524292	23.70730757170209	2803161	39	1661384	49	2325938	0.4000002407631228		664554	0	0	0	True	59.33218765258789	21.78578758239746	deepcheck	0.06395439734497188	21.78578758239746	0.06395439734497188	21.78578758239746	low	medium
G_r006_none_control	6	0	none	0.0	0.0	control	RS_GCF_000298475.2	Chlamydiota	Bacteria	high	100.0	0.0	100.0	0.0	1148342	1	1148342	1	1148342	0.0		0	0	0	0	True	98.7484130859375	0.1175500452518463	deepcheck	-1.2515869140625	0.1175500452518463	1.2515869140625	0.1175500452518463	high	high
G_r006_substitution_0p1pct	6	1	substitution	0.001	0.1	uniform	RS_GCF_000298475.2	Chlamydiota	Bacteria	high	100.0	0.0	100.0	0.0	1148342	1	1148342	1	1148342	0.0010362766492908	0.0089640838741259	0	1190	0	0	True	98.35435485839844	0.1261107623577118	deepcheck	-1.6456451416015625	0.1261107623577118	1.6456451416015625	0.1261107623577118	high	high
G_r006_substitution_0p5pct	6	2	substitution	0.005	0.5	uniform	RS_GCF_000298475.2	Chlamydiota	Bacteria	high	100.0	0.0	100.0	0.0	1148342	1	1148342	1	1148342	0.0050838513265211	0.0441104216424403	0	5838	0	0	True	95.8738250732422	1.1358685493469238	deepcheck	-4.126174926757798	1.1358685493469238	4.126174926757798	1.1358685493469238	high	high
G_r006_substitution_1pct	6	3	substitution	0.01	1.0	uniform	RS_GCF_000298475.2	Chlamydiota	Bacteria	high	100.0	0.0	100.0	0.0	1148342	1	1148342	1	1148342	0.0100118257452919	0.0864827525163591	0	11497	0	0	True	84.86019134521484	3.535160541534424	deepcheck	-15.139808654785156	3.535160541534424	15.139808654785156	3.535160541534424	medium	high
G_r006_substitution_2pct	6	4	substitution	0.02	2.0	uniform	RS_GCF_000298475.2	Chlamydiota	Bacteria	high	100.0	0.0	100.0	0.0	1148342	1	1148342	1	1148342	0.0200375846220028	0.1662522378698502	0	23010	0	0	True	73.55382537841797	4.925289630889893	deepcheck	-26.44617462158203	4.925289630889893	26.44617462158203	4.925289630889893	medium	high
G_r006_substitution_5pct	6	5	substitution	0.05	5.0	uniform	RS_GCF_000298475.2	Chlamydiota	Bacteria	high	100.0	0.0	100.0	0.0	1148342	1	1148342	1	1148342	0.0498649357073067	0.3697505902753909	0	57262	0	0	True	50.52849197387695	3.173799753189087	deepcheck	-49.47150802612305	3.173799753189087	49.47150802612305	3.173799753189087	medium	high
G_r006_substitution_titv_0p1pct	6	6	substitution_titv	0.001	0.1	titv_2	RS_GCF_000298475.2	Chlamydiota	Bacteria	high	100.0	0.0	100.0	0.0	1148342	1	1148342	1	1148342	0.0010092812071665	0.0089640838741259	0	1159	0	0	True	97.73956298828124	0.2845890820026397	deepcheck	-2.260437011718764	0.2845890820026397	2.260437011718764	0.2845890820026397	high	high
G_r006_substitution_titv_0p5pct	6	7	substitution_titv	0.005	0.5	titv_2	RS_GCF_000298475.2	Chlamydiota	Bacteria	high	100.0	0.0	100.0	0.0	1148342	1	1148342	1	1148342	0.0050882054300896	0.0441104216424403	0	5843	0	0	True	95.41446685791016	3.392735004425049	deepcheck	-4.585533142089844	3.392735004425049	4.585533142089844	3.392735004425049	high	high
G_r006_substitution_titv_1pct	6	8	substitution_titv	0.01	1.0	titv_2	RS_GCF_000298475.2	Chlamydiota	Bacteria	high	100.0	0.0	100.0	0.0	1148342	1	1148342	1	1148342	0.0099099397217901	0.0864827525163591	0	11380	0	0	True	91.34803771972656	1.4694199562072754	deepcheck	-8.651962280273438	1.4694199562072754	8.651962280273438	1.4694199562072754	high	high
G_r006_substitution_titv_2pct	6	9	substitution_titv	0.02	2.0	titv_2	RS_GCF_000298475.2	Chlamydiota	Bacteria	high	100.0	0.0	100.0	0.0	1148342	1	1148342	1	1148342	0.0198033338500202	0.1662522378698502	0	22741	0	0	True	83.79615020751953	3.247035264968872	deepcheck	-16.20384979248047	3.247035264968872	16.20384979248047	3.247035264968872	medium	high
G_r006_substitution_titv_5pct	6	10	substitution_titv	0.05	5.0	titv_2	RS_GCF_000298475.2	Chlamydiota	Bacteria	high	100.0	0.0	100.0	0.0	1148342	1	1148342	1	1148342	0.0503848156733795	0.3697505902753909	0	57859	0	0	True	49.9962272644043	4.894904613494873	deepcheck	-50.0037727355957	4.894904613494873	50.0037727355957	4.894904613494873	low	high
G_r006_indel_0p1pct	6	11	indel	0.001	0.1	ins0.5_geom0.75	RS_GCF_000298475.2	Chlamydiota	Bacteria	high	100.0	0.0	100.00383161114024	0.0	1148342	1	1148342	1	1148386	0.0009666109921957		0	0	1110	0	True	80.06295013427734	3.867543458938599	deepcheck	-19.937049865722656	3.867543458938599	19.937049865722656	3.867543458938599	medium	high
G_r006_indel_0p5pct	6	12	indel	0.005	0.5	ins0.5_geom0.75	RS_GCF_000298475.2	Chlamydiota	Bacteria	high	100.0	0.0	100.01550060870368	0.0	1148342	1	1148342	1	1148520	0.0050289896215587		0	0	5775	0	True	37.89142990112305	3.881772518157959	deepcheck	-62.10857009887695	3.881772518157959	62.10857009887695	3.881772518157959	low	high
G_r006_indel_1pct	6	13	indel	0.01	1.0	ins0.5_geom0.75	RS_GCF_000298475.2	Chlamydiota	Bacteria	high	100.0	0.0	100.01271398241988	0.0	1148342	1	1148342	1	1148488	0.0099935385103044		0	0	11476	0	True	24.999940872192383	1.988576412200928	deepcheck	-75.00005912780762	1.988576412200928	75.00005912780762	1.988576412200928	low	high
G_r006_indel_2pct	6	14	indel	0.02	2.0	ins0.5_geom0.75	RS_GCF_000298475.2	Chlamydiota	Bacteria	high	100.0	0.0	100.01654559356012	0.0	1148342	1	1148342	1	1148532	0.0201978156333217		0	0	23194	0	True	18.030250549316406	8.570045471191406	deepcheck	-81.9697494506836	8.570045471191406	81.9697494506836	8.570045471191406	low	high
G_r006_indel_5pct	6	15	indel	0.05	5.0	ins0.5_geom0.75	RS_GCF_000298475.2	Chlamydiota	Bacteria	high	100.0	0.0	99.96891170052128	0.0	1148342	1	1148342	1	1147985	0.0498501317551739		0	0	57245	0	True	17.246570587158203	5.676648616790772	deepcheck	-82.7534294128418	5.676648616790772	82.7534294128418	5.676648616790772	low	high
G_r006_chimera_5pct	6	16	chimera	0.05	5.0	rc0.5	RS_GCF_000298475.2	Chlamydiota	Bacteria	high	100.0	0.0	100.0	0.0	1148342	1	1148342	1	1148342	0.0		0	0	0	0	True	98.7484130859375	0.1175500452518463	deepcheck	-1.2515869140625	0.1175500452518463	1.2515869140625	0.1175500452518463	high	high
G_r006_chimera_10pct	6	17	chimera	0.1	10.0	rc0.5	RS_GCF_000298475.2	Chlamydiota	Bacteria	high	100.0	0.0	100.0	0.0	1148342	1	1148342	1	1148342	0.0		0	0	0	0	True	98.7484130859375	0.1175500452518463	deepcheck	-1.2515869140625	0.1175500452518463	1.2515869140625	0.1175500452518463	high	high
G_r006_chimera_20pct	6	18	chimera	0.2	20.0	rc0.5	RS_GCF_000298475.2	Chlamydiota	Bacteria	high	100.0	0.0	100.0	0.0	1148342	1	1148342	1	1148342	0.0		0	0	0	0	True	98.7484130859375	0.1175500452518463	deepcheck	-1.2515869140625	0.1175500452518463	1.2515869140625	0.1175500452518463	high	high
G_r006_chimera_40pct	6	19	chimera	0.4	40.0	rc0.5	RS_GCF_000298475.2	Chlamydiota	Bacteria	high	100.0	0.0	100.0	0.0	1148342	1	1148342	1	1148342	0.0		0	0	0	0	True	98.7484130859375	0.1175500452518463	deepcheck	-1.2515869140625	0.1175500452518463	1.2515869140625	0.1175500452518463	high	high
G_r006_uneven_coverage_5pct	6	20	uneven_coverage	0.05	5.0	lognormal_sigma1.0	RS_GCF_000298475.2	Chlamydiota	Bacteria	high	100.0	0.0	100.0	4.999991291792863	1148342	1	1148342	2	1205759	0.0499999129179286		57417	0	0	0	True	98.68282318115234	1.2409299612045288	deepcheck	-1.3171768188476562	1.2409299612045288	1.3171768188476562	1.2409299612045288	high	high
G_r006_uneven_coverage_10pct	6	21	uneven_coverage	0.1	10.0	lognormal_sigma1.0	RS_GCF_000298475.2	Chlamydiota	Bacteria	high	100.0	0.0	100.0	9.999982583585728	1148342	1	1148342	2	1263176	0.0999998258358572		114834	0	0	0	True	98.3721160888672	7.013307571411133	deepcheck	-1.6278839111327983	7.013307571411133	1.6278839111327983	7.013307571411133	medium	high
G_r006_uneven_coverage_20pct	6	22	uneven_coverage	0.2	20.0	lognormal_sigma1.0	RS_GCF_000298475.2	Chlamydiota	Bacteria	high	100.0	0.0	100.0	19.999965167171453	1148342	1	1148342	2	1378010	0.1999996516717145		229668	0	0	0	True	98.32778930664062	24.54720687866211	deepcheck	-1.672210693359375	24.54720687866211	1.672210693359375	24.54720687866211	low	high
G_r006_uneven_coverage_40pct	6	23	uneven_coverage	0.4	40.0	lognormal_sigma1.0	RS_GCF_000298475.2	Chlamydiota	Bacteria	high	100.0	0.0	100.0	40.00001741641427	1148342	1	1148342	2	1607679	0.4000001741641427		459337	0	0	0	True	99.2317886352539	31.173742294311523	deepcheck	-0.7682113647460938	31.173742294311523	0.7682113647460938	31.173742294311523	low	high
G_r007_none_control	7	0	none	0.0	0.0	control	RS_GCF_004353465.2	Spirochaetota	Bacteria	low	87.2465151903287	4.999961186452519	87.2465151903287	4.999961186452519	1545852	12	1425994	12	1425994	0.0		0	0	0	0	True	74.05404663085938	-0.0131666660308837	deepcheck	-13.192468559469319	-5.013127852483403	13.192468559469319	5.013127852483403	medium	medium
G_r007_substitution_0p1pct	7	1	substitution	0.001	0.1	uniform	RS_GCF_004353465.2	Spirochaetota	Bacteria	low	87.2465151903287	4.999961186452519	87.2465151903287	4.999961186452519	1545852	12	1425994	12	1425994	0.0010504953036268	0.0089640838741259	0	1498	0	0	True	71.80409240722656	0.0267840921878814	deepcheck	-15.442422783102131	-4.973177094264638	15.442422783102131	4.973177094264638	medium	medium
G_r007_substitution_0p5pct	7	2	substitution	0.005	0.5	uniform	RS_GCF_004353465.2	Spirochaetota	Bacteria	low	87.2465151903287	4.999961186452519	87.2465151903287	4.999961186452519	1545852	12	1425994	12	1425994	0.0050413956860968	0.0441104216424403	0	7189	0	0	True	69.93551635742188	2.818197011947632	deepcheck	-17.31099883290682	-2.1817641745048872	17.31099883290682	2.1817641745048872	medium	medium
G_r007_substitution_1pct	7	3	substitution	0.01	1.0	uniform	RS_GCF_004353465.2	Spirochaetota	Bacteria	low	87.2465151903287	4.999961186452519	87.2465151903287	4.999961186452519	1545852	12	1425994	12	1425994	0.0101122445115477	0.0864827525163591	0	14420	0	0	True	63.82540512084961	1.5656918287277222	deepcheck	-23.421110069479084	-3.434269357724797	23.421110069479084	3.434269357724797	medium	medium
G_r007_substitution_2pct	7	4	substitution	0.02	2.0	uniform	RS_GCF_004353465.2	Spirochaetota	Bacteria	low	87.2465151903287	4.999961186452519	87.2465151903287	4.999961186452519	1545852	12	1425994	12	1425994	0.0199481905253458	0.1662522378698502	0	28446	0	0	True	46.40534591674805	1.5190210342407229	deepcheck	-40.84116927358065	-3.4809401522117964	40.84116927358065	3.4809401522117964	low	medium
G_r007_substitution_5pct	7	5	substitution	0.05	5.0	uniform	RS_GCF_004353465.2	Spirochaetota	Bacteria	low	87.2465151903287	4.999961186452519	87.2465151903287	4.999961186452519	1545852	12	1425994	12	1425994	0.0500584153930521	0.3697505902753909	0	71383	0	0	True	41.34596633911133	1.6526334285736084	deepcheck	-45.900548851217366	-3.3473277578789107	45.900548851217366	3.3473277578789107	low	medium
G_r007_substitution_titv_0p1pct	7	6	substitution_titv	0.001	0.1	titv_2	RS_GCF_004353465.2	Spirochaetota	Bacteria	low	87.2465151903287	4.999961186452519	87.2465151903287	4.999961186452519	1545852	12	1425994	12	1425994	0.0009691485377918	0.0089640838741259	0	1382	0	0	True	72.90483856201172	0.0124141573905944	deepcheck	-14.341676628316975	-4.987547029061925	14.341676628316975	4.987547029061925	medium	medium
G_r007_substitution_titv_0p5pct	7	7	substitution_titv	0.005	0.5	titv_2	RS_GCF_004353465.2	Spirochaetota	Bacteria	low	87.2465151903287	4.999961186452519	87.2465151903287	4.999961186452519	1545852	12	1425994	12	1425994	0.0050070336901838	0.0441104216424403	0	7140	0	0	True	69.33322143554688	0.0465653836727142	deepcheck	-17.91329375478182	-4.953395802779805	17.91329375478182	4.953395802779805	medium	medium
G_r007_substitution_titv_1pct	7	8	substitution_titv	0.01	1.0	titv_2	RS_GCF_004353465.2	Spirochaetota	Bacteria	low	87.2465151903287	4.999961186452519	87.2465151903287	4.999961186452519	1545852	12	1425994	12	1425994	0.0100280926848219	0.0864827525163591	0	14300	0	0	True	68.12124633789062	0.1571960747241974	deepcheck	-19.12526885243807	-4.842765111728322	19.12526885243807	4.842765111728322	medium	medium
G_r007_substitution_titv_2pct	7	9	substitution_titv	0.02	2.0	titv_2	RS_GCF_004353465.2	Spirochaetota	Bacteria	low	87.2465151903287	4.999961186452519	87.2465151903287	4.999961186452519	1545852	12	1425994	12	1425994	0.0200638992870937	0.1662522378698502	0	28611	0	0	True	62.93021011352539	2.3520395755767822	deepcheck	-24.316305076803303	-2.647921610875737	24.316305076803303	2.647921610875737	medium	medium
G_r007_substitution_titv_5pct	7	10	substitution_titv	0.05	5.0	titv_2	RS_GCF_004353465.2	Spirochaetota	Bacteria	low	87.2465151903287	4.999961186452519	87.2465151903287	4.999961186452519	1545852	12	1425994	12	1425994	0.049960238261872	0.3697505902753909	0	71243	0	0	True	47.26761245727539	1.3072699308395386	deepcheck	-39.9789027330533	-3.6926912556129805	39.9789027330533	3.6926912556129805	low	medium
G_r007_indel_0p1pct	7	11	indel	0.001	0.1	ins0.5_geom0.75	RS_GCF_004353465.2	Spirochaetota	Bacteria	low	87.2465151903287	4.999961186452519	87.24847304462969	4.999961186452519	1545852	12	1425994	12	1426026	0.0009523181724467		0	0	1358	0	True	52.45423126220703	5.108948230743408	deepcheck	-34.79228392812166	0.10898704429088912	34.79228392812166	0.10898704429088912	medium	medium
G_r007_indel_0p5pct	7	12	indel	0.005	0.5	ins0.5_geom0.75	RS_GCF_004353465.2	Spirochaetota	Bacteria	low	87.2465151903287	4.999961186452519	87.25073681366523	4.999961186452519	1545852	12	1425994	12	1426063	0.0050175526685245		0	0	7155	0	True	22.155193328857425	1.3036549091339111	deepcheck	-65.09132186147127	-3.696306277318608	65.09132186147127	3.696306277318608	low	medium
G_r007_indel_1pct	7	13	indel	0.01	1.0	ins0.5_geom0.75	RS_GCF_004353465.2	Spirochaetota	Bacteria	low	87.2465151903287	4.999961186452519	87.24988025240852	4.999961186452519	1545852	12	1425994	12	1426049	0.0100035484020269		0	0	14265	0	True	35.83358383178711	6.323581218719482	deepcheck	-51.412931358541584	1.3236200322669633	51.412931358541584	1.3236200322669633	low	medium
G_r007_indel_2pct	7	14	indel	0.02	2.0	ins0.5_geom0.75	RS_GCF_004353465.2	Spirochaetota	Bacteria	low	87.2465151903287	4.999961186452519	87.2140882284685	4.999961186452519	1545852	12	1425994	12	1425464	0.0201284156875835		0	0	28703	0	True	19.914457321166992	1.3482362031936646	deepcheck	-67.3320578691617	-3.6517249832588545	67.3320578691617	3.6517249832588545	low	medium
G_r007_indel_5pct	7	15	indel	0.05	5.0	ins0.5_geom0.75	RS_GCF_004353465.2	Spirochaetota	Bacteria	low	87.2465151903287	4.999961186452519	87.2373989312397	4.999961186452519	1545852	12	1425994	12	1425845	0.0501902532549225		0	0	71571	0	True	18.04181289672852	3.6594443321228023	deepcheck	-69.20470229360018	-1.3405168543297168	69.20470229360018	1.3405168543297168	low	medium
G_r007_chimera_5pct	7	16	chimera	0.05	5.0	rc0.5	RS_GCF_004353465.2	Spirochaetota	Bacteria	low	87.2465151903287	4.999961186452519	87.2465151903287	4.999961186452519	1545852	12	1425994	12	1425994	0.0		0	0	0	0	True	74.05404663085938	-0.0131666660308837	deepcheck	-13.192468559469319	-5.013127852483403	13.192468559469319	5.013127852483403	medium	medium
G_r007_chimera_10pct	7	17	chimera	0.1	10.0	rc0.5	RS_GCF_004353465.2	Spirochaetota	Bacteria	low	87.2465151903287	4.999961186452519	87.2465151903287	4.999961186452519	1545852	12	1425994	11	1425994	0.1666666666666666		0	0	0	1	True	73.87042999267578	-0.0175021588802337	deepcheck	-13.376085197652912	-5.017463345332753	13.376085197652912	5.017463345332753	medium	medium
G_r007_chimera_20pct	7	18	chimera	0.2	20.0	rc0.5	RS_GCF_004353465.2	Spirochaetota	Bacteria	low	87.2465151903287	4.999961186452519	87.2465151903287	4.999961186452519	1545852	12	1425994	11	1425994	0.1666666666666666		0	0	0	1	True	74.05380249023438	-0.0131614506244659	deepcheck	-13.192712700094319	-5.013122637076985	13.192712700094319	5.013122637076985	medium	medium
G_r007_chimera_40pct	7	19	chimera	0.4	40.0	rc0.5	RS_GCF_004353465.2	Spirochaetota	Bacteria	low	87.2465151903287	4.999961186452519	87.2465151903287	4.999961186452519	1545852	12	1425994	10	1425994	0.3333333333333333		0	0	0	2	True	74.05339813232422	-0.0131912529468536	deepcheck	-13.193117058004475	-5.013152439399373	13.193117058004475	5.013152439399373	medium	medium
G_r007_uneven_coverage_5pct	7	20	uneven_coverage	0.05	5.0	lognormal_sigma1.0	RS_GCF_004353465.2	Spirochaetota	Bacteria	low	87.2465151903287	4.999961186452519	87.2465151903287	9.61230441206532	1545852	12	1425994	13	1497294	0.0500002103795668		71300	0	0	0	True	74.13691711425781	6.071775913238525	deepcheck	-13.109598076070881	1.0718147267860063	13.109598076070881	1.0718147267860063	medium	medium
G_r007_uneven_coverage_10pct	7	21	uneven_coverage	0.1	10.0	lognormal_sigma1.0	RS_GCF_004353465.2	Spirochaetota	Bacteria	low	87.2465151903287	4.999961186452519	87.2465151903287	14.22458294843232	1545852	12	1425994	13	1568593	0.0999997194939109		142599	0	0	0	True	73.45691680908203	8.331048965454102	deepcheck	-13.789598381246662	3.3310877790015825	13.789598381246662	3.3310877790015825	medium	medium
G_r007_uneven_coverage_20pct	7	22	uneven_coverage	0.2	20.0	lognormal_sigma1.0	RS_GCF_004353465.2	Spirochaetota	Bacteria	low	87.2465151903287	4.999961186452519	87.2465151903287	23.44926939965792	1545852	12	1425994	16	1711193	0.2000001402530445		285199	0	0	0	True	74.58997344970703	1.7856501340866089	deepcheck	-12.656541740621662	-3.21431105236591	12.656541740621662	3.21431105236591	medium	medium
G_r007_uneven_coverage_40pct	7	23	uneven_coverage	0.4	40.0	lognormal_sigma1.0	RS_GCF_004353465.2	Spirochaetota	Bacteria	low	87.2465151903287	4.999961186452519	87.2465151903287	41.89857761286333	1545852	12	1425994	20	1996392	0.4000002805060891		570398	0	0	0	True	73.95877838134766	24.08995056152344	deepcheck	-13.287736808981037	19.08998937507092	13.287736808981037	19.08998937507092	low	medium
G_r008_none_control	8	0	none	0.0	0.0	control	RS_GCF_037911965.1	Fusobacteriota	Bacteria	low	77.41032781884593	19.99997013074148	77.41032781884593	19.99997013074148	2678339	51	2608978	51	2608978	0.0		0	0	0	0	True	74.75665283203125	1.4585211277008057	deepcheck	-2.6536749868146785	-18.541449003040675	2.6536749868146785	18.541449003040675	medium	low
G_r008_substitution_0p1pct	8	1	substitution	0.001	0.1	uniform	RS_GCF_037911965.1	Fusobacteriota	Bacteria	low	77.41032781884593	19.99997013074148	77.41032781884593	19.99997013074148	2678339	51	2608978	51	2608978	0.0009750963310084	0.0089640838741259	0	2544	0	0	True	74.12584686279297	1.7575141191482544	deepcheck	-3.2844809560529598	-18.242456011593227	3.2844809560529598	18.242456011593227	medium	low
G_r008_substitution_0p5pct	8	2	substitution	0.005	0.5	uniform	RS_GCF_037911965.1	Fusobacteriota	Bacteria	low	77.41032781884593	19.99997013074148	77.41032781884593	19.99997013074148	2678339	51	2608978	51	2608978	0.0050632950206843	0.0441104216424403	0	13210	0	0	True	68.23636627197266	2.0521488189697266	deepcheck	-9.173961546873272	-17.947821311771754	9.173961546873272	17.947821311771754	medium	low
G_r008_substitution_1pct	8	3	substitution	0.01	1.0	uniform	RS_GCF_037911965.1	Fusobacteriota	Bacteria	low	77.41032781884593	19.99997013074148	77.41032781884593	19.99997013074148	2678339	51	2608978	51	2608978	0.0098843491289484	0.0864827525163591	0	25788	0	0	True	62.62269592285156	2.0159895420074463	deepcheck	-14.787631895994366	-17.983980588734035	14.787631895994366	17.983980588734035	medium	low
G_r008_substitution_2pct	8	4	substitution	0.02	2.0	uniform	RS_GCF_037911965.1	Fusobacteriota	Bacteria	low	77.41032781884593	19.99997013074148	77.41032781884593	19.99997013074148	2678339	51	2608978	51	2608978	0.0199860251524258	0.1662522378698502	0	52143	0	0	True	60.01145935058594	5.27863359451294	deepcheck	-17.39886846825999	-14.721336536228542	17.39886846825999	14.721336536228542	medium	low
G_r008_substitution_5pct	8	5	substitution	0.05	5.0	uniform	RS_GCF_037911965.1	Fusobacteriota	Bacteria	low	77.41032781884593	19.99997013074148	77.41032781884593	19.99997013074148	2678339	51	2608978	51	2608978	0.0498667483335396	0.3697505902753909	0	130101	0	0	True	43.86905288696289	1.0206446647644043	deepcheck	-33.54127493188304	-18.979325465977077	33.54127493188304	18.979325465977077	low	low
G_r008_substitution_titv_0p1pct	8	6	substitution_titv	0.001	0.1	titv_2	RS_GCF_037911965.1	Fusobacteriota	Bacteria	low	77.41032781884593	19.99997013074148	77.41032781884593	19.99997013074148	2678339	51	2608978	51	2608978	0.000998093885985	0.0089640838741259	0	2604	0	0	True	74.65428161621094	1.4060378074645996	deepcheck	-2.756046202634991	-18.59393232327688	2.756046202634991	18.59393232327688	medium	low
G_r008_substitution_titv_0p5pct	8	7	substitution_titv	0.005	0.5	titv_2	RS_GCF_037911965.1	Fusobacteriota	Bacteria	low	77.41032781884593	19.99997013074148	77.41032781884593	19.99997013074148	2678339	51	2608978	51	2608978	0.0049440910273889	0.0441104216424403	0	12899	0	0	True	70.91675567626953	1.9488416910171509	deepcheck	-6.493572142576397	-18.05112843972433	6.493572142576397	18.05112843972433	medium	low
G_r008_substitution_titv_1pct	8	8	substitution_titv	0.01	1.0	titv_2	RS_GCF_037911965.1	Fusobacteriota	Bacteria	low	77.41032781884593	19.99997013074148	77.41032781884593	19.99997013074148	2678339	51	2608978	51	2608978	0.009818806097265	0.0864827525163591	0	25617	0	0	True	66.34415435791016	3.1156818866729736	deepcheck	-11.066173460935772	-16.884288244068507	11.066173460935772	16.884288244068507	medium	low
G_r008_substitution_titv_2pct	8	9	substitution_titv	0.02	2.0	titv_2	RS_GCF_037911965.1	Fusobacteriota	Bacteria	low	77.41032781884593	19.99997013074148	77.41032781884593	19.99997013074148	2678339	51	2608978	51	2608978	0.0200101725851513	0.1662522378698502	0	52206	0	0	True	60.55508804321289	2.2896199226379395	deepcheck	-16.855239775633038	-17.71035020810354	16.855239775633038	17.71035020810354	medium	low
G_r008_substitution_titv_5pct	8	10	substitution_titv	0.05	5.0	titv_2	RS_GCF_037911965.1	Fusobacteriota	Bacteria	low	77.41032781884593	19.99997013074148	77.41032781884593	19.99997013074148	2678339	51	2608978	51	2608978	0.0499284584393935	0.3697505902753909	0	130262	0	0	True	55.51778793334961	4.183988094329834	deepcheck	-21.89253988549632	-15.815982036411647	21.89253988549632	15.815982036411647	medium	low
G_r008_indel_0p1pct	8	11	indel	0.001	0.1	ins0.5_geom0.75	RS_GCF_037911965.1	Fusobacteriota	Bacteria	low	77.41032781884593	19.99997013074148	77.41240477118026	19.99997013074148	2678339	51	2608978	51	2609048	0.0009950256383917		0	0	2596	0	True	57.14205551147461	2.573908805847168	deepcheck	-20.26827230737132	-17.426061324894313	20.26827230737132	17.426061324894313	medium	low
G_r008_indel_0p5pct	8	12	indel	0.005	0.5	ins0.5_geom0.75	RS_GCF_037911965.1	Fusobacteriota	Bacteria	low	77.41032781884593	19.99997013074148	77.41086189230333	19.99997013074148	2678339	51	2608978	51	2608996	0.0049689955223846		0	0	12964	0	True	35.72751998901367	3.8157012462615967	deepcheck	-41.68280782983226	-16.184268884479884	41.68280782983226	16.184268884479884	low	low
G_r008_indel_1pct	8	13	indel	0.01	1.0	ins0.5_geom0.75	RS_GCF_037911965.1	Fusobacteriota	Bacteria	low	77.41032781884593	19.99997013074148	77.42424339948595	19.99997013074148	2678339	51	2608978	51	2609447	0.0100154159981418		0	0	26130	0	True	16.658803939819336	0.6709161996841431	deepcheck	-60.75152387902659	-19.329053931057338	60.75152387902659	19.329053931057338	low	low
G_r008_indel_2pct	8	14	indel	0.02	2.0	ins0.5_geom0.75	RS_GCF_037911965.1	Fusobacteriota	Bacteria	low	77.41032781884593	19.99997013074148	77.41115859977967	19.99997013074148	2678339	51	2608978	51	2609006	0.0200791267691793		0	0	52386	0	True	49.51821517944336	15.889714241027832	deepcheck	-27.89211263940257	-4.110255889713649	27.89211263940257	4.110255889713649	low	low
G_r008_indel_5pct	8	15	indel	0.05	5.0	ins0.5_geom0.75	RS_GCF_037911965.1	Fusobacteriota	Bacteria	low	77.41032781884593	19.99997013074148	77.39780676334468	19.99997013074148	2678339	51	2608978	51	2608556	0.0500069375824556		0	0	130467	0	True	48.671836853027344	18.829647064208984	deepcheck	-28.738490965818585	-1.1703230665324966	28.738490965818585	1.1703230665324966	low	low
G_r008_chimera_5pct	8	16	chimera	0.05	5.0	rc0.5	RS_GCF_037911965.1	Fusobacteriota	Bacteria	low	77.41032781884593	19.99997013074148	77.41032781884593	19.99997013074148	2678339	51	2608978	50	2608978	0.0392156862745098		0	0	0	1	True	74.75636291503906	1.4586437940597534	deepcheck	-2.653964903806866	-18.541326336681728	2.653964903806866	18.541326336681728	medium	low
G_r008_chimera_10pct	8	17	chimera	0.1	10.0	rc0.5	RS_GCF_037911965.1	Fusobacteriota	Bacteria	low	77.41032781884593	19.99997013074148	77.41032781884593	19.99997013074148	2678339	51	2608978	48	2608978	0.1176470588235294		0	0	0	3	True	74.75579071044922	1.4586474895477295	deepcheck	-2.6545371083967098	-18.54132264119375	2.6545371083967098	18.54132264119375	medium	low
G_r008_chimera_20pct	8	18	chimera	0.2	20.0	rc0.5	RS_GCF_037911965.1	Fusobacteriota	Bacteria	low	77.41032781884593	19.99997013074148	77.41032781884593	19.99997013074148	2678339	51	2608978	46	2608978	0.196078431372549		0	0	0	5	True	74.7553482055664	1.45837664604187	deepcheck	-2.6549796132795223	-18.54159348469961	2.6549796132795223	18.54159348469961	medium	low
G_r008_chimera_40pct	8	19	chimera	0.4	40.0	rc0.5	RS_GCF_037911965.1	Fusobacteriota	Bacteria	low	77.41032781884593	19.99997013074148	77.41032781884593	19.99997013074148	2678339	51	2608978	41	2608978	0.392156862745098		0	0	0	10	True	74.70711517333984	1.45098078250885	deepcheck	-2.7032126455060848	-18.54898934823263	2.7032126455060848	18.54898934823263	medium	low
G_r008_uneven_coverage_5pct	8	20	uneven_coverage	0.05	5.0	lognormal_sigma1.0	RS_GCF_037911965.1	Fusobacteriota	Bacteria	low	77.41032781884593	19.99997013074148	77.41032781884593	24.870488761878164	2678339	51	2608978	57	2739427	0.0500000383291848		130449	0	0	0	True	75.62592315673828	4.944952011108398	deepcheck	-1.7844046621076473	-15.055018119633083	1.7844046621076473	15.055018119633083	medium	low
G_r008_uneven_coverage_10pct	8	21	uneven_coverage	0.1	10.0	lognormal_sigma1.0	RS_GCF_037911965.1	Fusobacteriota	Bacteria	low	77.41032781884593	19.99997013074148	77.41032781884593	29.74100739301485	2678339	51	2608978	60	2869876	0.1000000766583696		260898	0	0	0	True	73.7220458984375	8.298730850219727	deepcheck	-3.6882819204084285	-11.701239280521754	3.6882819204084285	11.701239280521754	medium	low
G_r008_uneven_coverage_20pct	8	22	uneven_coverage	0.2	20.0	lognormal_sigma1.0	RS_GCF_037911965.1	Fusobacteriota	Bacteria	low	77.41032781884593	19.99997013074148	77.41032781884593	39.48204465528822	2678339	51	2608978	69	3130774	0.2000001533167393		521796	0	0	0	True	74.26998901367188	13.955778121948242	deepcheck	-3.1403388051740535	-6.044192008793239	3.1403388051740535	6.044192008793239	low	low
G_r008_uneven_coverage_40pct	8	23	uneven_coverage	0.4	40.0	lognormal_sigma1.0	RS_GCF_037911965.1	Fusobacteriota	Bacteria	low	77.41032781884593	19.99997013074148	77.41032781884593	58.964081843261816	2678339	51	2608978	83	3652569	0.3999999233416303		1043591	0	0	0	True	75.3093032836914	29.06483459472656	deepcheck	-2.1010245351545223	9.064864463985078	2.1010245351545223	9.064864463985078	low	low
G_r009_none_control	9	0	none	0.0	0.0	control	RS_GCF_000328665.1	Halobacteriota	Archaea	high	72.32968301920441	1.9999904200901024	72.32968301920441	1.9999904200901024	2714013	5	2017317	5	2017317	0.0		0	0	0	0	True	77.18330383300781	-0.0697419047355651	deepcheck	4.853620813803403	-2.0697323248256674	4.853620813803403	2.0697323248256674	medium	medium
G_r009_substitution_0p1pct	9	1	substitution	0.001	0.1	uniform	RS_GCF_000328665.1	Halobacteriota	Archaea	high	72.32968301920441	1.9999904200901024	72.32968301920441	1.9999904200901024	2714013	5	2017317	5	2017317	0.0010127312663304	0.0089640838741259	0	2043	0	0	True	76.3447494506836	0.1051478087902069	deepcheck	4.015066431479184	-1.8948426112998955	4.015066431479184	1.8948426112998955	medium	medium
G_r009_substitution_0p5pct	9	2	substitution	0.005	0.5	uniform	RS_GCF_000328665.1	Halobacteriota	Archaea	high	72.32968301920441	1.9999904200901024	72.32968301920441	1.9999904200901024	2714013	5	2017317	5	2017317	0.0050269739460877	0.0441104216424403	0	10141	0	0	True	72.344970703125	1.9625108242034912	deepcheck	0.015287683920590212	-0.037479595886611206	0.015287683920590212	0.037479595886611206	medium	medium
G_r009_substitution_1pct	9	3	substitution	0.01	1.0	uniform	RS_GCF_000328665.1	Halobacteriota	Archaea	high	72.32968301920441	1.9999904200901024	72.32968301920441	1.9999904200901024	2714013	5	2017317	5	2017317	0.010004377100872	0.0864827525163591	0	20182	0	0	True	68.73556518554688	1.2884169816970823	deepcheck	-3.594117833657535	-0.7115734383930201	3.594117833657535	0.7115734383930201	medium	medium
G_r009_substitution_2pct	9	4	substitution	0.02	2.0	uniform	RS_GCF_000328665.1	Halobacteriota	Archaea	high	72.32968301920441	1.9999904200901024	72.32968301920441	1.9999904200901024	2714013	5	2017317	5	2017317	0.0198808615601811	0.1662522378698502	0	40106	0	0	True	59.00541687011719	2.7478690147399902	deepcheck	-13.324266149087222	0.7478785946498878	13.324266149087222	0.7478785946498878	medium	medium
G_r009_substitution_5pct	9	5	substitution	0.05	5.0	uniform	RS_GCF_000328665.1	Halobacteriota	Archaea	high	72.32968301920441	1.9999904200901024	72.32968301920441	1.9999904200901024	2714013	5	2017317	5	2017317	0.049930675248362	0.3697505902753909	0	100726	0	0	True	39.73919677734375	4.654589653015137	deepcheck	-32.59048624186066	2.654599232925034	32.59048624186066	2.654599232925034	low	medium
G_r009_substitution_titv_0p1pct	9	6	substitution_titv	0.001	0.1	titv_2	RS_GCF_000328665.1	Halobacteriota	Archaea	high	72.32968301920441	1.9999904200901024	72.32968301920441	1.9999904200901024	2714013	5	2017317	5	2017317	0.0009626647671139	0.0089640838741259	0	1942	0	0	True	77.63749694824219	-0.0634267926216125	deepcheck	5.307813929037778	-2.0634172127117147	5.307813929037778	2.0634172127117147	medium	medium
G_r009_substitution_titv_0p5pct	9	7	substitution_titv	0.005	0.5	titv_2	RS_GCF_000328665.1	Halobacteriota	Archaea	high	72.32968301920441	1.9999904200901024	72.32968301920441	1.9999904200901024	2714013	5	2017317	5	2017317	0.0048926371016553	0.0441104216424403	0	9870	0	0	True	71.33234405517578	-0.0961586833000183	deepcheck	-0.9973389640286285	-2.0961491033901205	0.9973389640286285	2.0961491033901205	medium	medium
G_r009_substitution_titv_1pct	9	8	substitution_titv	0.01	1.0	titv_2	RS_GCF_000328665.1	Halobacteriota	Archaea	high	72.32968301920441	1.9999904200901024	72.32968301920441	1.9999904200901024	2714013	5	2017317	5	2017317	0.010130782618696	0.0864827525163591	0	20437	0	0	True	68.16378784179688	2.082766532897949	deepcheck	-4.165895177407535	0.0827761128078468	4.165895177407535	0.0827761128078468	medium	medium
G_r009_substitution_titv_2pct	9	9	substitution_titv	0.02	2.0	titv_2	RS_GCF_000328665.1	Halobacteriota	Archaea	high	72.32968301920441	1.9999904200901024	72.32968301920441	1.9999904200901024	2714013	5	2017317	5	2017317	0.0199091169112241	0.1662522378698502	0	40163	0	0	True	63.55302810668945	3.906156539916992	deepcheck	-8.776654912514957	1.9061661198268898	8.776654912514957	1.9061661198268898	medium	medium
G_r009_substitution_titv_5pct	9	10	substitution_titv	0.05	5.0	titv_2	RS_GCF_000328665.1	Halobacteriota	Archaea	high	72.32968301920441	1.9999904200901024	72.32968301920441	1.9999904200901024	2714013	5	2017317	5	2017317	0.0498528491060155	0.3697505902753909	0	100569	0	0	True	44.66027069091797	2.527581214904785	deepcheck	-27.66941232828644	0.5275907948146827	27.66941232828644	0.5275907948146827	low	medium
G_r009_indel_0p1pct	9	11	indel	0.001	0.1	ins0.5_geom0.75	RS_GCF_000328665.1	Halobacteriota	Archaea	high	72.32968301920441	1.9999904200901024	72.32903764007244	1.9999904200901024	2714013	5	2017317	5	2017299	0.0010320638749388		0	0	2082	0	True	56.388671875	4.761466026306152	deepcheck	-15.94101114420441	2.7614756062160497	15.94101114420441	2.7614756062160497	medium	medium
G_r009_indel_0p5pct	9	12	indel	0.005	0.5	ins0.5_geom0.75	RS_GCF_000328665.1	Halobacteriota	Archaea	high	72.32968301920441	1.9999904200901024	72.33029254394015	1.9999904200901024	2714013	5	2017317	5	2017334	0.0049927701000883		0	0	10072	0	True	25.75014877319336	6.936363220214844	deepcheck	-46.57953424601105	4.936372800124741	46.57953424601105	4.936372800124741	low	medium
G_r009_indel_1pct	9	13	indel	0.01	1.0	ins0.5_geom0.75	RS_GCF_000328665.1	Halobacteriota	Archaea	high	72.32968301920441	1.9999904200901024	72.3438813601075	1.9999904200901024	2714013	5	2017317	5	2017713	0.0098982956074826		0	0	19968	0	True	14.661272048950195	1.2531168460845947	deepcheck	-57.668410970254214	-0.7468735740055077	57.668410970254214	0.7468735740055077	low	medium
G_r009_indel_2pct	9	14	indel	0.02	2.0	ins0.5_geom0.75	RS_GCF_000328665.1	Halobacteriota	Archaea	high	72.32968301920441	1.9999904200901024	72.32416144218654	1.9999904200901024	2714013	5	2017317	5	2017163	0.0200642734880041		0	0	40476	0	True	40.15741729736328	14.532780647277832	deepcheck	-32.17226572184113	12.53279022718773	32.17226572184113	12.53279022718773	low	medium
G_r009_indel_5pct	9	15	indel	0.05	5.0	ins0.5_geom0.75	RS_GCF_000328665.1	Halobacteriota	Archaea	high	72.32968301920441	1.9999904200901024	72.31774350526317	1.9999904200901024	2714013	5	2017317	5	2016984	0.0499703318814048		0	0	100806	0	True	48.42005920410156	20.957977294921875	deepcheck	-23.909623815102847	18.95798687483177	23.909623815102847	18.95798687483177	low	medium
G_r009_chimera_5pct	9	16	chimera	0.05	5.0	rc0.5	RS_GCF_000328665.1	Halobacteriota	Archaea	high	72.32968301920441	1.9999904200901024	72.32968301920441	1.9999904200901024	2714013	5	2017317	5	2017317	0.0		0	0	0	0	True	77.18330383300781	-0.0697419047355651	deepcheck	4.853620813803403	-2.0697323248256674	4.853620813803403	2.0697323248256674	medium	medium
G_r009_chimera_10pct	9	17	chimera	0.1	10.0	rc0.5	RS_GCF_000328665.1	Halobacteriota	Archaea	high	72.32968301920441	1.9999904200901024	72.32968301920441	1.9999904200901024	2714013	5	2017317	5	2017317	0.0		0	0	0	0	True	77.18330383300781	-0.0697419047355651	deepcheck	4.853620813803403	-2.0697323248256674	4.853620813803403	2.0697323248256674	medium	medium
G_r009_chimera_20pct	9	18	chimera	0.2	20.0	rc0.5	RS_GCF_000328665.1	Halobacteriota	Archaea	high	72.32968301920441	1.9999904200901024	72.32968301920441	1.9999904200901024	2714013	5	2017317	5	2017317	0.0		0	0	0	0	True	77.18330383300781	-0.0697419047355651	deepcheck	4.853620813803403	-2.0697323248256674	4.853620813803403	2.0697323248256674	medium	medium
G_r009_chimera_40pct	9	19	chimera	0.4	40.0	rc0.5	RS_GCF_000328665.1	Halobacteriota	Archaea	high	72.32968301920441	1.9999904200901024	72.32968301920441	1.9999904200901024	2714013	5	2017317	4	2017317	0.4		0	0	0	1	True	77.12449645996094	-0.039520114660263	deepcheck	4.794813440756528	-2.0395105347503653	4.794813440756528	2.0395105347503653	medium	medium
G_r009_uneven_coverage_5pct	9	20	uneven_coverage	0.05	5.0	lognormal_sigma1.0	RS_GCF_000328665.1	Halobacteriota	Archaea	high	72.32968301920441	1.9999904200901024	72.32968301920441	5.716479618925923	2714013	5	2017317	6	2118183	0.0500000743561869		100866	0	0	0	True	76.96601104736328	1.1341710090637207	deepcheck	4.6363280281588715	-0.8658194110263817	4.6363280281588715	0.8658194110263817	medium	medium
G_r009_uneven_coverage_10pct	9	21	uneven_coverage	0.1	10.0	lognormal_sigma1.0	RS_GCF_000328665.1	Halobacteriota	Archaea	high	72.32968301920441	1.9999904200901024	72.32968301920441	9.432968817761742	2714013	5	2017317	7	2219049	0.1000001487123739		201732	0	0	0	True	77.40867614746094	2.314275026321411	deepcheck	5.078993128256528	0.3142846062313087	5.078993128256528	0.3142846062313087	medium	medium
G_r009_uneven_coverage_20pct	9	22	uneven_coverage	0.2	20.0	lognormal_sigma1.0	RS_GCF_000328665.1	Halobacteriota	Archaea	high	72.32968301920441	1.9999904200901024	72.32968301920441	16.865910369626086	2714013	5	2017317	8	2420780	0.1999998017168348		403463	0	0	0	True	77.52676391601562	19.5006046295166	deepcheck	5.197080896811215	17.500614209426498	5.197080896811215	17.500614209426498	low	medium
G_r009_uneven_coverage_40pct	9	23	uneven_coverage	0.4	40.0	lognormal_sigma1.0	RS_GCF_000328665.1	Halobacteriota	Archaea	high	72.32968301920441	1.9999904200901024	72.32968301920441	31.73186716496937	2714013	5	2017317	9	2824244	0.4000000991415826		806927	0	0	0	True	75.65122985839844	27.08517265319824	deepcheck	3.3215468391940277	25.085182233108135	3.3215468391940277	25.085182233108135	low	medium
G_r010_none_control	10	0	none	0.0	0.0	control	RS_GCF_010230725.1	Verrucomicrobiota	Bacteria	medium	90.15522021430704	1.9999669572204977	90.15522021430704	1.9999669572204977	2844797	5	2621628	5	2621628	0.0		0	0	0	0	True	92.11930084228516	1.6008764505386353	deepcheck	1.9640806279781202	-0.3990905066818624	1.9640806279781202	0.3990905066818624	high	high
G_r010_substitution_0p1pct	10	1	substitution	0.001	0.1	uniform	RS_GCF_010230725.1	Verrucomicrobiota	Bacteria	medium	90.15522021430704	1.9999669572204977	90.15522021430704	1.9999669572204977	2844797	5	2621628	5	2621628	0.001004719205013	0.0089640838741259	0	2634	0	0	True	90.83968353271484	1.7629013061523438	deepcheck	0.6844633184078077	-0.23706565106815392	0.6844633184078077	0.23706565106815392	high	high
G_r010_substitution_0p5pct	10	2	substitution	0.005	0.5	uniform	RS_GCF_010230725.1	Verrucomicrobiota	Bacteria	medium	90.15522021430704	1.9999669572204977	90.15522021430704	1.9999669572204977	2844797	5	2621628	5	2621628	0.0050258846792908	0.0441104216424403	0	13176	0	0	True	89.48661804199219	1.4644675254821775	deepcheck	-0.6686021723148485	-0.5354994317383202	0.6686021723148485	0.5354994317383202	medium	high
G_r010_substitution_1pct	10	3	substitution	0.01	1.0	uniform	RS_GCF_010230725.1	Verrucomicrobiota	Bacteria	medium	90.15522021430704	1.9999669572204977	90.15522021430704	1.9999669572204977	2844797	5	2621628	5	2621628	0.0099789138657353	0.0864827525163591	0	26161	0	0	True	86.41527557373047	4.622091293334961	deepcheck	-3.7399446405765673	2.6221243361144633	3.7399446405765673	2.6221243361144633	medium	high
G_r010_substitution_2pct	10	4	substitution	0.02	2.0	uniform	RS_GCF_010230725.1	Verrucomicrobiota	Bacteria	medium	90.15522021430704	1.9999669572204977	90.15522021430704	1.9999669572204977	2844797	5	2621628	5	2621628	0.0199845286974353	0.1662522378698502	0	52392	0	0	True	75.89520263671875	5.018241882324219	deepcheck	-14.260017577588286	3.018274925103721	14.260017577588286	3.018274925103721	medium	high
G_r010_substitution_5pct	10	5	substitution	0.05	5.0	uniform	RS_GCF_010230725.1	Verrucomicrobiota	Bacteria	medium	90.15522021430704	1.9999669572204977	90.15522021430704	1.9999669572204977	2844797	5	2621628	5	2621628	0.0501287749444238	0.3697505902753909	0	131419	0	0	True	58.64621353149414	3.127218723297119	deepcheck	-31.509006682812895	1.1272517660766215	31.509006682812895	1.1272517660766215	medium	high
G_r010_substitution_titv_0p1pct	10	6	substitution_titv	0.001	0.1	titv_2	RS_GCF_010230725.1	Verrucomicrobiota	Bacteria	medium	90.15522021430704	1.9999669572204977	90.15522021430704	1.9999669572204977	2844797	5	2621628	5	2621628	0.0009692450645171	0.0089640838741259	0	2541	0	0	True	92.1159896850586	1.7049729824066162	deepcheck	1.9607694707515577	-0.29499397481388145	1.9607694707515577	0.29499397481388145	high	high
G_r010_substitution_titv_0p5pct	10	7	substitution_titv	0.005	0.5	titv_2	RS_GCF_010230725.1	Verrucomicrobiota	Bacteria	medium	90.15522021430704	1.9999669572204977	90.15522021430704	1.9999669572204977	2844797	5	2621628	5	2621628	0.005010245542083	0.0441104216424403	0	13135	0	0	True	89.82474517822266	2.1760098934173584	deepcheck	-0.3304750360843798	0.17604293619686073	0.3304750360843798	0.17604293619686073	medium	high
G_r010_substitution_titv_1pct	10	8	substitution_titv	0.01	1.0	titv_2	RS_GCF_010230725.1	Verrucomicrobiota	Bacteria	medium	90.15522021430704	1.9999669572204977	90.15522021430704	1.9999669572204977	2844797	5	2621628	5	2621628	0.0100559652246619	0.0864827525163591	0	26363	0	0	True	86.53529357910156	2.760953426361084	deepcheck	-3.6199266352054735	0.7609864691405863	3.6199266352054735	0.7609864691405863	medium	high
G_r010_substitution_titv_2pct	10	9	substitution_titv	0.02	2.0	titv_2	RS_GCF_010230725.1	Verrucomicrobiota	Bacteria	medium	90.15522021430704	1.9999669572204977	90.15522021430704	1.9999669572204977	2844797	5	2621628	5	2621628	0.019975755522904	0.1662522378698502	0	52369	0	0	True	79.19816589355469	1.396448850631714	deepcheck	-10.957054320752349	-0.6035181065887836	10.957054320752349	0.6035181065887836	medium	high
G_r010_substitution_titv_5pct	10	10	substitution_titv	0.05	5.0	titv_2	RS_GCF_010230725.1	Verrucomicrobiota	Bacteria	medium	90.15522021430704	1.9999669572204977	90.15522021430704	1.9999669572204977	2844797	5	2621628	5	2621628	0.0499586516469918	0.3697505902753909	0	130973	0	0	True	69.5550537109375	5.9892683029174805	deepcheck	-20.600166503369536	3.989301345696983	20.600166503369536	3.989301345696983	medium	high
G_r010_indel_0p1pct	10	11	indel	0.001	0.1	ins0.5_geom0.75	RS_GCF_010230725.1	Verrucomicrobiota	Bacteria	medium	90.15522021430704	1.9999669572204977	90.15714599948022	1.9999669572204977	2844797	5	2621628	5	2621684	0.001029894401494		0	0	2700	0	True	73.59689331054688	5.652675628662109	deepcheck	-16.55832690376016	3.6527086714416117	16.55832690376016	3.6527086714416117	medium	high
G_r010_indel_0p5pct	10	12	indel	0.005	0.5	ins0.5_geom0.75	RS_GCF_010230725.1	Verrucomicrobiota	Bacteria	medium	90.15522021430704	1.9999669572204977	90.1540165985738	1.9999669572204977	2844797	5	2621628	5	2621593	0.0050327506419675		0	0	13194	0	True	27.857770919799805	2.168914318084717	deepcheck	-62.29744929450723	0.16894736086421913	62.29744929450723	0.16894736086421913	low	high
G_r010_indel_1pct	10	13	indel	0.01	1.0	ins0.5_geom0.75	RS_GCF_010230725.1	Verrucomicrobiota	Bacteria	medium	90.15522021430704	1.9999669572204977	90.15037136235313	1.9999669572204977	2844797	5	2621628	5	2621487	0.0099869241555247		0	0	26182	0	True	24.803375244140625	1.485982894897461	deepcheck	-65.35184497016641	-0.5139840623230367	65.35184497016641	0.5139840623230367	low	high
G_r010_indel_2pct	10	14	indel	0.02	2.0	ins0.5_geom0.75	RS_GCF_010230725.1	Verrucomicrobiota	Bacteria	medium	90.15522021430704	1.9999669572204977	90.14215238634614	1.9999669572204977	2844797	5	2621628	5	2621248	0.0200226729345277		0	0	52492	0	True	38.48750305175781	13.63350772857666	deepcheck	-51.66771716254922	11.633540771356163	51.66771716254922	11.633540771356163	low	high
G_r010_indel_5pct	10	15	indel	0.05	5.0	ins0.5_geom0.75	RS_GCF_010230725.1	Verrucomicrobiota	Bacteria	medium	90.15522021430704	1.9999669572204977	90.14541934333636	1.9999669572204977	2844797	5	2621628	5	2621343	0.0499613217435883		0	0	130980	0	True	53.114532470703125	16.07339096069336	deepcheck	-37.04068774360391	14.073424003472862	37.04068774360391	14.073424003472862	low	high
G_r010_chimera_5pct	10	16	chimera	0.05	5.0	rc0.5	RS_GCF_010230725.1	Verrucomicrobiota	Bacteria	medium	90.15522021430704	1.9999669572204977	90.15522021430704	1.9999669572204977	2844797	5	2621628	5	2621628	0.0		0	0	0	0	True	92.11930084228516	1.6008764505386353	deepcheck	1.9640806279781202	-0.3990905066818624	1.9640806279781202	0.3990905066818624	high	high
G_r010_chimera_10pct	10	17	chimera	0.1	10.0	rc0.5	RS_GCF_010230725.1	Verrucomicrobiota	Bacteria	medium	90.15522021430704	1.9999669572204977	90.15522021430704	1.9999669572204977	2844797	5	2621628	4	2621628	0.4		0	0	0	1	True	92.06449127197266	1.628129959106445	deepcheck	1.9092710576656202	-0.3718369981140526	1.9092710576656202	0.3718369981140526	high	high
G_r010_chimera_20pct	10	18	chimera	0.2	20.0	rc0.5	RS_GCF_010230725.1	Verrucomicrobiota	Bacteria	medium	90.15522021430704	1.9999669572204977	90.15522021430704	1.9999669572204977	2844797	5	2621628	4	2621628	0.4		0	0	0	1	True	92.12036895751952	1.6011141538619995	deepcheck	1.965148743212481	-0.39885280335849815	1.965148743212481	0.39885280335849815	high	high
G_r010_chimera_40pct	10	19	chimera	0.4	40.0	rc0.5	RS_GCF_010230725.1	Verrucomicrobiota	Bacteria	medium	90.15522021430704	1.9999669572204977	90.15522021430704	1.9999669572204977	2844797	5	2621628	4	2621628	0.4		0	0	0	1	True	92.18228149414062	1.6085147857666016	deepcheck	2.027061279833589	-0.3914521714538961	2.027061279833589	0.3914521714538961	high	high
G_r010_uneven_coverage_5pct	10	20	uneven_coverage	0.05	5.0	lognormal_sigma1.0	RS_GCF_010230725.1	Verrucomicrobiota	Bacteria	medium	90.15522021430704	1.9999669572204977	90.15522021430704	6.607712255039639	2844797	5	2621628	6	2752709	0.0499998474230516		131081	0	0	0	True	92.13512420654295	6.416841506958008	deepcheck	1.9799039922359185	4.416874549737511	1.9799039922359185	4.416874549737511	medium	high
G_r010_uneven_coverage_10pct	10	21	uneven_coverage	0.1	10.0	lognormal_sigma1.0	RS_GCF_010230725.1	Verrucomicrobiota	Bacteria	medium	90.15522021430704	1.9999669572204977	90.15522021430704	11.215492704751869	2844797	5	2621628	6	2883791	0.1000000762884741		262163	0	0	0	True	91.9660873413086	7.326051712036133	deepcheck	1.8108671270015577	5.326084754815636	1.8108671270015577	5.326084754815636	medium	high
G_r010_uneven_coverage_20pct	10	22	uneven_coverage	0.2	20.0	lognormal_sigma1.0	RS_GCF_010230725.1	Verrucomicrobiota	Bacteria	medium	90.15522021430704	1.9999669572204977	90.15522021430704	20.43101845228324	2844797	5	2621628	7	3145954	0.2000001525769483		524326	0	0	0	True	91.00349426269533	15.063756942749023	deepcheck	0.8482740483882907	13.063789985528526	0.8482740483882907	13.063789985528526	low	high
G_r010_uneven_coverage_40pct	10	23	uneven_coverage	0.4	40.0	lognormal_sigma1.0	RS_GCF_010230725.1	Verrucomicrobiota	Bacteria	medium	90.15522021430704	1.9999669572204977	90.15522021430704	38.86203479545289	2844797	5	2621628	10	3670279	0.3999999237115258		1048651	0	0	0	True	91.70477294921876	55.06902313232422	deepcheck	1.5495527349117282	53.06905617510372	1.5495527349117282	53.06905617510372	low	high
G_r011_none_control	11	0	none	0.0	0.0	control	RS_GCF_041154675.1	Thermoproteota	Archaea	low	69.81002552476767	1.9999914385594053	69.81002552476767	1.9999914385594053	2569661	39	1845274	39	1845274	0.0		0	0	0	0	True	74.10858917236328	2.207770824432373	deepcheck	4.298563647595614	0.20777938587296774	4.298563647595614	0.20777938587296774	medium	medium
G_r011_substitution_0p1pct	11	1	substitution	0.001	0.1	uniform	RS_GCF_041154675.1	Thermoproteota	Archaea	low	69.81002552476767	1.9999914385594053	69.81002552476767	1.9999914385594053	2569661	39	1845274	39	1845274	0.0009863033890901	0.0089640838741259	0	1820	0	0	True	72.0772476196289	3.618659734725952	deepcheck	2.267222094861239	1.6186682961665468	2.267222094861239	1.6186682961665468	medium	medium
G_r011_substitution_0p5pct	11	2	substitution	0.005	0.5	uniform	RS_GCF_041154675.1	Thermoproteota	Archaea	low	69.81002552476767	1.9999914385594053	69.81002552476767	1.9999914385594053	2569661	39	1845274	39	1845274	0.0049217622965478	0.0441104216424403	0	9082	0	0	True	65.91258239746094	2.954363346099853	deepcheck	-3.8974431273067296	0.9543719075404478	3.8974431273067296	0.9543719075404478	medium	medium
G_r011_substitution_1pct	11	3	substitution	0.01	1.0	uniform	RS_GCF_041154675.1	Thermoproteota	Archaea	low	69.81002552476767	1.9999914385594053	69.81002552476767	1.9999914385594053	2569661	39	1845274	39	1845274	0.0101182805371993	0.0864827525163591	0	18671	0	0	True	58.178009033203125	2.3646228313446045	deepcheck	-11.632016491564542	0.3646313927851992	11.632016491564542	0.3646313927851992	medium	medium
G_r011_substitution_2pct	11	4	substitution	0.02	2.0	uniform	RS_GCF_041154675.1	Thermoproteota	Archaea	low	69.81002552476767	1.9999914385594053	69.81002552476767	1.9999914385594053	2569661	39	1845274	39	1845274	0.0198599232417516	0.1662522378698502	0	36647	0	0	True	49.292701721191406	1.6512110233306885	deepcheck	-20.51732380357626	-0.34878041522871683	20.51732380357626	0.34878041522871683	low	medium
G_r011_substitution_5pct	11	5	substitution	0.05	5.0	uniform	RS_GCF_041154675.1	Thermoproteota	Archaea	low	69.81002552476767	1.9999914385594053	69.81002552476767	1.9999914385594053	2569661	39	1845274	39	1845274	0.049913996512171	0.3697505902753909	0	92105	0	0	True	29.94527816772461	0.3671523332595825	deepcheck	-39.86474735704306	-1.6328391052998228	39.86474735704306	1.6328391052998228	low	medium
G_r011_substitution_titv_0p1pct	11	6	substitution_titv	0.001	0.1	titv_2	RS_GCF_041154675.1	Thermoproteota	Archaea	low	69.81002552476767	1.9999914385594053	69.81002552476767	1.9999914385594053	2569661	39	1845274	39	1845274	0.0009727552656136	0.0089640838741259	0	1795	0	0	True	74.08716583251953	3.10945725440979	deepcheck	4.277140307751864	1.1094658158503847	4.277140307751864	1.1094658158503847	medium	medium
G_r011_substitution_titv_0p5pct	11	7	substitution_titv	0.005	0.5	titv_2	RS_GCF_041154675.1	Thermoproteota	Archaea	low	69.81002552476767	1.9999914385594053	69.81002552476767	1.9999914385594053	2569661	39	1845274	39	1845274	0.0049320588703899	0.0441104216424403	0	9101	0	0	True	68.90798950195312	4.711807727813721	deepcheck	-0.9020360228145421	2.7118162892543154	0.9020360228145421	2.7118162892543154	medium	medium
G_r011_substitution_titv_1pct	11	8	substitution_titv	0.01	1.0	titv_2	RS_GCF_041154675.1	Thermoproteota	Archaea	low	69.81002552476767	1.9999914385594053	69.81002552476767	1.9999914385594053	2569661	39	1845274	39	1845274	0.0099952635760326	0.0864827525163591	0	18444	0	0	True	64.25209045410156	4.934539318084717	deepcheck	-5.557935070666105	2.9345478795253115	5.557935070666105	2.9345478795253115	medium	medium
G_r011_substitution_titv_2pct	11	9	substitution_titv	0.02	2.0	titv_2	RS_GCF_041154675.1	Thermoproteota	Archaea	low	69.81002552476767	1.9999914385594053	69.81002552476767	1.9999914385594053	2569661	39	1845274	39	1845274	0.0200084106750542	0.1662522378698502	0	36921	0	0	True	56.56157684326172	2.032012224197388	deepcheck	-13.248448681505948	0.03202078563798283	13.248448681505948	0.03202078563798283	medium	medium
G_r011_substitution_titv_5pct	11	10	substitution_titv	0.05	5.0	titv_2	RS_GCF_041154675.1	Thermoproteota	Archaea	low	69.81002552476767	1.9999914385594053	69.81002552476767	1.9999914385594053	2569661	39	1845274	39	1845274	0.0499703567058333	0.3697505902753909	0	92209	0	0	True	41.23400115966797	2.9225072860717773	deepcheck	-28.5760243650997	0.922515847512372	28.5760243650997	0.922515847512372	low	medium
G_r011_indel_0p1pct	11	11	indel	0.001	0.1	ins0.5_geom0.75	RS_GCF_041154675.1	Thermoproteota	Archaea	low	69.81002552476767	1.9999914385594053	69.81399786311964	1.9999914385594053	2569661	39	1845274	39	1845379	0.001003103062201		0	0	1851	0	True	50.0676155090332	4.357728958129883	deepcheck	-19.742410015734464	2.3577375195704775	19.742410015734464	2.3577375195704775	medium	medium
G_r011_indel_0p5pct	11	12	indel	0.005	0.5	ins0.5_geom0.75	RS_GCF_041154675.1	Thermoproteota	Archaea	low	69.81002552476767	1.9999914385594053	69.81293857289243	1.9999914385594053	2569661	39	1845274	39	1845351	0.0049244719212431		0	0	9087	0	True	22.41227149963379	5.6380767822265625	deepcheck	-47.39775402513388	3.638085343667157	47.39775402513388	3.638085343667157	low	medium
G_r011_indel_1pct	11	13	indel	0.01	1.0	ins0.5_geom0.75	RS_GCF_041154675.1	Thermoproteota	Archaea	low	69.81002552476767	1.9999914385594053	69.81187928266525	1.9999914385594053	2569661	39	1845274	39	1845323	0.0099047621112095		0	0	18277	0	True	18.357078552246094	5.6497015953063965	deepcheck	-51.45294697252157	3.649710156746991	51.45294697252157	3.649710156746991	low	medium
G_r011_indel_2pct	11	14	indel	0.02	2.0	ins0.5_geom0.75	RS_GCF_041154675.1	Thermoproteota	Archaea	low	69.81002552476767	1.9999914385594053	69.80476690542552	1.9999914385594053	2569661	39	1845274	39	1845135	0.019944463532245		0	0	36803	0	True	29.81051445007324	12.272966384887695	deepcheck	-39.999511074694425	10.27297494632829	39.999511074694425	10.27297494632829	low	medium
G_r011_indel_5pct	11	15	indel	0.05	5.0	ins0.5_geom0.75	RS_GCF_041154675.1	Thermoproteota	Archaea	low	69.81002552476767	1.9999914385594053	69.80601535462185	1.9999914385594053	2569661	39	1845274	39	1845168	0.0499616859068084		0	0	92193	0	True	21.480329513549805	4.238327503204346	deepcheck	-48.32969601121786	2.2383360646449404	48.32969601121786	2.2383360646449404	low	medium
G_r011_chimera_5pct	11	16	chimera	0.05	5.0	rc0.5	RS_GCF_041154675.1	Thermoproteota	Archaea	low	69.81002552476767	1.9999914385594053	69.81002552476767	1.9999914385594053	2569661	39	1845274	38	1845274	0.0512820512820512		0	0	0	1	True	74.10856628417969	2.2077581882476807	deepcheck	4.29854075941202	0.20776674968827535	4.29854075941202	0.20776674968827535	medium	medium
G_r011_chimera_10pct	11	17	chimera	0.1	10.0	rc0.5	RS_GCF_041154675.1	Thermoproteota	Archaea	low	69.81002552476767	1.9999914385594053	69.81002552476767	1.9999914385594053	2569661	39	1845274	37	1845274	0.1025641025641025		0	0	0	2	True	74.10897064208984	2.2078003883361816	deepcheck	4.298945117322177	0.20780894977677633	4.298945117322177	0.20780894977677633	medium	medium
G_r011_chimera_20pct	11	18	chimera	0.2	20.0	rc0.5	RS_GCF_041154675.1	Thermoproteota	Archaea	low	69.81002552476767	1.9999914385594053	69.81002552476767	1.9999914385594053	2569661	39	1845274	35	1845274	0.2051282051282051		0	0	0	4	True	74.10823059082031	2.207703113555908	deepcheck	4.298205066052645	0.2077116749965029	4.298205066052645	0.2077116749965029	medium	medium
G_r011_chimera_40pct	11	19	chimera	0.4	40.0	rc0.5	RS_GCF_041154675.1	Thermoproteota	Archaea	low	69.81002552476767	1.9999914385594053	69.81002552476767	1.9999914385594053	2569661	39	1845274	31	1845274	0.4102564102564102		0	0	0	8	True	74.08397674560547	2.1865038871765137	deepcheck	4.273951220837802	0.18651244861710836	4.273951220837802	0.18651244861710836	medium	medium
G_r011_uneven_coverage_5pct	11	20	uneven_coverage	0.05	5.0	lognormal_sigma1.0	RS_GCF_041154675.1	Thermoproteota	Archaea	low	69.81002552476767	1.9999914385594053	69.81002552476767	5.590503961417479	2569661	39	1845274	43	1937538	0.0500001625774817		92264	0	0	0	True	73.96049499511719	6.135591506958008	deepcheck	4.15046947034952	4.1356000683986025	4.15046947034952	4.1356000683986025	medium	medium
G_r011_uneven_coverage_10pct	11	21	uneven_coverage	0.1	10.0	lognormal_sigma1.0	RS_GCF_041154675.1	Thermoproteota	Archaea	low	69.81002552476767	1.9999914385594053	69.81002552476767	9.180977568636486	2569661	39	1845274	45	2029801	0.0999997832300243		184527	0	0	0	True	76.05447387695312	9.763358116149902	deepcheck	6.244448352185458	7.763366677590497	6.244448352185458	7.763366677590497	medium	medium
G_r011_uneven_coverage_20pct	11	22	uneven_coverage	0.2	20.0	lognormal_sigma1.0	RS_GCF_041154675.1	Thermoproteota	Archaea	low	69.81002552476767	1.9999914385594053	69.81002552476767	16.362002614352633	2569661	39	1845274	47	2214329	0.2000001083849878		369055	0	0	0	True	73.51992797851562	9.097625732421877	deepcheck	3.709902453747958	7.0976342938624715	3.709902453747958	7.0976342938624715	medium	medium
G_r011_uneven_coverage_40pct	11	23	uneven_coverage	0.4	40.0	lognormal_sigma1.0	RS_GCF_041154675.1	Thermoproteota	Archaea	low	69.81002552476767	1.9999914385594053	69.81002552476767	30.72401379014586	2569661	39	1845274	67	2583384	0.4000002167699756		738110	0	0	0	True	75.0505599975586	30.03518867492676	deepcheck	5.240534472790927	28.035197236367356	5.240534472790927	28.035197236367356	low	medium
G_r012_none_control	12	0	none	0.0	0.0	control	RS_GCF_000224745.1	Bacteroidota_A	Bacteria	highly_fragmented	59.51764812445376	4.999997000709632	59.51764812445376	4.999997000709632	3334122	67	2151097	67	2151097	0.0		0	0	0	0	True	66.65493774414062	1.8652431964874268	deepcheck	7.137289619686868	-3.134753804222205	7.137289619686868	3.134753804222205	medium	medium
G_r012_substitution_0p1pct	12	1	substitution	0.001	0.1	uniform	RS_GCF_000224745.1	Bacteroidota_A	Bacteria	highly_fragmented	59.51764812445376	4.999997000709632	59.51764812445376	4.999997000709632	3334122	67	2151097	67	2151097	0.0009990251485637	0.0089640838741259	0	2149	0	0	True	66.19751739501953	1.896063208580017	deepcheck	6.679869270565774	-3.103933792129615	6.679869270565774	3.103933792129615	medium	medium
G_r012_substitution_0p5pct	12	2	substitution	0.005	0.5	uniform	RS_GCF_000224745.1	Bacteroidota_A	Bacteria	highly_fragmented	59.51764812445376	4.999997000709632	59.51764812445376	4.999997000709632	3334122	67	2151097	67	2151097	0.0050495165954859	0.0441104216424403	0	10862	0	0	True	64.0400390625	2.4186313152313232	deepcheck	4.522390938046243	-2.5813656854783087	4.522390938046243	2.5813656854783087	medium	medium
G_r012_substitution_1pct	12	3	substitution	0.01	1.0	uniform	RS_GCF_000224745.1	Bacteroidota_A	Bacteria	highly_fragmented	59.51764812445376	4.999997000709632	59.51764812445376	4.999997000709632	3334122	67	2151097	67	2151097	0.0100729999623447	0.0864827525163591	0	21668	0	0	True	62.48596954345703	2.047276973724365	deepcheck	2.9683214190032743	-2.952720026985267	2.9683214190032743	2.952720026985267	medium	medium
G_r012_substitution_2pct	12	4	substitution	0.02	2.0	uniform	RS_GCF_000224745.1	Bacteroidota_A	Bacteria	highly_fragmented	59.51764812445376	4.999997000709632	59.51764812445376	4.999997000709632	3334122	67	2151097	67	2151097	0.0201023012909227	0.1662522378698502	0	43242	0	0	True	59.57635498046875	3.442195415496826	deepcheck	0.058706856014993036	-1.5578015852128058	0.058706856014993036	1.5578015852128058	medium	medium
G_r012_substitution_5pct	12	5	substitution	0.05	5.0	uniform	RS_GCF_000224745.1	Bacteroidota_A	Bacteria	highly_fragmented	59.51764812445376	4.999997000709632	59.51764812445376	4.999997000709632	3334122	67	2151097	67	2151097	0.0501176841397668	0.3697505902753909	0	107808	0	0	True	41.169883728027344	2.6795876026153564	deepcheck	-18.347764396426413	-2.3204093980942755	18.347764396426413	2.3204093980942755	low	medium
G_r012_substitution_titv_0p1pct	12	6	substitution_titv	0.001	0.1	titv_2	RS_GCF_000224745.1	Bacteroidota_A	Bacteria	highly_fragmented	59.51764812445376	4.999997000709632	59.51764812445376	4.999997000709632	3334122	67	2151097	67	2151097	0.0009846138970023	0.0089640838741259	0	2118	0	0	True	66.69019317626953	1.7176806926727295	deepcheck	7.172545051815774	-3.2823163080369024	7.172545051815774	3.2823163080369024	medium	medium
G_r012_substitution_titv_0p5pct	12	7	substitution_titv	0.005	0.5	titv_2	RS_GCF_000224745.1	Bacteroidota_A	Bacteria	highly_fragmented	59.51764812445376	4.999997000709632	59.51764812445376	4.999997000709632	3334122	67	2151097	67	2151097	0.005129010918615	0.0441104216424403	0	11033	0	0	True	65.14326477050781	1.86073637008667	deepcheck	5.6256166460540555	-3.139260630622962	5.6256166460540555	3.139260630622962	medium	medium
G_r012_substitution_titv_1pct	12	8	substitution_titv	0.01	1.0	titv_2	RS_GCF_000224745.1	Bacteroidota_A	Bacteria	highly_fragmented	59.51764812445376	4.999997000709632	59.51764812445376	4.999997000709632	3334122	67	2151097	67	2151097	0.0098921619992031	0.0864827525163591	0	21279	0	0	True	63.56036758422852	4.32597017288208	deepcheck	4.042719459774766	-0.6740268278275519	4.042719459774766	0.6740268278275519	medium	medium
G_r012_substitution_titv_2pct	12	9	substitution_titv	0.02	2.0	titv_2	RS_GCF_000224745.1	Bacteroidota_A	Bacteria	highly_fragmented	59.51764812445376	4.999997000709632	59.51764812445376	4.999997000709632	3334122	67	2151097	67	2151097	0.0200390777356855	0.1662522378698502	0	43106	0	0	True	61.67486953735352	4.077837467193604	deepcheck	2.1572214128997658	-0.9221595335160275	2.1572214128997658	0.9221595335160275	medium	medium
G_r012_substitution_titv_5pct	12	10	substitution_titv	0.05	5.0	titv_2	RS_GCF_000224745.1	Bacteroidota_A	Bacteria	highly_fragmented	59.51764812445376	4.999997000709632	59.51764812445376	4.999997000709632	3334122	67	2151097	67	2151097	0.0497397374455917	0.3697505902753909	0	106995	0	0	True	44.52830505371094	1.997491717338562	deepcheck	-14.98934307074282	-3.00250528337107	14.98934307074282	3.00250528337107	low	medium
G_r012_indel_0p1pct	12	11	indel	0.001	0.1	ins0.5_geom0.75	RS_GCF_000224745.1	Bacteroidota_A	Bacteria	highly_fragmented	59.51764812445376	4.999997000709632	59.516901074692925	4.999997000709632	3334122	67	2151097	67	2151070	0.0009953061159027		0	0	2141	0	True	52.125	1.9768614768981931	deepcheck	-7.392648124453757	-3.0231355238114386	7.392648124453757	3.0231355238114386	medium	medium
G_r012_indel_0p5pct	12	12	indel	0.005	0.5	ins0.5_geom0.75	RS_GCF_000224745.1	Bacteroidota_A	Bacteria	highly_fragmented	59.51764812445376	4.999997000709632	59.5089325439108	4.999997000709632	3334122	67	2151097	67	2150782	0.0050755498241129		0	0	10918	0	True	25.28963661193848	0.2567630410194397	deepcheck	-34.22801151251528	-4.743233959690192	34.22801151251528	4.743233959690192	low	medium
G_r012_indel_1pct	12	13	indel	0.01	1.0	ins0.5_geom0.75	RS_GCF_000224745.1	Bacteroidota_A	Bacteria	highly_fragmented	59.51764812445376	4.999997000709632	59.52251778215395	4.999997000709632	3334122	67	2151097	67	2151273	0.0099498070054488		0	0	21403	0	True	20.018798828125	0.6824702024459839	deepcheck	-39.49884929632876	-4.317526798263648	39.49884929632876	4.317526798263648	low	medium
G_r012_indel_2pct	12	14	indel	0.02	2.0	ins0.5_geom0.75	RS_GCF_000224745.1	Bacteroidota_A	Bacteria	highly_fragmented	59.51764812445376	4.999997000709632	59.50337117346911	4.999997000709632	3334122	67	2151097	67	2150581	0.0199061223180544		0	0	42820	0	True	28.458911895751957	7.8421807289123535	deepcheck	-31.0587362287018	2.8421837282027216	31.0587362287018	2.8421837282027216	low	medium
G_r012_indel_5pct	12	15	indel	0.05	5.0	ins0.5_geom0.75	RS_GCF_000224745.1	Bacteroidota_A	Bacteria	highly_fragmented	59.51764812445376	4.999997000709632	59.50835150520794	4.999997000709632	3334122	67	2151097	67	2150761	0.0501200085351799		0	0	107813	0	True	38.64542388916016	7.321961402893066	deepcheck	-20.872224235293594	2.3219644021834345	20.872224235293594	2.3219644021834345	low	medium
G_r012_chimera_5pct	12	16	chimera	0.05	5.0	rc0.5	RS_GCF_000224745.1	Bacteroidota_A	Bacteria	highly_fragmented	59.51764812445376	4.999997000709632	59.51764812445376	4.999997000709632	3334122	67	2151097	65	2151097	0.0597014925373134		0	0	0	2	True	66.65504455566406	1.8652104139328003	deepcheck	7.1373964312103055	-3.1347865867768316	7.1373964312103055	3.1347865867768316	medium	medium
G_r012_chimera_10pct	12	17	chimera	0.1	10.0	rc0.5	RS_GCF_000224745.1	Bacteroidota_A	Bacteria	highly_fragmented	59.51764812445376	4.999997000709632	59.51764812445376	4.999997000709632	3334122	67	2151097	63	2151097	0.1194029850746268		0	0	0	4	True	66.65645599365234	1.865591526031494	deepcheck	7.138807869198587	-3.134405474678138	7.138807869198587	3.134405474678138	medium	medium
G_r012_chimera_20pct	12	18	chimera	0.2	20.0	rc0.5	RS_GCF_000224745.1	Bacteroidota_A	Bacteria	highly_fragmented	59.51764812445376	4.999997000709632	59.51764812445376	4.999997000709632	3334122	67	2151097	60	2151097	0.208955223880597		0	0	0	7	True	66.65939331054688	1.853248119354248	deepcheck	7.141745186093118	-3.146748881355384	7.141745186093118	3.146748881355384	medium	medium
G_r012_chimera_40pct	12	19	chimera	0.4	40.0	rc0.5	RS_GCF_000224745.1	Bacteroidota_A	Bacteria	highly_fragmented	59.51764812445376	4.999997000709632	59.51764812445376	4.999997000709632	3334122	67	2151097	53	2151097	0.417910447761194		0	0	0	14	True	66.65251922607422	1.8646459579467771	deepcheck	7.134871101620462	-3.1353510427628546	7.134871101620462	3.1353510427628546	medium	medium
G_r012_uneven_coverage_5pct	12	20	uneven_coverage	0.05	5.0	lognormal_sigma1.0	RS_GCF_000224745.1	Bacteroidota_A	Bacteria	highly_fragmented	59.51764812445376	4.999997000709632	59.51764812445376	8.225883755903354	3334122	67	2151097	70	2258652	0.0500000697318623		107555	0	0	0	True	66.91499328613281	4.943787097930908	deepcheck	7.3973451616790555	-0.05620990277872373	7.3973451616790555	0.05620990277872373	medium	medium
G_r012_uneven_coverage_10pct	12	21	uneven_coverage	0.1	10.0	lognormal_sigma1.0	RS_GCF_000224745.1	Bacteroidota_A	Bacteria	highly_fragmented	59.51764812445376	4.999997000709632	59.51764812445376	11.451770511097074	3334122	67	2151097	76	2366207	0.1000001394637247		215110	0	0	0	True	66.55191040039062	9.099998474121094	deepcheck	7.034262275936868	4.100001473411462	7.034262275936868	4.100001473411462	medium	medium
G_r012_uneven_coverage_20pct	12	22	uneven_coverage	0.2	20.0	lognormal_sigma1.0	RS_GCF_000224745.1	Bacteroidota_A	Bacteria	highly_fragmented	59.51764812445376	4.999997000709632	59.51764812445376	17.903514028580837	3334122	67	2151097	77	2581316	0.1999998140483669		430219	0	0	0	True	67.09173583984375	15.114945411682127	deepcheck	7.574087715389993	10.114948410972495	7.574087715389993	10.114948410972495	low	medium
G_r012_uneven_coverage_40pct	12	23	uneven_coverage	0.4	40.0	lognormal_sigma1.0	RS_GCF_000224745.1	Bacteroidota_A	Bacteria	highly_fragmented	59.51764812445376	4.999997000709632	59.51764812445376	30.807061049355724	3334122	67	2151097	99	3011536	0.4000000929758165		860439	0	0	0	True	65.99539184570312	25.073978424072266	deepcheck	6.477743721249368	20.073981423362632	6.477743721249368	20.073981423362632	low	medium
G_r013_none_control	13	0	none	0.0	0.0	control	GB_GCA_001430905.1	Patescibacteriota	Bacteria	low	76.96942748642023	0.0	76.96942748642023	0.0	1248180	4	960717	4	960717	0.0		0	0	0	0	True	60.023040771484375	0.0423096120357513	deepcheck	-16.946386714935855	0.0423096120357513	16.946386714935855	0.0423096120357513	medium	medium
G_r013_substitution_0p1pct	13	1	substitution	0.001	0.1	uniform	GB_GCA_001430905.1	Patescibacteriota	Bacteria	low	76.96942748642023	0.0	76.96942748642023	0.0	1248180	4	960717	4	960717	0.0010377665847486	0.0089640838741259	0	997	0	0	True	59.8759880065918	0.2521879971027374	deepcheck	-17.093439479828433	0.2521879971027374	17.093439479828433	0.2521879971027374	medium	medium
G_r013_substitution_0p5pct	13	2	substitution	0.005	0.5	uniform	GB_GCA_001430905.1	Patescibacteriota	Bacteria	low	76.96942748642023	0.0	76.96942748642023	0.0	1248180	4	960717	4	960717	0.0050295768681099	0.0441104216424403	0	4832	0	0	True	58.56999206542969	0.2617500722408294	deepcheck	-18.399435420990542	0.2617500722408294	18.399435420990542	0.2617500722408294	medium	medium
G_r013_substitution_1pct	13	3	substitution	0.01	1.0	uniform	GB_GCA_001430905.1	Patescibacteriota	Bacteria	low	76.96942748642023	0.0	76.96942748642023	0.0	1248180	4	960717	4	960717	0.0097937269768308	0.0864827525163591	0	9409	0	0	True	55.89543533325195	0.6411749720573425	deepcheck	-21.073992153168277	0.6411749720573425	21.073992153168277	0.6411749720573425	medium	medium
G_r013_substitution_2pct	13	4	substitution	0.02	2.0	uniform	GB_GCA_001430905.1	Patescibacteriota	Bacteria	low	76.96942748642023	0.0	76.96942748642023	0.0	1248180	4	960717	4	960717	0.0199819509803615	0.1662522378698502	0	19197	0	0	True	51.47134780883789	1.9050285816192627	deepcheck	-25.49807967758234	1.9050285816192627	25.49807967758234	1.9050285816192627	medium	medium
G_r013_substitution_5pct	13	5	substitution	0.05	5.0	uniform	GB_GCA_001430905.1	Patescibacteriota	Bacteria	low	76.96942748642023	0.0	76.96942748642023	0.0	1248180	4	960717	4	960717	0.0504019393848552	0.3697505902753909	0	48422	0	0	True	42.91804885864258	1.8268227577209477	deepcheck	-34.05137862777765	1.8268227577209477	34.05137862777765	1.8268227577209477	low	medium
G_r013_substitution_titv_0p1pct	13	6	substitution_titv	0.001	0.1	titv_2	GB_GCA_001430905.1	Patescibacteriota	Bacteria	low	76.96942748642023	0.0	76.96942748642023	0.0	1248180	4	960717	4	960717	0.0009097372066904	0.0089640838741259	0	874	0	0	True	59.22670364379883	0.1851074397563934	deepcheck	-17.742723842621402	0.1851074397563934	17.742723842621402	0.1851074397563934	medium	medium
G_r013_substitution_titv_0p5pct	13	7	substitution_titv	0.005	0.5	titv_2	GB_GCA_001430905.1	Patescibacteriota	Bacteria	low	76.96942748642023	0.0	76.96942748642023	0.0	1248180	4	960717	4	960717	0.0049400603923944	0.0441104216424403	0	4746	0	0	True	58.455448150634766	0.4845741987228393	deepcheck	-18.513979335785464	0.4845741987228393	18.513979335785464	0.4845741987228393	medium	medium
G_r013_substitution_titv_1pct	13	8	substitution_titv	0.01	1.0	titv_2	GB_GCA_001430905.1	Patescibacteriota	Bacteria	low	76.96942748642023	0.0	76.96942748642023	0.0	1248180	4	960717	4	960717	0.0098905296773139	0.0864827525163591	0	9502	0	0	True	58.00130844116211	0.2695292234420776	deepcheck	-18.96811904525812	0.2695292234420776	18.96811904525812	0.2695292234420776	medium	medium
G_r013_substitution_titv_2pct	13	9	substitution_titv	0.02	2.0	titv_2	GB_GCA_001430905.1	Patescibacteriota	Bacteria	low	76.96942748642023	0.0	76.96942748642023	0.0	1248180	4	960717	4	960717	0.0198809847228684	0.1662522378698502	0	19100	0	0	True	52.714599609375	1.603110909461975	deepcheck	-24.25482787704523	1.603110909461975	24.25482787704523	1.603110909461975	medium	medium
G_r013_substitution_titv_5pct	13	10	substitution_titv	0.05	5.0	titv_2	GB_GCA_001430905.1	Patescibacteriota	Bacteria	low	76.96942748642023	0.0	76.96942748642023	0.0	1248180	4	960717	4	960717	0.0498440227455119	0.3697505902753909	0	47886	0	0	True	45.08581161499024	0.2082381397485733	deepcheck	-31.88361587142999	0.2082381397485733	31.88361587142999	0.2082381397485733	low	medium
G_r013_indel_0p1pct	13	11	indel	0.001	0.1	ins0.5_geom0.75	GB_GCA_001430905.1	Patescibacteriota	Bacteria	low	76.96942748642023	0.0	76.97391401881139	0.0	1248180	4	960717	4	960773	0.0009794767866083		0	0	941	0	True	47.24513244628906	2.0356709957122803	deepcheck	-29.724295040131167	2.0356709957122803	29.724295040131167	2.0356709957122803	low	medium
G_r013_indel_0p5pct	13	12	indel	0.005	0.5	ins0.5_geom0.75	GB_GCA_001430905.1	Patescibacteriota	Bacteria	low	76.96942748642023	0.0	76.95997372173885	0.0	1248180	4	960717	4	960599	0.0049650417344545		0	0	4770	0	True	28.62992286682129	0.8512728214263916	deepcheck	-48.33950461959894	0.8512728214263916	48.33950461959894	0.8512728214263916	low	medium
G_r013_indel_1pct	13	13	indel	0.01	1.0	ins0.5_geom0.75	GB_GCA_001430905.1	Patescibacteriota	Bacteria	low	76.96942748642023	0.0	76.95516672274832	0.0	1248180	4	960717	4	960539	0.0100279270586447		0	0	9634	0	True	34.35760498046875	11.027801513671877	deepcheck	-42.61182250595148	11.027801513671877	42.61182250595148	11.027801513671877	low	medium
G_r013_indel_2pct	13	14	indel	0.02	2.0	ins0.5_geom0.75	GB_GCA_001430905.1	Patescibacteriota	Bacteria	low	76.96942748642023	0.0	76.98208591709529	0.0	1248180	4	960717	4	960875	0.020058976785047		0	0	19271	0	True	47.00639724731445	9.03147315979004	deepcheck	-29.963030239105777	9.03147315979004	29.963030239105777	9.03147315979004	low	medium
G_r013_indel_5pct	13	15	indel	0.05	5.0	ins0.5_geom0.75	GB_GCA_001430905.1	Patescibacteriota	Bacteria	low	76.96942748642023	0.0	76.93762117643288	0.0	1248180	4	960717	4	960320	0.0504342069516829		0	0	48453	0	True	60.86385345458984	21.849658966064453	deepcheck	-16.105574031830393	21.849658966064453	16.105574031830393	21.849658966064453	low	medium
G_r013_chimera_5pct	13	16	chimera	0.05	5.0	rc0.5	GB_GCA_001430905.1	Patescibacteriota	Bacteria	low	76.96942748642023	0.0	76.96942748642023	0.0	1248180	4	960717	4	960717	0.0		0	0	0	0	True	60.023040771484375	0.0423096120357513	deepcheck	-16.946386714935855	0.0423096120357513	16.946386714935855	0.0423096120357513	medium	medium
G_r013_chimera_10pct	13	17	chimera	0.1	10.0	rc0.5	GB_GCA_001430905.1	Patescibacteriota	Bacteria	low	76.96942748642023	0.0	76.96942748642023	0.0	1248180	4	960717	3	960717	0.5		0	0	0	1	True	60.11869812011719	0.0690370798110961	deepcheck	-16.850729366303042	0.0690370798110961	16.850729366303042	0.0690370798110961	medium	medium
G_r013_chimera_20pct	13	18	chimera	0.2	20.0	rc0.5	GB_GCA_001430905.1	Patescibacteriota	Bacteria	low	76.96942748642023	0.0	76.96942748642023	0.0	1248180	4	960717	4	960717	0.0		0	0	0	0	True	60.023040771484375	0.0423096120357513	deepcheck	-16.946386714935855	0.0423096120357513	16.946386714935855	0.0423096120357513	medium	medium
G_r013_chimera_40pct	13	19	chimera	0.4	40.0	rc0.5	GB_GCA_001430905.1	Patescibacteriota	Bacteria	low	76.96942748642023	0.0	76.96942748642023	0.0	1248180	4	960717	3	960717	0.5		0	0	0	1	True	60.02547836303711	0.0610478222370147	deepcheck	-16.94394912338312	0.0610478222370147	16.94394912338312	0.0610478222370147	medium	medium
G_r013_uneven_coverage_5pct	13	20	uneven_coverage	0.05	5.0	lognormal_sigma1.0	GB_GCA_001430905.1	Patescibacteriota	Bacteria	low	76.96942748642023	0.0	76.96942748642023	3.848483391818488	1248180	4	960717	5	1008753	0.0500001561333878		48036	0	0	0	True	60.21601486206055	2.170093774795532	deepcheck	-16.753412624359683	2.170093774795532	16.753412624359683	2.170093774795532	medium	medium
G_r013_uneven_coverage_10pct	13	21	uneven_coverage	0.1	10.0	lognormal_sigma1.0	GB_GCA_001430905.1	Patescibacteriota	Bacteria	low	76.96942748642023	0.0	76.96942748642023	7.696966783636975	1248180	4	960717	5	1056789	0.1000003122667757		96072	0	0	0	True	59.52528762817383	5.266651630401611	deepcheck	-17.444139858246402	5.266651630401611	17.444139858246402	5.266651630401611	medium	medium
G_r013_uneven_coverage_20pct	13	22	uneven_coverage	0.2	20.0	lognormal_sigma1.0	GB_GCA_001430905.1	Patescibacteriota	Bacteria	low	76.96942748642023	0.0	76.96942748642023	15.393853450624109	1248180	4	960717	5	1152860	0.1999995836442989		192143	0	0	0	True	61.13117218017578	14.131307601928713	deepcheck	-15.838255306244449	14.131307601928713	15.838255306244449	14.131307601928713	low	medium
G_r013_uneven_coverage_40pct	13	23	uneven_coverage	0.4	40.0	lognormal_sigma1.0	GB_GCA_001430905.1	Patescibacteriota	Bacteria	low	76.96942748642023	0.0	76.96942748642023	30.787787017898054	1248180	4	960717	6	1345004	0.4000002081778505		384287	0	0	0	True	60.699462890625	24.424007415771484	deepcheck	-16.26996459579523	24.424007415771484	16.26996459579523	24.424007415771484	low	medium
G_r014_none_control	14	0	none	0.0	0.0	control	RS_GCF_040370075.1	Deinococcota	Bacteria	highly_fragmented	59.81995348606355	1.4848032020874546	59.81995348606355	1.4848032020874546	2256528	80	1383359	80	1383359	0.0		0	0	0	0	True	66.10291290283203	0.1550111919641494	deepcheck	6.282959416768485	-1.3297920101233052	6.282959416768485	1.3297920101233052	medium	medium
G_r014_substitution_0p1pct	14	1	substitution	0.001	0.1	uniform	RS_GCF_040370075.1	Deinococcota	Bacteria	highly_fragmented	59.81995348606355	1.4848032020874546	59.81995348606355	1.4848032020874546	2256528	80	1383359	80	1383359	0.0009946803396659	0.0089640838741259	0	1376	0	0	True	65.87318420410156	0.1687951385974884	deepcheck	6.053230718038016	-1.3160080634899662	6.053230718038016	1.3160080634899662	medium	medium
G_r014_substitution_0p5pct	14	2	substitution	0.005	0.5	uniform	RS_GCF_040370075.1	Deinococcota	Bacteria	highly_fragmented	59.81995348606355	1.4848032020874546	59.81995348606355	1.4848032020874546	2256528	80	1383359	80	1383359	0.0050883393247884	0.0441104216424403	0	7039	0	0	True	62.781288146972656	0.5978070497512817	deepcheck	2.9613346609091096	-0.8869961523361729	2.9613346609091096	0.8869961523361729	medium	medium
G_r014_substitution_1pct	14	3	substitution	0.01	1.0	uniform	RS_GCF_040370075.1	Deinococcota	Bacteria	highly_fragmented	59.81995348606355	1.4848032020874546	59.81995348606355	1.4848032020874546	2256528	80	1383359	80	1383359	0.0100400546785035	0.0864827525163591	0	13889	0	0	True	59.032981872558594	0.1795899122953415	deepcheck	-0.7869716135049529	-1.3052132897921132	0.7869716135049529	1.3052132897921132	medium	medium
G_r014_substitution_2pct	14	4	substitution	0.02	2.0	uniform	RS_GCF_040370075.1	Deinococcota	Bacteria	highly_fragmented	59.81995348606355	1.4848032020874546	59.81995348606355	1.4848032020874546	2256528	80	1383359	80	1383359	0.0200374595459313	0.1662522378698502	0	27719	0	0	True	55.78963088989258	1.6558974981307983	deepcheck	-4.0303225961709686	0.1710942960433437	4.0303225961709686	0.1710942960433437	medium	medium
G_r014_substitution_5pct	14	5	substitution	0.05	5.0	uniform	RS_GCF_040370075.1	Deinococcota	Bacteria	highly_fragmented	59.81995348606355	1.4848032020874546	59.81995348606355	1.4848032020874546	2256528	80	1383359	80	1383359	0.0501048534762126	0.3697505902753909	0	69313	0	0	True	43.4367561340332	3.3134329319000244	deepcheck	-16.383197352030344	1.8286297298125698	16.383197352030344	1.8286297298125698	low	medium
G_r014_substitution_titv_0p1pct	14	6	substitution_titv	0.001	0.1	titv_2	RS_GCF_040370075.1	Deinococcota	Bacteria	highly_fragmented	59.81995348606355	1.4848032020874546	59.81995348606355	1.4848032020874546	2256528	80	1383359	80	1383359	0.0010301013692035	0.0089640838741259	0	1425	0	0	True	65.27762603759766	0.179474800825119	deepcheck	5.45767255153411	-1.3053284012623356	5.45767255153411	1.3053284012623356	medium	medium
G_r014_substitution_titv_0p5pct	14	7	substitution_titv	0.005	0.5	titv_2	RS_GCF_040370075.1	Deinococcota	Bacteria	highly_fragmented	59.81995348606355	1.4848032020874546	59.81995348606355	1.4848032020874546	2256528	80	1383359	80	1383359	0.0050109913623289	0.0441104216424403	0	6932	0	0	True	61.96435546875	0.7880982160568237	deepcheck	2.1444019826864533	-0.6967049860306309	2.1444019826864533	0.6967049860306309	medium	medium
G_r014_substitution_titv_1pct	14	8	substitution_titv	0.01	1.0	titv_2	RS_GCF_040370075.1	Deinococcota	Bacteria	highly_fragmented	59.81995348606355	1.4848032020874546	59.81995348606355	1.4848032020874546	2256528	80	1383359	80	1383359	0.0099858388169665	0.0864827525163591	0	13814	0	0	True	60.46063995361328	0.5585845708847046	deepcheck	0.6406864675497346	-0.92621863120275	0.6406864675497346	0.92621863120275	medium	medium
G_r014_substitution_titv_2pct	14	9	substitution_titv	0.02	2.0	titv_2	RS_GCF_040370075.1	Deinococcota	Bacteria	highly_fragmented	59.81995348606355	1.4848032020874546	59.81995348606355	1.4848032020874546	2256528	80	1383359	80	1383359	0.0199861351970095	0.1662522378698502	0	27648	0	0	True	54.84030151367188	0.3986802101135254	deepcheck	-4.979651972391665	-1.0861229919739293	4.979651972391665	1.0861229919739293	medium	medium
G_r014_substitution_titv_5pct	14	10	substitution_titv	0.05	5.0	titv_2	RS_GCF_040370075.1	Deinococcota	Bacteria	highly_fragmented	59.81995348606355	1.4848032020874546	59.81995348606355	1.4848032020874546	2256528	80	1383359	80	1383359	0.0497781125506828	0.3697505902753909	0	68861	0	0	True	45.3223762512207	1.8894397020339968	deepcheck	-14.497577234842844	0.40463649994654216	14.497577234842844	0.40463649994654216	low	medium
G_r014_indel_0p1pct	14	11	indel	0.001	0.1	ins0.5_geom0.75	RS_GCF_040370075.1	Deinococcota	Bacteria	highly_fragmented	59.81995348606355	1.4848032020874546	59.82311019130382	1.4848032020874546	2256528	80	1383359	80	1383432	0.001006969268281		0	0	1393	0	True	47.08878707885742	2.1296308040618896	deepcheck	-12.731166407206125	0.644827601974435	12.731166407206125	0.644827601974435	low	medium
G_r014_indel_0p5pct	14	12	indel	0.005	0.5	ins0.5_geom0.75	RS_GCF_040370075.1	Deinococcota	Bacteria	highly_fragmented	59.81995348606355	1.4848032020874546	59.82207237040291	1.4848032020874546	2256528	80	1383359	80	1383408	0.004964727160484		0	0	6868	0	True	24.444812774658203	0.9274736046791076	deepcheck	-35.37514071140534	-0.5573295974083471	35.37514071140534	0.5573295974083471	low	medium
G_r014_indel_1pct	14	13	indel	0.01	1.0	ins0.5_geom0.75	RS_GCF_040370075.1	Deinococcota	Bacteria	highly_fragmented	59.81995348606355	1.4848032020874546	59.82159670248999	1.4848032020874546	2256528	80	1383359	80	1383397	0.0099554779345057		0	0	13772	0	True	18.754350662231445	0.6848260760307312	deepcheck	-41.0656028238321	-0.7999771260567234	41.0656028238321	0.7999771260567234	low	medium
G_r014_indel_2pct	14	14	indel	0.02	2.0	ins0.5_geom0.75	RS_GCF_040370075.1	Deinococcota	Bacteria	highly_fragmented	59.81995348606355	1.4848032020874546	59.83634240779045	1.4848032020874546	2256528	80	1383359	80	1383738	0.0202073359120806		0	0	27954	0	True	17.70381736755371	1.088273525238037	deepcheck	-42.116136118509836	-0.39652967684941753	42.116136118509836	0.39652967684941753	low	medium
G_r014_indel_5pct	14	15	indel	0.05	5.0	ins0.5_geom0.75	RS_GCF_040370075.1	Deinococcota	Bacteria	highly_fragmented	59.81995348606355	1.4848032020874546	59.81567247484728	1.4848032020874546	2256528	80	1383359	80	1383260	0.04994003725714		0	0	69085	0	True	56.47913360595703	14.75176239013672	deepcheck	-3.3408198801065154	13.266959188049267	3.3408198801065154	13.266959188049267	low	medium
G_r014_chimera_5pct	14	16	chimera	0.05	5.0	rc0.5	RS_GCF_040370075.1	Deinococcota	Bacteria	highly_fragmented	59.81995348606355	1.4848032020874546	59.81995348606355	1.4848032020874546	2256528	80	1383359	78	1383359	0.05		0	0	0	2	True	66.09989929199219	0.1550011336803436	deepcheck	6.279945805928641	-1.329802068407111	6.279945805928641	1.329802068407111	medium	medium
G_r014_chimera_10pct	14	17	chimera	0.1	10.0	rc0.5	RS_GCF_040370075.1	Deinococcota	Bacteria	highly_fragmented	59.81995348606355	1.4848032020874546	59.81995348606355	1.4848032020874546	2256528	80	1383359	76	1383359	0.1		0	0	0	4	True	66.1007308959961	0.1550130546092987	deepcheck	6.280777409932547	-1.329790147478156	6.280777409932547	1.329790147478156	medium	medium
G_r014_chimera_20pct	14	18	chimera	0.2	20.0	rc0.5	RS_GCF_040370075.1	Deinococcota	Bacteria	highly_fragmented	59.81995348606355	1.4848032020874546	59.81995348606355	1.4848032020874546	2256528	80	1383359	72	1383359	0.2		0	0	0	8	True	66.07489013671875	0.1552388072013855	deepcheck	6.254936650655203	-1.3295643948860691	6.254936650655203	1.3295643948860691	medium	medium
G_r014_chimera_40pct	14	19	chimera	0.4	40.0	rc0.5	RS_GCF_040370075.1	Deinococcota	Bacteria	highly_fragmented	59.81995348606355	1.4848032020874546	59.81995348606355	1.4848032020874546	2256528	80	1383359	64	1383359	0.4		0	0	0	16	True	65.9042739868164	0.1349419355392456	deepcheck	6.08432050075286	-1.349861266548209	6.08432050075286	1.349861266548209	medium	medium
G_r014_uneven_coverage_5pct	14	20	uneven_coverage	0.05	5.0	lognormal_sigma1.0	RS_GCF_040370075.1	Deinococcota	Bacteria	highly_fragmented	59.81995348606355	1.4848032020874546	59.81995348606355	4.550043252288472	2256528	80	1383359	84	1452527	0.0500000361439076		69168	0	0	0	True	65.54745483398438	5.900479316711426	deepcheck	5.727501347920828	4.415676114623971	5.727501347920828	4.415676114623971	medium	medium
G_r014_uneven_coverage_10pct	14	21	uneven_coverage	0.1	10.0	lognormal_sigma1.0	RS_GCF_040370075.1	Deinococcota	Bacteria	highly_fragmented	59.81995348606355	1.4848032020874546	59.81995348606355	7.615283302489488	2256528	80	1383359	86	1521695	0.1000000722878153		138336	0	0	0	True	64.56411743164062	6.722505569458008	deepcheck	4.744163945577078	5.237702367370553	4.744163945577078	5.237702367370553	medium	medium
G_r014_uneven_coverage_20pct	14	22	uneven_coverage	0.2	20.0	lognormal_sigma1.0	RS_GCF_040370075.1	Deinococcota	Bacteria	highly_fragmented	59.81995348606355	1.4848032020874546	59.81995348606355	13.74576340289152	2256528	80	1383359	100	1660031	0.2000001445756307		276672	0	0	0	True	64.743408203125	15.120586395263672	deepcheck	4.923454717061453	13.635783193176216	4.923454717061453	13.635783193176216	low	medium
G_r014_uneven_coverage_40pct	14	23	uneven_coverage	0.4	40.0	lognormal_sigma1.0	RS_GCF_040370075.1	Deinococcota	Bacteria	highly_fragmented	59.81995348606355	1.4848032020874546	59.81995348606355	26.00672360369559	2256528	80	1383359	118	1936703	0.4000002891512615		553344	0	0	0	True	65.01626586914062	27.26627349853516	deepcheck	5.196312383077078	25.781470296447704	5.196312383077078	25.781470296447704	low	medium
G_r015_none_control	15	0	none	0.0	0.0	control	RS_GCF_007752345.1	Planctomycetota	Bacteria	high	71.30081523787312	1.9999957806400808	71.30081523787312	1.9999957806400808	5214061	7	3821949	7	3821949	0.0		0	0	0	0	True	72.16645812988281	1.514843463897705	deepcheck	0.8656428920096886	-0.4851523167423757	0.8656428920096886	0.4851523167423757	medium	medium
G_r015_substitution_0p1pct	15	1	substitution	0.001	0.1	uniform	RS_GCF_007752345.1	Planctomycetota	Bacteria	high	71.30081523787312	1.9999957806400808	71.30081523787312	1.9999957806400808	5214061	7	3821949	7	3821949	0.0009756802092335	0.0089640838741259	0	3729	0	0	True	70.48145294189453	1.61571204662323	deepcheck	-0.8193622959785927	-0.3842837340168508	0.8193622959785927	0.3842837340168508	medium	medium
G_r015_substitution_0p5pct	15	2	substitution	0.005	0.5	uniform	RS_GCF_007752345.1	Planctomycetota	Bacteria	high	71.30081523787312	1.9999957806400808	71.30081523787312	1.9999957806400808	5214061	7	3821949	7	3821949	0.0050366972453059	0.0441104216424403	0	19250	0	0	True	70.02642059326172	2.0787484645843506	deepcheck	-1.2743946446114052	0.07875268394426982	1.2743946446114052	0.07875268394426982	medium	medium
G_r015_substitution_1pct	15	3	substitution	0.01	1.0	uniform	RS_GCF_007752345.1	Planctomycetota	Bacteria	high	71.30081523787312	1.9999957806400808	71.30081523787312	1.9999957806400808	5214061	7	3821949	7	3821949	0.009915621584694	0.0864827525163591	0	37897	0	0	True	66.68309783935547	1.8803577423095703	deepcheck	-4.617717398517655	-0.11963803833051045	4.617717398517655	0.11963803833051045	medium	medium
G_r015_substitution_2pct	15	4	substitution	0.02	2.0	uniform	RS_GCF_007752345.1	Planctomycetota	Bacteria	high	71.30081523787312	1.9999957806400808	71.30081523787312	1.9999957806400808	5214061	7	3821949	7	3821949	0.0199298839414131	0.1662522378698502	0	76171	0	0	True	61.92156600952149	4.598510265350342	deepcheck	-9.379249228351632	2.598514484710261	9.379249228351632	2.598514484710261	medium	medium
G_r015_substitution_5pct	15	5	substitution	0.05	5.0	uniform	RS_GCF_007752345.1	Planctomycetota	Bacteria	high	71.30081523787312	1.9999957806400808	71.30081523787312	1.9999957806400808	5214061	7	3821949	7	3821949	0.0500370360776661	0.3697505902753909	0	191239	0	0	True	36.702392578125	2.173586845397949	deepcheck	-34.598422659748124	0.17359106475786845	34.598422659748124	0.17359106475786845	low	medium
G_r015_substitution_titv_0p1pct	15	6	substitution_titv	0.001	0.1	titv_2	RS_GCF_007752345.1	Planctomycetota	Bacteria	high	71.30081523787312	1.9999957806400808	71.30081523787312	1.9999957806400808	5214061	7	3821949	7	3821949	0.0010047229829597	0.0089640838741259	0	3840	0	0	True	73.14572143554688	2.199040412902832	deepcheck	1.844906197673751	0.19904463226275126	1.844906197673751	0.19904463226275126	medium	medium
G_r015_substitution_titv_0p5pct	15	7	substitution_titv	0.005	0.5	titv_2	RS_GCF_007752345.1	Planctomycetota	Bacteria	high	71.30081523787312	1.9999957806400808	71.30081523787312	1.9999957806400808	5214061	7	3821949	7	3821949	0.0050039914190377	0.0441104216424403	0	19125	0	0	True	68.76170349121094	1.7911758422851562	deepcheck	-2.5391117466621864	-0.20881993835492452	2.5391117466621864	0.20881993835492452	medium	medium
G_r015_substitution_titv_1pct	15	8	substitution_titv	0.01	1.0	titv_2	RS_GCF_007752345.1	Planctomycetota	Bacteria	high	71.30081523787312	1.9999957806400808	71.30081523787312	1.9999957806400808	5214061	7	3821949	7	3821949	0.0098483784058866	0.0864827525163591	0	37640	0	0	True	67.50794219970703	4.298497676849365	deepcheck	-3.7928730381660927	2.2985018962092845	3.7928730381660927	2.2985018962092845	medium	medium
G_r015_substitution_titv_2pct	15	9	substitution_titv	0.02	2.0	titv_2	RS_GCF_007752345.1	Planctomycetota	Bacteria	high	71.30081523787312	1.9999957806400808	71.30081523787312	1.9999957806400808	5214061	7	3821949	7	3821949	0.0200345425854714	0.1662522378698502	0	76571	0	0	True	63.16432189941406	3.680402040481568	deepcheck	-8.136493338459061	1.680406259841487	8.136493338459061	1.680406259841487	medium	medium
G_r015_substitution_titv_5pct	15	10	substitution_titv	0.05	5.0	titv_2	RS_GCF_007752345.1	Planctomycetota	Bacteria	high	71.30081523787312	1.9999957806400808	71.30081523787312	1.9999957806400808	5214061	7	3821949	7	3821949	0.0500932900988474	0.3697505902753909	0	191454	0	0	True	40.43265151977539	2.001209259033203	deepcheck	-30.868163718097733	0.001213478393122358	30.868163718097733	0.001213478393122358	low	medium
G_r015_indel_0p1pct	15	11	indel	0.001	0.1	ins0.5_geom0.75	RS_GCF_007752345.1	Planctomycetota	Bacteria	high	71.30081523787312	1.9999957806400808	71.30061002609044	1.9999957806400808	5214061	7	3821949	7	3821938	0.0010041996897394		0	0	3838	0	True	58.02391815185547	3.7666871547698975	deepcheck	-13.276897086017655	1.7666913741298167	13.276897086017655	1.7666913741298167	medium	medium
G_r015_indel_0p5pct	15	12	indel	0.005	0.5	ins0.5_geom0.75	RS_GCF_007752345.1	Planctomycetota	Bacteria	high	71.30081523787312	1.9999957806400808	71.29641251235374	1.9999957806400808	5214061	7	3821949	7	3821713	0.0049995434266652		0	0	19108	0	True	29.065671920776367	3.6643238067626953	deepcheck	-42.23514331709676	1.6643280261226145	42.23514331709676	1.6643280261226145	low	medium
G_r015_indel_1pct	15	13	indel	0.01	1.0	ins0.5_geom0.75	RS_GCF_007752345.1	Planctomycetota	Bacteria	high	71.30081523787312	1.9999957806400808	71.30579628750736	1.9999957806400808	5214061	7	3821949	7	3822216	0.0099849579363827		0	0	38162	0	True	32.86685943603516	7.882956981658935	deepcheck	-38.43395580183796	5.882961201018854	38.43395580183796	5.882961201018854	low	medium
G_r015_indel_2pct	15	14	indel	0.02	2.0	ins0.5_geom0.75	RS_GCF_007752345.1	Planctomycetota	Bacteria	high	71.30081523787312	1.9999957806400808	71.29844597456396	1.9999957806400808	5214061	7	3821949	7	3821822	0.0199809050303915		0	0	76366	0	True	32.644996643066406	6.5142011642456055	deepcheck	-38.65581859480672	4.514205383605525	38.65581859480672	4.514205383605525	low	medium
G_r015_indel_5pct	15	15	indel	0.05	5.0	ins0.5_geom0.75	RS_GCF_007752345.1	Planctomycetota	Bacteria	high	71.30081523787312	1.9999957806400808	71.30447173872822	1.9999957806400808	5214061	7	3821949	7	3822145	0.0500325880852936		0	0	191222	0	True	59.811519622802734	21.064128875732425	deepcheck	-11.48929561507039	19.064133095092345	11.48929561507039	19.064133095092345	low	medium
G_r015_chimera_5pct	15	16	chimera	0.05	5.0	rc0.5	RS_GCF_007752345.1	Planctomycetota	Bacteria	high	71.30081523787312	1.9999957806400808	71.30081523787312	1.9999957806400808	5214061	7	3821949	6	3821949	0.2857142857142857		0	0	0	1	True	72.12855529785156	1.515275239944458	deepcheck	0.8277400599784386	-0.48472054069562276	0.8277400599784386	0.48472054069562276	medium	medium
G_r015_chimera_10pct	15	17	chimera	0.1	10.0	rc0.5	RS_GCF_007752345.1	Planctomycetota	Bacteria	high	71.30081523787312	1.9999957806400808	71.30081523787312	1.9999957806400808	5214061	7	3821949	6	3821949	0.2857142857142857		0	0	0	1	True	72.16588592529297	1.514914631843567	deepcheck	0.8650706874198448	-0.4850811487965139	0.8650706874198448	0.4850811487965139	medium	medium
G_r015_chimera_20pct	15	18	chimera	0.2	20.0	rc0.5	RS_GCF_007752345.1	Planctomycetota	Bacteria	high	71.30081523787312	1.9999957806400808	71.30081523787312	1.9999957806400808	5214061	7	3821949	6	3821949	0.2857142857142857		0	0	0	1	True	72.16673278808594	1.5147603750228882	deepcheck	0.8659175502128136	-0.4852354056171926	0.8659175502128136	0.4852354056171926	medium	medium
G_r015_chimera_40pct	15	19	chimera	0.4	40.0	rc0.5	RS_GCF_007752345.1	Planctomycetota	Bacteria	high	71.30081523787312	1.9999957806400808	71.30081523787312	1.9999957806400808	5214061	7	3821949	6	3821949	0.2857142857142857		0	0	0	1	True	72.16654205322266	1.514848709106445	deepcheck	0.8657268153495323	-0.4851470715336357	0.8657268153495323	0.4851470715336357	medium	medium
G_r015_uneven_coverage_5pct	15	20	uneven_coverage	0.05	5.0	lognormal_sigma1.0	RS_GCF_007752345.1	Planctomycetota	Bacteria	high	71.30081523787312	1.9999957806400808	71.30081523787312	5.665027701056816	5214061	7	3821949	8	4013046	0.0499998822590254		191097	0	0	0	True	72.85102844238281	4.523221492767334	deepcheck	1.5502132045096886	2.523225712127253	1.5502132045096886	2.523225712127253	medium	medium
G_r015_uneven_coverage_10pct	15	21	uneven_coverage	0.1	10.0	lognormal_sigma1.0	RS_GCF_007752345.1	Planctomycetota	Bacteria	high	71.30081523787312	1.9999957806400808	71.30081523787312	9.330078800382276	5214061	7	3821949	9	4204144	0.100000026164661		382195	0	0	0	True	72.12599182128906	8.109824180603027	deepcheck	0.8251765834159386	6.109828399962947	0.8251765834159386	6.109828399962947	medium	medium
G_r015_uneven_coverage_20pct	15	22	uneven_coverage	0.2	20.0	lognormal_sigma1.0	RS_GCF_007752345.1	Planctomycetota	Bacteria	high	71.30081523787312	1.9999957806400808	71.30081523787312	16.66016182012447	5214061	7	3821949	10	4586339	0.200000052329322		764390	0	0	0	True	72.52324676513672	12.657618522644045	deepcheck	1.2224315272635948	10.657622742003964	1.2224315272635948	10.657622742003964	low	medium
G_r015_uneven_coverage_40pct	15	23	uneven_coverage	0.4	40.0	lognormal_sigma1.0	RS_GCF_007752345.1	Planctomycetota	Bacteria	high	71.30081523787312	1.9999957806400808	71.30081523787312	31.32032785960885	5214061	7	3821949	11	5350729	0.400000104658644		1528780	0	0	0	True	71.31502532958984	25.13497734069824	deepcheck	0.01421009171671983	23.134981560058158	0.01421009171671983	23.134981560058158	low	medium
G_r016_none_control	16	0	none	0.0	0.0	control	RS_GCF_004684285.1	Chloroflexota	Bacteria	highly_fragmented	79.8641410952798	19.999957816527203	79.8641410952798	19.999957816527203	1422358	187	1420425	187	1420425	0.0		0	0	0	0	True	84.72674560546875	1.7728328704833984	deepcheck	4.862604510188945	-18.227124946043805	4.862604510188945	18.227124946043805	medium	low
G_r016_substitution_0p1pct	16	1	substitution	0.001	0.1	uniform	RS_GCF_004684285.1	Chloroflexota	Bacteria	highly_fragmented	79.8641410952798	19.999957816527203	79.8641410952798	19.999957816527203	1422358	187	1420425	187	1420425	0.0009828044423324	0.0089640838741259	0	1396	0	0	True	84.8910903930664	1.5664710998535156	deepcheck	5.026949297786601	-18.433486716673688	5.026949297786601	18.433486716673688	medium	low
G_r016_substitution_0p5pct	16	2	substitution	0.005	0.5	uniform	RS_GCF_004684285.1	Chloroflexota	Bacteria	highly_fragmented	79.8641410952798	19.999957816527203	79.8641410952798	19.999957816527203	1422358	187	1420425	187	1420425	0.004916838270236	0.0441104216424403	0	6984	0	0	True	80.50151062011719	2.795570373535156	deepcheck	0.6373695248373821	-17.204387442992047	0.6373695248373821	17.204387442992047	medium	low
G_r016_substitution_1pct	16	3	substitution	0.01	1.0	uniform	RS_GCF_004684285.1	Chloroflexota	Bacteria	highly_fragmented	79.8641410952798	19.999957816527203	79.8641410952798	19.999957816527203	1422358	187	1420425	187	1420425	0.0099878557473995	0.0864827525163591	0	14187	0	0	True	78.74433135986328	5.418293952941895	deepcheck	-1.1198097354165242	-14.581663863585309	1.1198097354165242	14.581663863585309	medium	low
G_r016_substitution_2pct	16	4	substitution	0.02	2.0	uniform	RS_GCF_004684285.1	Chloroflexota	Bacteria	highly_fragmented	79.8641410952798	19.999957816527203	79.8641410952798	19.999957816527203	1422358	187	1420425	187	1420425	0.0200334406955664	0.1662522378698502	0	28456	0	0	True	67.43492889404297	2.776899814605713	deepcheck	-12.429212201236837	-17.22305800192149	12.429212201236837	17.22305800192149	medium	low
G_r016_substitution_5pct	16	5	substitution	0.05	5.0	uniform	RS_GCF_004684285.1	Chloroflexota	Bacteria	highly_fragmented	79.8641410952798	19.999957816527203	79.8641410952798	19.999957816527203	1422358	187	1420425	187	1420425	0.0498315644965415	0.3697505902753909	0	70782	0	0	True	49.828609466552734	2.368478536605835	deepcheck	-30.03553162872707	-17.63147927992137	30.03553162872707	17.63147927992137	low	low
G_r016_substitution_titv_0p1pct	16	6	substitution_titv	0.001	0.1	titv_2	RS_GCF_004684285.1	Chloroflexota	Bacteria	highly_fragmented	79.8641410952798	19.999957816527203	79.8641410952798	19.999957816527203	1422358	187	1420425	187	1420425	0.0010165971452206	0.0089640838741259	0	1444	0	0	True	85.6807632446289	3.01322340965271	deepcheck	5.816622149349101	-16.986734406874493	5.816622149349101	16.986734406874493	medium	low
G_r016_substitution_titv_0p5pct	16	7	substitution_titv	0.005	0.5	titv_2	RS_GCF_004684285.1	Chloroflexota	Bacteria	highly_fragmented	79.8641410952798	19.999957816527203	79.8641410952798	19.999957816527203	1422358	187	1420425	187	1420425	0.0049696393684988	0.0441104216424403	0	7059	0	0	True	80.08634185791016	2.5101633071899414	deepcheck	0.22220076263035082	-17.489794509337262	0.22220076263035082	17.489794509337262	medium	low
G_r016_substitution_titv_1pct	16	8	substitution_titv	0.01	1.0	titv_2	RS_GCF_004684285.1	Chloroflexota	Bacteria	highly_fragmented	79.8641410952798	19.999957816527203	79.8641410952798	19.999957816527203	1422358	187	1420425	187	1420425	0.0099625112202333	0.0864827525163591	0	14151	0	0	True	79.54851531982422	4.949979305267334	deepcheck	-0.3156257754555867	-15.04997851125987	0.3156257754555867	15.04997851125987	medium	low
G_r016_substitution_titv_2pct	16	9	substitution_titv	0.02	2.0	titv_2	RS_GCF_004684285.1	Chloroflexota	Bacteria	highly_fragmented	79.8641410952798	19.999957816527203	79.8641410952798	19.999957816527203	1422358	187	1420425	187	1420425	0.0197546508967386	0.1662522378698502	0	28060	0	0	True	73.21309661865234	5.1424241065979	deepcheck	-6.651044476627462	-14.857533709929303	6.651044476627462	14.857533709929303	medium	low
G_r016_substitution_titv_5pct	16	10	substitution_titv	0.05	5.0	titv_2	RS_GCF_004684285.1	Chloroflexota	Bacteria	highly_fragmented	79.8641410952798	19.999957816527203	79.8641410952798	19.999957816527203	1422358	187	1420425	187	1420425	0.0497815794568527	0.3697505902753909	0	70711	0	0	True	63.31763458251953	1.8105708360672	deepcheck	-16.546506512760274	-18.189386980460004	16.546506512760274	18.189386980460004	medium	low
G_r016_indel_0p1pct	16	11	indel	0.001	0.1	ins0.5_geom0.75	RS_GCF_004684285.1	Chloroflexota	Bacteria	highly_fragmented	79.8641410952798	19.999957816527203	79.86161094666282	19.999957816527203	1422358	187	1420425	187	1420380	0.00100040480842		0	0	1421	0	True	68.57331848144531	2.0210890769958496	deepcheck	-11.290822613834493	-17.978868739531354	11.290822613834493	17.978868739531354	medium	low
G_r016_indel_0p5pct	16	12	indel	0.005	0.5	ins0.5_geom0.75	RS_GCF_004684285.1	Chloroflexota	Bacteria	highly_fragmented	79.8641410952798	19.999957816527203	79.87218134532935	19.999957816527203	1422358	187	1420425	187	1420568	0.0049872397345864		0	0	7084	0	True	29.62397003173828	0.9898450374603271	deepcheck	-50.240171063541524	-19.010112779066876	50.240171063541524	19.010112779066876	low	low
G_r016_indel_1pct	16	13	indel	0.01	1.0	ins0.5_geom0.75	RS_GCF_004684285.1	Chloroflexota	Bacteria	highly_fragmented	79.8641410952798	19.999957816527203	79.87555487681868	19.999957816527203	1422358	187	1420425	187	1420628	0.0100188323917137		0	0	14231	0	True	21.107982635498047	0.9137120246887208	deepcheck	-58.75615845978176	-19.086245791838483	58.75615845978176	19.086245791838483	low	low
G_r016_indel_2pct	16	14	indel	0.02	2.0	ins0.5_geom0.75	RS_GCF_004684285.1	Chloroflexota	Bacteria	highly_fragmented	79.8641410952798	19.999957816527203	79.87122551140737	19.999957816527203	1422358	187	1420425	187	1420551	0.0202615414400619		0	0	28780	0	True	15.917420387268066	0.7446709871292114	deepcheck	-63.94672070801174	-19.255286829397992	63.94672070801174	19.255286829397992	low	low
G_r016_indel_5pct	16	15	indel	0.05	5.0	ins0.5_geom0.75	RS_GCF_004684285.1	Chloroflexota	Bacteria	highly_fragmented	79.8641410952798	19.999957816527203	79.84794814413107	19.999957816527203	1422358	187	1420425	187	1420137	0.049982927644895		0	0	70997	0	True	39.79000854492188	15.145865440368652	deepcheck	-40.07413255035792	-4.854092376158551	40.07413255035792	4.854092376158551	low	low
G_r016_chimera_5pct	16	16	chimera	0.05	5.0	rc0.5	RS_GCF_004684285.1	Chloroflexota	Bacteria	highly_fragmented	79.8641410952798	19.999957816527203	79.8641410952798	19.999957816527203	1422358	187	1420425	182	1420425	0.053475935828877		0	0	0	5	True	84.26873016357422	1.5222303867340088	deepcheck	4.404589068294413	-18.477727429793195	4.404589068294413	18.477727429793195	medium	low
G_r016_chimera_10pct	16	17	chimera	0.1	10.0	rc0.5	RS_GCF_004684285.1	Chloroflexota	Bacteria	highly_fragmented	79.8641410952798	19.999957816527203	79.8641410952798	19.999957816527203	1422358	187	1420425	178	1420425	0.0962566844919786		0	0	0	9	True	84.69964599609375	1.713492751121521	deepcheck	4.835504900813945	-18.286465065405682	4.835504900813945	18.286465065405682	medium	low
G_r016_chimera_20pct	16	18	chimera	0.2	20.0	rc0.5	RS_GCF_004684285.1	Chloroflexota	Bacteria	highly_fragmented	79.8641410952798	19.999957816527203	79.8641410952798	19.999957816527203	1422358	187	1420425	169	1420425	0.1925133689839572		0	0	0	18	True	84.57667541503906	1.7433799505233765	deepcheck	4.712534319759257	-18.256577866003827	4.712534319759257	18.256577866003827	medium	low
G_r016_chimera_40pct	16	19	chimera	0.4	40.0	rc0.5	RS_GCF_004684285.1	Chloroflexota	Bacteria	highly_fragmented	79.8641410952798	19.999957816527203	79.8641410952798	19.999957816527203	1422358	187	1420425	150	1420425	0.3957219251336898		0	0	0	37	True	84.07510375976562	1.704851508140564	deepcheck	4.21096266448582	-18.29510630838664	4.21096266448582	18.29510630838664	medium	low
G_r016_uneven_coverage_5pct	16	20	uneven_coverage	0.05	5.0	lognormal_sigma1.0	RS_GCF_004684285.1	Chloroflexota	Bacteria	highly_fragmented	79.8641410952798	19.999957816527203	79.8641410952798	24.99314518567056	1422358	187	1420425	201	1491446	0.0499998239963391		71021	0	0	0	True	84.95828247070312	8.23263931274414	deepcheck	5.09414137542332	-11.767318503783063	5.09414137542332	11.767318503783063	medium	low
G_r016_uneven_coverage_10pct	16	21	uneven_coverage	0.1	10.0	lognormal_sigma1.0	RS_GCF_004684285.1	Chloroflexota	Bacteria	highly_fragmented	79.8641410952798	19.999957816527203	79.8641410952798	29.986332554813902	1422358	187	1420425	215	1562467	0.0999996479926782		142042	0	0	0	True	84.73961639404297	9.39357089996338	deepcheck	4.875475298763163	-10.606386916563823	4.875475298763163	10.606386916563823	medium	low
G_r016_uneven_coverage_20pct	16	22	uneven_coverage	0.2	20.0	lognormal_sigma1.0	RS_GCF_004684285.1	Chloroflexota	Bacteria	highly_fragmented	79.8641410952798	19.999957816527203	79.8641410952798	39.972777598888605	1422358	187	1420425	222	1704510	0.2		284085	0	0	0	True	83.76387023925781	15.189867973327637	deepcheck	3.899729143978007	-4.810089843199567	3.899729143978007	4.810089843199567	low	low
G_r016_uneven_coverage_40pct	16	23	uneven_coverage	0.4	40.0	lognormal_sigma1.0	RS_GCF_004684285.1	Chloroflexota	Bacteria	highly_fragmented	79.8641410952798	19.999957816527203	79.8641410952798	59.94559738125001	1422358	187	1420425	283	1988595	0.4		568170	0	0	0	True	80.8623275756836	30.393653869628903	deepcheck	0.9981864804037883	10.3936960531017	0.9981864804037883	10.3936960531017	low	low
G_r017_none_control	17	0	none	0.0	0.0	control	RS_GCF_019904315.1	Desulfobacterota	Bacteria	low	59.58685545582793	19.99997910430062	59.58685545582793	19.99997910430062	3828539	35	3047013	35	3047013	0.0		0	0	0	0	True	73.6249008178711	4.776599407196045	deepcheck	14.038045362043164	-15.223379697104576	14.038045362043164	15.223379697104576	medium	low
G_r017_substitution_0p1pct	17	1	substitution	0.001	0.1	uniform	RS_GCF_019904315.1	Desulfobacterota	Bacteria	low	59.58685545582793	19.99997910430062	59.58685545582793	19.99997910430062	3828539	35	3047013	35	3047013	0.0010141079148661	0.0089640838741259	0	3090	0	0	True	72.8231430053711	4.680935859680176	deepcheck	13.236287549543164	-15.319043244620445	13.236287549543164	15.319043244620445	medium	low
G_r017_substitution_0p5pct	17	2	substitution	0.005	0.5	uniform	RS_GCF_019904315.1	Desulfobacterota	Bacteria	low	59.58685545582793	19.99997910430062	59.58685545582793	19.99997910430062	3828539	35	3047013	35	3047013	0.0050400178798055	0.0441104216424403	0	15357	0	0	True	71.01599884033203	4.948037147521973	deepcheck	11.429143384504101	-15.051941956778649	11.429143384504101	15.051941956778649	medium	low
G_r017_substitution_1pct	17	3	substitution	0.01	1.0	uniform	RS_GCF_019904315.1	Desulfobacterota	Bacteria	low	59.58685545582793	19.99997910430062	59.58685545582793	19.99997910430062	3828539	35	3047013	35	3047013	0.0100587033924699	0.0864827525163591	0	30649	0	0	True	68.06416320800781	6.137588024139404	deepcheck	8.477307752179883	-13.862391080161217	8.477307752179883	13.862391080161217	medium	low
G_r017_substitution_2pct	17	4	substitution	0.02	2.0	uniform	RS_GCF_019904315.1	Desulfobacterota	Bacteria	low	59.58685545582793	19.99997910430062	59.58685545582793	19.99997910430062	3828539	35	3047013	35	3047013	0.0199155697727577	0.1662522378698502	0	60683	0	0	True	65.2520980834961	7.115087032318115	deepcheck	5.665242627668164	-12.884892071982506	5.665242627668164	12.884892071982506	medium	low
G_r017_substitution_5pct	17	5	substitution	0.05	5.0	uniform	RS_GCF_019904315.1	Desulfobacterota	Bacteria	low	59.58685545582793	19.99997910430062	59.58685545582793	19.99997910430062	3828539	35	3047013	35	3047013	0.0499649985083752	0.3697505902753909	0	152244	0	0	True	49.7966194152832	4.959110260009766	deepcheck	-9.790236040544727	-15.040868844290856	9.790236040544727	15.040868844290856	low	low
G_r017_substitution_titv_0p1pct	17	6	substitution_titv	0.001	0.1	titv_2	RS_GCF_019904315.1	Desulfobacterota	Bacteria	low	59.58685545582793	19.99997910430062	59.58685545582793	19.99997910430062	3828539	35	3047013	35	3047013	0.0010147642953935	0.0089640838741259	0	3092	0	0	True	73.31489562988281	4.834155082702637	deepcheck	13.728040174054883	-15.165824021597984	13.728040174054883	15.165824021597984	medium	low
G_r017_substitution_titv_0p5pct	17	7	substitution_titv	0.005	0.5	titv_2	RS_GCF_019904315.1	Desulfobacterota	Bacteria	low	59.58685545582793	19.99997910430062	59.58685545582793	19.99997910430062	3828539	35	3047013	35	3047013	0.0049208848140785	0.0441104216424403	0	14994	0	0	True	70.87906646728516	5.034780502319336	deepcheck	11.292211011457226	-14.965198601981285	11.292211011457226	14.965198601981285	medium	low
G_r017_substitution_titv_1pct	17	8	substitution_titv	0.01	1.0	titv_2	RS_GCF_019904315.1	Desulfobacterota	Bacteria	low	59.58685545582793	19.99997910430062	59.58685545582793	19.99997910430062	3828539	35	3047013	35	3047013	0.0100078339015947	0.0864827525163591	0	30494	0	0	True	71.44427490234375	4.948504447937012	deepcheck	11.85741944651582	-15.05147465636361	11.85741944651582	15.05147465636361	medium	low
G_r017_substitution_titv_2pct	17	9	substitution_titv	0.02	2.0	titv_2	RS_GCF_019904315.1	Desulfobacterota	Bacteria	low	59.58685545582793	19.99997910430062	59.58685545582793	19.99997910430062	3828539	35	3047013	35	3047013	0.0199260718611965	0.1662522378698502	0	60715	0	0	True	67.33512878417969	4.875823974609375	deepcheck	7.7482733283517575	-15.124155129691246	7.7482733283517575	15.124155129691246	medium	low
G_r017_substitution_titv_5pct	17	10	substitution_titv	0.05	5.0	titv_2	RS_GCF_019904315.1	Desulfobacterota	Bacteria	low	59.58685545582793	19.99997910430062	59.58685545582793	19.99997910430062	3828539	35	3047013	35	3047013	0.0499134726369726	0.3697505902753909	0	152087	0	0	True	54.27896881103516	8.03659439086914	deepcheck	-5.307886644792767	-11.96338471343148	5.307886644792767	11.96338471343148	medium	low
G_r017_indel_0p1pct	17	11	indel	0.001	0.1	ins0.5_geom0.75	RS_GCF_019904315.1	Desulfobacterota	Bacteria	low	59.58685545582793	19.99997910430062	59.5871096815634	19.99997910430062	3828539	35	3047013	35	3047026	0.0009826016495499		0	0	2994	0	True	59.14443588256836	7.912459850311279	deepcheck	-0.4424195732595706	-12.087519253989342	0.4424195732595706	12.087519253989342	medium	low
G_r017_indel_0p5pct	17	12	indel	0.005	0.5	ins0.5_geom0.75	RS_GCF_019904315.1	Desulfobacterota	Bacteria	low	59.58685545582793	19.99997910430062	59.58883059423431	19.99997910430062	3828539	35	3047013	35	3047114	0.0050081834242256		0	0	15260	0	True	32.722389221191406	3.054506778717041	deepcheck	-26.864466234636524	-16.94547232558358	26.864466234636524	16.94547232558358	low	low
G_r017_indel_1pct	17	13	indel	0.01	1.0	ins0.5_geom0.75	RS_GCF_019904315.1	Desulfobacterota	Bacteria	low	59.58685545582793	19.99997910430062	59.586053666969896	19.99997910430062	3828539	35	3047013	35	3046972	0.0100242434147803		0	0	30544	0	True	19.838180541992188	0.4932150244712829	deepcheck	-39.74867491383574	-19.50676407982934	39.74867491383574	19.50676407982934	low	low
G_r017_indel_2pct	17	14	indel	0.02	2.0	ins0.5_geom0.75	RS_GCF_019904315.1	Desulfobacterota	Bacteria	low	59.58685545582793	19.99997910430062	59.58294429066678	19.99997910430062	3828539	35	3047013	35	3046813	0.0200950898470075		0	0	61230	0	True	12.667848587036133	1.1160566806793213	deepcheck	-46.9190068687918	-18.8839224236213	46.9190068687918	18.8839224236213	low	low
G_r017_indel_5pct	17	15	indel	0.05	5.0	ins0.5_geom0.75	RS_GCF_019904315.1	Desulfobacterota	Bacteria	low	59.58685545582793	19.99997910430062	59.58971060639556	19.99997910430062	3828539	35	3047013	35	3047159	0.0498478345842305		0	0	151887	0	True	46.78104019165039	24.390256881713867	deepcheck	-12.80581526417754	4.390277777413246	12.80581526417754	4.390277777413246	low	low
G_r017_chimera_5pct	17	16	chimera	0.05	5.0	rc0.5	RS_GCF_019904315.1	Desulfobacterota	Bacteria	low	59.58685545582793	19.99997910430062	59.58685545582793	19.99997910430062	3828539	35	3047013	34	3047013	0.0571428571428571		0	0	0	1	True	73.66619873046875	4.7771077156066895	deepcheck	14.07934327464082	-15.222871388693932	14.07934327464082	15.222871388693932	medium	low
G_r017_chimera_10pct	17	17	chimera	0.1	10.0	rc0.5	RS_GCF_019904315.1	Desulfobacterota	Bacteria	low	59.58685545582793	19.99997910430062	59.58685545582793	19.99997910430062	3828539	35	3047013	34	3047013	0.0571428571428571		0	0	0	1	True	73.62537384033203	4.776610851287842	deepcheck	14.038518384504101	-15.22336825301278	14.038518384504101	15.22336825301278	medium	low
G_r017_chimera_20pct	17	18	chimera	0.2	20.0	rc0.5	RS_GCF_019904315.1	Desulfobacterota	Bacteria	low	59.58685545582793	19.99997910430062	59.58685545582793	19.99997910430062	3828539	35	3047013	31	3047013	0.2285714285714285		0	0	0	4	True	73.62474060058594	4.776594638824463	deepcheck	14.037885144758008	-15.223384465476158	14.037885144758008	15.223384465476158	medium	low
G_r017_chimera_40pct	17	19	chimera	0.4	40.0	rc0.5	RS_GCF_019904315.1	Desulfobacterota	Bacteria	low	59.58685545582793	19.99997910430062	59.58685545582793	19.99997910430062	3828539	35	3047013	28	3047013	0.4		0	0	0	7	True	73.71057891845703	4.771183967590332	deepcheck	14.123723462629101	-15.22879513671029	14.123723462629101	15.22879513671029	medium	low
G_r017_uneven_coverage_5pct	17	20	uneven_coverage	0.05	5.0	lognormal_sigma1.0	RS_GCF_019904315.1	Desulfobacterota	Bacteria	low	59.58685545582793	19.99997910430062	59.58685545582793	23.979329974175528	3828539	35	3047013	38	3199364	0.0500001148665922		152351	0	0	0	True	73.45128631591797	7.588315010070801	deepcheck	13.864430860090039	-12.41166409422982	13.864430860090039	12.41166409422982	medium	low
G_r017_uneven_coverage_10pct	17	21	uneven_coverage	0.1	10.0	lognormal_sigma1.0	RS_GCF_019904315.1	Desulfobacterota	Bacteria	low	59.58685545582793	19.99997910430062	59.58685545582793	27.95865472442621	3828539	35	3047013	40	3351714	0.0999999015429208		304701	0	0	0	True	73.31466674804688	10.939435958862305	deepcheck	13.727811292218945	-9.060543145438317	13.727811292218945	9.060543145438317	low	low
G_r017_uneven_coverage_20pct	17	22	uneven_coverage	0.2	20.0	lognormal_sigma1.0	RS_GCF_019904315.1	Desulfobacterota	Bacteria	low	59.58685545582793	19.99997910430062	59.58685545582793	35.917356464176024	3828539	35	3047013	45	3656416	0.2000001312761055		609403	0	0	0	True	73.62967681884766	24.311620712280277	deepcheck	14.042821363019726	4.311641607979656	14.042821363019726	4.311641607979656	low	low
G_r017_uneven_coverage_40pct	17	23	uneven_coverage	0.4	40.0	lognormal_sigma1.0	RS_GCF_019904315.1	Desulfobacterota	Bacteria	low	59.58685545582793	19.99997910430062	59.58685545582793	51.8347077044272	3828539	35	3047013	55	4265818	0.3999999343619472		1218805	0	0	0	True	73.90062713623047	30.65862274169922	deepcheck	14.313771680402539	10.658643637398598	14.313771680402539	10.658643637398598	low	low
G_r018_none_control	18	0	none	0.0	0.0	control	RS_GCF_000265525.1	Methanobacteriota_B	Archaea	high	90.43681706474808	19.99996923570729	90.43681706474808	19.99996923570729	1950313	11	2153863	11	2153863	0.0		0	0	0	0	True	98.40544128417967	4.827260971069336	deepcheck	7.9686242194315895	-15.172708264637954	7.9686242194315895	15.172708264637954	high	low
G_r018_substitution_0p1pct	18	1	substitution	0.001	0.1	uniform	RS_GCF_000265525.1	Methanobacteriota_B	Archaea	high	90.43681706474808	19.99996923570729	90.43681706474808	19.99996923570729	1950313	11	2153863	11	2153863	0.0009935636574842	0.0089640838741259	0	2140	0	0	True	97.6979522705078	5.006018161773682	deepcheck	7.2611352057597145	-14.993951073933609	7.2611352057597145	14.993951073933609	medium	low
G_r018_substitution_0p5pct	18	2	substitution	0.005	0.5	uniform	RS_GCF_000265525.1	Methanobacteriota_B	Archaea	high	90.43681706474808	19.99996923570729	90.43681706474808	19.99996923570729	1950313	11	2153863	11	2153863	0.0049933538019827	0.0441104216424403	0	10755	0	0	True	90.01453399658203	8.589192390441895	deepcheck	-0.42228306816605254	-11.410776845265396	0.42228306816605254	11.410776845265396	medium	low
G_r018_substitution_1pct	18	3	substitution	0.01	1.0	uniform	RS_GCF_000265525.1	Methanobacteriota_B	Archaea	high	90.43681706474808	19.99996923570729	90.43681706474808	19.99996923570729	1950313	11	2153863	11	2153863	0.0101171708692707	0.0864827525163591	0	21791	0	0	True	87.65499877929688	8.502453804016113	deepcheck	-2.781818285451209	-11.497515431691177	2.781818285451209	11.497515431691177	medium	low
G_r018_substitution_2pct	18	4	substitution	0.02	2.0	uniform	RS_GCF_000265525.1	Methanobacteriota_B	Archaea	high	90.43681706474808	19.99996923570729	90.43681706474808	19.99996923570729	1950313	11	2153863	11	2153863	0.0197431312947945	0.1662522378698502	0	42524	0	0	True	76.17681884765625	5.778800487518311	deepcheck	-14.259998217091834	-14.22116874818898	14.259998217091834	14.22116874818898	medium	low
G_r018_substitution_5pct	18	5	substitution	0.05	5.0	uniform	RS_GCF_000265525.1	Methanobacteriota_B	Archaea	high	90.43681706474808	19.99996923570729	90.43681706474808	19.99996923570729	1950313	11	2153863	11	2153863	0.0499739305610431	0.3697505902753909	0	107637	0	0	True	52.56283187866211	3.795753479003906	deepcheck	-37.873985186085974	-16.204215756703384	37.873985186085974	16.204215756703384	medium	low
G_r018_substitution_titv_0p1pct	18	6	substitution_titv	0.001	0.1	titv_2	RS_GCF_000265525.1	Methanobacteriota_B	Archaea	high	90.43681706474808	19.99996923570729	90.43681706474808	19.99996923570729	1950313	11	2153863	11	2153863	0.0009527068341858	0.0089640838741259	0	2052	0	0	True	97.39981079101562	4.957538604736328	deepcheck	6.962993726267541	-15.042430630970962	6.962993726267541	15.042430630970962	high	low
G_r018_substitution_titv_0p5pct	18	7	substitution_titv	0.005	0.5	titv_2	RS_GCF_000265525.1	Methanobacteriota_B	Archaea	high	90.43681706474808	19.99996923570729	90.43681706474808	19.99996923570729	1950313	11	2153863	11	2153863	0.0050263178298712	0.0441104216424403	0	10826	0	0	True	92.87980651855467	7.112508296966553	deepcheck	2.4429894538065895	-12.887460938740738	2.4429894538065895	12.887460938740738	medium	low
G_r018_substitution_titv_1pct	18	8	substitution_titv	0.01	1.0	titv_2	RS_GCF_000265525.1	Methanobacteriota_B	Archaea	high	90.43681706474808	19.99996923570729	90.43681706474808	19.99996923570729	1950313	11	2153863	11	2153863	0.0099797433727214	0.0864827525163591	0	21495	0	0	True	89.88917541503906	4.257957458496094	deepcheck	-0.5476416497090213	-15.742011777211196	0.5476416497090213	15.742011777211196	medium	low
G_r018_substitution_titv_2pct	18	9	substitution_titv	0.02	2.0	titv_2	RS_GCF_000265525.1	Methanobacteriota_B	Archaea	high	90.43681706474808	19.99996923570729	90.43681706474808	19.99996923570729	1950313	11	2153863	11	2153863	0.019922344178808	0.1662522378698502	0	42910	0	0	True	82.28270721435547	5.075254917144775	deepcheck	-8.154109850392615	-14.924714318562515	8.154109850392615	14.924714318562515	medium	low
G_r018_substitution_titv_5pct	18	10	substitution_titv	0.05	5.0	titv_2	RS_GCF_000265525.1	Methanobacteriota_B	Archaea	high	90.43681706474808	19.99996923570729	90.43681706474808	19.99996923570729	1950313	11	2153863	11	2153863	0.0497269324929208	0.3697505902753909	0	107105	0	0	True	61.98701858520508	8.35036563873291	deepcheck	-28.449798479543006	-11.64960359697438	28.449798479543006	11.64960359697438	medium	low
G_r018_indel_0p1pct	18	11	indel	0.001	0.1	ins0.5_geom0.75	RS_GCF_000265525.1	Methanobacteriota_B	Archaea	high	90.43681706474808	19.99996923570729	90.43820267514351	19.99996923570729	1950313	11	2153863	11	2153896	0.0009824208874937		0	0	2116	0	True	71.76872253417969	8.078023910522461	deepcheck	-18.668094530568396	-11.92194532518483	18.668094530568396	11.92194532518483	medium	low
G_r018_indel_0p5pct	18	12	indel	0.005	0.5	ins0.5_geom0.75	RS_GCF_000265525.1	Methanobacteriota_B	Archaea	high	90.43681706474808	19.99996923570729	90.43190444607336	19.99996923570729	1950313	11	2153863	11	2153746	0.0049278900282887		0	0	10614	0	True	31.370655059814453	3.502382040023804	deepcheck	-59.06616200493363	-16.497587195683487	59.06616200493363	16.497587195683487	low	low
G_r018_indel_1pct	18	13	indel	0.01	1.0	ins0.5_geom0.75	RS_GCF_000265525.1	Methanobacteriota_B	Archaea	high	90.43681706474808	19.99996923570729	90.43627121822868	19.99996923570729	1950313	11	2153863	11	2153850	0.0101287779213441		0	0	21816	0	True	23.121131896972656	4.808869361877441	deepcheck	-67.31568516777543	-15.191099873829849	67.31568516777543	15.191099873829849	low	low
G_r018_indel_2pct	18	14	indel	0.02	2.0	ins0.5_geom0.75	RS_GCF_000265525.1	Methanobacteriota_B	Archaea	high	90.43681706474808	19.99996923570729	90.43828665153109	19.99996923570729	1950313	11	2153863	11	2153898	0.0200295933399663		0	0	43141	0	True	33.03398513793945	11.365178108215332	deepcheck	-57.40283192680863	-8.634791127491958	57.40283192680863	8.634791127491958	low	low
G_r018_indel_5pct	18	15	indel	0.05	5.0	ins0.5_geom0.75	RS_GCF_000265525.1	Methanobacteriota_B	Archaea	high	90.43681706474808	19.99996923570729	90.3999514305908	19.99996923570729	1950313	11	2153863	11	2152985	0.049952109303145		0	0	107590	0	True	50.00841522216797	19.55132102966309	deepcheck	-40.428401842580115	-0.44864820604420075	40.428401842580115	0.44864820604420075	low	low
G_r018_chimera_5pct	18	16	chimera	0.05	5.0	rc0.5	RS_GCF_000265525.1	Methanobacteriota_B	Archaea	high	90.43681706474808	19.99996923570729	90.43681706474808	19.99996923570729	1950313	11	2153863	10	2153863	0.1818181818181818		0	0	0	1	True	98.4286880493164	4.801709175109863	deepcheck	7.9918709845683225	-15.198260060597427	7.9918709845683225	15.198260060597427	high	low
G_r018_chimera_10pct	18	17	chimera	0.1	10.0	rc0.5	RS_GCF_000265525.1	Methanobacteriota_B	Archaea	high	90.43681706474808	19.99996923570729	90.43681706474808	19.99996923570729	1950313	11	2153863	10	2153863	0.1818181818181818		0	0	0	1	True	98.4287109375	4.801721096038818	deepcheck	7.991893872751916	-15.198248139668472	7.991893872751916	15.198248139668472	high	low
G_r018_chimera_20pct	18	18	chimera	0.2	20.0	rc0.5	RS_GCF_000265525.1	Methanobacteriota_B	Archaea	high	90.43681706474808	19.99996923570729	90.43681706474808	19.99996923570729	1950313	11	2153863	10	2153863	0.1818181818181818		0	0	0	1	True	98.4281005859375	4.801556587219238	deepcheck	7.991283521189416	-15.198412648488052	7.991283521189416	15.198412648488052	high	low
G_r018_chimera_40pct	18	19	chimera	0.4	40.0	rc0.5	RS_GCF_000265525.1	Methanobacteriota_B	Archaea	high	90.43681706474808	19.99996923570729	90.43681706474808	19.99996923570729	1950313	11	2153863	9	2153863	0.3636363636363636		0	0	0	2	True	98.38507080078124	4.831366062164307	deepcheck	7.948253736033152	-15.168603173542984	7.948253736033152	15.168603173542984	high	low
G_r018_uneven_coverage_5pct	18	20	uneven_coverage	0.05	5.0	lognormal_sigma1.0	RS_GCF_000265525.1	Methanobacteriota_B	Archaea	high	90.43681706474808	19.99996923570729	90.43681706474808	25.521800859656885	1950313	11	2153863	12	2261556	0.0499999303576875		107693	0	0	0	True	96.41798400878906	9.346756935119627	deepcheck	5.981166944040979	-10.653212300587663	5.981166944040979	10.653212300587663	medium	low
G_r018_uneven_coverage_10pct	18	21	uneven_coverage	0.1	10.0	lognormal_sigma1.0	RS_GCF_000265525.1	Methanobacteriota_B	Archaea	high	90.43681706474808	19.99996923570729	90.43681706474808	31.04363248360648	1950313	11	2153863	12	2369249	0.0999998607153751		215386	0	0	0	True	99.1844482421875	18.5603141784668	deepcheck	8.747631177439416	-1.4396550572404898	8.747631177439416	1.4396550572404898	low	low
G_r018_uneven_coverage_20pct	18	22	uneven_coverage	0.2	20.0	lognormal_sigma1.0	RS_GCF_000265525.1	Methanobacteriota_B	Archaea	high	90.43681706474808	19.99996923570729	90.43681706474808	42.08734700532684	1950313	11	2153863	14	2584636	0.2000001857128331		430773	0	0	0	True	94.44708251953124	34.61556625366211	deepcheck	4.010265454783152	14.61559701795482	4.010265454783152	14.61559701795482	low	low
G_r018_uneven_coverage_40pct	18	23	uneven_coverage	0.4	40.0	lognormal_sigma1.0	RS_GCF_000265525.1	Methanobacteriota_B	Archaea	high	90.43681706474808	19.99996923570729	90.43681706474808	64.1746735011252	1950313	11	2153863	21	3015408	0.3999999071435834		861545	0	0	0	True	98.77009582519533	32.43259048461914	deepcheck	8.333278760447243	12.43262124891185	8.333278760447243	12.43262124891185	low	low
G_r019_none_control	19	0	none	0.0	0.0	control	GB_GCA_963693065.1	Acidobacteriota	Bacteria	medium	60.42513826454015	3.725765070955819	60.42513826454015	3.725765070955819	3720766	7	2386905	7	2386905	0.0		0	0	0	0	True	69.38970947265625	0.0268466770648956	deepcheck	8.964571208116098	-3.6989183938909234	8.964571208116098	3.6989183938909234	medium	medium
G_r019_substitution_0p1pct	19	1	substitution	0.001	0.1	uniform	GB_GCA_963693065.1	Acidobacteriota	Bacteria	medium	60.42513826454015	3.725765070955819	60.42513826454015	3.725765070955819	3720766	7	2386905	7	2386905	0.0009979450376114	0.0089640838741259	0	2382	0	0	True	68.17342376708984	0.1232892274856567	deepcheck	7.748285502549692	-3.6024758434701623	7.748285502549692	3.6024758434701623	medium	medium
G_r019_substitution_0p5pct	19	2	substitution	0.005	0.5	uniform	GB_GCA_963693065.1	Acidobacteriota	Bacteria	medium	60.42513826454015	3.725765070955819	60.42513826454015	3.725765070955819	3720766	7	2386905	7	2386905	0.0049562089819242	0.0441104216424403	0	11830	0	0	True	65.05872344970703	0.3556989133358001	deepcheck	4.633585185166879	-3.370066157620019	4.633585185166879	3.370066157620019	medium	medium
G_r019_substitution_1pct	19	3	substitution	0.01	1.0	uniform	GB_GCA_963693065.1	Acidobacteriota	Bacteria	medium	60.42513826454015	3.725765070955819	60.42513826454015	3.725765070955819	3720766	7	2386905	7	2386905	0.0099610164627415	0.0864827525163591	0	23776	0	0	True	62.34499740600586	1.1689759492874146	deepcheck	1.9198591414657074	-2.5567891216684044	1.9198591414657074	2.5567891216684044	medium	medium
G_r019_substitution_2pct	19	4	substitution	0.02	2.0	uniform	GB_GCA_963693065.1	Acidobacteriota	Bacteria	medium	60.42513826454015	3.725765070955819	60.42513826454015	3.725765070955819	3720766	7	2386905	7	2386905	0.0200049855356622	0.1662522378698502	0	47750	0	0	True	56.8748664855957	2.2250876426696777	deepcheck	-3.550271778944449	-1.5006774282861413	3.550271778944449	1.5006774282861413	medium	medium
G_r019_substitution_5pct	19	5	substitution	0.05	5.0	uniform	GB_GCA_963693065.1	Acidobacteriota	Bacteria	medium	60.42513826454015	3.725765070955819	60.42513826454015	3.725765070955819	3720766	7	2386905	7	2386905	0.0499173616042532	0.3697505902753909	0	119148	0	0	True	41.86738586425781	2.7595534324646	deepcheck	-18.55775240028234	-0.9662116384912189	18.55775240028234	0.9662116384912189	low	medium
G_r019_substitution_titv_0p1pct	19	6	substitution_titv	0.001	0.1	titv_2	GB_GCA_963693065.1	Acidobacteriota	Bacteria	medium	60.42513826454015	3.725765070955819	60.42513826454015	3.725765070955819	3720766	7	2386905	7	2386905	0.000972388930435	0.0089640838741259	0	2321	0	0	True	68.29800415039062	0.1796741038560867	deepcheck	7.872865885850473	-3.5460909670997323	7.872865885850473	3.5460909670997323	medium	medium
G_r019_substitution_titv_0p5pct	19	7	substitution_titv	0.005	0.5	titv_2	GB_GCA_963693065.1	Acidobacteriota	Bacteria	medium	60.42513826454015	3.725765070955819	60.42513826454015	3.725765070955819	3720766	7	2386905	7	2386905	0.0049507625984276	0.0441104216424403	0	11817	0	0	True	66.23723602294922	0.1677516847848892	deepcheck	5.812097758409067	-3.5580133861709298	5.812097758409067	3.5580133861709298	medium	medium
G_r019_substitution_titv_1pct	19	8	substitution_titv	0.01	1.0	titv_2	GB_GCA_963693065.1	Acidobacteriota	Bacteria	medium	60.42513826454015	3.725765070955819	60.42513826454015	3.725765070955819	3720766	7	2386905	7	2386905	0.0099605975101648	0.0864827525163591	0	23775	0	0	True	64.74488067626953	1.7780184745788574	deepcheck	4.319742411729379	-1.9477465963769616	4.319742411729379	1.9477465963769616	medium	medium
G_r019_substitution_titv_2pct	19	9	substitution_titv	0.02	2.0	titv_2	GB_GCA_963693065.1	Acidobacteriota	Bacteria	medium	60.42513826454015	3.725765070955819	60.42513826454015	3.725765070955819	3720766	7	2386905	7	2386905	0.0199764967604492	0.1662522378698502	0	47682	0	0	True	59.25577163696289	0.9153239727020264	deepcheck	-1.1693666275772614	-2.8104410982537926	1.1693666275772614	2.8104410982537926	medium	medium
G_r019_substitution_titv_5pct	19	10	substitution_titv	0.05	5.0	titv_2	GB_GCA_963693065.1	Acidobacteriota	Bacteria	medium	60.42513826454015	3.725765070955819	60.42513826454015	3.725765070955819	3720766	7	2386905	7	2386905	0.0499571620990362	0.3697505902753909	0	119243	0	0	True	49.76991271972656	0.6562269926071167	deepcheck	-10.65522554481359	-3.0695380783487023	10.65522554481359	3.0695380783487023	low	medium
G_r019_indel_0p1pct	19	11	indel	0.001	0.1	ins0.5_geom0.75	GB_GCA_963693065.1	Acidobacteriota	Bacteria	medium	60.42513826454015	3.725765070955819	60.42306241261572	3.725765070955819	3720766	7	2386905	7	2386823	0.0009837006500049		0	0	2348	0	True	49.450714111328125	2.164618968963623	deepcheck	-10.974424153212027	-1.561146101992196	10.974424153212027	1.561146101992196	low	medium
G_r019_indel_0p5pct	19	12	indel	0.005	0.5	ins0.5_geom0.75	GB_GCA_963693065.1	Acidobacteriota	Bacteria	medium	60.42513826454015	3.725765070955819	60.425695200422325	3.725765070955819	3720766	7	2386905	7	2386927	0.0049758997530274		0	0	11877	0	True	18.60707092285156	2.0474274158477783	deepcheck	-41.81806734168859	-1.6783376551080407	41.81806734168859	1.6783376551080407	low	medium
G_r019_indel_1pct	19	13	indel	0.01	1.0	ins0.5_geom0.75	GB_GCA_963693065.1	Acidobacteriota	Bacteria	medium	60.42513826454015	3.725765070955819	60.431188613441854	3.725765070955819	3720766	7	2386905	7	2387144	0.0098474803144658		0	0	23505	0	True	39.50392150878906	4.48375415802002	deepcheck	-20.92121675575109	0.7579890870642014	20.92121675575109	0.7579890870642014	low	medium
G_r019_indel_2pct	19	14	indel	0.02	2.0	ins0.5_geom0.75	GB_GCA_963693065.1	Acidobacteriota	Bacteria	medium	60.42513826454015	3.725765070955819	60.42620150576974	3.725765070955819	3720766	7	2386905	7	2386947	0.0199547112264627		0	0	47630	0	True	31.706615447998047	6.368239879608154	deepcheck	-28.718522816542105	2.6424748086523353	28.718522816542105	2.6424748086523353	low	medium
G_r019_indel_5pct	19	15	indel	0.05	5.0	ins0.5_geom0.75	GB_GCA_963693065.1	Acidobacteriota	Bacteria	medium	60.42513826454015	3.725765070955819	60.44539047843708	3.725765070955819	3720766	7	2386905	7	2387705	0.0498314763260372		0	0	118943	0	True	64.67330932617188	14.422514915466309	deepcheck	4.248171061631723	10.696749844510489	4.248171061631723	10.696749844510489	low	medium
G_r019_chimera_5pct	19	16	chimera	0.05	5.0	rc0.5	GB_GCA_963693065.1	Acidobacteriota	Bacteria	medium	60.42513826454015	3.725765070955819	60.42513826454015	3.725765070955819	3720766	7	2386905	6	2386905	0.2857142857142857		0	0	0	1	True	69.45669555664062	0.0331595540046691	deepcheck	9.031557292100473	-3.69260551695115	9.031557292100473	3.69260551695115	medium	medium
G_r019_chimera_10pct	19	17	chimera	0.1	10.0	rc0.5	GB_GCA_963693065.1	Acidobacteriota	Bacteria	medium	60.42513826454015	3.725765070955819	60.42513826454015	3.725765070955819	3720766	7	2386905	6	2386905	0.2857142857142857		0	0	0	1	True	69.33671569824219	0.029931217432022	deepcheck	8.911577433702035	-3.695833853523797	8.911577433702035	3.695833853523797	medium	medium
G_r019_chimera_20pct	19	18	chimera	0.2	20.0	rc0.5	GB_GCA_963693065.1	Acidobacteriota	Bacteria	medium	60.42513826454015	3.725765070955819	60.42513826454015	3.725765070955819	3720766	7	2386905	7	2386905	0.0		0	0	0	0	True	69.38970947265625	0.0268466770648956	deepcheck	8.964571208116098	-3.6989183938909234	8.964571208116098	3.6989183938909234	medium	medium
G_r019_chimera_40pct	19	19	chimera	0.4	40.0	rc0.5	GB_GCA_963693065.1	Acidobacteriota	Bacteria	medium	60.42513826454015	3.725765070955819	60.42513826454015	3.725765070955819	3720766	7	2386905	6	2386905	0.2857142857142857		0	0	0	1	True	69.3900146484375	0.0269107520580291	deepcheck	8.964876383897348	-3.69885431889779	8.964876383897348	3.69885431889779	medium	medium
G_r019_uneven_coverage_5pct	19	20	uneven_coverage	0.05	5.0	lognormal_sigma1.0	GB_GCA_963693065.1	Acidobacteriota	Bacteria	medium	60.42513826454015	3.725765070955819	60.42513826454015	6.933303518684056	3720766	7	2386905	8	2506250	0.0499998952618558		119345	0	0	0	True	68.94243621826172	2.210090398788452	deepcheck	8.517297953721567	-1.5156746721673668	8.517297953721567	1.5156746721673668	medium	medium
G_r019_uneven_coverage_10pct	19	21	uneven_coverage	0.1	10.0	lognormal_sigma1.0	GB_GCA_963693065.1	Acidobacteriota	Bacteria	medium	60.42513826454015	3.725765070955819	60.42513826454015	10.140841966412292	3720766	7	2386905	8	2625595	0.0999997905237116		238690	0	0	0	True	69.68923950195312	4.996396541595459	deepcheck	9.264101237412973	1.27063147063964	9.264101237412973	1.27063147063964	medium	medium
G_r019_uneven_coverage_20pct	19	22	uneven_coverage	0.2	20.0	lognormal_sigma1.0	GB_GCA_963693065.1	Acidobacteriota	Bacteria	medium	60.42513826454015	3.725765070955819	60.42513826454015	16.555945738055012	3720766	7	2386905	9	2864286	0.2		477381	0	0	0	True	67.66641998291016	11.417881965637209	deepcheck	7.241281718370004	7.69211689468139	7.241281718370004	7.69211689468139	low	medium
G_r019_uneven_coverage_40pct	19	23	uneven_coverage	0.4	40.0	lognormal_sigma1.0	GB_GCA_963693065.1	Acidobacteriota	Bacteria	medium	60.42513826454015	3.725765070955819	60.42513826454015	29.386126405154208	3720766	7	2386905	10	3341667	0.4		954762	0	0	0	True	71.29039764404297	26.972129821777344	deepcheck	10.865259379502817	23.246364750821524	10.865259379502817	23.246364750821524	low	medium
G_r020_none_control	20	0	none	0.0	0.0	control	GB_GCA_963674955.1	Desulfobacterota_I	Bacteria	highly_fragmented	59.99479796444285	4.99999051876873	59.99479796444285	4.99999051876873	3164146	104	2056530	104	2056530	0.0		0	0	0	0	True	52.880889892578125	2.101679563522339	deepcheck	-7.113908071864728	-2.898310955246391	7.113908071864728	2.898310955246391	medium	medium
G_r020_substitution_0p1pct	20	1	substitution	0.001	0.1	uniform	GB_GCA_963674955.1	Desulfobacterota_I	Bacteria	highly_fragmented	59.99479796444285	4.99999051876873	59.99479796444285	4.99999051876873	3164146	104	2056530	104	2056530	0.0010080086359061	0.0089640838741259	0	2073	0	0	True	53.01089859008789	2.056282758712769	deepcheck	-6.983899374354962	-2.9437077600559607	6.983899374354962	2.9437077600559607	medium	medium
G_r020_substitution_0p5pct	20	2	substitution	0.005	0.5	uniform	GB_GCA_963674955.1	Desulfobacterota_I	Bacteria	highly_fragmented	59.99479796444285	4.99999051876873	59.99479796444285	4.99999051876873	3164146	104	2056530	104	2056530	0.0049773161587723	0.0441104216424403	0	10236	0	0	True	51.92387771606445	2.21342396736145	deepcheck	-8.0709202483784	-2.7865665514072795	8.0709202483784	2.7865665514072795	medium	medium
G_r020_substitution_1pct	20	3	substitution	0.01	1.0	uniform	GB_GCA_963674955.1	Desulfobacterota_I	Bacteria	highly_fragmented	59.99479796444285	4.99999051876873	59.99479796444285	4.99999051876873	3164146	104	2056530	104	2056530	0.0099551185735194	0.0864827525163591	0	20473	0	0	True	49.610382080078125	2.2508091926574707	deepcheck	-10.384415884364728	-2.749181326111259	10.384415884364728	2.749181326111259	low	medium
G_r020_substitution_2pct	20	4	substitution	0.02	2.0	uniform	GB_GCA_963674955.1	Desulfobacterota_I	Bacteria	highly_fragmented	59.99479796444285	4.99999051876873	59.99479796444285	4.99999051876873	3164146	104	2056530	104	2056530	0.019977340471571	0.1662522378698502	0	41084	0	0	True	45.98637390136719	2.2807583808898926	deepcheck	-14.008424063075665	-2.719232137878837	14.008424063075665	2.719232137878837	low	medium
G_r020_substitution_5pct	20	5	substitution	0.05	5.0	uniform	GB_GCA_963674955.1	Desulfobacterota_I	Bacteria	highly_fragmented	59.99479796444285	4.99999051876873	59.99479796444285	4.99999051876873	3164146	104	2056530	104	2056530	0.0499336260594302	0.3697505902753909	0	102690	0	0	True	35.10618591308594	0.8598524928092957	deepcheck	-24.888612051356915	-4.140138025959434	24.888612051356915	4.140138025959434	low	medium
G_r020_substitution_titv_0p1pct	20	6	substitution_titv	0.001	0.1	titv_2	GB_GCA_963674955.1	Desulfobacterota_I	Bacteria	highly_fragmented	59.99479796444285	4.99999051876873	59.99479796444285	4.99999051876873	3164146	104	2056530	104	2056530	0.0009939072126348	0.0089640838741259	0	2044	0	0	True	52.39967727661133	2.1696455478668213	deepcheck	-7.595120687831525	-2.8303449709019084	7.595120687831525	2.8303449709019084	medium	medium
G_r020_substitution_titv_0p5pct	20	7	substitution_titv	0.005	0.5	titv_2	GB_GCA_963674955.1	Desulfobacterota_I	Bacteria	highly_fragmented	59.99479796444285	4.99999051876873	59.99479796444285	4.99999051876873	3164146	104	2056530	104	2056530	0.0049476545443052	0.0441104216424403	0	10175	0	0	True	52.60033416748047	2.066924333572388	deepcheck	-7.394463796962384	-2.9330661851963415	7.394463796962384	2.9330661851963415	medium	medium
G_r020_substitution_titv_1pct	20	8	substitution_titv	0.01	1.0	titv_2	GB_GCA_963674955.1	Desulfobacterota_I	Bacteria	highly_fragmented	59.99479796444285	4.99999051876873	59.99479796444285	4.99999051876873	3164146	104	2056530	104	2056530	0.0100144418024536	0.0864827525163591	0	20595	0	0	True	50.24554061889648	2.1418657302856445	deepcheck	-9.749257345546376	-2.858124788483085	9.749257345546376	2.858124788483085	medium	medium
G_r020_substitution_titv_2pct	20	9	substitution_titv	0.02	2.0	titv_2	GB_GCA_963674955.1	Desulfobacterota_I	Bacteria	highly_fragmented	59.99479796444285	4.99999051876873	59.99479796444285	4.99999051876873	3164146	104	2056530	104	2056530	0.0202977831590105	0.1662522378698502	0	41743	0	0	True	49.02123641967773	4.562494277954102	deepcheck	-10.973561544765126	-0.4374962408146281	10.973561544765126	0.4374962408146281	low	medium
G_r020_substitution_titv_5pct	20	10	substitution_titv	0.05	5.0	titv_2	GB_GCA_963674955.1	Desulfobacterota_I	Bacteria	highly_fragmented	59.99479796444285	4.99999051876873	59.99479796444285	4.99999051876873	3164146	104	2056530	104	2056530	0.0500795028518912	0.3697505902753909	0	102990	0	0	True	40.05287170410156	2.177865505218506	deepcheck	-19.94192626034129	-2.822125013550224	19.94192626034129	2.822125013550224	low	medium
G_r020_indel_0p1pct	20	11	indel	0.001	0.1	ins0.5_geom0.75	GB_GCA_963674955.1	Desulfobacterota_I	Bacteria	highly_fragmented	59.99479796444285	4.99999051876873	59.996781716812905	4.99999051876873	3164146	104	2056530	104	2056598	0.0009958522365343		0	0	2048	0	True	40.64905548095703	2.42488169670105	deepcheck	-19.34574248348582	-2.57510882206768	19.34574248348582	2.57510882206768	low	medium
G_r020_indel_0p5pct	20	12	indel	0.005	0.5	ins0.5_geom0.75	GB_GCA_963674955.1	Desulfobacterota_I	Bacteria	highly_fragmented	59.99479796444285	4.99999051876873	60.00427913385855	4.99999051876873	3164146	104	2056530	104	2056855	0.0050259417562593		0	0	10336	0	True	16.938865661621094	0.8455872535705566	deepcheck	-43.05593230282176	-4.154403265198173	43.05593230282176	4.154403265198173	low	medium
G_r020_indel_1pct	20	13	indel	0.01	1.0	ins0.5_geom0.75	GB_GCA_963674955.1	Desulfobacterota_I	Bacteria	highly_fragmented	59.99479796444285	4.99999051876873	59.99625660589142	4.99999051876873	3164146	104	2056530	104	2056580	0.0100397271131469		0	0	20647	0	True	24.615514755249023	1.7683188915252686	deepcheck	-35.37928320919383	-3.231671627243461	35.37928320919383	3.231671627243461	low	medium
G_r020_indel_2pct	20	14	indel	0.02	2.0	ins0.5_geom0.75	GB_GCA_963674955.1	Desulfobacterota_I	Bacteria	highly_fragmented	59.99479796444285	4.99999051876873	60.00182861622494	4.99999051876873	3164146	104	2056530	104	2056771	0.019951082648928		0	0	41030	0	True	38.42557144165039	10.37396240234375	deepcheck	-21.569226522792462	5.37397188357502	21.569226522792462	5.37397188357502	low	medium
G_r020_indel_5pct	20	15	indel	0.05	5.0	ins0.5_geom0.75	GB_GCA_963674955.1	Desulfobacterota_I	Bacteria	highly_fragmented	59.99479796444285	4.99999051876873	59.99628577872039	4.99999051876873	3164146	104	2056530	104	2056581	0.049960370138048		0	0	102745	0	True	48.87018203735352	26.03304100036621	deepcheck	-11.12461592708933	21.03305048159748	11.12461592708933	21.03305048159748	low	medium
G_r020_chimera_5pct	20	16	chimera	0.05	5.0	rc0.5	GB_GCA_963674955.1	Desulfobacterota_I	Bacteria	highly_fragmented	59.99479796444285	4.99999051876873	59.99479796444285	4.99999051876873	3164146	104	2056530	101	2056530	0.0576923076923076		0	0	0	3	True	52.88050079345703	2.101636409759521	deepcheck	-7.114297170985822	-2.8983541090092086	7.114297170985822	2.8983541090092086	medium	medium
G_r020_chimera_10pct	20	17	chimera	0.1	10.0	rc0.5	GB_GCA_963674955.1	Desulfobacterota_I	Bacteria	highly_fragmented	59.99479796444285	4.99999051876873	59.99479796444285	4.99999051876873	3164146	104	2056530	98	2056530	0.1153846153846153		0	0	0	6	True	52.8876953125	2.091754198074341	deepcheck	-7.107102651942853	-2.908236320694389	7.107102651942853	2.908236320694389	medium	medium
G_r020_chimera_20pct	20	18	chimera	0.2	20.0	rc0.5	GB_GCA_963674955.1	Desulfobacterota_I	Bacteria	highly_fragmented	59.99479796444285	4.99999051876873	59.99479796444285	4.99999051876873	3164146	104	2056530	94	2056530	0.1923076923076923		0	0	0	10	True	53.019569396972656	2.0860300064086914	deepcheck	-6.975228567470197	-2.9139605123600383	6.975228567470197	2.9139605123600383	medium	medium
G_r020_chimera_40pct	20	19	chimera	0.4	40.0	rc0.5	GB_GCA_963674955.1	Desulfobacterota_I	Bacteria	highly_fragmented	59.99479796444285	4.99999051876873	59.99479796444285	4.99999051876873	3164146	104	2056530	83	2056530	0.4038461538461538		0	0	0	21	True	52.422760009765625	2.090542793273926	deepcheck	-7.572037954677228	-2.909447725494804	7.572037954677228	2.909447725494804	medium	medium
G_r020_uneven_coverage_5pct	20	20	uneven_coverage	0.05	5.0	lognormal_sigma1.0	GB_GCA_963674955.1	Desulfobacterota_I	Bacteria	highly_fragmented	59.99479796444285	4.99999051876873	59.99479796444285	8.249714140877192	3164146	104	2056530	113	2159356	0.0499997568720125		102826	0	0	0	True	52.58263397216797	4.98232364654541	deepcheck	-7.412163992274884	-0.01766687222331953	7.412163992274884	0.01766687222331953	medium	medium
G_r020_uneven_coverage_10pct	20	21	uneven_coverage	0.1	10.0	lognormal_sigma1.0	GB_GCA_963674955.1	Desulfobacterota_I	Bacteria	highly_fragmented	59.99479796444285	4.99999051876873	59.99479796444285	11.499469367089889	3164146	104	2056530	114	2262183	0.1		205653	0	0	0	True	52.95743942260742	8.225475311279297	deepcheck	-7.037358541835431	3.225484792510567	7.037358541835431	3.225484792510567	medium	medium
G_r020_uneven_coverage_20pct	20	22	uneven_coverage	0.2	20.0	lognormal_sigma1.0	GB_GCA_963674955.1	Desulfobacterota_I	Bacteria	highly_fragmented	59.99479796444285	4.99999051876873	59.99479796444285	17.998948215411048	3164146	104	2056530	126	2467836	0.2		411306	0	0	0	True	51.277957916259766	10.780553817749023	deepcheck	-8.716840048183087	5.780563298980294	8.716840048183087	5.780563298980294	low	medium
G_r020_uneven_coverage_40pct	20	23	uneven_coverage	0.4	40.0	lognormal_sigma1.0	GB_GCA_963674955.1	Desulfobacterota_I	Bacteria	highly_fragmented	59.99479796444285	4.99999051876873	59.99479796444285	30.99790591205336	3164146	104	2056530	153	2879142	0.4		822612	0	0	0	True	51.1418571472168	20.22657966613769	deepcheck	-8.852940817226056	15.226589147368962	8.852940817226056	15.226589147368962	low	medium
G_r021_none_control	21	0	none	0.0	0.0	control	RS_GCF_000504105.1	Thermotogota	Bacteria	high	100.0	4.999988453535874	100.0	4.999988453535874	2165165	3	2273423	3	2273423	0.0		0	0	0	0	True	99.69729614257812	1.0762765407562256	deepcheck	-0.302703857421875	-3.9237119127796483	0.302703857421875	3.9237119127796483	high	high
G_r021_substitution_0p1pct	21	1	substitution	0.001	0.1	uniform	RS_GCF_000504105.1	Thermotogota	Bacteria	high	100.0	4.999988453535874	100.0	4.999988453535874	2165165	3	2273423	3	2273423	0.0010182882815912	0.0089640838741259	0	2315	0	0	True	99.13609313964844	1.295354247093201	deepcheck	-0.8639068603515625	-3.704634206442673	0.8639068603515625	3.704634206442673	high	high
G_r021_substitution_0p5pct	21	2	substitution	0.005	0.5	uniform	RS_GCF_000504105.1	Thermotogota	Bacteria	high	100.0	4.999988453535874	100.0	4.999988453535874	2165165	3	2273423	3	2273423	0.0049889527817744	0.0441104216424403	0	11342	0	0	True	93.6082763671875	1.8396698236465452	deepcheck	-6.3917236328125	-3.1603186298893284	6.3917236328125	3.1603186298893284	high	high
G_r021_substitution_1pct	21	3	substitution	0.01	1.0	uniform	RS_GCF_000504105.1	Thermotogota	Bacteria	high	100.0	4.999988453535874	100.0	4.999988453535874	2165165	3	2273423	3	2273423	0.0099422764703269	0.0864827525163591	0	22603	0	0	True	89.1603775024414	1.6312196254730225	deepcheck	-10.839622497558594	-3.3687688280628514	10.839622497558594	3.3687688280628514	medium	high
G_r021_substitution_2pct	21	4	substitution	0.02	2.0	uniform	RS_GCF_000504105.1	Thermotogota	Bacteria	high	100.0	4.999988453535874	100.0	4.999988453535874	2165165	3	2273423	3	2273423	0.0199808834519576	0.1662522378698502	0	45425	0	0	True	78.93384552001953	3.6927335262298575	deepcheck	-21.06615447998047	-1.3072549273060163	21.06615447998047	1.3072549273060163	medium	high
G_r021_substitution_5pct	21	5	substitution	0.05	5.0	uniform	RS_GCF_000504105.1	Thermotogota	Bacteria	high	100.0	4.999988453535874	100.0	4.999988453535874	2165165	3	2273423	3	2273423	0.0501318936247236	0.3697505902753909	0	113971	0	0	True	50.574337005615234	4.5286946296691895	deepcheck	-49.425662994384766	-0.4712938238666844	49.425662994384766	0.4712938238666844	medium	high
G_r021_substitution_titv_0p1pct	21	6	substitution_titv	0.001	0.1	titv_2	RS_GCF_000504105.1	Thermotogota	Bacteria	high	100.0	4.999988453535874	100.0	4.999988453535874	2165165	3	2273423	3	2273423	0.001027525453908	0.0089640838741259	0	2336	0	0	True	99.1667938232422	1.65196430683136	deepcheck	-0.8332061767577983	-3.348024146704514	0.8332061767577983	3.348024146704514	high	high
G_r021_substitution_titv_0p5pct	21	7	substitution_titv	0.005	0.5	titv_2	RS_GCF_000504105.1	Thermotogota	Bacteria	high	100.0	4.999988453535874	100.0	4.999988453535874	2165165	3	2273423	3	2273423	0.0050025886075754	0.0441104216424403	0	11373	0	0	True	97.4959716796875	1.74886953830719	deepcheck	-2.5040283203125	-3.251118915228684	2.5040283203125	3.251118915228684	high	high
G_r021_substitution_titv_1pct	21	8	substitution_titv	0.01	1.0	titv_2	RS_GCF_000504105.1	Thermotogota	Bacteria	high	100.0	4.999988453535874	100.0	4.999988453535874	2165165	3	2273423	3	2273423	0.0099268811831322	0.0864827525163591	0	22568	0	0	True	90.39716339111328	4.921844005584717	deepcheck	-9.602836608886719	-0.07814444795115705	9.602836608886719	0.07814444795115705	high	high
G_r021_substitution_titv_2pct	21	9	substitution_titv	0.02	2.0	titv_2	RS_GCF_000504105.1	Thermotogota	Bacteria	high	100.0	4.999988453535874	100.0	4.999988453535874	2165165	3	2273423	3	2273423	0.0199474536854778	0.1662522378698502	0	45349	0	0	True	88.6163330078125	4.463025093078613	deepcheck	-11.3836669921875	-0.5369633604572606	11.3836669921875	0.5369633604572606	medium	high
G_r021_substitution_titv_5pct	21	10	substitution_titv	0.05	5.0	titv_2	RS_GCF_000504105.1	Thermotogota	Bacteria	high	100.0	4.999988453535874	100.0	4.999988453535874	2165165	3	2273423	3	2273423	0.0501063814345152	0.3697505902753909	0	113913	0	0	True	63.945091247558594	4.346543312072754	deepcheck	-36.054908752441406	-0.6534451414631199	36.054908752441406	0.6534451414631199	medium	high
G_r021_indel_0p1pct	21	11	indel	0.001	0.1	ins0.5_geom0.75	RS_GCF_000504105.1	Thermotogota	Bacteria	high	100.0	4.999988453535874	100.0047065592281	4.999988453535874	2165165	3	2273423	3	2273530	0.0010116903013649		0	0	2300	0	True	74.58845520019531	4.699980735778809	deepcheck	-25.411544799804688	-0.30000771775706525	25.411544799804688	0.30000771775706525	medium	high
G_r021_indel_0p5pct	21	12	indel	0.005	0.5	ins0.5_geom0.75	RS_GCF_000504105.1	Thermotogota	Bacteria	high	100.0	4.999988453535874	100.00285912476473	4.999988453535874	2165165	3	2273423	3	2273488	0.0049295709597378		0	0	11207	0	True	32.74928283691406	2.2582015991210938	deepcheck	-67.25071716308594	-2.74178685441478	67.25071716308594	2.74178685441478	low	high
G_r021_indel_1pct	21	13	indel	0.01	1.0	ins0.5_geom0.75	RS_GCF_000504105.1	Thermotogota	Bacteria	high	100.0	4.999988453535874	99.9859682953854	4.999988453535874	2165165	3	2273423	3	2273104	0.0100632394411422		0	0	22878	0	True	30.307737350463867	0.5909897089004517	deepcheck	-69.69226264953613	-4.408998744635422	69.69226264953613	4.408998744635422	low	high
G_r021_indel_2pct	21	14	indel	0.02	2.0	ins0.5_geom0.75	RS_GCF_000504105.1	Thermotogota	Bacteria	high	100.0	4.999988453535874	100.02815138229886	4.999988453535874	2165165	3	2273423	3	2274063	0.0201093241336961		0	0	45717	0	True	24.976396560668945	7.431234359741211	deepcheck	-75.02360343933105	2.431245906205337	75.02360343933105	2.431245906205337	low	high
G_r021_indel_5pct	21	15	indel	0.05	5.0	ins0.5_geom0.75	RS_GCF_000504105.1	Thermotogota	Bacteria	high	100.0	4.999988453535874	100.0120523105467	4.999988453535874	2165165	3	2273423	3	2273697	0.0498103520550289		0	0	113240	0	True	47.55417251586914	14.531832695007324	deepcheck	-52.44582748413086	9.53184424147145	52.44582748413086	9.53184424147145	low	high
G_r021_chimera_5pct	21	16	chimera	0.05	5.0	rc0.5	RS_GCF_000504105.1	Thermotogota	Bacteria	high	100.0	4.999988453535874	100.0	4.999988453535874	2165165	3	2273423	3	2273423	0.0		0	0	0	0	True	99.69729614257812	1.0762765407562256	deepcheck	-0.302703857421875	-3.9237119127796483	0.302703857421875	3.9237119127796483	high	high
G_r021_chimera_10pct	21	17	chimera	0.1	10.0	rc0.5	RS_GCF_000504105.1	Thermotogota	Bacteria	high	100.0	4.999988453535874	100.0	4.999988453535874	2165165	3	2273423	3	2273423	0.0		0	0	0	0	True	99.69729614257812	1.0762765407562256	deepcheck	-0.302703857421875	-3.9237119127796483	0.302703857421875	3.9237119127796483	high	high
G_r021_chimera_20pct	21	18	chimera	0.2	20.0	rc0.5	RS_GCF_000504105.1	Thermotogota	Bacteria	high	100.0	4.999988453535874	100.0	4.999988453535874	2165165	3	2273423	3	2273423	0.0		0	0	0	0	True	99.69729614257812	1.0762765407562256	deepcheck	-0.302703857421875	-3.9237119127796483	0.302703857421875	3.9237119127796483	high	high
G_r021_chimera_40pct	21	19	chimera	0.4	40.0	rc0.5	RS_GCF_000504105.1	Thermotogota	Bacteria	high	100.0	4.999988453535874	100.0	4.999988453535874	2165165	3	2273423	2	2273423	0.6666666666666666		0	0	0	1	True	99.71759796142578	1.077742099761963	deepcheck	-0.28240203857421875	-3.922246353773911	0.28240203857421875	3.922246353773911	high	high
G_r021_uneven_coverage_5pct	21	20	uneven_coverage	0.05	5.0	lognormal_sigma1.0	RS_GCF_000504105.1	Thermotogota	Bacteria	high	100.0	4.999988453535874	100.0	10.249980948334192	2165165	3	2273423	4	2387094	0.0499999340201977		113671	0	0	0	True	99.50299835205078	7.5057692527771	deepcheck	-0.49700164794921875	2.5057807992412258	0.49700164794921875	2.5057807992412258	medium	high
G_r021_uneven_coverage_10pct	21	21	uneven_coverage	0.1	10.0	lognormal_sigma1.0	RS_GCF_000504105.1	Thermotogota	Bacteria	high	100.0	4.999988453535874	100.0	15.49997344313251	2165165	3	2273423	4	2500765	0.0999998680403954		227342	0	0	0	True	100.24714660644533	18.82118034362793	deepcheck	0.2471466064453267	13.821191890092056	0.2471466064453267	13.821191890092056	low	high
G_r021_uneven_coverage_20pct	21	22	uneven_coverage	0.2	20.0	lognormal_sigma1.0	RS_GCF_000504105.1	Thermotogota	Bacteria	high	100.0	4.999988453535874	100.0	26.00000461858565	2165165	3	2273423	4	2728108	0.2000001759461393		454685	0	0	0	True	100.47647094726562	29.676937103271484	deepcheck	0.476470947265625	24.67694864973561	0.476470947265625	24.67694864973561	low	high
G_r021_uneven_coverage_40pct	21	23	uneven_coverage	0.4	40.0	lognormal_sigma1.0	RS_GCF_000504105.1	Thermotogota	Bacteria	high	100.0	4.999988453535874	100.0	46.99997459777892	2165165	3	2273423	4	3182792	0.3999999120269303		909369	0	0	0	True	102.3975601196289	61.0015754699707	deepcheck	2.3975601196289062	56.001587016434826	2.3975601196289062	56.001587016434826	low	high
G_r022_none_control	22	0	none	0.0	0.0	control	RS_GCF_040746335.1	Bdellovibrionota	Bacteria	low	69.9678789110816	19.99998413903929	69.9678789110816	19.99998413903929	3782873	113	3403370	113	3403370	0.0		0	0	0	0	True	74.62605285644531	4.170061111450195	deepcheck	4.658173945363714	-15.829923027589096	4.658173945363714	15.829923027589096	medium	low
G_r022_substitution_0p1pct	22	1	substitution	0.001	0.1	uniform	RS_GCF_040746335.1	Bdellovibrionota	Bacteria	low	69.9678789110816	19.99998413903929	69.9678789110816	19.99998413903929	3782873	113	3403370	113	3403370	0.0010028295483594	0.0089640838741259	0	3413	0	0	True	72.6731948852539	4.3083577156066895	deepcheck	2.705315974172308	-15.691626423432602	2.705315974172308	15.691626423432602	medium	low
G_r022_substitution_0p5pct	22	2	substitution	0.005	0.5	uniform	RS_GCF_040746335.1	Bdellovibrionota	Bacteria	low	69.9678789110816	19.99998413903929	69.9678789110816	19.99998413903929	3782873	113	3403370	113	3403370	0.0050247254926734	0.0441104216424403	0	17101	0	0	True	74.64949798583984	3.066245079040528	deepcheck	4.681619074758245	-16.933739059998764	4.681619074758245	16.933739059998764	medium	low
G_r022_substitution_1pct	22	3	substitution	0.01	1.0	uniform	RS_GCF_040746335.1	Bdellovibrionota	Bacteria	low	69.9678789110816	19.99998413903929	69.9678789110816	19.99998413903929	3782873	113	3403370	113	3403370	0.0099851030008491	0.0864827525163591	0	33983	0	0	True	65.14985656738281	5.050476551055908	deepcheck	-4.818022343698786	-14.949507587983383	4.818022343698786	14.949507587983383	medium	low
G_r022_substitution_2pct	22	4	substitution	0.02	2.0	uniform	RS_GCF_040746335.1	Bdellovibrionota	Bacteria	low	69.9678789110816	19.99998413903929	69.9678789110816	19.99998413903929	3782873	113	3403370	113	3403370	0.0200495391332708	0.1662522378698502	0	68236	0	0	True	62.67409896850586	5.023561477661133	deepcheck	-7.293779942575739	-14.976422661378159	7.293779942575739	14.976422661378159	medium	low
G_r022_substitution_5pct	22	5	substitution	0.05	5.0	uniform	RS_GCF_040746335.1	Bdellovibrionota	Bacteria	low	69.9678789110816	19.99998413903929	69.9678789110816	19.99998413903929	3782873	113	3403370	113	3403370	0.0500436332223648	0.3697505902753909	0	170317	0	0	True	45.5120964050293	5.52823543548584	deepcheck	-24.4557825060523	-14.471748703553452	24.4557825060523	14.471748703553452	low	low
G_r022_substitution_titv_0p1pct	22	6	substitution_titv	0.001	0.1	titv_2	RS_GCF_040746335.1	Bdellovibrionota	Bacteria	low	69.9678789110816	19.99998413903929	69.9678789110816	19.99998413903929	3782873	113	3403370	113	3403370	0.0009875505748713	0.0089640838741259	0	3361	0	0	True	74.30371856689453	4.71797513961792	deepcheck	4.335839655812933	-15.282008999421372	4.335839655812933	15.282008999421372	medium	low
G_r022_substitution_titv_0p5pct	22	7	substitution_titv	0.005	0.5	titv_2	RS_GCF_040746335.1	Bdellovibrionota	Bacteria	low	69.9678789110816	19.99998413903929	69.9678789110816	19.99998413903929	3782873	113	3403370	113	3403370	0.0049935798928708	0.0441104216424403	0	16995	0	0	True	72.15486145019531	4.892351150512695	deepcheck	2.186982539113714	-15.107632988526596	2.186982539113714	15.107632988526596	medium	low
G_r022_substitution_titv_1pct	22	8	substitution_titv	0.01	1.0	titv_2	RS_GCF_040746335.1	Bdellovibrionota	Bacteria	low	69.9678789110816	19.99998413903929	69.9678789110816	19.99998413903929	3782873	113	3403370	113	3403370	0.00998245856313	0.0864827525163591	0	33974	0	0	True	71.43705749511719	5.02482795715332	deepcheck	1.469178584035589	-14.975156181885971	1.469178584035589	14.975156181885971	medium	low
G_r022_substitution_titv_2pct	22	9	substitution_titv	0.02	2.0	titv_2	RS_GCF_040746335.1	Bdellovibrionota	Bacteria	low	69.9678789110816	19.99998413903929	69.9678789110816	19.99998413903929	3782873	113	3403370	113	3403370	0.0199860726280128	0.1662522378698502	0	68020	0	0	True	63.44336700439453	6.567087650299072	deepcheck	-6.524511906687067	-13.43289648874022	6.524511906687067	13.43289648874022	medium	low
G_r022_substitution_titv_5pct	22	10	substitution_titv	0.05	5.0	titv_2	RS_GCF_040746335.1	Bdellovibrionota	Bacteria	low	69.9678789110816	19.99998413903929	69.9678789110816	19.99998413903929	3782873	113	3403370	113	3403370	0.0499886876830905	0.3697505902753909	0	170130	0	0	True	52.9805908203125	3.955256462097168	deepcheck	-16.9872880907691	-16.044727676942124	16.9872880907691	16.044727676942124	medium	low
G_r022_indel_0p1pct	22	11	indel	0.001	0.1	ins0.5_geom0.75	RS_GCF_040746335.1	Bdellovibrionota	Bacteria	low	69.9678789110816	19.99998413903929	69.96736495080906	19.99998413903929	3782873	113	3403370	113	3403345	0.0010160517369548		0	0	3458	0	True	63.14067077636719	4.897932052612305	deepcheck	-6.827208134714411	-15.102052086426987	6.827208134714411	15.102052086426987	medium	low
G_r022_indel_0p5pct	22	12	indel	0.005	0.5	ins0.5_geom0.75	RS_GCF_040746335.1	Bdellovibrionota	Bacteria	low	69.9678789110816	19.99998413903929	69.96656317278389	19.99998413903929	3782873	113	3403370	113	3403306	0.0049503874101258		0	0	16848	0	True	31.308408737182617	2.260451078414917	deepcheck	-38.65947017389898	-17.739533060624375	38.65947017389898	17.739533060624375	low	low
G_r022_indel_1pct	22	13	indel	0.01	1.0	ins0.5_geom0.75	RS_GCF_040746335.1	Bdellovibrionota	Bacteria	low	69.9678789110816	19.99998413903929	69.96919464937932	19.99998413903929	3782873	113	3403370	113	3403434	0.0099830462159565		0	0	33976	0	True	20.57494735717773	1.948826789855957	deepcheck	-49.392931553903864	-18.051157349183335	49.392931553903864	18.051157349183335	low	low
G_r022_indel_2pct	22	14	indel	0.02	2.0	ins0.5_geom0.75	RS_GCF_040746335.1	Bdellovibrionota	Bacteria	low	69.9678789110816	19.99998413903929	69.96434286440649	19.99998413903929	3782873	113	3403370	113	3403198	0.0200515959181634		0	0	68243	0	True	36.12605285644531	6.150381088256836	deepcheck	-33.841826054636286	-13.849603050782456	33.841826054636286	13.849603050782456	low	low
G_r022_indel_5pct	22	15	indel	0.05	5.0	ins0.5_geom0.75	RS_GCF_040746335.1	Bdellovibrionota	Bacteria	low	69.9678789110816	19.99998413903929	69.9722989694255	19.99998413903929	3782873	113	3403370	113	3403585	0.0498397176915821		0	0	169623	0	True	35.262630462646484	10.036579132080078	deepcheck	-34.705248448435114	-9.963405006959213	34.705248448435114	9.963405006959213	low	low
G_r022_chimera_5pct	22	16	chimera	0.05	5.0	rc0.5	RS_GCF_040746335.1	Bdellovibrionota	Bacteria	low	69.9678789110816	19.99998413903929	69.9678789110816	19.99998413903929	3782873	113	3403370	110	3403370	0.0530973451327433		0	0	0	3	True	74.62564849853516	4.170310497283936	deepcheck	4.657769587453558	-15.829673641755356	4.657769587453558	15.829673641755356	medium	low
G_r022_chimera_10pct	22	17	chimera	0.1	10.0	rc0.5	RS_GCF_040746335.1	Bdellovibrionota	Bacteria	low	69.9678789110816	19.99998413903929	69.9678789110816	19.99998413903929	3782873	113	3403370	107	3403370	0.1061946902654867		0	0	0	6	True	74.72486877441406	4.563307762145996	deepcheck	4.756989863332464	-15.436676376893296	4.756989863332464	15.436676376893296	medium	low
G_r022_chimera_20pct	22	18	chimera	0.2	20.0	rc0.5	RS_GCF_040746335.1	Bdellovibrionota	Bacteria	low	69.9678789110816	19.99998413903929	69.9678789110816	19.99998413903929	3782873	113	3403370	101	3403370	0.2123893805309734		0	0	0	12	True	74.86505126953125	4.235141754150391	deepcheck	4.897172358449652	-15.764842384888901	4.897172358449652	15.764842384888901	medium	low
G_r022_chimera_40pct	22	19	chimera	0.4	40.0	rc0.5	RS_GCF_040746335.1	Bdellovibrionota	Bacteria	low	69.9678789110816	19.99998413903929	69.9678789110816	19.99998413903929	3782873	113	3403370	90	3403370	0.4070796460176991		0	0	0	23	True	74.61544036865234	4.032551288604736	deepcheck	4.647561457570745	-15.967432850434555	4.647561457570745	15.967432850434555	medium	low
G_r022_uneven_coverage_5pct	22	20	uneven_coverage	0.05	5.0	lognormal_sigma1.0	RS_GCF_040746335.1	Bdellovibrionota	Bacteria	low	69.9678789110816	19.99998413903929	69.9678789110816	24.49836407407809	3782873	113	3403370	121	3573538	0.0499998530867933		170168	0	0	0	True	74.60372161865234	7.228947639465332	deepcheck	4.635842707570745	-12.77103649957396	4.635842707570745	12.77103649957396	medium	low
G_r022_uneven_coverage_10pct	22	21	uneven_coverage	0.1	10.0	lognormal_sigma1.0	RS_GCF_040746335.1	Bdellovibrionota	Bacteria	low	69.9678789110816	19.99998413903929	69.9678789110816	28.996770444051386	3782873	113	3403370	127	3743707	0.1		340337	0	0	0	True	74.77393341064453	9.785531044006348	deepcheck	4.806054499562933	-10.214453095032944	4.806054499562933	10.214453095032944	medium	low
G_r022_uneven_coverage_20pct	22	22	uneven_coverage	0.2	20.0	lognormal_sigma1.0	RS_GCF_040746335.1	Bdellovibrionota	Bacteria	low	69.9678789110816	19.99998413903929	69.9678789110816	37.99355674906348	3782873	113	3403370	145	4084044	0.2		680674	0	0	0	True	74.15601348876953	15.152886390686035	deepcheck	4.188134577687933	-4.8470977483532565	4.188134577687933	4.8470977483532565	low	low
G_r022_uneven_coverage_40pct	22	23	uneven_coverage	0.4	40.0	lognormal_sigma1.0	RS_GCF_040746335.1	Bdellovibrionota	Bacteria	low	69.9678789110816	19.99998413903929	69.9678789110816	55.98712935908765	3782873	113	3403370	167	4764718	0.4		1361348	0	0	0	True	74.47990417480469	28.04897117614746	deepcheck	4.512025263723089	8.04898703710817	4.512025263723089	8.04898703710817	low	low
G_r023_none_control	23	0	none	0.0	0.0	control	RS_GCF_030323845.1	Methanobacteriota	Archaea	medium	100.0	9.999979836311176	100.0	9.999979836311176	1983764	6	2182140	6	2182140	0.0		0	0	0	0	True	95.24163055419922	0.1009464263916015	deepcheck	-4.758369445800781	-9.899033409919575	4.758369445800781	9.899033409919575	high	medium
G_r023_substitution_0p1pct	23	1	substitution	0.001	0.1	uniform	RS_GCF_030323845.1	Methanobacteriota	Archaea	medium	100.0	9.999979836311176	100.0	9.999979836311176	1983764	6	2182140	6	2182140	0.0009861887744954	0.0089640838741259	0	2152	0	0	True	93.95490264892578	0.3147229552268982	deepcheck	-6.045097351074219	-9.685256881084278	6.045097351074219	9.685256881084278	high	medium
G_r023_substitution_0p5pct	23	2	substitution	0.005	0.5	uniform	RS_GCF_030323845.1	Methanobacteriota	Archaea	medium	100.0	9.999979836311176	100.0	9.999979836311176	1983764	6	2182140	6	2182140	0.0049657721005729	0.0441104216424403	0	10836	0	0	True	89.44345092773438	0.9719096422195436	deepcheck	-10.556549072265625	-9.028070194091633	10.556549072265625	9.028070194091633	medium	medium
G_r023_substitution_1pct	23	3	substitution	0.01	1.0	uniform	RS_GCF_030323845.1	Methanobacteriota	Archaea	medium	100.0	9.999979836311176	100.0	9.999979836311176	1983764	6	2182140	6	2182140	0.0099915770679947	0.0864827525163591	0	21803	0	0	True	85.2024154663086	1.595983624458313	deepcheck	-14.797584533691406	-8.403996211852863	14.797584533691406	8.403996211852863	medium	medium
G_r023_substitution_2pct	23	4	substitution	0.02	2.0	uniform	RS_GCF_030323845.1	Methanobacteriota	Archaea	medium	100.0	9.999979836311176	100.0	9.999979836311176	1983764	6	2182140	6	2182140	0.0201843329798573	0.1662522378698502	0	44045	0	0	True	68.26264190673828	2.3227226734161377	deepcheck	-31.73735809326172	-7.677257162895039	31.73735809326172	7.677257162895039	medium	medium
G_r023_substitution_5pct	23	5	substitution	0.05	5.0	uniform	RS_GCF_030323845.1	Methanobacteriota	Archaea	medium	100.0	9.999979836311176	100.0	9.999979836311176	1983764	6	2182140	6	2182140	0.0501723539024571	0.3697505902753909	0	109483	0	0	True	45.49980926513672	3.245401382446289	deepcheck	-54.50019073486328	-6.754578453864887	54.50019073486328	6.754578453864887	low	medium
G_r023_substitution_titv_0p1pct	23	6	substitution_titv	0.001	0.1	titv_2	RS_GCF_030323845.1	Methanobacteriota	Archaea	medium	100.0	9.999979836311176	100.0	9.999979836311176	1983764	6	2182140	6	2182140	0.0009696911927659	0.0089640838741259	0	2116	0	0	True	95.11417388916016	0.1070462167263031	deepcheck	-4.885826110839844	-9.892933619584873	4.885826110839844	9.892933619584873	high	medium
G_r023_substitution_titv_0p5pct	23	7	substitution_titv	0.005	0.5	titv_2	RS_GCF_030323845.1	Methanobacteriota	Archaea	medium	100.0	9.999979836311176	100.0	9.999979836311176	1983764	6	2182140	6	2182140	0.004993268070122	0.0441104216424403	0	10896	0	0	True	92.41932678222656	1.0155283212661743	deepcheck	-7.5806732177734375	-8.984451515045002	7.5806732177734375	8.984451515045002	high	medium
G_r023_substitution_titv_1pct	23	8	substitution_titv	0.01	1.0	titv_2	RS_GCF_030323845.1	Methanobacteriota	Archaea	medium	100.0	9.999979836311176	100.0	9.999979836311176	1983764	6	2182140	6	2182140	0.0099961597295863	0.0864827525163591	0	21813	0	0	True	85.4952621459961	5.070038318634033	deepcheck	-14.504737854003906	-4.929941517677143	14.504737854003906	4.929941517677143	medium	medium
G_r023_substitution_titv_2pct	23	9	substitution_titv	0.02	2.0	titv_2	RS_GCF_030323845.1	Methanobacteriota	Archaea	medium	100.0	9.999979836311176	100.0	9.999979836311176	1983764	6	2182140	6	2182140	0.0199020410258196	0.1662522378698502	0	43429	0	0	True	76.2734375	1.882067322731018	deepcheck	-23.7265625	-8.117912513580158	23.7265625	8.117912513580158	medium	medium
G_r023_substitution_titv_5pct	23	10	substitution_titv	0.05	5.0	titv_2	RS_GCF_030323845.1	Methanobacteriota	Archaea	medium	100.0	9.999979836311176	100.0	9.999979836311176	1983764	6	2182140	6	2182140	0.0502186387845315	0.3697505902753909	0	109584	0	0	True	56.71293258666992	4.368287563323975	deepcheck	-43.28706741333008	-5.631692272987202	43.28706741333008	5.631692272987202	medium	medium
G_r023_indel_0p1pct	23	11	indel	0.001	0.1	ins0.5_geom0.75	RS_GCF_030323845.1	Methanobacteriota	Archaea	medium	100.0	9.999979836311176	100.00476596368702	9.999979836311176	1983764	6	2182140	6	2182244	0.000994894919666		0	0	2171	0	True	67.84857177734375	4.812029838562012	deepcheck	-32.15142822265625	-5.187949997749165	32.15142822265625	5.187949997749165	medium	medium
G_r023_indel_0p5pct	23	12	indel	0.005	0.5	ins0.5_geom0.75	RS_GCF_030323845.1	Methanobacteriota	Archaea	medium	100.0	9.999979836311176	99.99445498455644	9.999979836311176	1983764	6	2182140	6	2182019	0.0050551293684181		0	0	11031	0	True	31.758621215820312	6.07993745803833	deepcheck	-68.24137878417969	-3.9200423782728464	68.24137878417969	3.9200423782728464	low	medium
G_r023_indel_1pct	23	13	indel	0.01	1.0	ins0.5_geom0.75	RS_GCF_030323845.1	Methanobacteriota	Archaea	medium	100.0	9.999979836311176	99.9953256894608	9.999979836311176	1983764	6	2182140	6	2182038	0.0100282291695308		0	0	21883	0	True	21.20781517028809	4.123669624328613	deepcheck	-78.79218482971191	-5.876310211982563	78.79218482971191	5.876310211982563	low	medium
G_r023_indel_2pct	23	14	indel	0.02	2.0	ins0.5_geom0.75	RS_GCF_030323845.1	Methanobacteriota	Archaea	medium	100.0	9.999979836311176	100.00577414831312	9.999979836311176	1983764	6	2182140	6	2182266	0.0199308935265381		0	0	43492	0	True	46.02973556518555	11.465142250061035	deepcheck	-53.97026443481445	1.4651624137498587	53.97026443481445	1.4651624137498587	low	medium
G_r023_indel_5pct	23	15	indel	0.05	5.0	ins0.5_geom0.75	RS_GCF_030323845.1	Methanobacteriota	Archaea	medium	100.0	9.999979836311176	100.03162033600044	9.999979836311176	1983764	6	2182140	6	2182830	0.0502552540166992		0	0	109664	0	True	48.54411697387695	24.80478858947754	deepcheck	-51.45588302612305	14.804808753166363	51.45588302612305	14.804808753166363	low	medium
G_r023_chimera_5pct	23	16	chimera	0.05	5.0	rc0.5	RS_GCF_030323845.1	Methanobacteriota	Archaea	medium	100.0	9.999979836311176	100.0	9.999979836311176	1983764	6	2182140	6	2182140	0.0		0	0	0	0	True	95.24163055419922	0.1009464263916015	deepcheck	-4.758369445800781	-9.899033409919575	4.758369445800781	9.899033409919575	high	medium
G_r023_chimera_10pct	23	17	chimera	0.1	10.0	rc0.5	RS_GCF_030323845.1	Methanobacteriota	Archaea	medium	100.0	9.999979836311176	100.0	9.999979836311176	1983764	6	2182140	5	2182140	0.3333333333333333		0	0	0	1	True	95.2424087524414	0.1008890569210052	deepcheck	-4.757591247558594	-9.899090779390171	4.757591247558594	9.899090779390171	high	medium
G_r023_chimera_20pct	23	18	chimera	0.2	20.0	rc0.5	RS_GCF_030323845.1	Methanobacteriota	Archaea	medium	100.0	9.999979836311176	100.0	9.999979836311176	1983764	6	2182140	5	2182140	0.3333333333333333		0	0	0	1	True	95.24246215820312	0.100930780172348	deepcheck	-4.757537841796875	-9.899049056138828	4.757537841796875	9.899049056138828	high	medium
G_r023_chimera_40pct	23	19	chimera	0.4	40.0	rc0.5	RS_GCF_030323845.1	Methanobacteriota	Archaea	medium	100.0	9.999979836311176	100.0	9.999979836311176	1983764	6	2182140	5	2182140	0.3333333333333333		0	0	0	1	True	95.2861328125	0.1014269888401031	deepcheck	-4.7138671875	-9.898552847471073	4.7138671875	9.898552847471073	high	medium
G_r023_uneven_coverage_5pct	23	20	uneven_coverage	0.05	5.0	lognormal_sigma1.0	RS_GCF_030323845.1	Methanobacteriota	Archaea	medium	100.0	9.999979836311176	100.0	15.499978828126732	1983764	6	2182140	7	2291247	0.05		109107	0	0	0	True	95.6119613647461	4.787541389465332	deepcheck	-4.388038635253906	-5.2124384468458445	4.388038635253906	5.2124384468458445	high	medium
G_r023_uneven_coverage_10pct	23	21	uneven_coverage	0.1	10.0	lognormal_sigma1.0	RS_GCF_030323845.1	Methanobacteriota	Archaea	medium	100.0	9.999979836311176	100.0	20.99997781994229	1983764	6	2182140	8	2400354	0.1		218214	0	0	0	True	95.8210678100586	9.24182415008545	deepcheck	-4.178932189941406	-0.7581556862257273	4.178932189941406	0.7581556862257273	medium	medium
G_r023_uneven_coverage_20pct	23	22	uneven_coverage	0.2	20.0	lognormal_sigma1.0	RS_GCF_030323845.1	Methanobacteriota	Archaea	medium	100.0	9.999979836311176	100.0	31.99997580357341	1983764	6	2182140	9	2618568	0.2		436428	0	0	0	True	97.3832550048828	19.867530822753903	deepcheck	-2.6167449951172017	9.867550986442726	2.6167449951172017	9.867550986442726	low	medium
G_r023_uneven_coverage_40pct	23	23	uneven_coverage	0.4	40.0	lognormal_sigma1.0	RS_GCF_030323845.1	Methanobacteriota	Archaea	medium	100.0	9.999979836311176	100.0	53.99997177083564	1983764	6	2182140	10	3054996	0.4		872856	0	0	0	True	97.4956512451172	38.20478439331055	deepcheck	-2.5043487548827983	28.20480455699937	2.5043487548827983	28.20480455699937	low	medium
G_r024_none_control	24	0	none	0.0	0.0	control	RS_GCF_026965535.1	Myxococcota	Bacteria	medium	79.94324175894351	9.999994891247429	79.94324175894351	9.999994891247429	9787125	58	8802857	58	8802857	0.0		0	0	0	0	True	97.1934051513672	8.533997535705566	deepcheck	17.250163392423687	-1.4659973555418624	17.250163392423687	1.4659973555418624	medium	medium
G_r024_substitution_0p1pct	24	1	substitution	0.001	0.1	uniform	RS_GCF_026965535.1	Myxococcota	Bacteria	medium	79.94324175894351	9.999994891247429	79.94324175894351	9.999994891247429	9787125	58	8802857	58	8802857	0.000998312252488	0.0089640838741259	0	8788	0	0	True	96.55589294433594	8.79149341583252	deepcheck	16.612651185392423	-1.2085014754149093	16.612651185392423	1.2085014754149093	medium	medium
G_r024_substitution_0p5pct	24	2	substitution	0.005	0.5	uniform	RS_GCF_026965535.1	Myxococcota	Bacteria	medium	79.94324175894351	9.999994891247429	79.94324175894351	9.999994891247429	9787125	58	8802857	58	8802857	0.0049922428593353	0.0441104216424403	0	43946	0	0	True	95.56328582763672	9.379027366638184	deepcheck	15.620044068693204	-0.6209675246092452	15.620044068693204	0.6209675246092452	medium	medium
G_r024_substitution_1pct	24	3	substitution	0.01	1.0	uniform	RS_GCF_026965535.1	Myxococcota	Bacteria	medium	79.94324175894351	9.999994891247429	79.94324175894351	9.999994891247429	9787125	58	8802857	58	8802857	0.0099835769228104	0.0864827525163591	0	87884	0	0	True	90.60670471191406	9.214719772338867	deepcheck	10.663462952970548	-0.7852751189085616	10.663462952970548	0.7852751189085616	medium	medium
G_r024_substitution_2pct	24	4	substitution	0.02	2.0	uniform	RS_GCF_026965535.1	Myxococcota	Bacteria	medium	79.94324175894351	9.999994891247429	79.94324175894351	9.999994891247429	9787125	58	8802857	58	8802857	0.0200801853307397	0.1662522378698502	0	176763	0	0	True	82.45382690429688	8.96024227142334	deepcheck	2.5105851453533603	-1.039752619824089	2.5105851453533603	1.039752619824089	medium	medium
G_r024_substitution_5pct	24	5	substitution	0.05	5.0	uniform	RS_GCF_026965535.1	Myxococcota	Bacteria	medium	79.94324175894351	9.999994891247429	79.94324175894351	9.999994891247429	9787125	58	8802857	58	8802857	0.0499412861074535	0.3697505902753909	0	439626	0	0	True	69.48884582519531	6.869215488433838	deepcheck	-10.454395933748202	-3.130779402813591	10.454395933748202	3.130779402813591	medium	medium
G_r024_substitution_titv_0p1pct	24	6	substitution_titv	0.001	0.1	titv_2	RS_GCF_026965535.1	Myxococcota	Bacteria	medium	79.94324175894351	9.999994891247429	79.94324175894351	9.999994891247429	9787125	58	8802857	58	8802857	0.001007286611608	0.0089640838741259	0	8867	0	0	True	97.9589614868164	8.671019554138184	deepcheck	18.01571972787289	-1.3289753371092452	18.01571972787289	1.3289753371092452	medium	medium
G_r024_substitution_titv_0p5pct	24	7	substitution_titv	0.005	0.5	titv_2	RS_GCF_026965535.1	Myxococcota	Bacteria	medium	79.94324175894351	9.999994891247429	79.94324175894351	9.999994891247429	9787125	58	8802857	58	8802857	0.005014621957394	0.0441104216424403	0	44143	0	0	True	95.31145477294922	9.588553428649902	deepcheck	15.368213014005704	-0.41144146259752645	15.368213014005704	0.41144146259752645	medium	medium
G_r024_substitution_titv_1pct	24	8	substitution_titv	0.01	1.0	titv_2	RS_GCF_026965535.1	Myxococcota	Bacteria	medium	79.94324175894351	9.999994891247429	79.94324175894351	9.999994891247429	9787125	58	8802857	58	8802857	0.0100264039277248	0.0864827525163591	0	88261	0	0	True	90.83375549316406	10.513673782348633	deepcheck	10.890513734220548	0.513678891101204	10.890513734220548	0.513678891101204	low	medium
G_r024_substitution_titv_2pct	24	9	substitution_titv	0.02	2.0	titv_2	RS_GCF_026965535.1	Myxococcota	Bacteria	medium	79.94324175894351	9.999994891247429	79.94324175894351	9.999994891247429	9787125	58	8802857	58	8802857	0.0200962028577767	0.1662522378698502	0	176904	0	0	True	88.47540283203125	9.309320449829102	deepcheck	8.532161073087735	-0.6906744414183272	8.532161073087735	0.6906744414183272	medium	medium
G_r024_substitution_titv_5pct	24	10	substitution_titv	0.05	5.0	titv_2	RS_GCF_026965535.1	Myxococcota	Bacteria	medium	79.94324175894351	9.999994891247429	79.94324175894351	9.999994891247429	9787125	58	8802857	58	8802857	0.0500084234016297	0.3697505902753909	0	440217	0	0	True	78.01005554199219	8.241092681884766	deepcheck	-1.9331862169513272	-1.7589022093626632	1.9331862169513272	1.7589022093626632	medium	medium
G_r024_indel_0p1pct	24	11	indel	0.001	0.1	ins0.5_geom0.75	RS_GCF_026965535.1	Myxococcota	Bacteria	medium	79.94324175894351	9.999994891247429	79.94117117445928	9.999994891247429	9787125	58	8802857	58	8802629	0.0010120577898743		0	0	8909	0	True	79.75482940673828	9.384698867797852	deepcheck	-0.18841235220523345	-0.6152960234495772	0.18841235220523345	0.6152960234495772	medium	medium
G_r024_indel_0p5pct	24	12	indel	0.005	0.5	ins0.5_geom0.75	RS_GCF_026965535.1	Myxococcota	Bacteria	medium	79.94324175894351	9.999994891247429	79.93911875299686	9.999994891247429	9787125	58	8802857	58	8802403	0.0049452126735672		0	0	43532	0	True	46.2792854309082	4.845051288604736	deepcheck	-33.66395632803531	-5.1549436026426925	33.66395632803531	5.1549436026426925	low	medium
G_r024_indel_1pct	24	13	indel	0.01	1.0	ins0.5_geom0.75	RS_GCF_026965535.1	Myxococcota	Bacteria	medium	79.94324175894351	9.999994891247429	79.94521244680789	9.999994891247429	9787125	58	8802857	58	8803074	0.0099730121709349		0	0	87791	0	True	36.10542297363281	2.542091131210327	deepcheck	-43.8378187853107	-7.457903760037102	43.8378187853107	7.457903760037102	low	medium
G_r024_indel_2pct	24	14	indel	0.02	2.0	ins0.5_geom0.75	RS_GCF_026965535.1	Myxococcota	Bacteria	medium	79.94324175894351	9.999994891247429	79.94675630366015	9.999994891247429	9787125	58	8802857	58	8803244	0.0200213407987883		0	0	176245	0	True	60.27066802978516	18.27922821044922	deepcheck	-19.67257372915835	8.27923331920179	19.67257372915835	8.27923331920179	low	medium
G_r024_indel_5pct	24	15	indel	0.05	5.0	ins0.5_geom0.75	RS_GCF_026965535.1	Myxococcota	Bacteria	medium	79.94324175894351	9.999994891247429	79.94572101141804	9.999994891247429	9787125	58	8802857	58	8803130	0.0499816139237522		0	0	439981	0	True	46.54921340942383	23.08729362487793	deepcheck	-33.39402834951969	13.087298733630501	33.39402834951969	13.087298733630501	low	medium
G_r024_chimera_5pct	24	16	chimera	0.05	5.0	rc0.5	RS_GCF_026965535.1	Myxococcota	Bacteria	medium	79.94324175894351	9.999994891247429	79.94324175894351	9.999994891247429	9787125	58	8802857	56	8802857	0.0689655172413793		0	0	0	2	True	97.19398498535156	8.5338716506958	deepcheck	17.250743226408048	-1.466123240551628	17.250743226408048	1.466123240551628	medium	medium
G_r024_chimera_10pct	24	17	chimera	0.1	10.0	rc0.5	RS_GCF_026965535.1	Myxococcota	Bacteria	medium	79.94324175894351	9.999994891247429	79.94324175894351	9.999994891247429	9787125	58	8802857	55	8802857	0.1034482758620689		0	0	0	3	True	97.0871353149414	8.553902626037598	deepcheck	17.14389355599789	-1.4460922652098311	17.14389355599789	1.4460922652098311	medium	medium
G_r024_chimera_20pct	24	18	chimera	0.2	20.0	rc0.5	RS_GCF_026965535.1	Myxococcota	Bacteria	medium	79.94324175894351	9.999994891247429	79.94324175894351	9.999994891247429	9787125	58	8802857	52	8802857	0.2068965517241379		0	0	0	6	True	97.14176940917967	8.509456634521484	deepcheck	17.19852765023616	-1.4905382567259444	17.19852765023616	1.4905382567259444	medium	medium
G_r024_chimera_40pct	24	19	chimera	0.4	40.0	rc0.5	RS_GCF_026965535.1	Myxococcota	Bacteria	medium	79.94324175894351	9.999994891247429	79.94324175894351	9.999994891247429	9787125	58	8802857	46	8802857	0.4137931034482758		0	0	0	12	True	97.16374206542967	8.610048294067383	deepcheck	17.22050030648616	-1.389946597180046	17.22050030648616	1.389946597180046	medium	medium
G_r024_uneven_coverage_5pct	24	20	uneven_coverage	0.05	5.0	lognormal_sigma1.0	RS_GCF_026965535.1	Myxococcota	Bacteria	medium	79.94324175894351	9.999994891247429	79.94324175894351	14.497158256382749	9787125	58	8802857	64	9243000	0.0500000170399223		440143	0	0	0	True	97.22914123535156	13.591090202331545	deepcheck	17.285899476408048	3.591095311084116	17.285899476408048	3.591095311084116	low	medium
G_r024_uneven_coverage_10pct	24	21	uneven_coverage	0.1	10.0	lognormal_sigma1.0	RS_GCF_026965535.1	Myxococcota	Bacteria	medium	79.94324175894351	9.999994891247429	79.94324175894351	18.994321621518065	9787125	58	8802857	66	9683143	0.1000000340798447		880286	0	0	0	True	97.31236267089844	19.590715408325195	deepcheck	17.369120911954923	9.590720517077767	17.369120911954923	9.590720517077767	low	medium
G_r024_uneven_coverage_20pct	24	22	uneven_coverage	0.2	20.0	lognormal_sigma1.0	RS_GCF_026965535.1	Myxococcota	Bacteria	medium	79.94324175894351	9.999994891247429	79.94324175894351	27.98863813428356	9787125	58	8802857	65	10563428	0.199999954560207		1760571	0	0	0	True	96.40433502197266	43.73781204223633	deepcheck	16.46109326302914	33.7378171509889	16.46109326302914	33.7378171509889	low	medium
G_r024_uneven_coverage_40pct	24	23	uneven_coverage	0.4	40.0	lognormal_sigma1.0	RS_GCF_026965535.1	Myxococcota	Bacteria	medium	79.94324175894351	9.999994891247429	79.94324175894351	45.977291594824834	9787125	58	8802857	82	12324000	0.4000000227198965		3521143	0	0	0	True	93.98382568359376	76.95397186279297	deepcheck	14.04058392465025	66.95397697154554	14.04058392465025	66.95397697154554	low	medium
G_r025_none_control	25	0	none	0.0	0.0	control	RS_GCF_900090055.1	Thermoplasmatota	Archaea	medium	77.79208862982699	19.99998935556459	77.79208862982699	19.99998935556459	1878916	5	1837431	5	1837431	0.0		0	0	0	0	True	88.1266860961914	0.6154067516326904	deepcheck	10.334597466364414	-19.3845826039319	10.334597466364414	19.3845826039319	medium	low
G_r025_substitution_0p1pct	25	1	substitution	0.001	0.1	uniform	RS_GCF_900090055.1	Thermoplasmatota	Archaea	medium	77.79208862982699	19.99998935556459	77.79208862982699	19.99998935556459	1878916	5	1837431	5	1837431	0.0009899691471407	0.0089640838741259	0	1819	0	0	True	86.70852661132812	0.7635697722434998	deepcheck	8.916437981501133	-19.23641958332109	8.916437981501133	19.23641958332109	medium	low
G_r025_substitution_0p5pct	25	2	substitution	0.005	0.5	uniform	RS_GCF_900090055.1	Thermoplasmatota	Archaea	medium	77.79208862982699	19.99998935556459	77.79208862982699	19.99998935556459	1878916	5	1837431	5	1837431	0.0049830442612538	0.0441104216424403	0	9156	0	0	True	80.55870819091797	2.978546142578125	deepcheck	2.7666195610909767	-17.021443212986465	2.7666195610909767	17.021443212986465	medium	low
G_r025_substitution_1pct	25	3	substitution	0.01	1.0	uniform	RS_GCF_900090055.1	Thermoplasmatota	Archaea	medium	77.79208862982699	19.99998935556459	77.79208862982699	19.99998935556459	1878916	5	1837431	5	1837431	0.0099552037600323	0.0864827525163591	0	18292	0	0	True	74.4466552734375	1.6256309747695925	deepcheck	-3.345433356389492	-18.374358380794998	3.345433356389492	18.374358380794998	medium	low
G_r025_substitution_2pct	25	4	substitution	0.02	2.0	uniform	RS_GCF_900090055.1	Thermoplasmatota	Archaea	medium	77.79208862982699	19.99998935556459	77.79208862982699	19.99998935556459	1878916	5	1837431	5	1837431	0.0201700091051038	0.1662522378698502	0	37061	0	0	True	61.37254333496094	5.011549949645996	deepcheck	-16.419545294866055	-14.988439405918594	16.419545294866055	14.988439405918594	medium	low
G_r025_substitution_5pct	25	5	substitution	0.05	5.0	uniform	RS_GCF_900090055.1	Thermoplasmatota	Archaea	medium	77.79208862982699	19.99998935556459	77.79208862982699	19.99998935556459	1878916	5	1837431	5	1837431	0.0502206613472832	0.3697505902753909	0	92277	0	0	True	40.99082565307617	7.200352668762207	deepcheck	-36.80126297675082	-12.799636686802383	36.80126297675082	12.799636686802383	low	low
G_r025_substitution_titv_0p1pct	25	6	substitution_titv	0.001	0.1	titv_2	RS_GCF_900090055.1	Thermoplasmatota	Archaea	medium	77.79208862982699	19.99998935556459	77.79208862982699	19.99998935556459	1878916	5	1837431	5	1837431	0.0009573148597144	0.0089640838741259	0	1759	0	0	True	87.12036895751953	0.6457738876342773	deepcheck	9.32828032769254	-19.354215467930313	9.32828032769254	19.354215467930313	medium	low
G_r025_substitution_titv_0p5pct	25	7	substitution_titv	0.005	0.5	titv_2	RS_GCF_900090055.1	Thermoplasmatota	Archaea	medium	77.79208862982699	19.99998935556459	77.79208862982699	19.99998935556459	1878916	5	1837431	5	1837431	0.0050010041193383	0.0441104216424403	0	9189	0	0	True	84.16108703613281	1.7623589038848877	deepcheck	6.3689984063058205	-18.237630451679703	6.3689984063058205	18.237630451679703	medium	low
G_r025_substitution_titv_1pct	25	8	substitution_titv	0.01	1.0	titv_2	RS_GCF_900090055.1	Thermoplasmatota	Archaea	medium	77.79208862982699	19.99998935556459	77.79208862982699	19.99998935556459	1878916	5	1837431	5	1837431	0.0098735680414665	0.0864827525163591	0	18142	0	0	True	78.22213745117188	3.200446128845215	deepcheck	0.430048821344883	-16.799543226719376	0.430048821344883	16.799543226719376	medium	low
G_r025_substitution_titv_2pct	25	9	substitution_titv	0.02	2.0	titv_2	RS_GCF_900090055.1	Thermoplasmatota	Archaea	medium	77.79208862982699	19.99998935556459	77.79208862982699	19.99998935556459	1878916	5	1837431	5	1837431	0.0201427971989152	0.1662522378698502	0	37011	0	0	True	69.43595886230469	2.256275415420532	deepcheck	-8.356129767522305	-17.74371394014406	8.356129767522305	17.74371394014406	medium	low
G_r025_substitution_titv_5pct	25	10	substitution_titv	0.05	5.0	titv_2	RS_GCF_900090055.1	Thermoplasmatota	Archaea	medium	77.79208862982699	19.99998935556459	77.79208862982699	19.99998935556459	1878916	5	1837431	5	1837431	0.049908812902362	0.3697505902753909	0	91704	0	0	True	57.03189468383789	5.841552257537842	deepcheck	-20.7601939459891	-14.158437098026749	20.7601939459891	14.158437098026749	medium	low
G_r025_indel_0p1pct	25	11	indel	0.001	0.1	ins0.5_geom0.75	RS_GCF_900090055.1	Thermoplasmatota	Archaea	medium	77.79208862982699	19.99998935556459	77.7928083659731	19.99998935556459	1878916	5	1837431	5	1837448	0.0009828940515317		0	0	1806	0	True	63.76322555541992	5.240576267242432	deepcheck	-14.02886307440707	-14.759413088322159	14.02886307440707	14.759413088322159	medium	low
G_r025_indel_0p5pct	25	12	indel	0.005	0.5	ins0.5_geom0.75	RS_GCF_900090055.1	Thermoplasmatota	Archaea	medium	77.79208862982699	19.99998935556459	77.79204629240662	19.99998935556459	1878916	5	1837431	5	1837430	0.0051022324103599		0	0	9375	0	True	28.34359359741211	4.848560810089111	deepcheck	-49.44849503241488	-15.15142854547548	49.44849503241488	15.15142854547548	low	low
G_r025_indel_1pct	25	13	indel	0.01	1.0	ins0.5_geom0.75	RS_GCF_900090055.1	Thermoplasmatota	Archaea	medium	77.79208862982699	19.99998935556459	77.79793119383669	19.99998935556459	1878916	5	1837431	5	1837569	0.0100210565730087		0	0	18413	0	True	28.45726585388184	5.23688268661499	deepcheck	-49.334822775945156	-14.7631066689496	49.334822775945156	14.7631066689496	low	low
G_r025_indel_2pct	25	14	indel	0.02	2.0	ins0.5_geom0.75	RS_GCF_900090055.1	Thermoplasmatota	Archaea	medium	77.79208862982699	19.99998935556459	77.7911148691587	19.99998935556459	1878916	5	1837431	5	1837408	0.0200252417641805		0	0	36795	0	True	31.56371116638184	10.832247734069824	deepcheck	-46.228377463445156	-9.167741621494766	46.228377463445156	9.167741621494766	low	low
G_r025_indel_5pct	25	15	indel	0.05	5.0	ins0.5_geom0.75	RS_GCF_900090055.1	Thermoplasmatota	Archaea	medium	77.79208862982699	19.99998935556459	77.78374815801602	19.99998935556459	1878916	5	1837431	5	1837234	0.0497166968446706		0	0	91351	0	True	46.82927703857422	17.452266693115234	deepcheck	-30.962811591252773	-2.547722662449356	30.962811591252773	2.547722662449356	low	low
G_r025_chimera_5pct	25	16	chimera	0.05	5.0	rc0.5	RS_GCF_900090055.1	Thermoplasmatota	Archaea	medium	77.79208862982699	19.99998935556459	77.79208862982699	19.99998935556459	1878916	5	1837431	5	1837431	0.0		0	0	0	0	True	88.1266860961914	0.6154067516326904	deepcheck	10.334597466364414	-19.3845826039319	10.334597466364414	19.3845826039319	medium	low
G_r025_chimera_10pct	25	17	chimera	0.1	10.0	rc0.5	RS_GCF_900090055.1	Thermoplasmatota	Archaea	medium	77.79208862982699	19.99998935556459	77.79208862982699	19.99998935556459	1878916	5	1837431	4	1837431	0.4		0	0	0	1	True	88.12731170654297	0.6154768466949463	deepcheck	10.335223076715977	-19.384512508869644	10.335223076715977	19.384512508869644	medium	low
G_r025_chimera_20pct	25	18	chimera	0.2	20.0	rc0.5	RS_GCF_900090055.1	Thermoplasmatota	Archaea	medium	77.79208862982699	19.99998935556459	77.79208862982699	19.99998935556459	1878916	5	1837431	4	1837431	0.4		0	0	0	1	True	88.1281967163086	0.615606427192688	deepcheck	10.336108086481602	-19.384382928371902	10.336108086481602	19.384382928371902	medium	low
G_r025_chimera_40pct	25	19	chimera	0.4	40.0	rc0.5	RS_GCF_900090055.1	Thermoplasmatota	Archaea	medium	77.79208862982699	19.99998935556459	77.79208862982699	19.99998935556459	1878916	5	1837431	4	1837431	0.4		0	0	0	1	True	88.12641143798828	0.6153583526611328	deepcheck	10.33432280816129	-19.384631002903458	10.33432280816129	19.384631002903458	medium	low
G_r025_uneven_coverage_5pct	25	20	uneven_coverage	0.05	5.0	lognormal_sigma1.0	RS_GCF_900090055.1	Thermoplasmatota	Archaea	medium	77.79208862982699	19.99998935556459	77.79208862982699	24.88961720481384	1878916	5	1837431	6	1929303	0.0500002449071557		91872	0	0	0	True	88.6738510131836	1.0658599138259888	deepcheck	10.881762383356602	-18.9341294417386	10.881762383356602	18.9341294417386	medium	low
G_r025_uneven_coverage_10pct	25	21	uneven_coverage	0.1	10.0	lognormal_sigma1.0	RS_GCF_900090055.1	Thermoplasmatota	Archaea	medium	77.79208862982699	19.99998935556459	77.79208862982699	29.779191831886045	1878916	5	1837431	6	2021174	0.0999999455761876		183743	0	0	0	True	88.53099822998047	9.628413200378418	deepcheck	10.738909600153477	-10.371576155186172	10.738909600153477	10.371576155186172	medium	low
G_r025_uneven_coverage_20pct	25	22	uneven_coverage	0.2	20.0	lognormal_sigma1.0	RS_GCF_900090055.1	Thermoplasmatota	Archaea	medium	77.79208862982699	19.99998935556459	77.79208862982699	39.5583943082075	1878916	5	1837431	6	2204917	0.1999998911523752		367486	0	0	0	True	90.48542022705078	19.83623504638672	deepcheck	12.69333159722379	-0.1637543091778717	12.69333159722379	0.1637543091778717	low	low
G_r025_uneven_coverage_40pct	25	23	uneven_coverage	0.4	40.0	lognormal_sigma1.0	RS_GCF_900090055.1	Thermoplasmatota	Archaea	medium	77.79208862982699	19.99998935556459	77.79208862982699	59.11679926085041	1878916	5	1837431	9	2572403	0.3999997823047505		734972	0	0	0	True	91.03414154052734	41.47914505004883	deepcheck	13.242052910700352	21.479155694484238	13.242052910700352	21.479155694484238	low	low
G_r026_none_control	26	0	none	0.0	0.0	control	GB_GCA_963662275.1	Cloacimonadota	Bacteria	low	84.99023929931232	19.999981730087622	84.99023929931232	19.999981730087622	4378784	109	4597295	109	4597295	0.0		0	0	0	0	True	83.78021240234375	0.130203366279602	deepcheck	-1.2100268969685715	-19.86977836380802	1.2100268969685715	19.86977836380802	medium	low
G_r026_substitution_0p1pct	26	1	substitution	0.001	0.1	uniform	GB_GCA_963662275.1	Cloacimonadota	Bacteria	low	84.99023929931232	19.999981730087622	84.99023929931232	19.999981730087622	4378784	109	4597295	109	4597295	0.0009944978514539	0.0089640838741259	0	4572	0	0	True	83.32926177978516	0.3126315772533417	deepcheck	-1.6609775195271652	-19.68735015283428	1.6609775195271652	19.68735015283428	medium	low
G_r026_substitution_0p5pct	26	2	substitution	0.005	0.5	uniform	GB_GCA_963662275.1	Cloacimonadota	Bacteria	low	84.99023929931232	19.999981730087622	84.99023929931232	19.999981730087622	4378784	109	4597295	109	4597295	0.0050542764821487	0.0441104216424403	0	23236	0	0	True	80.36152648925781	1.7568886280059814	deepcheck	-4.628712810054509	-18.24309310208164	4.628712810054509	18.24309310208164	medium	low
G_r026_substitution_1pct	26	3	substitution	0.01	1.0	uniform	GB_GCA_963662275.1	Cloacimonadota	Bacteria	low	84.99023929931232	19.999981730087622	84.99023929931232	19.999981730087622	4378784	109	4597295	109	4597295	0.0099591172635212	0.0864827525163591	0	45785	0	0	True	73.36053466796875	2.3277580738067627	deepcheck	-11.629704631343571	-17.67222365628086	11.629704631343571	17.67222365628086	medium	low
G_r026_substitution_2pct	26	4	substitution	0.02	2.0	uniform	GB_GCA_963662275.1	Cloacimonadota	Bacteria	low	84.99023929931232	19.999981730087622	84.99023929931232	19.999981730087622	4378784	109	4597295	109	4597295	0.0200163356930542	0.1662522378698502	0	92021	0	0	True	70.23712921142578	1.9319758415222168	deepcheck	-14.75311008788654	-18.068005888565406	14.75311008788654	18.068005888565406	medium	low
G_r026_substitution_5pct	26	5	substitution	0.05	5.0	uniform	GB_GCA_963662275.1	Cloacimonadota	Bacteria	low	84.99023929931232	19.999981730087622	84.99023929931232	19.999981730087622	4378784	109	4597295	109	4597295	0.0498943400412634	0.3697505902753909	0	229379	0	0	True	47.561771392822266	2.210523843765259	deepcheck	-37.428467906490056	-17.789457886322364	37.428467906490056	17.789457886322364	low	low
G_r026_substitution_titv_0p1pct	26	6	substitution_titv	0.001	0.1	titv_2	GB_GCA_963662275.1	Cloacimonadota	Bacteria	low	84.99023929931232	19.999981730087622	84.99023929931232	19.999981730087622	4378784	109	4597295	109	4597295	0.0009751386413097	0.0089640838741259	0	4483	0	0	True	81.9305191040039	0.3609947860240936	deepcheck	-3.059720195308415	-19.63898694406353	3.059720195308415	19.63898694406353	medium	low
G_r026_substitution_titv_0p5pct	26	7	substitution_titv	0.005	0.5	titv_2	GB_GCA_963662275.1	Cloacimonadota	Bacteria	low	84.99023929931232	19.999981730087622	84.99023929931232	19.999981730087622	4378784	109	4597295	109	4597295	0.0049848878525306	0.0441104216424403	0	22917	0	0	True	80.72447204589844	0.2798274159431457	deepcheck	-4.265767253413884	-19.720154314144477	4.265767253413884	19.720154314144477	medium	low
G_r026_substitution_titv_1pct	26	8	substitution_titv	0.01	1.0	titv_2	GB_GCA_963662275.1	Cloacimonadota	Bacteria	low	84.99023929931232	19.999981730087622	84.99023929931232	19.999981730087622	4378784	109	4597295	109	4597295	0.0100039262218326	0.0864827525163591	0	45991	0	0	True	75.77005767822266	2.052796602249145	deepcheck	-9.220181621089665	-17.947185127838477	9.220181621089665	17.947185127838477	medium	low
G_r026_substitution_titv_2pct	26	9	substitution_titv	0.02	2.0	titv_2	GB_GCA_963662275.1	Cloacimonadota	Bacteria	low	84.99023929931232	19.999981730087622	84.99023929931232	19.999981730087622	4378784	109	4597295	109	4597295	0.0200424379988667	0.1662522378698502	0	92141	0	0	True	72.30577850341797	2.4219183921813965	deepcheck	-12.684460795894353	-17.578063337906226	12.684460795894353	17.578063337906226	medium	low
G_r026_substitution_titv_5pct	26	10	substitution_titv	0.05	5.0	titv_2	GB_GCA_963662275.1	Cloacimonadota	Bacteria	low	84.99023929931232	19.999981730087622	84.99023929931232	19.999981730087622	4378784	109	4597295	109	4597295	0.0500067974754719	0.3697505902753909	0	229896	0	0	True	54.67960357666016	2.141175508499145	deepcheck	-30.310635722652158	-17.858806221588477	30.310635722652158	17.858806221588477	medium	low
G_r026_indel_0p1pct	26	11	indel	0.001	0.1	ins0.5_geom0.75	GB_GCA_963662275.1	Cloacimonadota	Bacteria	low	84.99023929931232	19.999981730087622	84.98983258508916	19.999981730087622	4378784	109	4597295	109	4597273	0.0010171198498247		0	0	4676	0	True	70.24678802490234	3.361222267150879	deepcheck	-14.743451274409978	-16.638759462936743	14.743451274409978	16.638759462936743	medium	low
G_r026_indel_0p5pct	26	12	indel	0.005	0.5	ins0.5_geom0.75	GB_GCA_963662275.1	Cloacimonadota	Bacteria	low	84.99023929931232	19.999981730087622	84.97757569736378	19.999981730087622	4378784	109	4597295	109	4596610	0.0049674863153223		0	0	22837	0	True	42.20475387573242	0.8591808080673218	deepcheck	-42.7854854235799	-19.1408009220203	42.7854854235799	19.1408009220203	low	low
G_r026_indel_1pct	26	13	indel	0.01	1.0	ins0.5_geom0.75	GB_GCA_963662275.1	Cloacimonadota	Bacteria	low	84.99023929931232	19.999981730087622	84.98733683871973	19.999981730087622	4378784	109	4597295	109	4597138	0.0100041437410477		0	0	45992	0	True	24.786745071411133	3.661109209060669	deepcheck	-60.20349422790119	-16.338872521026953	60.20349422790119	16.338872521026953	low	low
G_r026_indel_2pct	26	14	indel	0.02	2.0	ins0.5_geom0.75	GB_GCA_963662275.1	Cloacimonadota	Bacteria	low	84.99023929931232	19.999981730087622	84.98848303334866	19.999981730087622	4378784	109	4597295	109	4597200	0.0199745720037543		0	0	91829	0	True	29.05048179626465	7.466211795806885	deepcheck	-55.93975750304767	-12.533769934280738	55.93975750304767	12.533769934280738	low	low
G_r026_indel_5pct	26	15	indel	0.05	5.0	ins0.5_geom0.75	GB_GCA_963662275.1	Cloacimonadota	Bacteria	low	84.99023929931232	19.999981730087622	85.00563897876216	19.999981730087622	4378784	109	4597295	109	4598128	0.0501164271598842		0	0	230400	0	True	51.44116973876953	19.57125663757324	deepcheck	-33.54906956054279	-0.42872509251438373	33.54906956054279	0.42872509251438373	low	low
G_r026_chimera_5pct	26	16	chimera	0.05	5.0	rc0.5	GB_GCA_963662275.1	Cloacimonadota	Bacteria	low	84.99023929931232	19.999981730087622	84.99023929931232	19.999981730087622	4378784	109	4597295	106	4597295	0.055045871559633		0	0	0	3	True	83.78850555419922	0.1268111169338226	deepcheck	-1.2017337451131027	-19.8731706131538	1.2017337451131027	19.8731706131538	medium	low
G_r026_chimera_10pct	26	17	chimera	0.1	10.0	rc0.5	GB_GCA_963662275.1	Cloacimonadota	Bacteria	low	84.99023929931232	19.999981730087622	84.99023929931232	19.999981730087622	4378784	109	4597295	104	4597295	0.091743119266055		0	0	0	5	True	83.71419525146484	0.1031532883644104	deepcheck	-1.2760440478474777	-19.896828441723212	1.2760440478474777	19.896828441723212	medium	low
G_r026_chimera_20pct	26	18	chimera	0.2	20.0	rc0.5	GB_GCA_963662275.1	Cloacimonadota	Bacteria	low	84.99023929931232	19.999981730087622	84.99023929931232	19.999981730087622	4378784	109	4597295	98	4597295	0.2018348623853211		0	0	0	11	True	83.9368667602539	0.1595206558704376	deepcheck	-1.0533725390584152	-19.840461074217185	1.0533725390584152	19.840461074217185	medium	low
G_r026_chimera_40pct	26	19	chimera	0.4	40.0	rc0.5	GB_GCA_963662275.1	Cloacimonadota	Bacteria	low	84.99023929931232	19.999981730087622	84.99023929931232	19.999981730087622	4378784	109	4597295	87	4597295	0.4036697247706422		0	0	0	22	True	83.61255645751953	0.1170918345451355	deepcheck	-1.3776828417927902	-19.882889895542487	1.3776828417927902	19.882889895542487	medium	low
G_r026_uneven_coverage_5pct	26	20	uneven_coverage	0.05	5.0	lognormal_sigma1.0	GB_GCA_963662275.1	Cloacimonadota	Bacteria	low	84.99023929931232	19.999981730087622	84.99023929931232	25.24949849090524	4378784	109	4597295	112	4827160	0.0500000543798037		229865	0	0	0	True	84.44642639160156	1.815019607543945	deepcheck	-0.543812907710759	-18.184962122543677	0.543812907710759	18.184962122543677	medium	low
G_r026_uneven_coverage_10pct	26	21	uneven_coverage	0.1	10.0	lognormal_sigma1.0	GB_GCA_963662275.1	Cloacimonadota	Bacteria	low	84.99023929931232	19.999981730087622	84.99023929931232	30.49901525172285	4378784	109	4597295	111	5057025	0.1000001087596075		459730	0	0	0	True	83.27184295654297	5.21826171875	deepcheck	-1.7183963427693527	-14.781720011337622	1.7183963427693527	14.781720011337622	medium	low
G_r026_uneven_coverage_20pct	26	22	uneven_coverage	0.2	20.0	lognormal_sigma1.0	GB_GCA_963662275.1	Cloacimonadota	Bacteria	low	84.99023929931232	19.999981730087622	84.99023929931232	40.99802593596761	4378784	109	4597295	124	5516754	0.2		919459	0	0	0	True	83.58123016357422	15.04941749572754	deepcheck	-1.4090091357381027	-4.9505642343600815	1.4090091357381027	4.9505642343600815	low	low
G_r026_uneven_coverage_40pct	26	23	uneven_coverage	0.4	40.0	lognormal_sigma1.0	GB_GCA_963662275.1	Cloacimonadota	Bacteria	low	84.99023929931232	19.999981730087622	84.99023929931232	61.9960701418476	4378784	109	4597295	126	6436213	0.4		1838918	0	0	0	True	80.0135269165039	23.429685592651367	deepcheck	-4.976712382808415	3.429703862563745	4.976712382808415	3.429703862563745	low	low
G_r027_none_control	27	0	none	0.0	0.0	control	GB_GCA_963682045.1	Synergistota	Bacteria	highly_fragmented	79.05513044516131	0.0	79.05513044516131	0.0	2412968	33	1907575	33	1907575	0.0		0	0	0	0	True	93.51524353027344	0.3988154232501983	deepcheck	14.460113085112127	0.3988154232501983	14.460113085112127	0.3988154232501983	high	medium
G_r027_substitution_0p1pct	27	1	substitution	0.001	0.1	uniform	GB_GCA_963682045.1	Synergistota	Bacteria	highly_fragmented	79.05513044516131	0.0	79.05513044516131	0.0	2412968	33	1907575	33	1907575	0.0009934078607656	0.0089640838741259	0	1895	0	0	True	92.08490753173828	0.5374513864517212	deepcheck	13.02977708657697	0.5374513864517212	13.02977708657697	0.5374513864517212	high	medium
G_r027_substitution_0p5pct	27	2	substitution	0.005	0.5	uniform	GB_GCA_963682045.1	Synergistota	Bacteria	highly_fragmented	79.05513044516131	0.0	79.05513044516131	0.0	2412968	33	1907575	33	1907575	0.0050671664285807	0.0441104216424403	0	9666	0	0	True	89.39962768554688	0.7928110361099243	deepcheck	10.344497240385564	0.7928110361099243	10.344497240385564	0.7928110361099243	medium	medium
G_r027_substitution_1pct	27	3	substitution	0.01	1.0	uniform	GB_GCA_963682045.1	Synergistota	Bacteria	highly_fragmented	79.05513044516131	0.0	79.05513044516131	0.0	2412968	33	1907575	33	1907575	0.0099597656710745	0.0864827525163591	0	18999	0	0	True	84.85166931152344	2.208638906478882	deepcheck	5.796538866362127	2.208638906478882	5.796538866362127	2.208638906478882	medium	medium
G_r027_substitution_2pct	27	4	substitution	0.02	2.0	uniform	GB_GCA_963682045.1	Synergistota	Bacteria	highly_fragmented	79.05513044516131	0.0	79.05513044516131	0.0	2412968	33	1907575	33	1907575	0.0197937171539782	0.1662522378698502	0	37758	0	0	True	73.43697357177734	3.847919464111328	deepcheck	-5.618156873383967	3.847919464111328	5.618156873383967	3.847919464111328	medium	medium
G_r027_substitution_5pct	27	5	substitution	0.05	5.0	uniform	GB_GCA_963682045.1	Synergistota	Bacteria	highly_fragmented	79.05513044516131	0.0	79.05513044516131	0.0	2412968	33	1907575	33	1907575	0.0499665806062671	0.3697505902753909	0	95315	0	0	True	54.87594604492188	1.5590075254440308	deepcheck	-24.17918440023943	1.5590075254440308	24.17918440023943	1.5590075254440308	medium	medium
G_r027_substitution_titv_0p1pct	27	6	substitution_titv	0.001	0.1	titv_2	GB_GCA_963682045.1	Synergistota	Bacteria	highly_fragmented	79.05513044516131	0.0	79.05513044516131	0.0	2412968	33	1907575	33	1907575	0.00102119182732	0.0089640838741259	0	1948	0	0	True	93.12458801269533	0.2663299441337585	deepcheck	14.069457567534016	0.2663299441337585	14.069457567534016	0.2663299441337585	high	medium
G_r027_substitution_titv_0p5pct	27	7	substitution_titv	0.005	0.5	titv_2	GB_GCA_963682045.1	Synergistota	Bacteria	highly_fragmented	79.05513044516131	0.0	79.05513044516131	0.0	2412968	33	1907575	33	1907575	0.0049984928508708	0.0441104216424403	0	9535	0	0	True	88.69325256347656	1.91913104057312	deepcheck	9.638122118315252	1.91913104057312	9.638122118315252	1.91913104057312	medium	medium
G_r027_substitution_titv_1pct	27	8	substitution_titv	0.01	1.0	titv_2	GB_GCA_963682045.1	Synergistota	Bacteria	highly_fragmented	79.05513044516131	0.0	79.05513044516131	0.0	2412968	33	1907575	33	1907575	0.0099408935428489	0.0864827525163591	0	18963	0	0	True	87.69042205810547	0.9392887353897096	deepcheck	8.635291612944158	0.9392887353897096	8.635291612944158	0.9392887353897096	medium	medium
G_r027_substitution_titv_2pct	27	9	substitution_titv	0.02	2.0	titv_2	GB_GCA_963682045.1	Synergistota	Bacteria	highly_fragmented	79.05513044516131	0.0	79.05513044516131	0.0	2412968	33	1907575	33	1907575	0.0200825655609871	0.1662522378698502	0	38309	0	0	True	80.466064453125	1.6535162925720217	deepcheck	1.4109340079636894	1.6535162925720217	1.4109340079636894	1.6535162925720217	medium	medium
G_r027_substitution_titv_5pct	27	10	substitution_titv	0.05	5.0	titv_2	GB_GCA_963682045.1	Synergistota	Bacteria	highly_fragmented	79.05513044516131	0.0	79.05513044516131	0.0	2412968	33	1907575	33	1907575	0.0502045791122236	0.3697505902753909	0	95769	0	0	True	65.19746398925781	1.8417880535125728	deepcheck	-13.857666455903498	1.8417880535125728	13.857666455903498	1.8417880535125728	medium	medium
G_r027_indel_0p1pct	27	11	indel	0.001	0.1	ins0.5_geom0.75	GB_GCA_963682045.1	Synergistota	Bacteria	highly_fragmented	79.05513044516131	0.0	79.05338985017622	0.0	2412968	33	1907575	33	1907533	0.0009839717966528		0	0	1877	0	True	69.6380615234375	4.7268385887146	deepcheck	-9.41706892172381	4.7268385887146	9.41706892172381	4.7268385887146	medium	medium
G_r027_indel_0p5pct	27	12	indel	0.005	0.5	ins0.5_geom0.75	GB_GCA_963682045.1	Synergistota	Bacteria	highly_fragmented	79.05513044516131	0.0	79.05711969657285	0.0	2412968	33	1907575	33	1907623	0.004918810531696		0	0	9383	0	True	33.298316955566406	2.3094820976257324	deepcheck	-45.756813489594904	2.3094820976257324	45.756813489594904	2.3094820976257324	low	medium
G_r027_indel_1pct	27	13	indel	0.01	1.0	ins0.5_geom0.75	GB_GCA_963682045.1	Synergistota	Bacteria	highly_fragmented	79.05513044516131	0.0	79.05857019239376	0.0	2412968	33	1907575	33	1907658	0.010000131056446		0	0	19076	0	True	18.568435668945312	1.2478407621383667	deepcheck	-60.486694776216	1.2478407621383667	60.486694776216	1.2478407621383667	low	medium
G_r027_indel_2pct	27	14	indel	0.02	2.0	ins0.5_geom0.75	GB_GCA_963682045.1	Synergistota	Bacteria	highly_fragmented	79.05513044516131	0.0	79.05865307786925	0.0	2412968	33	1907575	33	1907660	0.0199903018229951		0	0	38133	0	True	23.969194412231445	5.570978164672852	deepcheck	-55.085936032929865	5.570978164672852	55.085936032929865	5.570978164672852	low	medium
G_r027_indel_5pct	27	15	indel	0.05	5.0	ins0.5_geom0.75	GB_GCA_963682045.1	Synergistota	Bacteria	highly_fragmented	79.05513044516131	0.0	79.06113964213367	0.0	2412968	33	1907575	33	1907720	0.0502659135289569		0	0	95886	0	True	47.34830093383789	18.06972312927246	deepcheck	-31.70682951132342	18.06972312927246	31.70682951132342	18.06972312927246	low	medium
G_r027_chimera_5pct	27	16	chimera	0.05	5.0	rc0.5	GB_GCA_963682045.1	Synergistota	Bacteria	highly_fragmented	79.05513044516131	0.0	79.05513044516131	0.0	2412968	33	1907575	33	1907575	0.0		0	0	0	0	True	93.5721664428711	0.3864951431751251	deepcheck	14.517035997709783	0.3864951431751251	14.517035997709783	0.3864951431751251	high	medium
G_r027_chimera_10pct	27	17	chimera	0.1	10.0	rc0.5	GB_GCA_963682045.1	Synergistota	Bacteria	highly_fragmented	79.05513044516131	0.0	79.05513044516131	0.0	2412968	33	1907575	31	1907575	0.1212121212121212		0	0	0	2	True	93.51366424560548	0.3984428942203522	deepcheck	14.458533800444172	0.3984428942203522	14.458533800444172	0.3984428942203522	high	medium
G_r027_chimera_20pct	27	18	chimera	0.2	20.0	rc0.5	GB_GCA_963682045.1	Synergistota	Bacteria	highly_fragmented	79.05513044516131	0.0	79.05513044516131	0.0	2412968	33	1907575	30	1907575	0.1818181818181818		0	0	0	3	True	93.56624603271484	0.4027806222438812	deepcheck	14.511115587553533	0.4027806222438812	14.511115587553533	0.4027806222438812	high	medium
G_r027_chimera_40pct	27	19	chimera	0.4	40.0	rc0.5	GB_GCA_963682045.1	Synergistota	Bacteria	highly_fragmented	79.05513044516131	0.0	79.05513044516131	0.0	2412968	33	1907575	27	1907575	0.3636363636363636		0	0	0	6	True	93.51475524902344	0.3987692296504974	deepcheck	14.459624803862127	0.3987692296504974	14.459624803862127	0.3987692296504974	high	medium
G_r027_uneven_coverage_5pct	27	20	uneven_coverage	0.05	5.0	lognormal_sigma1.0	GB_GCA_963682045.1	Synergistota	Bacteria	highly_fragmented	79.05513044516131	0.0	79.05513044516131	3.952766882942501	2412968	33	1907575	37	2002954	0.050000131056446		95379	0	0	0	True	93.85785675048828	5.907445430755615	deepcheck	14.80272630532697	5.907445430755615	14.80272630532697	5.907445430755615	medium	medium
G_r027_uneven_coverage_10pct	27	21	uneven_coverage	0.1	10.0	lognormal_sigma1.0	GB_GCA_963682045.1	Synergistota	Bacteria	highly_fragmented	79.05513044516131	0.0	79.05513044516131	7.905533765885002	2412968	33	1907575	37	2098333	0.100000262112892		190758	0	0	0	True	94.48103332519533	16.347957611083984	deepcheck	15.425902880034016	16.347957611083984	15.425902880034016	16.347957611083984	low	medium
G_r027_uneven_coverage_20pct	27	22	uneven_coverage	0.2	20.0	lognormal_sigma1.0	GB_GCA_963682045.1	Synergistota	Bacteria	highly_fragmented	79.05513044516131	0.0	79.05513044516131	15.811026089032262	2412968	33	1907575	44	2289090	0.2		381515	0	0	0	True	94.67198944091795	14.701091766357422	deepcheck	15.616858995756644	14.701091766357422	15.616858995756644	14.701091766357422	low	medium
G_r027_uneven_coverage_40pct	27	23	uneven_coverage	0.4	40.0	lognormal_sigma1.0	GB_GCA_963682045.1	Synergistota	Bacteria	highly_fragmented	79.05513044516131	0.0	79.05513044516131	31.622052178064525	2412968	33	1907575	51	2670605	0.4		763030	0	0	0	True	90.43348693847656	38.21770095825195	deepcheck	11.378356493315252	38.21770095825195	11.378356493315252	38.21770095825195	low	medium
G_r028_none_control	28	0	none	0.0	0.0	control	GB_GCA_022227015.1	Nitrospirota	Bacteria	medium	82.49880418368376	1.9999785993843453	82.49880418368376	1.9999785993843453	4392397	10	3711522	10	3711522	0.0		0	0	0	0	True	84.3421630859375	3.7594072818756095	deepcheck	1.8433589022537404	1.7594286824912642	1.8433589022537404	1.7594286824912642	medium	medium
G_r028_substitution_0p1pct	28	1	substitution	0.001	0.1	uniform	GB_GCA_022227015.1	Nitrospirota	Bacteria	medium	82.49880418368376	1.9999785993843453	82.49880418368376	1.9999785993843453	4392397	10	3711522	10	3711522	0.000982543998714	0.0089640838741259	0	3643	0	0	True	84.49539184570312	3.818724393844605	deepcheck	1.9965876620193654	1.8187457944602596	1.9965876620193654	1.8187457944602596	medium	medium
G_r028_substitution_0p5pct	28	2	substitution	0.005	0.5	uniform	GB_GCA_022227015.1	Nitrospirota	Bacteria	medium	82.49880418368376	1.9999785993843453	82.49880418368376	1.9999785993843453	4392397	10	3711522	10	3711522	0.0050025325523326	0.0441104216424403	0	18548	0	0	True	81.35420989990234	5.210371971130371	deepcheck	-1.1445942837814158	3.210393371746026	1.1445942837814158	3.210393371746026	medium	medium
G_r028_substitution_1pct	28	3	substitution	0.01	1.0	uniform	GB_GCA_022227015.1	Nitrospirota	Bacteria	medium	82.49880418368376	1.9999785993843453	82.49880418368376	1.9999785993843453	4392397	10	3711522	10	3711522	0.0099994012496082	0.0864827525163591	0	37075	0	0	True	77.8781967163086	6.60097599029541	deepcheck	-4.620607467375166	4.600997390911065	4.620607467375166	4.600997390911065	medium	medium
G_r028_substitution_2pct	28	4	substitution	0.02	2.0	uniform	GB_GCA_022227015.1	Nitrospirota	Bacteria	medium	82.49880418368376	1.9999785993843453	82.49880418368376	1.9999785993843453	4392397	10	3711522	10	3711522	0.0201163949184971	0.1662522378698502	0	74586	0	0	True	72.15250396728516	5.657347679138184	deepcheck	-10.346300216398603	3.6573690797538383	10.346300216398603	3.6573690797538383	medium	medium
G_r028_substitution_5pct	28	5	substitution	0.05	5.0	uniform	GB_GCA_022227015.1	Nitrospirota	Bacteria	medium	82.49880418368376	1.9999785993843453	82.49880418368376	1.9999785993843453	4392397	10	3711522	10	3711522	0.0498572978232995	0.3697505902753909	0	184857	0	0	True	55.4295654296875	4.233947277069092	deepcheck	-27.06923875399626	2.2339686776847465	27.06923875399626	2.2339686776847465	medium	medium
G_r028_substitution_titv_0p1pct	28	6	substitution_titv	0.001	0.1	titv_2	GB_GCA_022227015.1	Nitrospirota	Bacteria	medium	82.49880418368376	1.9999785993843453	82.49880418368376	1.9999785993843453	4392397	10	3711522	10	3711522	0.0009798469248773	0.0089640838741259	0	3633	0	0	True	84.34870147705078	4.799118518829346	deepcheck	1.8498972933670217	2.7991399194450004	1.8498972933670217	2.7991399194450004	medium	medium
G_r028_substitution_titv_0p5pct	28	7	substitution_titv	0.005	0.5	titv_2	GB_GCA_022227015.1	Nitrospirota	Bacteria	medium	82.49880418368376	1.9999785993843453	82.49880418368376	1.9999785993843453	4392397	10	3711522	10	3711522	0.004962885566933	0.0441104216424403	0	18401	0	0	True	84.10091400146484	4.823833465576172	deepcheck	1.6021098177810842	2.8238548661918266	1.6021098177810842	2.8238548661918266	medium	medium
G_r028_substitution_titv_1pct	28	8	substitution_titv	0.01	1.0	titv_2	GB_GCA_022227015.1	Nitrospirota	Bacteria	medium	82.49880418368376	1.9999785993843453	82.49880418368376	1.9999785993843453	4392397	10	3711522	10	3711522	0.009926580256017	0.0864827525163591	0	36805	0	0	True	81.37493133544922	4.920821666717529	deepcheck	-1.1238728482345408	2.920843067333184	1.1238728482345408	2.920843067333184	medium	medium
G_r028_substitution_titv_2pct	28	9	substitution_titv	0.02	2.0	titv_2	GB_GCA_022227015.1	Nitrospirota	Bacteria	medium	82.49880418368376	1.9999785993843453	82.49880418368376	1.9999785993843453	4392397	10	3711522	10	3711522	0.0200834906176892	0.1662522378698502	0	74464	0	0	True	74.95140075683594	5.175189971923828	deepcheck	-7.547403426847822	3.175211372539483	7.547403426847822	3.175211372539483	medium	medium
G_r028_substitution_titv_5pct	28	10	substitution_titv	0.05	5.0	titv_2	GB_GCA_022227015.1	Nitrospirota	Bacteria	medium	82.49880418368376	1.9999785993843453	82.49880418368376	1.9999785993843453	4392397	10	3711522	10	3711522	0.0497723399974431	0.3697505902753909	0	184542	0	0	True	64.66159057617188	5.145812034606934	deepcheck	-17.837213607511885	3.1458334352225883	17.837213607511885	3.1458334352225883	medium	medium
G_r028_indel_0p1pct	28	11	indel	0.001	0.1	ins0.5_geom0.75	GB_GCA_022227015.1	Nitrospirota	Bacteria	medium	82.49880418368376	1.9999785993843453	82.49544779257744	1.9999785993843453	4392397	10	3711522	10	3711371	0.0010243776003483		0	0	3802	0	True	67.31511688232422	5.211182117462158	deepcheck	-15.18368730135954	3.211203518077813	15.18368730135954	3.211203518077813	medium	medium
G_r028_indel_0p5pct	28	12	indel	0.005	0.5	ins0.5_geom0.75	GB_GCA_022227015.1	Nitrospirota	Bacteria	medium	82.49880418368376	1.9999785993843453	82.49289160067526	1.9999785993843453	4392397	10	3711522	10	3711256	0.0050170792467348		0	0	18621	0	True	34.8829460144043	3.5716116428375244	deepcheck	-47.61585816927946	1.5716330434531791	47.61585816927946	1.5716330434531791	low	medium
G_r028_indel_1pct	28	13	indel	0.01	1.0	ins0.5_geom0.75	GB_GCA_022227015.1	Nitrospirota	Bacteria	medium	82.49880418368376	1.9999785993843453	82.50553919365208	1.9999785993843453	4392397	10	3711522	10	3711825	0.0099832359878238		0	0	37053	0	True	39.13415145874024	8.866386413574219	deepcheck	-43.36465272494352	6.8664078141898734	43.36465272494352	6.8664078141898734	low	medium
G_r028_indel_2pct	28	14	indel	0.02	2.0	ins0.5_geom0.75	GB_GCA_022227015.1	Nitrospirota	Bacteria	medium	82.49880418368376	1.9999785993843453	82.49518105950938	1.9999785993843453	4392397	10	3711522	10	3711359	0.0199877570441452		0	0	74185	0	True	45.06180191040039	12.217522621154783	deepcheck	-37.43700227328337	10.217544021770438	37.43700227328337	10.217544021770438	low	medium
G_r028_indel_5pct	28	15	indel	0.05	5.0	ins0.5_geom0.75	GB_GCA_022227015.1	Nitrospirota	Bacteria	medium	82.49880418368376	1.9999785993843453	82.5162751996412	1.9999785993843453	4392397	10	3711522	10	3712308	0.0498897756769325		0	0	185167	0	True	41.53553771972656	7.624146938323975	deepcheck	-40.9632664639572	5.624168338939629	40.9632664639572	5.624168338939629	low	medium
G_r028_chimera_5pct	28	16	chimera	0.05	5.0	rc0.5	GB_GCA_022227015.1	Nitrospirota	Bacteria	medium	82.49880418368376	1.9999785993843453	82.49880418368376	1.9999785993843453	4392397	10	3711522	10	3711522	0.0		0	0	0	0	True	84.3421630859375	3.7594072818756095	deepcheck	1.8433589022537404	1.7594286824912642	1.8433589022537404	1.7594286824912642	medium	medium
G_r028_chimera_10pct	28	17	chimera	0.1	10.0	rc0.5	GB_GCA_022227015.1	Nitrospirota	Bacteria	medium	82.49880418368376	1.9999785993843453	82.49880418368376	1.9999785993843453	4392397	10	3711522	9	3711522	0.2		0	0	0	1	True	84.47076416015625	3.788286447525024	deepcheck	1.9719599764724904	1.7883078481406787	1.9719599764724904	1.7883078481406787	medium	medium
G_r028_chimera_20pct	28	18	chimera	0.2	20.0	rc0.5	GB_GCA_022227015.1	Nitrospirota	Bacteria	medium	82.49880418368376	1.9999785993843453	82.49880418368376	1.9999785993843453	4392397	10	3711522	9	3711522	0.2		0	0	0	1	True	84.33819580078125	3.755281209945679	deepcheck	1.8393916170974904	1.7553026105613339	1.8393916170974904	1.7553026105613339	medium	medium
G_r028_chimera_40pct	28	19	chimera	0.4	40.0	rc0.5	GB_GCA_022227015.1	Nitrospirota	Bacteria	medium	82.49880418368376	1.9999785993843453	82.49880418368376	1.9999785993843453	4392397	10	3711522	8	3711522	0.4		0	0	0	2	True	84.342041015625	3.7592968940734863	deepcheck	1.8432368319412404	1.759318294689141	1.8432368319412404	1.759318294689141	medium	medium
G_r028_uneven_coverage_5pct	28	20	uneven_coverage	0.05	5.0	lognormal_sigma1.0	GB_GCA_022227015.1	Nitrospirota	Bacteria	medium	82.49880418368376	1.9999785993843453	82.49880418368376	6.224915461876511	4392397	10	3711522	11	3897098	0.0499999730568753		185576	0	0	0	True	84.09668731689453	6.057644844055176	deepcheck	1.5978831332107717	4.0576662446708305	1.5978831332107717	4.0576662446708305	medium	medium
G_r028_uneven_coverage_10pct	28	21	uneven_coverage	0.1	10.0	lognormal_sigma1.0	GB_GCA_022227015.1	Nitrospirota	Bacteria	medium	82.49880418368376	1.9999785993843453	82.49880418368376	10.449852324368676	4392397	10	3711522	12	4082674	0.0999999461137506		371152	0	0	0	True	85.32379913330078	12.831521034240724	deepcheck	2.8249949496170217	10.83154243485638	2.8249949496170217	10.83154243485638	low	medium
G_r028_uneven_coverage_20pct	28	22	uneven_coverage	0.2	20.0	lognormal_sigma1.0	GB_GCA_022227015.1	Nitrospirota	Bacteria	medium	82.49880418368376	1.9999785993843453	82.49880418368376	18.899726049353006	4392397	10	3711522	14	4453826	0.1999998922275012		742304	0	0	0	True	84.60912322998047	19.726531982421875	deepcheck	2.110319046296709	17.72655338303753	2.110319046296709	17.72655338303753	low	medium
G_r028_uneven_coverage_40pct	28	23	uneven_coverage	0.4	40.0	lognormal_sigma1.0	GB_GCA_022227015.1	Nitrospirota	Bacteria	medium	82.49880418368376	1.9999785993843453	82.49880418368376	35.79949626593407	4392397	10	3711522	16	5196131	0.4000000538862494		1484609	0	0	0	True	85.56932830810547	37.718788146972656	deepcheck	3.070524124421709	35.71880954758831	3.070524124421709	35.71880954758831	low	medium
G_r029_none_control	29	0	none	0.0	0.0	control	RS_GCF_900142435.1	Aquificota	Bacteria	highly_fragmented	59.73312786337807	1.8359978390564955	59.73312786337807	1.8359978390564955	1367921	48	842217	48	842217	0.0		0	0	0	0	True	61.85784149169922	0.3888852894306183	deepcheck	2.124713628321146	-1.4471125496258772	2.124713628321146	1.4471125496258772	medium	medium
G_r029_substitution_0p1pct	29	1	substitution	0.001	0.1	uniform	RS_GCF_900142435.1	Aquificota	Bacteria	highly_fragmented	59.73312786337807	1.8359978390564955	59.73312786337807	1.8359978390564955	1367921	48	842217	48	842217	0.0010223018533228	0.0089640838741259	0	861	0	0	True	60.42208862304688	0.6493769884109497	deepcheck	0.6889607596688094	-1.1866208506455458	0.6889607596688094	1.1866208506455458	medium	medium
G_r029_substitution_0p5pct	29	2	substitution	0.005	0.5	uniform	RS_GCF_900142435.1	Aquificota	Bacteria	highly_fragmented	59.73312786337807	1.8359978390564955	59.73312786337807	1.8359978390564955	1367921	48	842217	48	842217	0.0051245700336136	0.0441104216424403	0	4316	0	0	True	57.03878402709961	1.4698721170425415	deepcheck	-2.6943438362784633	-0.366125722013954	2.6943438362784633	0.366125722013954	medium	medium
G_r029_substitution_1pct	29	3	substitution	0.01	1.0	uniform	RS_GCF_900142435.1	Aquificota	Bacteria	highly_fragmented	59.73312786337807	1.8359978390564955	59.73312786337807	1.8359978390564955	1367921	48	842217	48	842217	0.009824071468517	0.0864827525163591	0	8274	0	0	True	55.58443069458008	0.2644754946231842	deepcheck	-4.1486971687979946	-1.5715223444333113	4.1486971687979946	1.5715223444333113	medium	medium
G_r029_substitution_2pct	29	4	substitution	0.02	2.0	uniform	RS_GCF_900142435.1	Aquificota	Bacteria	highly_fragmented	59.73312786337807	1.8359978390564955	59.73312786337807	1.8359978390564955	1367921	48	842217	48	842217	0.0200542140564723	0.1662522378698502	0	16890	0	0	True	47.67197799682617	0.8918572068214417	deepcheck	-12.0611498665519	-0.9441406322350538	12.0611498665519	0.9441406322350538	low	medium
G_r029_substitution_5pct	29	5	substitution	0.05	5.0	uniform	RS_GCF_900142435.1	Aquificota	Bacteria	highly_fragmented	59.73312786337807	1.8359978390564955	59.73312786337807	1.8359978390564955	1367921	48	842217	48	842217	0.0504786771105308	0.3697505902753909	0	42514	0	0	True	31.980545043945312	0.602770984172821	deepcheck	-27.75258281943276	-1.2332268548836745	27.75258281943276	1.2332268548836745	low	medium
G_r029_substitution_titv_0p1pct	29	6	substitution_titv	0.001	0.1	titv_2	RS_GCF_900142435.1	Aquificota	Bacteria	highly_fragmented	59.73312786337807	1.8359978390564955	59.73312786337807	1.8359978390564955	1367921	48	842217	48	842217	0.0010128031136868	0.0089640838741259	0	853	0	0	True	61.30426406860352	0.4880797266960144	deepcheck	1.57113620522545	-1.347918112360481	1.57113620522545	1.347918112360481	medium	medium
G_r029_substitution_titv_0p5pct	29	7	substitution_titv	0.005	0.5	titv_2	RS_GCF_900142435.1	Aquificota	Bacteria	highly_fragmented	59.73312786337807	1.8359978390564955	59.73312786337807	1.8359978390564955	1367921	48	842217	48	842217	0.0051221953487046	0.0441104216424403	0	4314	0	0	True	58.44623947143555	0.7281895875930786	deepcheck	-1.2868883919425258	-1.1078082514634169	1.2868883919425258	1.1078082514634169	medium	medium
G_r029_substitution_titv_1pct	29	8	substitution_titv	0.01	1.0	titv_2	RS_GCF_900142435.1	Aquificota	Bacteria	highly_fragmented	59.73312786337807	1.8359978390564955	59.73312786337807	1.8359978390564955	1367921	48	842217	48	842217	0.0100282943706906	0.0864827525163591	0	8446	0	0	True	55.1112174987793	1.5236072540283203	deepcheck	-4.621910364598776	-0.3123905850281752	4.621910364598776	0.3123905850281752	medium	medium
G_r029_substitution_titv_2pct	29	9	substitution_titv	0.02	2.0	titv_2	RS_GCF_900142435.1	Aquificota	Bacteria	highly_fragmented	59.73312786337807	1.8359978390564955	59.73312786337807	1.8359978390564955	1367921	48	842217	48	842217	0.0200470900017453	0.1662522378698502	0	16884	0	0	True	51.47182846069336	1.758277416229248	deepcheck	-8.261299402684713	-0.07772042282724745	8.261299402684713	0.07772042282724745	medium	medium
G_r029_substitution_titv_5pct	29	10	substitution_titv	0.05	5.0	titv_2	RS_GCF_900142435.1	Aquificota	Bacteria	highly_fragmented	59.73312786337807	1.8359978390564955	59.73312786337807	1.8359978390564955	1367921	48	842217	48	842217	0.0499799932796417	0.3697505902753909	0	42094	0	0	True	36.46683883666992	0.0123672187328338	deepcheck	-23.26628902670815	-1.8236306203236616	23.26628902670815	1.8236306203236616	low	medium
G_r029_indel_0p1pct	29	11	indel	0.001	0.1	ins0.5_geom0.75	RS_GCF_900142435.1	Aquificota	Bacteria	highly_fragmented	59.73312786337807	1.8359978390564955	59.73092922933986	1.8359978390564955	1367921	48	842217	48	842186	0.0009854942372333		0	0	830	0	True	49.58892822265625	1.7201528549194336	deepcheck	-10.144199640721823	-0.1158449841370619	10.144199640721823	0.1158449841370619	low	medium
G_r029_indel_0p5pct	29	12	indel	0.005	0.5	ins0.5_geom0.75	RS_GCF_900142435.1	Aquificota	Bacteria	highly_fragmented	59.73312786337807	1.8359978390564955	59.72880151898029	1.8359978390564955	1367921	48	842217	48	842156	0.0050747016505247		0	0	4274	0	True	29.435792922973636	1.2489900588989258	deepcheck	-30.297334940404436	-0.5870077801575697	30.297334940404436	0.5870077801575697	low	medium
G_r029_indel_1pct	29	13	indel	0.01	1.0	ins0.5_geom0.75	RS_GCF_900142435.1	Aquificota	Bacteria	highly_fragmented	59.73312786337807	1.8359978390564955	59.73695774202529	1.8359978390564955	1367921	48	842217	48	842271	0.0101648387529579		0	0	8561	0	True	15.948089599609377	0.834915041923523	deepcheck	-43.7850382637687	-1.0010827971329725	43.7850382637687	1.0010827971329725	low	medium
G_r029_indel_2pct	29	14	indel	0.02	2.0	ins0.5_geom0.75	RS_GCF_900142435.1	Aquificota	Bacteria	highly_fragmented	59.73312786337807	1.8359978390564955	59.72816320587242	1.8359978390564955	1367921	48	842217	48	842147	0.0200708368508353		0	0	16904	0	True	39.26779174804688	13.462453842163086	deepcheck	-20.46533611533119	11.62645600310659	20.46533611533119	11.62645600310659	low	medium
G_r029_indel_5pct	29	15	indel	0.05	5.0	ins0.5_geom0.75	RS_GCF_900142435.1	Aquificota	Bacteria	highly_fragmented	59.73312786337807	1.8359978390564955	59.74972400418269	1.8359978390564955	1367921	48	842217	48	842451	0.0499503097182792		0	0	42069	0	True	21.18222045898437	4.100010395050049	deepcheck	-38.5509074043937	2.2640125559935536	38.5509074043937	2.2640125559935536	low	medium
G_r029_chimera_5pct	29	16	chimera	0.05	5.0	rc0.5	RS_GCF_900142435.1	Aquificota	Bacteria	highly_fragmented	59.73312786337807	1.8359978390564955	59.73312786337807	1.8359978390564955	1367921	48	842217	47	842217	0.0416666666666666		0	0	0	1	True	61.854095458984375	0.387706995010376	deepcheck	2.1209675956063023	-1.4482908440461195	2.1209675956063023	1.4482908440461195	medium	medium
G_r029_chimera_10pct	29	17	chimera	0.1	10.0	rc0.5	RS_GCF_900142435.1	Aquificota	Bacteria	highly_fragmented	59.73312786337807	1.8359978390564955	59.73312786337807	1.8359978390564955	1367921	48	842217	45	842217	0.125		0	0	0	3	True	61.91998291015625	0.3609474897384643	deepcheck	2.1868550467781773	-1.4750503493180311	2.1868550467781773	1.4750503493180311	medium	medium
G_r029_chimera_20pct	29	18	chimera	0.2	20.0	rc0.5	RS_GCF_900142435.1	Aquificota	Bacteria	highly_fragmented	59.73312786337807	1.8359978390564955	59.73312786337807	1.8359978390564955	1367921	48	842217	44	842217	0.1666666666666666		0	0	0	4	True	61.854129791259766	0.4129283130168915	deepcheck	2.121001927881693	-1.423069526039604	2.121001927881693	1.423069526039604	medium	medium
G_r029_chimera_40pct	29	19	chimera	0.4	40.0	rc0.5	RS_GCF_900142435.1	Aquificota	Bacteria	highly_fragmented	59.73312786337807	1.8359978390564955	59.73312786337807	1.8359978390564955	1367921	48	842217	38	842217	0.4166666666666667		0	0	0	10	True	61.64411163330078	0.4176691174507141	deepcheck	1.9109837699227086	-1.4183287216057814	1.9109837699227086	1.4183287216057814	medium	medium
G_r029_uneven_coverage_5pct	29	20	uneven_coverage	0.05	5.0	lognormal_sigma1.0	RS_GCF_900142435.1	Aquificota	Bacteria	highly_fragmented	59.73312786337807	1.8359978390564955	59.73312786337807	4.914465089723748	1367921	48	842217	51	884328	0.0500001781013681		42111	0	0	0	True	62.09088516235352	5.042401313781738	deepcheck	2.35775729897545	3.206403474725243	2.35775729897545	3.206403474725243	medium	medium
G_r029_uneven_coverage_10pct	29	21	uneven_coverage	0.1	10.0	lognormal_sigma1.0	RS_GCF_900142435.1	Aquificota	Bacteria	highly_fragmented	59.73312786337807	1.8359978390564955	59.73312786337807	7.992932340391002	1367921	48	842217	51	926439	0.1000003562027363		84222	0	0	0	True	61.58834838867188	7.026131629943848	deepcheck	1.8552205252938094	5.190133790887352	1.8552205252938094	5.190133790887352	medium	medium
G_r029_uneven_coverage_20pct	29	22	uneven_coverage	0.2	20.0	lognormal_sigma1.0	RS_GCF_900142435.1	Aquificota	Bacteria	highly_fragmented	59.73312786337807	1.8359978390564955	59.73312786337807	14.149793738088675	1367921	48	842217	60	1010660	0.1999995250630182		168443	0	0	0	True	62.41093826293945	15.220925331115724	deepcheck	2.6778103995613804	13.384927492059228	2.6778103995613804	13.384927492059228	low	medium
G_r029_uneven_coverage_40pct	29	23	uneven_coverage	0.4	40.0	lognormal_sigma1.0	RS_GCF_900142435.1	Aquificota	Bacteria	highly_fragmented	59.73312786337807	1.8359978390564955	59.73312786337807	26.46366274075769	1367921	48	842217	66	1179104	0.4000002374684909		336887	0	0	0	True	60.25636291503906	20.17328643798828	deepcheck	0.5232350516609898	18.337288598931785	0.5232350516609898	18.337288598931785	low	medium
G_r030_none_control	30	0	none	0.0	0.0	control	GB_GCA_963681965.1	Electryoneota	Bacteria	highly_fragmented	83.8885882643673	4.999991754747557	83.8885882643673	4.999991754747557	4244867	326	3773202	326	3773202	0.0		0	0	0	0	True	84.78263854980469	0.1451112329959869	deepcheck	0.8940502854373875	-4.8548805217515705	0.8940502854373875	4.8548805217515705	medium	medium
G_r030_substitution_0p1pct	30	1	substitution	0.001	0.1	uniform	GB_GCA_963681965.1	Electryoneota	Bacteria	highly_fragmented	83.8885882643673	4.999991754747557	83.8885882643673	4.999991754747557	4244867	326	3773202	326	3773202	0.0010153180243199	0.0089640838741259	0	3831	0	0	True	83.99282836914062	0.2810172736644745	deepcheck	0.10424010477332502	-4.718974481083083	0.10424010477332502	4.718974481083083	medium	medium
G_r030_substitution_0p5pct	30	2	substitution	0.005	0.5	uniform	GB_GCA_963681965.1	Electryoneota	Bacteria	highly_fragmented	83.8885882643673	4.999991754747557	83.8885882643673	4.999991754747557	4244867	326	3773202	326	3773202	0.0049909864353935	0.0441104216424403	0	18832	0	0	True	81.55350494384766	0.3017663955688476	deepcheck	-2.3350833205196437	-4.69822535917871	2.3350833205196437	4.69822535917871	medium	medium
G_r030_substitution_1pct	30	3	substitution	0.01	1.0	uniform	GB_GCA_963681965.1	Electryoneota	Bacteria	highly_fragmented	83.8885882643673	4.999991754747557	83.8885882643673	4.999991754747557	4244867	326	3773202	326	3773202	0.0099416887831608	0.0864827525163591	0	37512	0	0	True	77.63862609863281	2.1192736625671387	deepcheck	-6.2499621657344875	-2.8807180921804187	6.2499621657344875	2.8807180921804187	medium	medium
G_r030_substitution_2pct	30	4	substitution	0.02	2.0	uniform	GB_GCA_963681965.1	Electryoneota	Bacteria	highly_fragmented	83.8885882643673	4.999991754747557	83.8885882643673	4.999991754747557	4244867	326	3773202	326	3773202	0.0198778120015838	0.1662522378698502	0	75003	0	0	True	69.53646850585938	4.053476333618164	deepcheck	-14.352119758507925	-0.9465154211293934	14.352119758507925	0.9465154211293934	medium	medium
G_r030_substitution_5pct	30	5	substitution	0.05	5.0	uniform	GB_GCA_963681965.1	Electryoneota	Bacteria	highly_fragmented	83.8885882643673	4.999991754747557	83.8885882643673	4.999991754747557	4244867	326	3773202	326	3773202	0.0498687851856327	0.3697505902753909	0	188165	0	0	True	47.019474029541016	1.2203857898712158	deepcheck	-36.869114234826284	-3.7796059648763416	36.869114234826284	3.7796059648763416	low	medium
G_r030_substitution_titv_0p1pct	30	6	substitution_titv	0.001	0.1	titv_2	GB_GCA_963681965.1	Electryoneota	Bacteria	highly_fragmented	83.8885882643673	4.999991754747557	83.8885882643673	4.999991754747557	4244867	326	3773202	326	3773202	0.0010137278629662	0.0089640838741259	0	3825	0	0	True	84.83301544189453	0.1062251627445221	deepcheck	0.9444271775272313	-4.893766592003035	0.9444271775272313	4.893766592003035	medium	medium
G_r030_substitution_titv_0p5pct	30	7	substitution_titv	0.005	0.5	titv_2	GB_GCA_963681965.1	Electryoneota	Bacteria	highly_fragmented	83.8885882643673	4.999991754747557	83.8885882643673	4.999991754747557	4244867	326	3773202	326	3773202	0.0049745547680723	0.0441104216424403	0	18770	0	0	True	83.4083251953125	0.8704907894134521	deepcheck	-0.4802630690548	-4.129500965334105	0.4802630690548	4.129500965334105	medium	medium
G_r030_substitution_titv_1pct	30	8	substitution_titv	0.01	1.0	titv_2	GB_GCA_963681965.1	Electryoneota	Bacteria	highly_fragmented	83.8885882643673	4.999991754747557	83.8885882643673	4.999991754747557	4244867	326	3773202	326	3773202	0.0100143061516452	0.0864827525163591	0	37786	0	0	True	80.46127319335938	0.5847043991088867	deepcheck	-3.427315071007925	-4.415287355638671	3.427315071007925	4.415287355638671	medium	medium
G_r030_substitution_titv_2pct	30	9	substitution_titv	0.02	2.0	titv_2	GB_GCA_963681965.1	Electryoneota	Bacteria	highly_fragmented	83.8885882643673	4.999991754747557	83.8885882643673	4.999991754747557	4244867	326	3773202	326	3773202	0.0200707515791627	0.1662522378698502	0	75731	0	0	True	69.23628234863281	1.4482680559158323	deepcheck	-14.652305915734487	-3.551723698831725	14.652305915734487	3.551723698831725	medium	medium
G_r030_substitution_titv_5pct	30	10	substitution_titv	0.05	5.0	titv_2	GB_GCA_963681965.1	Electryoneota	Bacteria	highly_fragmented	83.8885882643673	4.999991754747557	83.8885882643673	4.999991754747557	4244867	326	3773202	326	3773202	0.0500906126944701	0.3697505902753909	0	189002	0	0	True	57.96866607666016	0.7808678150177002	deepcheck	-25.919922187707137	-4.219123939729857	25.919922187707137	4.219123939729857	medium	medium
G_r030_indel_0p1pct	30	11	indel	0.001	0.1	ins0.5_geom0.75	GB_GCA_963681965.1	Electryoneota	Bacteria	highly_fragmented	83.8885882643673	4.999991754747557	83.88776565328901	4.999991754747557	4244867	326	3773202	326	3773165	0.0009790093400777		0	0	3694	0	True	68.09014892578125	2.006559133529663	deepcheck	-15.79843933858605	-2.9934326212178943	15.79843933858605	2.9934326212178943	medium	medium
G_r030_indel_0p5pct	30	12	indel	0.005	0.5	ins0.5_geom0.75	GB_GCA_963681965.1	Electryoneota	Bacteria	highly_fragmented	83.8885882643673	4.999991754747557	83.88767672236163	4.999991754747557	4244867	326	3773202	326	3773161	0.0050479672172335		0	0	19047	0	True	32.86723327636719	0.9756773710250854	deepcheck	-51.02135498800011	-4.024314383722472	51.02135498800011	4.024314383722472	low	medium
G_r030_indel_1pct	30	13	indel	0.01	1.0	ins0.5_geom0.75	GB_GCA_963681965.1	Electryoneota	Bacteria	highly_fragmented	83.8885882643673	4.999991754747557	83.90077180141854	4.999991754747557	4244867	326	3773202	326	3773750	0.0100800328209303		0	0	38034	0	True	23.71393203735352	1.0755717754364014	deepcheck	-60.174656227013784	-3.924419979311156	60.174656227013784	3.924419979311156	low	medium
G_r030_indel_2pct	30	14	indel	0.02	2.0	ins0.5_geom0.75	GB_GCA_963681965.1	Electryoneota	Bacteria	highly_fragmented	83.8885882643673	4.999991754747557	83.89894871740724	4.999991754747557	4244867	326	3773202	326	3773668	0.0199668610373894		0	0	75339	0	True	33.8653678894043	11.842864990234377	deepcheck	-50.023220374963	6.842873235486819	50.023220374963	6.842873235486819	low	medium
G_r030_indel_5pct	30	15	indel	0.05	5.0	ins0.5_geom0.75	GB_GCA_963681965.1	Electryoneota	Bacteria	highly_fragmented	83.8885882643673	4.999991754747557	83.90090519780962	4.999991754747557	4244867	326	3773202	326	3773756	0.0501770114613529		0	0	189328	0	True	46.69790649414063	24.622467041015625	deepcheck	-37.19068177022667	19.622475286268067	37.19068177022667	19.622475286268067	low	medium
G_r030_chimera_5pct	30	16	chimera	0.05	5.0	rc0.5	GB_GCA_963681965.1	Electryoneota	Bacteria	highly_fragmented	83.8885882643673	4.999991754747557	83.8885882643673	4.999991754747557	4244867	326	3773202	318	3773202	0.0490797546012269		0	0	0	8	True	84.68546295166016	0.1400776207447052	deepcheck	0.7968746872928563	-4.859914134002852	0.7968746872928563	4.859914134002852	medium	medium
G_r030_chimera_10pct	30	17	chimera	0.1	10.0	rc0.5	GB_GCA_963681965.1	Electryoneota	Bacteria	highly_fragmented	83.8885882643673	4.999991754747557	83.8885882643673	4.999991754747557	4244867	326	3773202	310	3773202	0.0981595092024539		0	0	0	16	True	84.80823516845703	0.1504652202129364	deepcheck	0.9196469040897313	-4.849526534534621	0.9196469040897313	4.849526534534621	medium	medium
G_r030_chimera_20pct	30	18	chimera	0.2	20.0	rc0.5	GB_GCA_963681965.1	Electryoneota	Bacteria	highly_fragmented	83.8885882643673	4.999991754747557	83.8885882643673	4.999991754747557	4244867	326	3773202	293	3773202	0.2024539877300613		0	0	0	33	True	84.60205078125	0.1440934836864471	deepcheck	0.7134625168827	-4.85589827106111	0.7134625168827	4.85589827106111	medium	medium
G_r030_chimera_40pct	30	19	chimera	0.4	40.0	rc0.5	GB_GCA_963681965.1	Electryoneota	Bacteria	highly_fragmented	83.8885882643673	4.999991754747557	83.8885882643673	4.999991754747557	4244867	326	3773202	261	3773202	0.3987730061349693		0	0	0	65	True	84.6571044921875	0.1660242676734924	deepcheck	0.7685162278202	-4.833967487074065	0.7685162278202	4.833967487074065	medium	medium
G_r030_uneven_coverage_5pct	30	20	uneven_coverage	0.05	5.0	lognormal_sigma1.0	GB_GCA_963681965.1	Electryoneota	Bacteria	highly_fragmented	83.8885882643673	4.999991754747557	83.8885882643673	9.444418399916888	4244867	326	3773202	348	3961862	0.0499999734973107		188660	0	0	0	True	85.09516906738281	4.0281982421875	deepcheck	1.2065808030155125	-0.9717935125600574	1.2065808030155125	0.9717935125600574	medium	medium
G_r030_uneven_coverage_10pct	30	21	uneven_coverage	0.1	10.0	lognormal_sigma1.0	GB_GCA_963681965.1	Electryoneota	Bacteria	highly_fragmented	83.8885882643673	4.999991754747557	83.8885882643673	13.88884504508622	4244867	326	3773202	366	4150522	0.0999999469946215		377320	0	0	0	True	86.04415893554688	5.3780035972595215	deepcheck	2.155570671179575	0.37801184251196407	2.155570671179575	0.37801184251196407	medium	medium
G_r030_uneven_coverage_20pct	30	22	uneven_coverage	0.2	20.0	lognormal_sigma1.0	GB_GCA_963681965.1	Electryoneota	Bacteria	highly_fragmented	83.8885882643673	4.999991754747557	83.8885882643673	22.77769833542488	4244867	326	3773202	400	4527842	0.1999998939892431		754640	0	0	0	True	83.93424987792969	24.650394439697266	deepcheck	0.045661613562387515	19.650402684949707	0.045661613562387515	19.650402684949707	low	medium
G_r030_uneven_coverage_40pct	30	23	uneven_coverage	0.4	40.0	lognormal_sigma1.0	GB_GCA_963681965.1	Electryoneota	Bacteria	highly_fragmented	83.8885882643673	4.999991754747557	83.8885882643673	40.55542847396632	4244867	326	3773202	461	5282483	0.4000000530053784		1509281	0	0	0	True	84.33818054199219	29.88763427734375	deepcheck	0.4495922776248875	24.88764252259619	0.4495922776248875	24.88764252259619	low	medium
G_r031_none_control	31	0	none	0.0	0.0	control	RS_GCF_009617975.1	Nanohalarchaeota	Archaea	low	83.01527638954947	9.050164207576456	83.01527638954947	9.050164207576456	973463	10	896223	10	896223	0.0		0	0	0	0	True	79.34266662597656	0.0920981168746948	deepcheck	-3.6726097635729076	-8.958066090701761	3.6726097635729076	8.958066090701761	medium	medium
G_r031_substitution_0p1pct	31	1	substitution	0.001	0.1	uniform	RS_GCF_009617975.1	Nanohalarchaeota	Archaea	low	83.01527638954947	9.050164207576456	83.01527638954947	9.050164207576456	973463	10	896223	10	896223	0.0010488461019188	0.0089640838741259	0	940	0	0	True	77.5518569946289	0.3802180290222168	deepcheck	-5.463419394920564	-8.66994617855424	5.463419394920564	8.66994617855424	medium	medium
G_r031_substitution_0p5pct	31	2	substitution	0.005	0.5	uniform	RS_GCF_009617975.1	Nanohalarchaeota	Archaea	low	83.01527638954947	9.050164207576456	83.01527638954947	9.050164207576456	973463	10	896223	10	896223	0.0049753242217617	0.0441104216424403	0	4459	0	0	True	71.31041717529297	0.8084043860435486	deepcheck	-11.704859214256501	-8.241759821532908	11.704859214256501	8.241759821532908	medium	medium
G_r031_substitution_1pct	31	3	substitution	0.01	1.0	uniform	RS_GCF_009617975.1	Nanohalarchaeota	Archaea	low	83.01527638954947	9.050164207576456	83.01527638954947	9.050164207576456	973463	10	896223	10	896223	0.0100175960670502	0.0864827525163591	0	8978	0	0	True	52.27878189086914	0.8012377023696899	deepcheck	-30.73649449868033	-8.248926505206766	30.73649449868033	8.248926505206766	medium	medium
G_r031_substitution_2pct	31	4	substitution	0.02	2.0	uniform	RS_GCF_009617975.1	Nanohalarchaeota	Archaea	low	83.01527638954947	9.050164207576456	83.01527638954947	9.050164207576456	973463	10	896223	10	896223	0.0200329605466496	0.1662522378698502	0	17954	0	0	True	54.89424514770508	2.7802891731262207	deepcheck	-28.121031241844392	-6.269875034450235	28.121031241844392	6.269875034450235	medium	medium
G_r031_substitution_5pct	31	5	substitution	0.05	5.0	uniform	RS_GCF_009617975.1	Nanohalarchaeota	Archaea	low	83.01527638954947	9.050164207576456	83.01527638954947	9.050164207576456	973463	10	896223	10	896223	0.0502386124881865	0.3697505902753909	0	45025	0	0	True	40.03306198120117	5.395786762237549	deepcheck	-42.9822144083483	-3.6543774453389073	42.9822144083483	3.6543774453389073	low	medium
G_r031_substitution_titv_0p1pct	31	6	substitution_titv	0.001	0.1	titv_2	RS_GCF_009617975.1	Nanohalarchaeota	Archaea	low	83.01527638954947	9.050164207576456	83.01527638954947	9.050164207576456	973463	10	896223	10	896223	0.0010109091152536	0.0089640838741259	0	906	0	0	True	81.0843734741211	0.5262248516082764	deepcheck	-1.9309029154283763	-8.52393935596818	1.9309029154283763	8.52393935596818	medium	medium
G_r031_substitution_titv_0p5pct	31	7	substitution_titv	0.005	0.5	titv_2	RS_GCF_009617975.1	Nanohalarchaeota	Archaea	low	83.01527638954947	9.050164207576456	83.01527638954947	9.050164207576456	973463	10	896223	10	896223	0.005000987477447	0.0441104216424403	0	4482	0	0	True	74.77610778808594	2.240186214447021	deepcheck	-8.239168601463533	-6.809977993129435	8.239168601463533	6.809977993129435	medium	medium
G_r031_substitution_titv_1pct	31	8	substitution_titv	0.01	1.0	titv_2	RS_GCF_009617975.1	Nanohalarchaeota	Archaea	low	83.01527638954947	9.050164207576456	83.01527638954947	9.050164207576456	973463	10	896223	10	896223	0.0099551116184253	0.0864827525163591	0	8922	0	0	True	67.91511535644531	3.581249713897705	deepcheck	-15.100161033104158	-5.468914493678751	15.100161033104158	5.468914493678751	medium	medium
G_r031_substitution_titv_2pct	31	9	substitution_titv	0.02	2.0	titv_2	RS_GCF_009617975.1	Nanohalarchaeota	Archaea	low	83.01527638954947	9.050164207576456	83.01527638954947	9.050164207576456	973463	10	896223	10	896223	0.0199068758556743	0.1662522378698502	0	17841	0	0	True	55.65404891967773	2.005678415298462	deepcheck	-27.361227469871743	-7.044485792277994	27.361227469871743	7.044485792277994	medium	medium
G_r031_substitution_titv_5pct	31	10	substitution_titv	0.05	5.0	titv_2	RS_GCF_009617975.1	Nanohalarchaeota	Archaea	low	83.01527638954947	9.050164207576456	83.01527638954947	9.050164207576456	973463	10	896223	10	896223	0.0502196439948539	0.3697505902753909	0	45008	0	0	True	40.56691360473633	8.515804290771484	deepcheck	-42.44836278481314	-0.5343599168049717	42.44836278481314	0.5343599168049717	low	medium
G_r031_indel_0p1pct	31	11	indel	0.001	0.1	ins0.5_geom0.75	RS_GCF_009617975.1	Nanohalarchaeota	Archaea	low	83.01527638954947	9.050164207576456	83.01342383105926	9.050164207576456	973463	10	896223	10	896203	0.0010276460211353		0	0	921	0	True	42.44229888916016	1.8056824207305908	deepcheck	-40.57297750038931	-7.244481786845865	40.57297750038931	7.244481786845865	low	medium
G_r031_indel_0p5pct	31	12	indel	0.005	0.5	ins0.5_geom0.75	RS_GCF_009617975.1	Nanohalarchaeota	Archaea	low	83.01527638954947	9.050164207576456	83.01296069143667	9.050164207576456	973463	10	896223	10	896198	0.0049675136656836		0	0	4452	0	True	29.362932205200195	6.19004487991333	deepcheck	-53.652344184349275	-2.860119327663126	53.652344184349275	2.860119327663126	low	medium
G_r031_indel_1pct	31	13	indel	0.01	1.0	ins0.5_geom0.75	RS_GCF_009617975.1	Nanohalarchaeota	Archaea	low	83.01527638954947	9.050164207576456	83.0218529721898	9.050164207576456	973463	10	896223	10	896294	0.0098825850262713		0	0	8857	0	True	35.1331901550293	13.80456829071045	deepcheck	-47.88208623452017	4.754404083133993	47.88208623452017	4.754404083133993	low	medium
G_r031_indel_2pct	31	14	indel	0.02	2.0	ins0.5_geom0.75	RS_GCF_009617975.1	Nanohalarchaeota	Archaea	low	83.01527638954947	9.050164207576456	83.04491732539319	9.050164207576456	973463	10	896223	10	896543	0.0199827498290046		0	0	17909	0	True	45.30270004272461	10.014703750610352	deepcheck	-37.71257634682486	0.9645395430338954	37.71257634682486	0.9645395430338954	low	medium
G_r031_indel_5pct	31	15	indel	0.05	5.0	ins0.5_geom0.75	RS_GCF_009617975.1	Nanohalarchaeota	Archaea	low	83.01527638954947	9.050164207576456	83.0674259110495	9.050164207576456	973463	10	896223	10	896786	0.0505064029822934		0	0	45265	0	True	28.606678009033203	7.7447333335876465	deepcheck	-54.40859838051627	-1.3054308739888096	54.40859838051627	1.3054308739888096	low	medium
G_r031_chimera_5pct	31	16	chimera	0.05	5.0	rc0.5	RS_GCF_009617975.1	Nanohalarchaeota	Archaea	low	83.01527638954947	9.050164207576456	83.01527638954947	9.050164207576456	973463	10	896223	10	896223	0.0		0	0	0	0	True	79.34266662597656	0.0920981168746948	deepcheck	-3.6726097635729076	-8.958066090701761	3.6726097635729076	8.958066090701761	medium	medium
G_r031_chimera_10pct	31	17	chimera	0.1	10.0	rc0.5	RS_GCF_009617975.1	Nanohalarchaeota	Archaea	low	83.01527638954947	9.050164207576456	83.01527638954947	9.050164207576456	973463	10	896223	10	896223	0.0		0	0	0	0	True	79.34266662597656	0.0920981168746948	deepcheck	-3.6726097635729076	-8.958066090701761	3.6726097635729076	8.958066090701761	medium	medium
G_r031_chimera_20pct	31	18	chimera	0.2	20.0	rc0.5	RS_GCF_009617975.1	Nanohalarchaeota	Archaea	low	83.01527638954947	9.050164207576456	83.01527638954947	9.050164207576456	973463	10	896223	9	896223	0.2		0	0	0	1	True	79.34736633300781	0.0922076404094696	deepcheck	-3.6679100565416576	-8.957956567166987	3.6679100565416576	8.957956567166987	medium	medium
G_r031_chimera_40pct	31	19	chimera	0.4	40.0	rc0.5	RS_GCF_009617975.1	Nanohalarchaeota	Archaea	low	83.01527638954947	9.050164207576456	83.01527638954947	9.050164207576456	973463	10	896223	8	896223	0.4		0	0	0	2	True	79.03345489501953	0.1308195292949676	deepcheck	-3.981821494529939	-8.919344678281488	3.981821494529939	8.919344678281488	medium	medium
G_r031_uneven_coverage_5pct	31	20	uneven_coverage	0.05	5.0	lognormal_sigma1.0	RS_GCF_009617975.1	Nanohalarchaeota	Archaea	low	83.01527638954947	9.050164207576456	83.01527638954947	13.653420828526611	973463	10	896223	11	941034	0.0499998326309411		44811	0	0	0	True	81.12898254394531	2.4686641693115234	deepcheck	-1.8862938456041576	-6.581500038264933	1.8862938456041576	6.581500038264933	medium	medium
G_r031_uneven_coverage_10pct	31	21	uneven_coverage	0.1	10.0	lognormal_sigma1.0	RS_GCF_009617975.1	Nanohalarchaeota	Archaea	low	83.01527638954947	9.050164207576456	83.01527638954947	18.256677449476765	973463	10	896223	12	985845	0.0999996652618823		89622	0	0	0	True	76.77735900878906	7.470096588134766	deepcheck	-6.237917380760408	-1.5800676194416905	6.237917380760408	1.5800676194416905	medium	medium
G_r031_uneven_coverage_20pct	31	22	uneven_coverage	0.2	20.0	lognormal_sigma1.0	RS_GCF_009617975.1	Nanohalarchaeota	Archaea	low	83.01527638954947	9.050164207576456	83.01527638954947	27.463293417418026	973463	10	896223	12	1075468	0.2000004463174901		179245	0	0	0	True	83.3908462524414	9.07742691040039	deepcheck	0.37556986289193617	0.027262702823934504	0.37556986289193617	0.027262702823934504	medium	medium
G_r031_uneven_coverage_40pct	31	23	uneven_coverage	0.4	40.0	lognormal_sigma1.0	RS_GCF_009617975.1	Nanohalarchaeota	Archaea	low	83.01527638954947	9.050164207576456	83.01527638954947	45.87631990121864	973463	10	896223	16	1254712	0.3999997768412549		358489	0	0	0	True	73.20489501953125	30.59053421020508	deepcheck	-9.81038137001822	21.540370002628627	9.81038137001822	21.540370002628627	low	medium
G_r032_none_control	32	0	none	0.0	0.0	control	RS_GCF_000695975.1	Nitrospirota_A	Bacteria	medium	86.24392588127016	4.999989273079506	86.24392588127016	4.999989273079506	2330585	8	2126517	8	2126517	0.0		0	0	0	0	True	78.9156265258789	4.822734832763672	deepcheck	-7.328299355391252	-0.17725444031583404	7.328299355391252	0.17725444031583404	medium	medium
G_r032_substitution_0p1pct	32	1	substitution	0.001	0.1	uniform	RS_GCF_000695975.1	Nitrospirota_A	Bacteria	medium	86.24392588127016	4.999989273079506	86.24392588127016	4.999989273079506	2330585	8	2126517	8	2126517	0.0010115131926996	0.0089640838741259	0	2151	0	0	True	77.94593811035156	4.797225475311279	deepcheck	-8.297987770918596	-0.20276379776822662	8.297987770918596	0.20276379776822662	medium	medium
G_r032_substitution_0p5pct	32	2	substitution	0.005	0.5	uniform	RS_GCF_000695975.1	Nitrospirota_A	Bacteria	medium	86.24392588127016	4.999989273079506	86.24392588127016	4.999989273079506	2330585	8	2126517	8	2126517	0.0050552147008465	0.0441104216424403	0	10750	0	0	True	73.95757293701172	5.547893524169922	deepcheck	-12.28635294425844	0.547904251090416	12.28635294425844	0.547904251090416	medium	medium
G_r032_substitution_1pct	32	3	substitution	0.01	1.0	uniform	RS_GCF_000695975.1	Nitrospirota_A	Bacteria	medium	86.24392588127016	4.999989273079506	86.24392588127016	4.999989273079506	2330585	8	2126517	8	2126517	0.0100187301582822	0.0864827525163591	0	21305	0	0	True	72.50972747802734	5.807865619659424	deepcheck	-13.734198403242814	0.8078763465799179	13.734198403242814	0.8078763465799179	medium	medium
G_r032_substitution_2pct	32	4	substitution	0.02	2.0	uniform	RS_GCF_000695975.1	Nitrospirota_A	Bacteria	medium	86.24392588127016	4.999989273079506	86.24392588127016	4.999989273079506	2330585	8	2126517	8	2126517	0.0200525083975345	0.1662522378698502	0	42642	0	0	True	65.87712097167969	4.881624698638916	deepcheck	-20.36680490959047	-0.1183645744405899	20.36680490959047	0.1183645744405899	medium	medium
G_r032_substitution_5pct	32	5	substitution	0.05	5.0	uniform	RS_GCF_000695975.1	Nitrospirota_A	Bacteria	medium	86.24392588127016	4.999989273079506	86.24392588127016	4.999989273079506	2330585	8	2126517	8	2126517	0.0499624503354546	0.3697505902753909	0	106246	0	0	True	47.29705047607422	3.628251791000366	deepcheck	-38.94687540519594	-1.3717374820791397	38.94687540519594	1.3717374820791397	low	medium
G_r032_substitution_titv_0p1pct	32	6	substitution_titv	0.001	0.1	titv_2	RS_GCF_000695975.1	Nitrospirota_A	Bacteria	medium	86.24392588127016	4.999989273079506	86.24392588127016	4.999989273079506	2330585	8	2126517	8	2126517	0.0009809467782293	0.0089640838741259	0	2086	0	0	True	78.5538558959961	4.882875919342041	deepcheck	-7.690069985274064	-0.1171133537374649	7.690069985274064	0.1171133537374649	medium	medium
G_r032_substitution_titv_0p5pct	32	7	substitution_titv	0.005	0.5	titv_2	RS_GCF_000695975.1	Nitrospirota_A	Bacteria	medium	86.24392588127016	4.999989273079506	86.24392588127016	4.999989273079506	2330585	8	2126517	8	2126517	0.0050613279837405	0.0441104216424403	0	10763	0	0	True	74.5141830444336	4.789068698883057	deepcheck	-11.729742836836564	-0.21092057419644927	11.729742836836564	0.21092057419644927	medium	medium
G_r032_substitution_titv_1pct	32	8	substitution_titv	0.01	1.0	titv_2	RS_GCF_000695975.1	Nitrospirota_A	Bacteria	medium	86.24392588127016	4.999989273079506	86.24392588127016	4.999989273079506	2330585	8	2126517	8	2126517	0.0101080781390414	0.0864827525163591	0	21495	0	0	True	73.21636962890625	5.123445987701416	deepcheck	-13.027556252363908	0.1234567146219101	13.027556252363908	0.1234567146219101	medium	medium
G_r032_substitution_titv_2pct	32	9	substitution_titv	0.02	2.0	titv_2	RS_GCF_000695975.1	Nitrospirota_A	Bacteria	medium	86.24392588127016	4.999989273079506	86.24392588127016	4.999989273079506	2330585	8	2126517	8	2126517	0.0200981228929747	0.1662522378698502	0	42739	0	0	True	64.68135070800781	6.017885208129883	deepcheck	-21.562575173262346	1.017895935050377	21.562575173262346	1.017895935050377	medium	medium
G_r032_substitution_titv_5pct	32	10	substitution_titv	0.05	5.0	titv_2	RS_GCF_000695975.1	Nitrospirota_A	Bacteria	medium	86.24392588127016	4.999989273079506	86.24392588127016	4.999989273079506	2330585	8	2126517	8	2126517	0.0500132376087282	0.3697505902753909	0	106354	0	0	True	47.39043045043945	4.04671573638916	deepcheck	-38.853495430830705	-0.9532735366903458	38.853495430830705	0.9532735366903458	low	medium
G_r032_indel_0p1pct	32	11	indel	0.001	0.1	ins0.5_geom0.75	RS_GCF_000695975.1	Nitrospirota_A	Bacteria	medium	86.24392588127016	4.999989273079506	86.24493979187939	4.999989273079506	2330585	8	2126517	8	2126542	0.0009974056167902		0	0	2121	0	True	60.36260223388672	4.812069416046143	deepcheck	-25.88132364738344	-0.18791985703336334	25.88132364738344	0.18791985703336334	medium	medium
G_r032_indel_0p5pct	32	12	indel	0.005	0.5	ins0.5_geom0.75	RS_GCF_000695975.1	Nitrospirota_A	Bacteria	medium	86.24392588127016	4.999989273079506	86.24080303659369	4.999989273079506	2330585	8	2126517	8	2126440	0.0050067786902244		0	0	10647	0	True	27.00367927551269	1.5132050514221191	deepcheck	-59.24024660575746	-3.4867842216573868	59.24024660575746	3.4867842216573868	low	medium
G_r032_indel_1pct	32	13	indel	0.01	1.0	ins0.5_geom0.75	RS_GCF_000695975.1	Nitrospirota_A	Bacteria	medium	86.24392588127016	4.999989273079506	86.25556557506424	4.999989273079506	2330585	8	2126517	8	2126804	0.0100102656127366		0	0	21287	0	True	21.941974639892575	1.7097331285476685	deepcheck	-64.30195124137758	-3.2902561445318375	64.30195124137758	3.2902561445318375	low	medium
G_r032_indel_2pct	32	14	indel	0.02	2.0	ins0.5_geom0.75	RS_GCF_000695975.1	Nitrospirota_A	Bacteria	medium	86.24392588127016	4.999989273079506	86.27925052689612	4.999989273079506	2330585	8	2126517	8	2127388	0.0199796192553363		0	0	42487	0	True	29.442426681518555	4.457143783569336	deepcheck	-56.8014991997516	-0.54284548951017	56.8014991997516	0.54284548951017	low	medium
G_r032_indel_5pct	32	15	indel	0.05	5.0	ins0.5_geom0.75	RS_GCF_000695975.1	Nitrospirota_A	Bacteria	medium	86.24392588127016	4.999989273079506	86.26359574708944	4.999989273079506	2330585	8	2126517	8	2127002	0.0500818944781537		0	0	106500	0	True	18.28730010986328	5.447510719299316	deepcheck	-67.95662577140688	0.4475214462198105	67.95662577140688	0.4475214462198105	low	medium
G_r032_chimera_5pct	32	16	chimera	0.05	5.0	rc0.5	RS_GCF_000695975.1	Nitrospirota_A	Bacteria	medium	86.24392588127016	4.999989273079506	86.24392588127016	4.999989273079506	2330585	8	2126517	7	2126517	0.25		0	0	0	1	True	78.87380981445312	4.819453716278076	deepcheck	-7.370116066817033	-0.18053555680142974	7.370116066817033	0.18053555680142974	medium	medium
G_r032_chimera_10pct	32	17	chimera	0.1	10.0	rc0.5	RS_GCF_000695975.1	Nitrospirota_A	Bacteria	medium	86.24392588127016	4.999989273079506	86.24392588127016	4.999989273079506	2330585	8	2126517	7	2126517	0.25		0	0	0	1	True	78.98001098632812	4.823055744171143	deepcheck	-7.263914894942033	-0.17693352890836334	7.263914894942033	0.17693352890836334	medium	medium
G_r032_chimera_20pct	32	18	chimera	0.2	20.0	rc0.5	RS_GCF_000695975.1	Nitrospirota_A	Bacteria	medium	86.24392588127016	4.999989273079506	86.24392588127016	4.999989273079506	2330585	8	2126517	7	2126517	0.25		0	0	0	1	True	78.91321563720703	4.822476387023926	deepcheck	-7.330710244063127	-0.17751288605558013	7.330710244063127	0.17751288605558013	medium	medium
G_r032_chimera_40pct	32	19	chimera	0.4	40.0	rc0.5	RS_GCF_000695975.1	Nitrospirota_A	Bacteria	medium	86.24392588127016	4.999989273079506	86.24392588127016	4.999989273079506	2330585	8	2126517	6	2126517	0.5		0	0	0	2	True	79.2160415649414	4.821649074554443	deepcheck	-7.027884316328752	-0.17834019852506255	7.027884316328752	0.17834019852506255	medium	medium
G_r032_uneven_coverage_5pct	32	20	uneven_coverage	0.05	5.0	lognormal_sigma1.0	RS_GCF_000695975.1	Nitrospirota_A	Bacteria	medium	86.24392588127016	4.999989273079506	86.24392588127016	9.562191466949283	2330585	8	2126517	9	2232843	0.0500000705378795		106326	0	0	0	True	78.12285614013672	7.278626441955566	deepcheck	-8.12106974113344	2.2786371688760605	8.12106974113344	2.2786371688760605	medium	medium
G_r032_uneven_coverage_10pct	32	21	uneven_coverage	0.1	10.0	lognormal_sigma1.0	RS_GCF_000695975.1	Nitrospirota_A	Bacteria	medium	86.24392588127016	4.999989273079506	86.24392588127016	14.124393660819065	2330585	8	2126517	9	2339169	0.1000001410757591		212652	0	0	0	True	78.63056182861328	11.783278465270996	deepcheck	-7.613364052656877	6.78328919219149	7.613364052656877	6.78328919219149	low	medium
G_r032_uneven_coverage_20pct	32	22	uneven_coverage	0.2	20.0	lognormal_sigma1.0	RS_GCF_000695975.1	Nitrospirota_A	Bacteria	medium	86.24392588127016	4.999989273079506	86.24392588127016	23.248755140876646	2330585	8	2126517	11	2551820	0.1999998118989878		425303	0	0	0	True	78.54393005371094	17.743003845214844	deepcheck	-7.699995827559221	12.743014572135337	7.699995827559221	12.743014572135337	low	medium
G_r032_uneven_coverage_40pct	32	23	uneven_coverage	0.4	40.0	lognormal_sigma1.0	RS_GCF_000695975.1	Nitrospirota_A	Bacteria	medium	86.24392588127016	4.999989273079506	86.24392588127016	41.497563916355766	2330585	8	2126517	12	2977124	0.400000094050506		850607	0	0	0	True	81.42003631591797	45.253448486328125	deepcheck	-4.823889565352189	40.25345921324862	4.823889565352189	40.25345921324862	low	medium
G_r033_none_control	33	0	none	0.0	0.0	control	RS_GCF_000212395.1	Thermodesulfobiota	Bacteria	highly_fragmented	61.99961555982126	9.999973668480909	61.99961555982126	9.999973668480909	1898865	31	1367175	31	1367175	0.0		0	0	0	0	True	58.78467559814453	-0.1423276960849762	deepcheck	-3.214939961676727	-10.142301364565885	3.214939961676727	10.142301364565885	medium	medium
G_r033_substitution_0p1pct	33	1	substitution	0.001	0.1	uniform	RS_GCF_000212395.1	Thermodesulfobiota	Bacteria	highly_fragmented	61.99961555982126	9.999973668480909	61.99961555982126	9.999973668480909	1898865	31	1367175	31	1367175	0.001034249455995	0.0089640838741259	0	1414	0	0	True	57.76779174804688	0.0226542353630065	deepcheck	-4.231823811774376	-9.977319433117902	4.231823811774376	9.977319433117902	medium	medium
G_r033_substitution_0p5pct	33	2	substitution	0.005	0.5	uniform	RS_GCF_000212395.1	Thermodesulfobiota	Bacteria	highly_fragmented	61.99961555982126	9.999973668480909	61.99961555982126	9.999973668480909	1898865	31	1367175	31	1367175	0.0049086620220527	0.0441104216424403	0	6711	0	0	True	55.2594108581543	0.1076959073543548	deepcheck	-6.740204701666961	-9.892277761126554	6.740204701666961	9.892277761126554	medium	medium
G_r033_substitution_1pct	33	3	substitution	0.01	1.0	uniform	RS_GCF_000212395.1	Thermodesulfobiota	Bacteria	highly_fragmented	61.99961555982126	9.999973668480909	61.99961555982126	9.999973668480909	1898865	31	1367175	31	1367175	0.0099489823906961	0.0864827525163591	0	13602	0	0	True	50.382625579833984	0.2369150519371032	deepcheck	-11.616989979987274	-9.763058616543805	11.616989979987274	9.763058616543805	medium	medium
G_r033_substitution_2pct	33	4	substitution	0.02	2.0	uniform	RS_GCF_000212395.1	Thermodesulfobiota	Bacteria	highly_fragmented	61.99961555982126	9.999973668480909	61.99961555982126	9.999973668480909	1898865	31	1367175	31	1367175	0.019854078665862	0.1662522378698502	0	27144	0	0	True	42.35866165161133	0.1749470829963684	deepcheck	-19.64095390820993	-9.82502658548454	19.64095390820993	9.82502658548454	low	medium
G_r033_substitution_5pct	33	5	substitution	0.05	5.0	uniform	RS_GCF_000212395.1	Thermodesulfobiota	Bacteria	highly_fragmented	61.99961555982126	9.999973668480909	61.99961555982126	9.999973668480909	1898865	31	1367175	31	1367175	0.0500338288807211	0.3697505902753909	0	68405	0	0	True	27.868600845336918	1.2438267469406128	deepcheck	-34.13101471448434	-8.756146921540296	34.13101471448434	8.756146921540296	low	medium
G_r033_substitution_titv_0p1pct	33	6	substitution_titv	0.001	0.1	titv_2	RS_GCF_000212395.1	Thermodesulfobiota	Bacteria	highly_fragmented	61.99961555982126	9.999973668480909	61.99961555982126	9.999973668480909	1898865	31	1367175	31	1367175	0.001007186351418	0.0089640838741259	0	1377	0	0	True	57.6319465637207	0.0501342117786407	deepcheck	-4.367668996100555	-9.949839456702268	4.367668996100555	9.949839456702268	medium	medium
G_r033_substitution_titv_0p5pct	33	7	substitution_titv	0.005	0.5	titv_2	RS_GCF_000212395.1	Thermodesulfobiota	Bacteria	highly_fragmented	61.99961555982126	9.999973668480909	61.99961555982126	9.999973668480909	1898865	31	1367175	31	1367175	0.0050476347212317	0.0441104216424403	0	6901	0	0	True	55.07388687133789	0.0720500946044921	deepcheck	-6.9257286884833675	-9.927923573876416	6.9257286884833675	9.927923573876416	medium	medium
G_r033_substitution_titv_1pct	33	8	substitution_titv	0.01	1.0	titv_2	RS_GCF_000212395.1	Thermodesulfobiota	Bacteria	highly_fragmented	61.99961555982126	9.999973668480909	61.99961555982126	9.999973668480909	1898865	31	1367175	31	1367175	0.0099255764624133	0.0864827525163591	0	13570	0	0	True	54.7048454284668	0.3118541240692138	deepcheck	-7.294770131354461	-9.688119544411695	7.294770131354461	9.688119544411695	medium	medium
G_r033_substitution_titv_2pct	33	9	substitution_titv	0.02	2.0	titv_2	RS_GCF_000212395.1	Thermodesulfobiota	Bacteria	highly_fragmented	61.99961555982126	9.999973668480909	61.99961555982126	9.999973668480909	1898865	31	1367175	31	1367175	0.0199784226598643	0.1662522378698502	0	27314	0	0	True	48.55118179321289	1.5809215307235718	deepcheck	-13.448433766608368	-8.419052137757337	13.448433766608368	8.419052137757337	low	medium
G_r033_substitution_titv_5pct	33	10	substitution_titv	0.05	5.0	titv_2	RS_GCF_000212395.1	Thermodesulfobiota	Bacteria	highly_fragmented	61.99961555982126	9.999973668480909	61.99961555982126	9.999973668480909	1898865	31	1367175	31	1367175	0.0502517965878545	0.3697505902753909	0	68703	0	0	True	37.49362564086914	0.2362757921218872	deepcheck	-24.505989918952118	-9.763697876359021	24.505989918952118	9.763697876359021	low	medium
G_r033_indel_0p1pct	33	11	indel	0.001	0.1	ins0.5_geom0.75	RS_GCF_000212395.1	Thermodesulfobiota	Bacteria	highly_fragmented	61.99961555982126	9.999973668480909	62.00269927175139	9.999973668480909	1898865	31	1367175	31	1367243	0.001002797739865		0	0	1371	0	True	46.63355255126953	0.7080733776092529	deepcheck	-15.366063008551727	-9.291900290871656	15.366063008551727	9.291900290871656	low	medium
G_r033_indel_0p5pct	33	12	indel	0.005	0.5	ins0.5_geom0.75	RS_GCF_000212395.1	Thermodesulfobiota	Bacteria	highly_fragmented	61.99961555982126	9.999973668480909	61.999570211116406	9.999973668480909	1898865	31	1367175	31	1367174	0.0049825369831952		0	0	6812	0	True	23.506572723388672	0.2440713346004486	deepcheck	-38.493042836432586	-9.75590233388046	38.493042836432586	9.75590233388046	low	medium
G_r033_indel_1pct	33	13	indel	0.01	1.0	ins0.5_geom0.75	RS_GCF_000212395.1	Thermodesulfobiota	Bacteria	highly_fragmented	61.99961555982126	9.999973668480909	62.00496670699412	9.999973668480909	1898865	31	1367175	31	1367293	0.01003456031598		0	0	13719	0	True	15.401521682739258	1.2830108404159546	deepcheck	-46.598093877082	-8.716962828064954	46.598093877082	8.716962828064954	low	medium
G_r033_indel_2pct	33	14	indel	0.02	2.0	ins0.5_geom0.75	RS_GCF_000212395.1	Thermodesulfobiota	Bacteria	highly_fragmented	61.99961555982126	9.999973668480909	62.00995506452815	9.999973668480909	1898865	31	1367175	31	1367403	0.0200588805383363		0	0	27424	0	True	38.81760787963867	17.974653244018555	deepcheck	-23.182007680182586	7.974679575537646	23.182007680182586	7.974679575537646	low	medium
G_r033_indel_5pct	33	15	indel	0.05	5.0	ins0.5_geom0.75	RS_GCF_000212395.1	Thermodesulfobiota	Bacteria	highly_fragmented	61.99961555982126	9.999973668480909	61.99630510436687	9.999973668480909	1898865	31	1367175	31	1367102	0.049703220143727		0	0	67953	0	True	30.013019561767575	6.455764293670654	deepcheck	-31.986595998053684	-3.5442093748102543	31.986595998053684	3.5442093748102543	low	medium
G_r033_chimera_5pct	33	16	chimera	0.05	5.0	rc0.5	RS_GCF_000212395.1	Thermodesulfobiota	Bacteria	highly_fragmented	61.99961555982126	9.999973668480909	61.99961555982126	9.999973668480909	1898865	31	1367175	31	1367175	0.0		0	0	0	0	True	58.78467559814453	-0.1423276960849762	deepcheck	-3.214939961676727	-10.142301364565885	3.214939961676727	10.142301364565885	medium	medium
G_r033_chimera_10pct	33	17	chimera	0.1	10.0	rc0.5	RS_GCF_000212395.1	Thermodesulfobiota	Bacteria	highly_fragmented	61.99961555982126	9.999973668480909	61.99961555982126	9.999973668480909	1898865	31	1367175	30	1367175	0.064516129032258		0	0	0	1	True	58.97032165527344	-0.1057781279087066	deepcheck	-3.0292939045478207	-10.105751796389615	3.0292939045478207	10.105751796389615	medium	medium
G_r033_chimera_20pct	33	18	chimera	0.2	20.0	rc0.5	RS_GCF_000212395.1	Thermodesulfobiota	Bacteria	highly_fragmented	61.99961555982126	9.999973668480909	61.99961555982126	9.999973668480909	1898865	31	1367175	28	1367175	0.1935483870967742		0	0	0	3	True	58.62863159179688	-0.0250250101089477	deepcheck	-3.370983968024376	-10.024998678589856	3.370983968024376	10.024998678589856	medium	medium
G_r033_chimera_40pct	33	19	chimera	0.4	40.0	rc0.5	RS_GCF_000212395.1	Thermodesulfobiota	Bacteria	highly_fragmented	61.99961555982126	9.999973668480909	61.99961555982126	9.999973668480909	1898865	31	1367175	25	1367175	0.3870967741935484		0	0	0	6	True	58.77484130859375	-0.1439966261386871	deepcheck	-3.224774251227508	-10.143970294619596	3.224774251227508	10.143970294619596	medium	medium
G_r033_uneven_coverage_5pct	33	20	uneven_coverage	0.05	5.0	lognormal_sigma1.0	RS_GCF_000212395.1	Thermodesulfobiota	Bacteria	highly_fragmented	61.99961555982126	9.999973668480909	61.99961555982126	13.599966295655562	1898865	31	1367175	33	1435534	0.0500001828588147		68359	0	0	0	True	59.37624740600586	2.0582165718078613	deepcheck	-2.623368153815399	-7.941757096673047	2.623368153815399	7.941757096673047	medium	medium
G_r033_uneven_coverage_10pct	33	21	uneven_coverage	0.1	10.0	lognormal_sigma1.0	RS_GCF_000212395.1	Thermodesulfobiota	Bacteria	highly_fragmented	61.99961555982126	9.999973668480909	61.99961555982126	17.199958922830216	1898865	31	1367175	33	1503893	0.1000003657176294		136718	0	0	0	True	59.87223815917969	2.107534885406494	deepcheck	-2.1273774006415707	-7.8924387830744145	2.1273774006415707	7.8924387830744145	medium	medium
G_r033_uneven_coverage_20pct	33	22	uneven_coverage	0.2	20.0	lognormal_sigma1.0	RS_GCF_000212395.1	Thermodesulfobiota	Bacteria	highly_fragmented	61.99961555982126	9.999973668480909	61.99961555982126	24.39989151414134	1898865	31	1367175	40	1640610	0.2		273435	0	0	0	True	58.95221710205078	8.293426513671875	deepcheck	-3.047398457770477	-1.7065471548090336	3.047398457770477	1.7065471548090336	medium	medium
G_r033_uneven_coverage_40pct	33	23	uneven_coverage	0.4	40.0	lognormal_sigma1.0	RS_GCF_000212395.1	Thermodesulfobiota	Bacteria	highly_fragmented	61.99961555982126	9.999973668480909	61.99961555982126	38.79980935980178	1898865	31	1367175	48	1914045	0.4		546870	0	0	0	True	56.79650115966797	15.227070808410645	deepcheck	-5.203114400153289	5.227097139929736	5.203114400153289	5.227097139929736	low	medium
G_r034_none_control	34	0	none	0.0	0.0	control	GB_GCA_963674695.1	UBA10199	Bacteria	high	84.76789082209743	0.0	84.76789082209743	0.0	3033874	1	2571751	1	2571751	0.0		0	0	0	0	True	91.52141571044922	-0.0242620706558227	deepcheck	6.753524888351791	-0.0242620706558227	6.753524888351791	0.0242620706558227	high	medium
G_r034_substitution_0p1pct	34	1	substitution	0.001	0.1	uniform	GB_GCA_963674695.1	UBA10199	Bacteria	high	84.76789082209743	0.0	84.76789082209743	0.0	3033874	1	2571751	1	2571751	0.0009880427770806	0.0089640838741259	0	2541	0	0	True	90.76038360595705	-0.0898927450180053	deepcheck	5.992492783859618	-0.0898927450180053	5.992492783859618	0.0898927450180053	high	medium
G_r034_substitution_0p5pct	34	2	substitution	0.005	0.5	uniform	GB_GCA_963674695.1	UBA10199	Bacteria	high	84.76789082209743	0.0	84.76789082209743	0.0	3033874	1	2571751	1	2571751	0.0049433246064646	0.0441104216424403	0	12713	0	0	True	88.6976089477539	2.276942253112793	deepcheck	3.9297181256564784	2.276942253112793	3.9297181256564784	2.276942253112793	medium	medium
G_r034_substitution_1pct	34	3	substitution	0.01	1.0	uniform	GB_GCA_963674695.1	UBA10199	Bacteria	high	84.76789082209743	0.0	84.76789082209743	0.0	3033874	1	2571751	1	2571751	0.0100110780553793	0.0864827525163591	0	25746	0	0	True	87.00382995605469	1.6410953998565674	deepcheck	2.2359391339572596	1.6410953998565674	2.2359391339572596	1.6410953998565674	medium	medium
G_r034_substitution_2pct	34	4	substitution	0.02	2.0	uniform	GB_GCA_963674695.1	UBA10199	Bacteria	high	84.76789082209743	0.0	84.76789082209743	0.0	3033874	1	2571751	1	2571751	0.0201228657051168	0.1662522378698502	0	51751	0	0	True	78.86163330078125	0.5155995488166809	deepcheck	-5.906257521316178	0.5155995488166809	5.906257521316178	0.5155995488166809	medium	medium
G_r034_substitution_5pct	34	5	substitution	0.05	5.0	uniform	GB_GCA_963674695.1	UBA10199	Bacteria	high	84.76789082209743	0.0	84.76789082209743	0.0	3033874	1	2571751	1	2571751	0.0500585009979582	0.3697505902753909	0	128738	0	0	True	56.97056579589844	2.1035373210906982	deepcheck	-27.79732502619899	2.1035373210906982	27.79732502619899	2.1035373210906982	medium	medium
G_r034_substitution_titv_0p1pct	34	6	substitution_titv	0.001	0.1	titv_2	GB_GCA_963674695.1	UBA10199	Bacteria	high	84.76789082209743	0.0	84.76789082209743	0.0	3033874	1	2571751	1	2571751	0.0010214830284891	0.0089640838741259	0	2627	0	0	True	91.11772918701172	-0.0069878995418548	deepcheck	6.349838364914291	-0.0069878995418548	6.349838364914291	0.0069878995418548	high	medium
G_r034_substitution_titv_0p5pct	34	7	substitution_titv	0.005	0.5	titv_2	GB_GCA_963674695.1	UBA10199	Bacteria	high	84.76789082209743	0.0	84.76789082209743	0.0	3033874	1	2571751	1	2571751	0.0049946515039753	0.0441104216424403	0	12845	0	0	True	91.24008178710938	0.658989667892456	deepcheck	6.472190965011947	0.658989667892456	6.472190965011947	0.658989667892456	high	medium
G_r034_substitution_titv_1pct	34	8	substitution_titv	0.01	1.0	titv_2	GB_GCA_963674695.1	UBA10199	Bacteria	high	84.76789082209743	0.0	84.76789082209743	0.0	3033874	1	2571751	1	2571751	0.0100052454533895	0.0864827525163591	0	25731	0	0	True	84.93489837646484	1.980180263519287	deepcheck	0.16700755436741588	1.980180263519287	0.16700755436741588	1.980180263519287	medium	medium
G_r034_substitution_titv_2pct	34	9	substitution_titv	0.02	2.0	titv_2	GB_GCA_963674695.1	UBA10199	Bacteria	high	84.76789082209743	0.0	84.76789082209743	0.0	3033874	1	2571751	1	2571751	0.0197736872659911	0.1662522378698502	0	50853	0	0	True	82.27828979492188	2.824688673019409	deepcheck	-2.489601027175553	2.824688673019409	2.489601027175553	2.824688673019409	medium	medium
G_r034_substitution_titv_5pct	34	10	substitution_titv	0.05	5.0	titv_2	GB_GCA_963674695.1	UBA10199	Bacteria	high	84.76789082209743	0.0	84.76789082209743	0.0	3033874	1	2571751	1	2571751	0.0498982988633036	0.3697505902753909	0	128326	0	0	True	63.88649368286133	5.680309295654297	deepcheck	-20.8813971392361	5.680309295654297	20.8813971392361	5.680309295654297	medium	medium
G_r034_indel_0p1pct	34	11	indel	0.001	0.1	ins0.5_geom0.75	GB_GCA_963674695.1	UBA10199	Bacteria	high	84.76789082209743	0.0	84.76706679314961	0.0	3033874	1	2571751	1	2571726	0.001000096821193		0	0	2572	0	True	67.32611846923828	3.670410871505737	deepcheck	-17.441772352859147	3.670410871505737	17.441772352859147	3.670410871505737	medium	medium
G_r034_indel_0p5pct	34	12	indel	0.005	0.5	ins0.5_geom0.75	GB_GCA_963674695.1	UBA10199	Bacteria	high	84.76789082209743	0.0	84.76663829809675	0.0	3033874	1	2571751	1	2571713	0.0050265363948531		0	0	12927	0	True	28.68446922302246	6.149923324584961	deepcheck	-56.08342159907497	6.149923324584961	56.08342159907497	6.149923324584961	low	medium
G_r034_indel_1pct	34	13	indel	0.01	1.0	ins0.5_geom0.75	GB_GCA_963674695.1	UBA10199	Bacteria	high	84.76789082209743	0.0	84.77975683894584	0.0	3033874	1	2571751	1	2572111	0.0099858034467567		0	0	25681	0	True	34.386558532714844	15.82053279876709	deepcheck	-50.381332289382584	15.82053279876709	50.381332289382584	15.82053279876709	low	medium
G_r034_indel_2pct	34	14	indel	0.02	2.0	ins0.5_geom0.75	GB_GCA_963674695.1	UBA10199	Bacteria	high	84.76789082209743	0.0	84.77501043220649	0.0	3033874	1	2571751	1	2571967	0.0200458753588508		0	0	51553	0	True	39.28033828735352	12.93496799468994	deepcheck	-45.487552534743905	12.93496799468994	45.487552534743905	12.93496799468994	low	medium
G_r034_indel_5pct	34	15	indel	0.05	5.0	ins0.5_geom0.75	GB_GCA_963674695.1	UBA10199	Bacteria	high	84.76789082209743	0.0	84.76779193862369	0.0	3033874	1	2571751	1	2571748	0.049935238675906		0	0	128421	0	True	39.101837158203125	20.139652252197266	deepcheck	-45.6660536638943	20.139652252197266	45.6660536638943	20.139652252197266	low	medium
G_r034_chimera_5pct	34	16	chimera	0.05	5.0	rc0.5	GB_GCA_963674695.1	UBA10199	Bacteria	high	84.76789082209743	0.0	84.76789082209743	0.0	3033874	1	2571751	1	2571751	0.0		0	0	0	0	True	91.52141571044922	-0.0242620706558227	deepcheck	6.753524888351791	-0.0242620706558227	6.753524888351791	0.0242620706558227	high	medium
G_r034_chimera_10pct	34	17	chimera	0.1	10.0	rc0.5	GB_GCA_963674695.1	UBA10199	Bacteria	high	84.76789082209743	0.0	84.76789082209743	0.0	3033874	1	2571751	1	2571751	0.0		0	0	0	0	True	91.52141571044922	-0.0242620706558227	deepcheck	6.753524888351791	-0.0242620706558227	6.753524888351791	0.0242620706558227	high	medium
G_r034_chimera_20pct	34	18	chimera	0.2	20.0	rc0.5	GB_GCA_963674695.1	UBA10199	Bacteria	high	84.76789082209743	0.0	84.76789082209743	0.0	3033874	1	2571751	1	2571751	0.0		0	0	0	0	True	91.52141571044922	-0.0242620706558227	deepcheck	6.753524888351791	-0.0242620706558227	6.753524888351791	0.0242620706558227	high	medium
G_r034_chimera_40pct	34	19	chimera	0.4	40.0	rc0.5	GB_GCA_963674695.1	UBA10199	Bacteria	high	84.76789082209743	0.0	84.76789082209743	0.0	3033874	1	2571751	1	2571751	0.0		0	0	0	0	True	91.52141571044922	-0.0242620706558227	deepcheck	6.753524888351791	-0.0242620706558227	6.753524888351791	0.0242620706558227	high	medium
G_r034_uneven_coverage_5pct	34	20	uneven_coverage	0.05	5.0	lognormal_sigma1.0	GB_GCA_963674695.1	UBA10199	Bacteria	high	84.76789082209743	0.0	84.76789082209743	4.238409373625932	3033874	1	2571751	2	2700339	0.0500001749780597		128588	0	0	0	True	91.06321716308594	4.747175216674805	deepcheck	6.29532634098851	4.747175216674805	6.29532634098851	4.747175216674805	high	medium
G_r034_uneven_coverage_10pct	34	21	uneven_coverage	0.1	10.0	lognormal_sigma1.0	GB_GCA_963674695.1	UBA10199	Bacteria	high	84.76789082209743	0.0	84.76789082209743	8.47678578609395	3033874	1	2571751	2	2828926	0.0999999611159867		257175	0	0	0	True	90.85144805908205	7.120724201202393	deepcheck	6.083557236984618	7.120724201202393	6.083557236984618	7.120724201202393	medium	medium
G_r034_uneven_coverage_20pct	34	22	uneven_coverage	0.2	20.0	lognormal_sigma1.0	GB_GCA_963674695.1	UBA10199	Bacteria	high	84.76789082209743	0.0	84.76789082209743	16.9535715721879	3033874	1	2571751	2	3086101	0.1999999222319734		514350	0	0	0	True	92.24650573730467	19.79973602294922	deepcheck	7.478614915207245	19.79973602294922	7.478614915207245	19.79973602294922	low	medium
G_r034_uneven_coverage_40pct	34	23	uneven_coverage	0.4	40.0	lognormal_sigma1.0	GB_GCA_963674695.1	UBA10199	Bacteria	high	84.76789082209743	0.0	84.76789082209743	33.9071431443758	3033874	1	2571751	2	3600451	0.3999998444639469		1028700	0	0	0	True	94.77428436279295	49.67267990112305	deepcheck	10.006393540695527	49.67267990112305	10.006393540695527	49.67267990112305	low	medium
G_r035_none_control	35	0	none	0.0	0.0	control	GB_GCA_023898765.1	Pseudomonadota	Bacteria	low	71.71680431678045	0.0	71.71680431678045	0.0	1902529	10	1364433	10	1364433	0.0		0	0	0	0	True	72.42840576171875	-0.0189520418643951	deepcheck	0.7116014449382959	-0.0189520418643951	0.7116014449382959	0.0189520418643951	medium	medium
G_r035_substitution_0p1pct	35	1	substitution	0.001	0.1	uniform	GB_GCA_023898765.1	Pseudomonadota	Bacteria	low	71.71680431678045	0.0	71.71680431678045	0.0	1902529	10	1364433	10	1364433	0.0009960181262106	0.0089640838741259	0	1359	0	0	True	71.68341064453125	-0.0187903642654418	deepcheck	-0.03339367224920409	-0.0187903642654418	0.03339367224920409	0.0187903642654418	medium	medium
G_r035_substitution_0p5pct	35	2	substitution	0.005	0.5	uniform	GB_GCA_023898765.1	Pseudomonadota	Bacteria	low	71.71680431678045	0.0	71.71680431678045	0.0	1902529	10	1364433	10	1364433	0.0050387230446639	0.0441104216424403	0	6875	0	0	True	70.30529022216797	0.5630373954772949	deepcheck	-1.4115140946124853	0.5630373954772949	1.4115140946124853	0.5630373954772949	medium	medium
G_r035_substitution_1pct	35	3	substitution	0.01	1.0	uniform	GB_GCA_023898765.1	Pseudomonadota	Bacteria	low	71.71680431678045	0.0	71.71680431678045	0.0	1902529	10	1364433	10	1364433	0.0099931619947626	0.0864827525163591	0	13635	0	0	True	67.97265625	0.1889757812023162	deepcheck	-3.744148066780454	0.1889757812023162	3.744148066780454	0.1889757812023162	medium	medium
G_r035_substitution_2pct	35	4	substitution	0.02	2.0	uniform	GB_GCA_023898765.1	Pseudomonadota	Bacteria	low	71.71680431678045	0.0	71.71680431678045	0.0	1902529	10	1364433	10	1364433	0.0200530183600074	0.1662522378698502	0	27361	0	0	True	59.127201080322266	2.356227397918701	deepcheck	-12.589603236458188	2.356227397918701	12.589603236458188	2.356227397918701	medium	medium
G_r035_substitution_5pct	35	5	substitution	0.05	5.0	uniform	GB_GCA_023898765.1	Pseudomonadota	Bacteria	low	71.71680431678045	0.0	71.71680431678045	0.0	1902529	10	1364433	10	1364433	0.0500933354734164	0.3697505902753909	0	68349	0	0	True	43.90190505981445	0.7342371940612793	deepcheck	-27.814899256966	0.7342371940612793	27.814899256966	0.7342371940612793	low	medium
G_r035_substitution_titv_0p1pct	35	6	substitution_titv	0.001	0.1	titv_2	GB_GCA_023898765.1	Pseudomonadota	Bacteria	low	71.71680431678045	0.0	71.71680431678045	0.0	1902529	10	1364433	10	1364433	0.0010158065658042	0.0089640838741259	0	1386	0	0	True	72.53340148925781	0.0858061015605926	deepcheck	0.8165971724773584	0.0858061015605926	0.8165971724773584	0.0858061015605926	medium	medium
G_r035_substitution_titv_0p5pct	35	7	substitution_titv	0.005	0.5	titv_2	GB_GCA_023898765.1	Pseudomonadota	Bacteria	low	71.71680431678045	0.0	71.71680431678045	0.0	1902529	10	1364433	10	1364433	0.0050233320360911	0.0441104216424403	0	6854	0	0	True	70.36495208740234	0.1539766788482666	deepcheck	-1.3518522293781103	0.1539766788482666	1.3518522293781103	0.1539766788482666	medium	medium
G_r035_substitution_titv_1pct	35	8	substitution_titv	0.01	1.0	titv_2	GB_GCA_023898765.1	Pseudomonadota	Bacteria	low	71.71680431678045	0.0	71.71680431678045	0.0	1902529	10	1364433	10	1364433	0.0100268756325887	0.0864827525163591	0	13681	0	0	True	68.94658660888672	0.6136279702186584	deepcheck	-2.7702177078937353	0.6136279702186584	2.7702177078937353	0.6136279702186584	medium	medium
G_r035_substitution_titv_2pct	35	9	substitution_titv	0.02	2.0	titv_2	GB_GCA_023898765.1	Pseudomonadota	Bacteria	low	71.71680431678045	0.0	71.71680431678045	0.0	1902529	10	1364433	10	1364433	0.0198881146967275	0.1662522378698502	0	27136	0	0	True	60.87763214111328	1.9294779300689695	deepcheck	-10.839172175667173	1.9294779300689695	10.839172175667173	1.9294779300689695	medium	medium
G_r035_substitution_titv_5pct	35	10	substitution_titv	0.05	5.0	titv_2	GB_GCA_023898765.1	Pseudomonadota	Bacteria	low	71.71680431678045	0.0	71.71680431678045	0.0	1902529	10	1364433	10	1364433	0.0499687415944938	0.3697505902753909	0	68179	0	0	True	52.00179290771485	0.532954216003418	deepcheck	-19.715011409065603	0.532954216003418	19.715011409065603	0.532954216003418	medium	medium
G_r035_indel_0p1pct	35	11	indel	0.001	0.1	ins0.5_geom0.75	GB_GCA_023898765.1	Pseudomonadota	Bacteria	low	71.71680431678045	0.0	71.71764530264716	0.0	1902529	10	1364433	10	1364449	0.0009725651607664		0	0	1327	0	True	60.71171569824219	1.3872534036636353	deepcheck	-11.005088618538267	1.3872534036636353	11.005088618538267	1.3872534036636353	medium	medium
G_r035_indel_0p5pct	35	12	indel	0.005	0.5	ins0.5_geom0.75	GB_GCA_023898765.1	Pseudomonadota	Bacteria	low	71.71680431678045	0.0	71.71323012684695	0.0	1902529	10	1364433	10	1364365	0.005044586286025		0	0	6883	0	True	29.187335968017575	1.368147850036621	deepcheck	-42.529468348762876	1.368147850036621	42.529468348762876	1.368147850036621	low	medium
G_r035_indel_1pct	35	13	indel	0.01	1.0	ins0.5_geom0.75	GB_GCA_023898765.1	Pseudomonadota	Bacteria	low	71.71680431678045	0.0	71.70513563787989	0.0	1902529	10	1364433	10	1364211	0.0100899054772202		0	0	13767	0	True	16.793519973754883	1.041056990623474	deepcheck	-54.92328434302557	1.041056990623474	54.92328434302557	1.041056990623474	low	medium
G_r035_indel_2pct	35	14	indel	0.02	2.0	ins0.5_geom0.75	GB_GCA_023898765.1	Pseudomonadota	Bacteria	low	71.71680431678045	0.0	71.70229731057977	0.0	1902529	10	1364433	10	1364157	0.0200134414808202		0	0	27307	0	True	14.217190742492676	0.6384268403053284	deepcheck	-57.49961357428778	0.6384268403053284	57.49961357428778	0.6384268403053284	low	medium
G_r035_indel_5pct	35	15	indel	0.05	5.0	ins0.5_geom0.75	GB_GCA_023898765.1	Pseudomonadota	Bacteria	low	71.71680431678045	0.0	71.75365001006556	0.0	1902529	10	1364433	10	1365134	0.0501182542492009		0	0	68383	0	True	44.55751037597656	21.68653106689453	deepcheck	-27.15929394080389	21.68653106689453	27.15929394080389	21.68653106689453	low	medium
G_r035_chimera_5pct	35	16	chimera	0.05	5.0	rc0.5	GB_GCA_023898765.1	Pseudomonadota	Bacteria	low	71.71680431678045	0.0	71.71680431678045	0.0	1902529	10	1364433	10	1364433	0.0		0	0	0	0	True	72.42840576171875	-0.0189520418643951	deepcheck	0.7116014449382959	-0.0189520418643951	0.7116014449382959	0.0189520418643951	medium	medium
G_r035_chimera_10pct	35	17	chimera	0.1	10.0	rc0.5	GB_GCA_023898765.1	Pseudomonadota	Bacteria	low	71.71680431678045	0.0	71.71680431678045	0.0	1902529	10	1364433	9	1364433	0.2		0	0	0	1	True	72.65901184082031	-0.0365510582923889	deepcheck	0.9422075240398584	-0.0365510582923889	0.9422075240398584	0.0365510582923889	medium	medium
G_r035_chimera_20pct	35	18	chimera	0.2	20.0	rc0.5	GB_GCA_023898765.1	Pseudomonadota	Bacteria	low	71.71680431678045	0.0	71.71680431678045	0.0	1902529	10	1364433	9	1364433	0.2		0	0	0	1	True	72.65860748291016	-0.036565214395523	deepcheck	0.9418031661297022	-0.036565214395523	0.9418031661297022	0.036565214395523	medium	medium
G_r035_chimera_40pct	35	19	chimera	0.4	40.0	rc0.5	GB_GCA_023898765.1	Pseudomonadota	Bacteria	low	71.71680431678045	0.0	71.71680431678045	0.0	1902529	10	1364433	8	1364433	0.4		0	0	0	2	True	72.45381927490234	-0.0559218227863311	deepcheck	0.7370149581218897	-0.0559218227863311	0.7370149581218897	0.0559218227863311	medium	medium
G_r035_uneven_coverage_5pct	35	20	uneven_coverage	0.05	5.0	lognormal_sigma1.0	GB_GCA_023898765.1	Pseudomonadota	Bacteria	low	71.71680431678045	0.0	71.71680431678045	3.585858612404857	1902529	10	1364433	11	1432655	0.0500002565168095		68222	0	0	0	True	72.01427459716797	3.929384708404541	deepcheck	0.29747028038751466	3.929384708404541	0.29747028038751466	3.929384708404541	medium	medium
G_r035_uneven_coverage_10pct	35	21	uneven_coverage	0.1	10.0	lognormal_sigma1.0	GB_GCA_023898765.1	Pseudomonadota	Bacteria	low	71.71680431678045	0.0	71.71680431678045	7.171664663193044	1902529	10	1364433	12	1500876	0.0999997801284489		136443	0	0	0	True	72.49854278564453	9.377116203308104	deepcheck	0.7817384688640772	9.377116203308104	0.7817384688640772	9.377116203308104	medium	medium
G_r035_uneven_coverage_20pct	35	22	uneven_coverage	0.2	20.0	lognormal_sigma1.0	GB_GCA_023898765.1	Pseudomonadota	Bacteria	low	71.71680431678045	0.0	71.71680431678045	14.343381888002758	1902529	10	1364433	14	1637320	0.200000293162068		272887	0	0	0	True	72.07969665527344	10.15588665008545	deepcheck	0.3628923384929834	10.15588665008545	0.3628923384929834	10.15588665008545	low	medium
G_r035_uneven_coverage_40pct	35	23	uneven_coverage	0.4	40.0	lognormal_sigma1.0	GB_GCA_023898765.1	Pseudomonadota	Bacteria	low	71.71680431678045	0.0	71.71680431678045	28.686711214388847	1902529	10	1364433	17	1910206	0.399999853418966		545773	0	0	0	True	72.42565155029297	30.256479263305664	deepcheck	0.7088472335125147	30.256479263305664	0.7088472335125147	30.256479263305664	low	medium
G_r036_none_control	36	0	none	0.0	0.0	control	RS_GCF_024800105.1	Bacillota	Bacteria	highly_fragmented	59.57205678995412	4.769478682852066	59.57205678995412	4.769478682852066	2055927	48	1322815	48	1322815	0.0		0	0	0	0	True	60.03919219970703	0.3795534372329712	deepcheck	0.46713540975291323	-4.389925245619095	0.46713540975291323	4.389925245619095	medium	medium
G_r036_substitution_0p1pct	36	1	substitution	0.001	0.1	uniform	RS_GCF_024800105.1	Bacillota	Bacteria	highly_fragmented	59.57205678995412	4.769478682852066	59.57205678995412	4.769478682852066	2055927	48	1322815	48	1322815	0.0010356701428393	0.0089640838741259	0	1370	0	0	True	60.07648849487305	1.0076894760131836	deepcheck	0.5044317049189289	-3.7617892068388823	0.5044317049189289	3.7617892068388823	medium	medium
G_r036_substitution_0p5pct	36	2	substitution	0.005	0.5	uniform	RS_GCF_024800105.1	Bacillota	Bacteria	highly_fragmented	59.57205678995412	4.769478682852066	59.57205678995412	4.769478682852066	2055927	48	1322815	48	1322815	0.0050316937742617	0.0441104216424403	0	6656	0	0	True	57.6843147277832	2.1152827739715576	deepcheck	-1.887742062170915	-2.6541959088805083	1.887742062170915	2.6541959088805083	medium	medium
G_r036_substitution_1pct	36	3	substitution	0.01	1.0	uniform	RS_GCF_024800105.1	Bacillota	Bacteria	highly_fragmented	59.57205678995412	4.769478682852066	59.57205678995412	4.769478682852066	2055927	48	1322815	48	1322815	0.009912194826941	0.0864827525163591	0	13112	0	0	True	51.65411376953125	1.803171277046204	deepcheck	-7.917943020422868	-2.966307405805862	7.917943020422868	2.966307405805862	medium	medium
G_r036_substitution_2pct	36	4	substitution	0.02	2.0	uniform	RS_GCF_024800105.1	Bacillota	Bacteria	highly_fragmented	59.57205678995412	4.769478682852066	59.57205678995412	4.769478682852066	2055927	48	1322815	48	1322815	0.0200186723011154	0.1662522378698502	0	26481	0	0	True	47.53594970703125	1.1821233034133911	deepcheck	-12.036107082922868	-3.5873553794386748	12.036107082922868	3.5873553794386748	low	medium
G_r036_substitution_5pct	36	5	substitution	0.05	5.0	uniform	RS_GCF_024800105.1	Bacillota	Bacteria	highly_fragmented	59.57205678995412	4.769478682852066	59.57205678995412	4.769478682852066	2055927	48	1322815	48	1322815	0.0503222294878724	0.3697505902753909	0	66567	0	0	True	32.53985977172852	1.5370320081710815	deepcheck	-27.032197018225595	-3.2324466746809843	27.032197018225595	3.2324466746809843	low	medium
G_r036_substitution_titv_0p1pct	36	6	substitution_titv	0.001	0.1	titv_2	RS_GCF_024800105.1	Bacillota	Bacteria	highly_fragmented	59.57205678995412	4.769478682852066	59.57205678995412	4.769478682852066	2055927	48	1322815	48	1322815	0.0009812407630696	0.0089640838741259	0	1298	0	0	True	59.87939834594727	0.700645923614502	deepcheck	0.3073415559931547	-4.068832759237564	0.3073415559931547	4.068832759237564	medium	medium
G_r036_substitution_titv_0p5pct	36	7	substitution_titv	0.005	0.5	titv_2	RS_GCF_024800105.1	Bacillota	Bacteria	highly_fragmented	59.57205678995412	4.769478682852066	59.57205678995412	4.769478682852066	2055927	48	1322815	48	1322815	0.0050838552632076	0.0441104216424403	0	6725	0	0	True	58.12369537353516	0.8338425159454346	deepcheck	-1.4483614164189547	-3.9356361669066313	1.4483614164189547	3.9356361669066313	medium	medium
G_r036_substitution_titv_1pct	36	8	substitution_titv	0.01	1.0	titv_2	RS_GCF_024800105.1	Bacillota	Bacteria	highly_fragmented	59.57205678995412	4.769478682852066	59.57205678995412	4.769478682852066	2055927	48	1322815	48	1322815	0.0099847673333005	0.0864827525163591	0	13208	0	0	True	56.67617416381836	2.002772808074951	deepcheck	-2.8958826261357586	-2.7667058747771147	2.8958826261357586	2.7667058747771147	medium	medium
G_r036_substitution_titv_2pct	36	9	substitution_titv	0.02	2.0	titv_2	RS_GCF_024800105.1	Bacillota	Bacteria	highly_fragmented	59.57205678995412	4.769478682852066	59.57205678995412	4.769478682852066	2055927	48	1322815	48	1322815	0.0200965365527303	0.1662522378698502	0	26584	0	0	True	50.65071487426758	2.389313220977783	deepcheck	-8.92134191568654	-2.3801654618742827	8.92134191568654	2.3801654618742827	medium	medium
G_r036_substitution_titv_5pct	36	10	substitution_titv	0.05	5.0	titv_2	RS_GCF_024800105.1	Bacillota	Bacteria	highly_fragmented	59.57205678995412	4.769478682852066	59.57205678995412	4.769478682852066	2055927	48	1322815	48	1322815	0.0501256789498153	0.3697505902753909	0	66307	0	0	True	37.29132843017578	1.944316864013672	deepcheck	-22.280728359778337	-2.825161818838394	22.280728359778337	2.825161818838394	low	medium
G_r036_indel_0p1pct	36	11	indel	0.001	0.1	ins0.5_geom0.75	RS_GCF_024800105.1	Bacillota	Bacteria	highly_fragmented	59.57205678995412	4.769478682852066	59.5725972016379	4.769478682852066	2055927	48	1322815	48	1322827	0.0010137471982098		0	0	1341	0	True	47.409088134765625	2.2249579429626465	deepcheck	-12.162968655188493	-2.5445207398894194	12.162968655188493	2.5445207398894194	low	medium
G_r036_indel_0p5pct	36	12	indel	0.005	0.5	ins0.5_geom0.75	RS_GCF_024800105.1	Bacillota	Bacteria	highly_fragmented	59.57205678995412	4.769478682852066	59.57160644688431	4.769478682852066	2055927	48	1322815	48	1322805	0.005046057082812		0	0	6675	0	True	24.38068008422852	1.1734999418258667	deepcheck	-35.1913767057256	-3.595978741026199	35.1913767057256	3.595978741026199	low	medium
G_r036_indel_1pct	36	13	indel	0.01	1.0	ins0.5_geom0.75	RS_GCF_024800105.1	Bacillota	Bacteria	highly_fragmented	59.57205678995412	4.769478682852066	59.57534429436379	4.769478682852066	2055927	48	1322815	48	1322888	0.0099250462082755		0	0	13129	0	True	15.455903053283691	1.6239140033721924	deepcheck	-44.11615373667043	-3.1455646794798735	44.11615373667043	3.1455646794798735	low	medium
G_r036_indel_2pct	36	14	indel	0.02	2.0	ins0.5_geom0.75	RS_GCF_024800105.1	Bacillota	Bacteria	highly_fragmented	59.57205678995412	4.769478682852066	59.58565715066258	4.769478682852066	2055927	48	1322815	48	1323117	0.0199030098691049		0	0	26328	0	True	14.64170265197754	3.197139978408813	deepcheck	-44.93035413797658	-1.5723387044432529	44.93035413797658	1.5723387044432529	low	medium
G_r036_indel_5pct	36	15	indel	0.05	5.0	ins0.5_geom0.75	RS_GCF_024800105.1	Bacillota	Bacteria	highly_fragmented	59.57205678995412	4.769478682852066	59.58277495501575	4.769478682852066	2055927	48	1322815	48	1323053	0.0499873376095674		0	0	66124	0	True	43.16024017333984	15.685835838317873	deepcheck	-16.41181661661428	10.916357155465807	16.41181661661428	10.916357155465807	low	medium
G_r036_chimera_5pct	36	16	chimera	0.05	5.0	rc0.5	RS_GCF_024800105.1	Bacillota	Bacteria	highly_fragmented	59.57205678995412	4.769478682852066	59.57205678995412	4.769478682852066	2055927	48	1322815	47	1322815	0.0416666666666666		0	0	0	1	True	60.0385856628418	0.3793716430664062	deepcheck	0.46652887288767886	-4.39010703978566	0.46652887288767886	4.39010703978566	medium	medium
G_r036_chimera_10pct	36	17	chimera	0.1	10.0	rc0.5	RS_GCF_024800105.1	Bacillota	Bacteria	highly_fragmented	59.57205678995412	4.769478682852066	59.57205678995412	4.769478682852066	2055927	48	1322815	46	1322815	0.0833333333333333		0	0	0	2	True	60.0388298034668	0.3794390559196472	deepcheck	0.46677301351267886	-4.390039626932419	0.46677301351267886	4.390039626932419	medium	medium
G_r036_chimera_20pct	36	18	chimera	0.2	20.0	rc0.5	RS_GCF_024800105.1	Bacillota	Bacteria	highly_fragmented	59.57205678995412	4.769478682852066	59.57205678995412	4.769478682852066	2055927	48	1322815	43	1322815	0.2083333333333333		0	0	0	5	True	60.035430908203125	0.3784067928791046	deepcheck	0.463374118249007	-4.391071889972961	0.463374118249007	4.391071889972961	medium	medium
G_r036_chimera_40pct	36	19	chimera	0.4	40.0	rc0.5	RS_GCF_024800105.1	Bacillota	Bacteria	highly_fragmented	59.57205678995412	4.769478682852066	59.57205678995412	4.769478682852066	2055927	48	1322815	38	1322815	0.4166666666666667		0	0	0	10	True	60.036502838134766	0.3787983059883117	deepcheck	0.4644460481806476	-4.390680376863754	0.4644460481806476	4.390680376863754	medium	medium
G_r036_uneven_coverage_5pct	36	20	uneven_coverage	0.05	5.0	lognormal_sigma1.0	RS_GCF_024800105.1	Bacillota	Bacteria	highly_fragmented	59.57205678995412	4.769478682852066	59.57205678995412	7.986567616457199	2055927	48	1322815	51	1388956	0.0500001889909019		66141	0	0	0	True	59.287715911865234	4.787933349609375	deepcheck	-0.28434087808888364	0.018454666757309113	0.28434087808888364	0.018454666757309113	medium	medium
G_r036_uneven_coverage_10pct	36	21	uneven_coverage	0.1	10.0	lognormal_sigma1.0	RS_GCF_024800105.1	Bacillota	Bacteria	highly_fragmented	59.57205678995412	4.769478682852066	59.57205678995412	11.203656550062332	2055927	48	1322815	52	1455097	0.1000003779818039		132282	0	0	0	True	59.3696403503418	9.306966781616213	deepcheck	-0.20241643961232114	4.537488098764147	0.20241643961232114	4.537488098764147	medium	medium
G_r036_uneven_coverage_20pct	36	22	uneven_coverage	0.2	20.0	lognormal_sigma1.0	RS_GCF_024800105.1	Bacillota	Bacteria	highly_fragmented	59.57205678995412	4.769478682852066	59.57205678995412	17.637785777413303	2055927	48	1322815	63	1587378	0.2		264563	0	0	0	True	59.6909294128418	9.849652290344238	deepcheck	0.11887262288767886	5.080173607492172	0.11887262288767886	5.080173607492172	medium	medium
G_r036_uneven_coverage_40pct	36	23	uneven_coverage	0.4	40.0	lognormal_sigma1.0	RS_GCF_024800105.1	Bacillota	Bacteria	highly_fragmented	59.57205678995412	4.769478682852066	59.57205678995412	30.50609287197454	2055927	48	1322815	70	1851941	0.4		529126	0	0	0	True	58.758567810058594	20.19498062133789	deepcheck	-0.8134889798955243	15.425501938485825	0.8134889798955243	15.425501938485825	low	medium
G_r037_none_control	37	0	none	0.0	0.0	control	RS_GCF_036346935.1	Actinomycetota	Bacteria	high	62.22015036951875	5.902306500239932	62.22015036951875	5.902306500239932	7775113	16	5296598	16	5296598	0.0		0	0	0	0	True	81.4249496459961	4.870371341705322	deepcheck	19.204799276477345	-1.0319351585346102	19.204799276477345	1.0319351585346102	medium	medium
G_r037_substitution_0p1pct	37	1	substitution	0.001	0.1	uniform	RS_GCF_036346935.1	Actinomycetota	Bacteria	high	62.22015036951875	5.902306500239932	62.22015036951875	5.902306500239932	7775113	16	5296598	16	5296598	0.0009838390604686	0.0089640838741259	0	5211	0	0	True	81.05945587158203	4.9123854637146	deepcheck	18.839305502063283	-0.9899210365253328	18.839305502063283	0.9899210365253328	medium	medium
G_r037_substitution_0p5pct	37	2	substitution	0.005	0.5	uniform	RS_GCF_036346935.1	Actinomycetota	Bacteria	high	62.22015036951875	5.902306500239932	62.22015036951875	5.902306500239932	7775113	16	5296598	16	5296598	0.004997547482365	0.0441104216424403	0	26470	0	0	True	81.40442657470703	5.094111919403076	deepcheck	19.184276205188283	-0.8081945808368562	19.184276205188283	0.8081945808368562	medium	medium
G_r037_substitution_1pct	37	3	substitution	0.01	1.0	uniform	RS_GCF_036346935.1	Actinomycetota	Bacteria	high	62.22015036951875	5.902306500239932	62.22015036951875	5.902306500239932	7775113	16	5296598	16	5296598	0.0099703621079039	0.0864827525163591	0	52809	0	0	True	76.65235137939453	4.898026466369629	deepcheck	14.432201009875783	-1.0042800338703035	14.432201009875783	1.0042800338703035	medium	medium
G_r037_substitution_2pct	37	4	substitution	0.02	2.0	uniform	RS_GCF_036346935.1	Actinomycetota	Bacteria	high	62.22015036951875	5.902306500239932	62.22015036951875	5.902306500239932	7775113	16	5296598	16	5296598	0.0200264396127476	0.1662522378698502	0	106072	0	0	True	69.21006774902344	5.063136100769043	deepcheck	6.989917379504689	-0.8391703994708894	6.989917379504689	0.8391703994708894	medium	medium
G_r037_substitution_5pct	37	5	substitution	0.05	5.0	uniform	RS_GCF_036346935.1	Actinomycetota	Bacteria	high	62.22015036951875	5.902306500239932	62.22015036951875	5.902306500239932	7775113	16	5296598	16	5296598	0.0499705660123724	0.3697505902753909	0	264674	0	0	True	56.18547821044922	1.937099575996399	deepcheck	-6.03467215906953	-3.9652069242435335	6.03467215906953	3.9652069242435335	medium	medium
G_r037_substitution_titv_0p1pct	37	6	substitution_titv	0.001	0.1	titv_2	RS_GCF_036346935.1	Actinomycetota	Bacteria	high	62.22015036951875	5.902306500239932	62.22015036951875	5.902306500239932	7775113	16	5296598	16	5296598	0.0009653366179574	0.0089640838741259	0	5113	0	0	True	80.46871185302734	4.865259647369385	deepcheck	18.248561483508595	-1.0370468528705477	18.248561483508595	1.0370468528705477	medium	medium
G_r037_substitution_titv_0p5pct	37	7	substitution_titv	0.005	0.5	titv_2	RS_GCF_036346935.1	Actinomycetota	Bacteria	high	62.22015036951875	5.902306500239932	62.22015036951875	5.902306500239932	7775113	16	5296598	16	5296598	0.0050209587361547	0.0441104216424403	0	26594	0	0	True	76.70332336425781	4.967939853668213	deepcheck	14.483172994739064	-0.9343666465717195	14.483172994739064	0.9343666465717195	medium	medium
G_r037_substitution_titv_1pct	37	8	substitution_titv	0.01	1.0	titv_2	RS_GCF_036346935.1	Actinomycetota	Bacteria	high	62.22015036951875	5.902306500239932	62.22015036951875	5.902306500239932	7775113	16	5296598	16	5296598	0.0099677189018309	0.0864827525163591	0	52795	0	0	True	75.21639251708984	4.849626541137695	deepcheck	12.996242147571095	-1.052679959102237	12.996242147571095	1.052679959102237	medium	medium
G_r037_substitution_titv_2pct	37	9	substitution_titv	0.02	2.0	titv_2	RS_GCF_036346935.1	Actinomycetota	Bacteria	high	62.22015036951875	5.902306500239932	62.22015036951875	5.902306500239932	7775113	16	5296598	16	5296598	0.0199941547385699	0.1662522378698502	0	105901	0	0	True	75.1024398803711	4.831152439117432	deepcheck	12.882289510852345	-1.0711540611225008	12.882289510852345	1.0711540611225008	medium	medium
G_r037_substitution_titv_5pct	37	10	substitution_titv	0.05	5.0	titv_2	RS_GCF_036346935.1	Actinomycetota	Bacteria	high	62.22015036951875	5.902306500239932	62.22015036951875	5.902306500239932	7775113	16	5296598	16	5296598	0.0500966847021427	0.3697505902753909	0	265342	0	0	True	57.55619430541992	4.898111820220947	deepcheck	-4.6639560640988265	-1.0041946800189852	4.6639560640988265	1.0041946800189852	medium	medium
G_r037_indel_0p1pct	37	11	indel	0.001	0.1	ins0.5_geom0.75	RS_GCF_036346935.1	Actinomycetota	Bacteria	high	62.22015036951875	5.902306500239932	62.21925758297385	5.902306500239932	7775113	16	5296598	16	5296522	0.0010097047198975		0	0	5348	0	True	61.42905426025391	4.939202785491943	deepcheck	-0.791096109264835	-0.9631037147479891	0.791096109264835	0.9631037147479891	medium	medium
G_r037_indel_0p5pct	37	12	indel	0.005	0.5	ins0.5_geom0.75	RS_GCF_036346935.1	Actinomycetota	Bacteria	high	62.22015036951875	5.902306500239932	62.218564498682426	5.902306500239932	7775113	16	5296598	16	5296463	0.0050324755626158		0	0	26655	0	True	31.33598518371582	8.443276405334473	deepcheck	-30.884165185802928	2.5409699050945402	30.884165185802928	2.5409699050945402	low	medium
G_r037_indel_1pct	37	13	indel	0.01	1.0	ins0.5_geom0.75	RS_GCF_036346935.1	Actinomycetota	Bacteria	high	62.22015036951875	5.902306500239932	62.22311066174653	5.902306500239932	7775113	16	5296598	16	5296850	0.0100275686393417		0	0	53112	0	True	22.544836044311523	0.387430191040039	deepcheck	-39.675314325207225	-5.514876309199893	39.675314325207225	5.514876309199893	low	medium
G_r037_indel_2pct	37	14	indel	0.02	2.0	ins0.5_geom0.75	RS_GCF_036346935.1	Actinomycetota	Bacteria	high	62.22015036951875	5.902306500239932	62.221548285292975	5.902306500239932	7775113	16	5296598	16	5296717	0.0200647661008065		0	0	106275	0	True	47.48751068115234	12.985963821411133	deepcheck	-14.732639688366412	7.0836573211712	14.732639688366412	7.0836573211712	low	medium
G_r037_indel_5pct	37	15	indel	0.05	5.0	ins0.5_geom0.75	RS_GCF_036346935.1	Actinomycetota	Bacteria	high	62.22015036951875	5.902306500239932	62.20601849828847	5.902306500239932	7775113	16	5296598	16	5295395	0.0499061850644508		0	0	264333	0	True	43.9841194152832	19.316991806030277	deepcheck	-18.236030954235545	13.414685305790345	18.236030954235545	13.414685305790345	low	medium
G_r037_chimera_5pct	37	16	chimera	0.05	5.0	rc0.5	RS_GCF_036346935.1	Actinomycetota	Bacteria	high	62.22015036951875	5.902306500239932	62.22015036951875	5.902306500239932	7775113	16	5296598	15	5296598	0.125		0	0	0	1	True	81.45507049560547	4.873257637023926	deepcheck	19.23492012608672	-1.0290488632160066	19.23492012608672	1.0290488632160066	medium	medium
G_r037_chimera_10pct	37	17	chimera	0.1	10.0	rc0.5	RS_GCF_036346935.1	Actinomycetota	Bacteria	high	62.22015036951875	5.902306500239932	62.22015036951875	5.902306500239932	7775113	16	5296598	15	5296598	0.125		0	0	0	1	True	81.47574615478516	4.872255802154541	deepcheck	19.255595785266408	-1.0300506980853914	19.255595785266408	1.0300506980853914	medium	medium
G_r037_chimera_20pct	37	18	chimera	0.2	20.0	rc0.5	RS_GCF_036346935.1	Actinomycetota	Bacteria	high	62.22015036951875	5.902306500239932	62.22015036951875	5.902306500239932	7775113	16	5296598	14	5296598	0.25		0	0	0	2	True	81.45730590820312	4.873176097869873	deepcheck	19.237155538684377	-1.0291304023700594	19.237155538684377	1.0291304023700594	medium	medium
G_r037_chimera_40pct	37	19	chimera	0.4	40.0	rc0.5	RS_GCF_036346935.1	Actinomycetota	Bacteria	high	62.22015036951875	5.902306500239932	62.22015036951875	5.902306500239932	7775113	16	5296598	13	5296598	0.375		0	0	0	3	True	81.4264144897461	4.868857383728027	deepcheck	19.206264120227345	-1.033449116511905	19.206264120227345	1.033449116511905	medium	medium
G_r037_uneven_coverage_5pct	37	20	uneven_coverage	0.05	5.0	lognormal_sigma1.0	RS_GCF_036346935.1	Actinomycetota	Bacteria	high	62.22015036951875	5.902306500239932	62.22015036951875	9.308430629882809	7775113	16	5296598	18	5561428	0.0500000188800433		264830	0	0	0	True	82.05888366699219	9.444218635559082	deepcheck	19.83873329747344	3.5419121353191496	19.83873329747344	3.5419121353191496	medium	medium
G_r037_uneven_coverage_10pct	37	21	uneven_coverage	0.1	10.0	lognormal_sigma1.0	RS_GCF_036346935.1	Actinomycetota	Bacteria	high	62.22015036951875	5.902306500239932	62.22015036951875	12.71455475952568	7775113	16	5296598	20	5826258	0.1000000377600867		529660	0	0	0	True	81.69096374511719	9.741440773010254	deepcheck	19.47081337559844	3.8391342727703215	19.47081337559844	3.8391342727703215	medium	medium
G_r037_uneven_coverage_20pct	37	22	uneven_coverage	0.2	20.0	lognormal_sigma1.0	RS_GCF_036346935.1	Actinomycetota	Bacteria	high	62.22015036951875	5.902306500239932	62.22015036951875	19.52680301881143	7775113	16	5296598	20	6355918	0.2000000755201735		1059320	0	0	0	True	81.61430358886719	19.723411560058597	deepcheck	19.39415321934844	13.821105059818665	19.39415321934844	13.821105059818665	low	medium
G_r037_uneven_coverage_40pct	37	23	uneven_coverage	0.4	40.0	lognormal_sigma1.0	RS_GCF_036346935.1	Actinomycetota	Bacteria	high	62.22015036951875	5.902306500239932	62.22015036951875	33.151286675833525	7775113	16	5296598	25	7415237	0.3999999622399132		2118639	0	0	0	True	81.4156494140625	31.08747673034668	deepcheck	19.19549904454375	25.18517023010675	19.19549904454375	25.18517023010675	low	medium
G_r038_none_control	38	0	none	0.0	0.0	control	RS_GCF_012113595.1	Bacteroidota	Bacteria	low	59.68857810067615	19.99999410219307	59.68857810067615	19.99999410219307	6782182	78	5404624	78	5404624	0.0		0	0	0	0	True	86.0305404663086	14.975068092346191	deepcheck	26.34196236563244	-5.0249260098468795	26.34196236563244	5.0249260098468795	low	low
G_r038_substitution_0p1pct	38	1	substitution	0.001	0.1	uniform	RS_GCF_012113595.1	Bacteroidota	Bacteria	low	59.68857810067615	19.99999410219307	59.68857810067615	19.99999410219307	6782182	78	5404624	78	5404624	0.0009830471092901	0.0089640838741259	0	5313	0	0	True	85.59877014160156	14.969289779663086	deepcheck	25.91019204092541	-5.030704322529985	25.91019204092541	5.030704322529985	low	low
G_r038_substitution_0p5pct	38	2	substitution	0.005	0.5	uniform	RS_GCF_012113595.1	Bacteroidota	Bacteria	low	59.68857810067615	19.99999410219307	59.68857810067615	19.99999410219307	6782182	78	5404624	78	5404624	0.0049664879554988	0.0441104216424403	0	26842	0	0	True	81.20591735839844	14.99488639831543	deepcheck	21.517339257722284	-5.005107703877641	21.517339257722284	5.005107703877641	low	low
G_r038_substitution_1pct	38	3	substitution	0.01	1.0	uniform	RS_GCF_012113595.1	Bacteroidota	Bacteria	low	59.68857810067615	19.99999410219307	59.68857810067615	19.99999410219307	6782182	78	5404624	78	5404624	0.0100419566652555	0.0864827525163591	0	54273	0	0	True	75.88579559326172	14.186128616333008	deepcheck	16.197217492585565	-5.813865485860063	16.197217492585565	5.813865485860063	low	low
G_r038_substitution_2pct	38	4	substitution	0.02	2.0	uniform	RS_GCF_012113595.1	Bacteroidota	Bacteria	low	59.68857810067615	19.99999410219307	59.68857810067615	19.99999410219307	6782182	78	5404624	78	5404624	0.0200626352545524	0.1662522378698502	0	108431	0	0	True	68.8381576538086	10.00779628753662	deepcheck	9.14957955313244	-9.992197814656452	9.14957955313244	9.992197814656452	low	low
G_r038_substitution_5pct	38	5	substitution	0.05	5.0	uniform	RS_GCF_012113595.1	Bacteroidota	Bacteria	low	59.68857810067615	19.99999410219307	59.68857810067615	19.99999410219307	6782182	78	5404624	78	5404624	0.0501056132674539	0.3697505902753909	0	270802	0	0	True	49.8081283569336	7.25864315032959	deepcheck	-9.880449743742552	-12.741350951863481	9.880449743742552	12.741350951863481	low	low
G_r038_substitution_titv_0p1pct	38	6	substitution_titv	0.001	0.1	titv_2	RS_GCF_012113595.1	Bacteroidota	Bacteria	low	59.68857810067615	19.99999410219307	59.68857810067615	19.99999410219307	6782182	78	5404624	78	5404624	0.0009932235804007	0.0089640838741259	0	5368	0	0	True	85.93291473388672	14.930607795715332	deepcheck	26.244336633210565	-5.069386306477739	26.244336633210565	5.069386306477739	low	low
G_r038_substitution_titv_0p5pct	38	7	substitution_titv	0.005	0.5	titv_2	RS_GCF_012113595.1	Bacteroidota	Bacteria	low	59.68857810067615	19.99999410219307	59.68857810067615	19.99999410219307	6782182	78	5404624	78	5404624	0.005017740364547	0.0441104216424403	0	27119	0	0	True	84.29261016845703	14.556172370910645	deepcheck	24.604032067780878	-5.443821731282426	24.604032067780878	5.443821731282426	low	low
G_r038_substitution_titv_1pct	38	8	substitution_titv	0.01	1.0	titv_2	RS_GCF_012113595.1	Bacteroidota	Bacteria	low	59.68857810067615	19.99999410219307	59.68857810067615	19.99999410219307	6782182	78	5404624	78	5404624	0.0100599042597597	0.0864827525163591	0	54370	0	0	True	79.4106674194336	15.054384231567385	deepcheck	19.72208931875744	-4.945609870625686	19.72208931875744	4.945609870625686	low	low
G_r038_substitution_titv_2pct	38	9	substitution_titv	0.02	2.0	titv_2	RS_GCF_012113595.1	Bacteroidota	Bacteria	low	59.68857810067615	19.99999410219307	59.68857810067615	19.99999410219307	6782182	78	5404624	78	5404624	0.0199708619878089	0.1662522378698502	0	107935	0	0	True	73.63751220703125	10.51500415802002	deepcheck	13.948934106355097	-9.484989944173051	13.948934106355097	9.484989944173051	low	low
G_r038_substitution_titv_5pct	38	10	substitution_titv	0.05	5.0	titv_2	RS_GCF_012113595.1	Bacteroidota	Bacteria	low	59.68857810067615	19.99999410219307	59.68857810067615	19.99999410219307	6782182	78	5404624	78	5404624	0.0500321576487097	0.3697505902753909	0	270405	0	0	True	57.28262710571289	9.050935745239258	deepcheck	-2.4059509949632627	-10.949058356953813	2.4059509949632627	10.949058356953813	medium	low
G_r038_indel_0p1pct	38	11	indel	0.001	0.1	ins0.5_geom0.75	RS_GCF_012113595.1	Bacteroidota	Bacteria	low	59.68857810067615	19.99999410219307	59.68651287576785	19.99999410219307	6782182	78	5404624	78	5404437	0.0009928535269058		0	0	5366	0	True	68.6661605834961	11.156402587890623	deepcheck	8.97758248281994	-8.843591514302448	8.97758248281994	8.843591514302448	low	low
G_r038_indel_0p5pct	38	12	indel	0.005	0.5	ins0.5_geom0.75	RS_GCF_012113595.1	Bacteroidota	Bacteria	low	59.68857810067615	19.99999410219307	59.68958310317164	19.99999410219307	6782182	78	5404624	78	5404715	0.0049855457104879		0	0	26945	0	True	33.6733283996582	7.38170051574707	deepcheck	-26.01524970101795	-12.618293586446	26.01524970101795	12.618293586446	low	low
G_r038_indel_1pct	38	13	indel	0.01	1.0	ins0.5_geom0.75	RS_GCF_012113595.1	Bacteroidota	Bacteria	low	59.68857810067615	19.99999410219307	59.68978189487404	19.99999410219307	6782182	78	5404624	78	5404733	0.010050097842144		0	0	54317	0	True	24.90450668334961	1.9928991794586184	deepcheck	-34.784071417326544	-18.007094922734453	34.784071417326544	18.007094922734453	low	low
G_r038_indel_2pct	38	14	indel	0.02	2.0	ins0.5_geom0.75	RS_GCF_012113595.1	Bacteroidota	Bacteria	low	59.68857810067615	19.99999410219307	59.69048870981593	19.99999410219307	6782182	78	5404624	78	5404797	0.0199353368522953		0	0	107743	0	True	29.728872299194336	8.749269485473633	deepcheck	-29.959705801481817	-11.250724616719438	29.959705801481817	11.250724616719438	low	low
G_r038_indel_5pct	38	15	indel	0.05	5.0	ins0.5_geom0.75	RS_GCF_012113595.1	Bacteroidota	Bacteria	low	59.68857810067615	19.99999410219307	59.67483938524336	19.99999410219307	6782182	78	5404624	78	5403380	0.0499779448117019		0	0	270112	0	True	51.74508666992188	26.337385177612305	deepcheck	-7.943491430754271	6.337391075419234	7.943491430754271	6.337391075419234	low	low
G_r038_chimera_5pct	38	16	chimera	0.05	5.0	rc0.5	RS_GCF_012113595.1	Bacteroidota	Bacteria	low	59.68857810067615	19.99999410219307	59.68857810067615	19.99999410219307	6782182	78	5404624	76	5404624	0.0512820512820512		0	0	0	2	True	86.0305404663086	14.97507095336914	deepcheck	26.34196236563244	-5.02492314882393	26.34196236563244	5.02492314882393	low	low
G_r038_chimera_10pct	38	17	chimera	0.1	10.0	rc0.5	RS_GCF_012113595.1	Bacteroidota	Bacteria	low	59.68857810067615	19.99999410219307	59.68857810067615	19.99999410219307	6782182	78	5404624	74	5404624	0.1025641025641025		0	0	0	4	True	86.03028106689453	14.975059509277344	deepcheck	26.341702966218378	-5.024934592915727	26.341702966218378	5.024934592915727	low	low
G_r038_chimera_20pct	38	18	chimera	0.2	20.0	rc0.5	RS_GCF_012113595.1	Bacteroidota	Bacteria	low	59.68857810067615	19.99999410219307	59.68857810067615	19.99999410219307	6782182	78	5404624	70	5404624	0.2051282051282051		0	0	0	8	True	86.03058624267578	14.97507381439209	deepcheck	26.342008141999628	-5.024920287800981	26.342008141999628	5.024920287800981	low	low
G_r038_chimera_40pct	38	19	chimera	0.4	40.0	rc0.5	RS_GCF_012113595.1	Bacteroidota	Bacteria	low	59.68857810067615	19.99999410219307	59.68857810067615	19.99999410219307	6782182	78	5404624	63	5404624	0.3846153846153846		0	0	0	15	True	86.03013610839844	14.975051879882812	deepcheck	26.341558007722284	-5.024942222310258	26.341558007722284	5.024942222310258	low	low
G_r038_uneven_coverage_5pct	38	20	uneven_coverage	0.05	5.0	lognormal_sigma1.0	RS_GCF_012113595.1	Bacteroidota	Bacteria	low	59.68857810067615	19.99999410219307	59.68857810067615	23.984419763433067	6782182	78	5404624	81	5674855	0.0499999629946505		270231	0	0	0	True	85.5394058227539	18.209434509277344	deepcheck	25.850827722077753	-1.7905595929157272	25.850827722077753	1.7905595929157272	low	low
G_r038_uneven_coverage_10pct	38	21	uneven_coverage	0.1	10.0	lognormal_sigma1.0	RS_GCF_012113595.1	Bacteroidota	Bacteria	low	59.68857810067615	19.99999410219307	59.68857810067615	27.968845424673063	6782182	78	5404624	85	5945086	0.099999925989301		540462	0	0	0	True	85.10362243652344	24.95522117614746	deepcheck	25.415044335847284	4.95522707395439	25.415044335847284	4.95522707395439	low	low
G_r038_uneven_coverage_20pct	38	22	uneven_coverage	0.2	20.0	lognormal_sigma1.0	RS_GCF_012113595.1	Bacteroidota	Bacteria	low	59.68857810067615	19.99999410219307	59.68857810067615	35.93771149167038	6782182	78	5404624	97	6485549	0.2000000370053495		1080925	0	0	0	True	85.31584167480469	27.32025146484375	deepcheck	25.627263574128534	7.320257362650679	25.627263574128534	7.320257362650679	low	low
G_r038_uneven_coverage_40pct	38	23	uneven_coverage	0.4	40.0	lognormal_sigma1.0	RS_GCF_012113595.1	Bacteroidota	Bacteria	low	59.68857810067615	19.99999410219307	59.68857810067615	51.87542888114769	6782182	78	5404624	105	7566474	0.400000074010699		2161850	0	0	0	True	87.93061065673828	106.8129425048828	deepcheck	28.242032556062128	86.81294840268973	28.242032556062128	86.81294840268973	low	low
G_r039_none_control	39	0	none	0.0	0.0	control	GB_GCA_002234455.1	Campylobacterota	Bacteria	medium	65.46776304174284	19.999988269044767	65.46776304174284	19.999988269044767	1704891	2	1457132	2	1457132	0.0		0	0	0	0	True	66.05689239501953	4.558320999145508	deepcheck	0.5891293532766895	-15.44166726989926	0.5891293532766895	15.44166726989926	medium	low
G_r039_substitution_0p1pct	39	1	substitution	0.001	0.1	uniform	GB_GCA_002234455.1	Campylobacterota	Bacteria	medium	65.46776304174284	19.999988269044767	65.46776304174284	19.999988269044767	1704891	2	1457132	2	1457132	0.001006085927699	0.0089640838741259	0	1466	0	0	True	64.53569793701172	4.627508163452148	deepcheck	-0.932065104731123	-15.372480105592619	0.932065104731123	15.372480105592619	medium	low
G_r039_substitution_0p5pct	39	2	substitution	0.005	0.5	uniform	GB_GCA_002234455.1	Campylobacterota	Bacteria	medium	65.46776304174284	19.999988269044767	65.46776304174284	19.999988269044767	1704891	2	1457132	2	1457132	0.0050180766052766	0.0441104216424403	0	7312	0	0	True	60.922157287597656	4.825948238372803	deepcheck	-4.5456057541451855	-15.174040030671964	4.5456057541451855	15.174040030671964	medium	low
G_r039_substitution_1pct	39	3	substitution	0.01	1.0	uniform	GB_GCA_002234455.1	Campylobacterota	Bacteria	medium	65.46776304174284	19.999988269044767	65.46776304174284	19.999988269044767	1704891	2	1457132	2	1457132	0.0100361532105533	0.0864827525163591	0	14624	0	0	True	57.65766525268555	4.985064029693604	deepcheck	-7.810097789057295	-15.014924239351163	7.810097789057295	15.014924239351163	medium	low
G_r039_substitution_2pct	39	4	substitution	0.02	2.0	uniform	GB_GCA_002234455.1	Campylobacterota	Bacteria	medium	65.46776304174284	19.999988269044767	65.46776304174284	19.999988269044767	1704891	2	1457132	2	1457132	0.0199398544538174	0.1662522378698502	0	29055	0	0	True	48.297630310058594	5.011635780334473	deepcheck	-17.170132731684248	-14.988352488710294	17.170132731684248	14.988352488710294	low	low
G_r039_substitution_5pct	39	5	substitution	0.05	5.0	uniform	GB_GCA_002234455.1	Campylobacterota	Bacteria	medium	65.46776304174284	19.999988269044767	65.46776304174284	19.999988269044767	1704891	2	1457132	2	1457132	0.0497957631841178	0.3697505902753909	0	72559	0	0	True	33.60273361206055	2.592489957809448	deepcheck	-31.865029429682295	-17.40749831123532	31.865029429682295	17.40749831123532	low	low
G_r039_substitution_titv_0p1pct	39	6	substitution_titv	0.001	0.1	titv_2	GB_GCA_002234455.1	Campylobacterota	Bacteria	medium	65.46776304174284	19.999988269044767	65.46776304174284	19.999988269044767	1704891	2	1457132	2	1457132	0.000987556377871	0.0089640838741259	0	1439	0	0	True	65.58242797851562	4.801768779754639	deepcheck	0.11466493677278322	-15.198219489290128	0.11466493677278322	15.198219489290128	medium	low
G_r039_substitution_titv_0p5pct	39	7	substitution_titv	0.005	0.5	titv_2	GB_GCA_002234455.1	Campylobacterota	Bacteria	medium	65.46776304174284	19.999988269044767	65.46776304174284	19.999988269044767	1704891	2	1457132	2	1457132	0.0049439584059645	0.0441104216424403	0	7204	0	0	True	63.312835693359375	4.80747127532959	deepcheck	-2.154927348383467	-15.192516993715177	2.154927348383467	15.192516993715177	medium	low
G_r039_substitution_titv_1pct	39	8	substitution_titv	0.01	1.0	titv_2	GB_GCA_002234455.1	Campylobacterota	Bacteria	medium	65.46776304174284	19.999988269044767	65.46776304174284	19.999988269044767	1704891	2	1457132	2	1457132	0.010082820224935	0.0864827525163591	0	14692	0	0	True	59.378509521484375	5.008555889129639	deepcheck	-6.089253520258467	-14.991432379915128	6.089253520258467	14.991432379915128	medium	low
G_r039_substitution_titv_2pct	39	9	substitution_titv	0.02	2.0	titv_2	GB_GCA_002234455.1	Campylobacterota	Bacteria	medium	65.46776304174284	19.999988269044767	65.46776304174284	19.999988269044767	1704891	2	1457132	2	1457132	0.0199124032688871	0.1662522378698502	0	29015	0	0	True	55.13034439086914	4.786481380462647	deepcheck	-10.337418650873701	-15.21350688858212	10.337418650873701	15.21350688858212	medium	low
G_r039_substitution_titv_5pct	39	10	substitution_titv	0.05	5.0	titv_2	GB_GCA_002234455.1	Campylobacterota	Bacteria	medium	65.46776304174284	19.999988269044767	65.46776304174284	19.999988269044767	1704891	2	1457132	2	1457132	0.0499103718812022	0.3697505902753909	0	72726	0	0	True	38.58781433105469	4.788050174713135	deepcheck	-26.879948710688154	-15.211938094331632	26.879948710688154	15.211938094331632	low	low
G_r039_indel_0p1pct	39	11	indel	0.001	0.1	ins0.5_geom0.75	GB_GCA_002234455.1	Campylobacterota	Bacteria	medium	65.46776304174284	19.999988269044767	65.46601080326437	19.999988269044767	1704891	2	1457132	2	1457093	0.0009992231314664		0	0	1456	0	True	50.600074768066406	4.976417064666748	deepcheck	-14.867688273676436	-15.023571204378019	14.867688273676436	15.023571204378019	medium	low
G_r039_indel_0p5pct	39	12	indel	0.005	0.5	ins0.5_geom0.75	GB_GCA_002234455.1	Campylobacterota	Bacteria	medium	65.46776304174284	19.999988269044767	65.46416870640238	19.999988269044767	1704891	2	1457132	2	1457052	0.0050132726479138		0	0	7305	0	True	22.758169174194336	1.0665602684020996	deepcheck	-42.709593867548506	-18.933428000642667	42.709593867548506	18.933428000642667	low	low
G_r039_indel_1pct	39	13	indel	0.01	1.0	ins0.5_geom0.75	GB_GCA_002234455.1	Campylobacterota	Bacteria	medium	65.46776304174284	19.999988269044767	65.46956020941307	19.999988269044767	1704891	2	1457132	2	1457172	0.0099400740632969		0	0	14484	0	True	14.67771816253662	0.7092580199241638	deepcheck	-50.79004487920622	-19.290730249120603	50.79004487920622	19.290730249120603	low	low
G_r039_indel_2pct	39	14	indel	0.02	2.0	ins0.5_geom0.75	GB_GCA_002234455.1	Campylobacterota	Bacteria	medium	65.46776304174284	19.999988269044767	65.46493250266222	19.999988269044767	1704891	2	1457132	2	1457069	0.0198629911360123		0	0	28943	0	True	42.85856628417969	13.186704635620115	deepcheck	-22.609196757563154	-6.813283633424652	22.609196757563154	6.813283633424652	low	low
G_r039_indel_5pct	39	15	indel	0.05	5.0	ins0.5_geom0.75	GB_GCA_002234455.1	Campylobacterota	Bacteria	medium	65.46776304174284	19.999988269044767	65.47248060687723	19.999988269044767	1704891	2	1457132	2	1457237	0.0497971357433643		0	0	72561	0	True	25.578113555908203	5.729197025299072	deepcheck	-39.88964948583464	-14.270791243745695	39.88964948583464	14.270791243745695	low	low
G_r039_chimera_5pct	39	16	chimera	0.05	5.0	rc0.5	GB_GCA_002234455.1	Campylobacterota	Bacteria	medium	65.46776304174284	19.999988269044767	65.46776304174284	19.999988269044767	1704891	2	1457132	2	1457132	0.0		0	0	0	0	True	66.05689239501953	4.558320999145508	deepcheck	0.5891293532766895	-15.44166726989926	0.5891293532766895	15.44166726989926	medium	low
G_r039_chimera_10pct	39	17	chimera	0.1	10.0	rc0.5	GB_GCA_002234455.1	Campylobacterota	Bacteria	medium	65.46776304174284	19.999988269044767	65.46776304174284	19.999988269044767	1704891	2	1457132	2	1457132	0.0		0	0	0	0	True	66.05689239501953	4.558320999145508	deepcheck	0.5891293532766895	-15.44166726989926	0.5891293532766895	15.44166726989926	medium	low
G_r039_chimera_20pct	39	18	chimera	0.2	20.0	rc0.5	GB_GCA_002234455.1	Campylobacterota	Bacteria	medium	65.46776304174284	19.999988269044767	65.46776304174284	19.999988269044767	1704891	2	1457132	2	1457132	0.0		0	0	0	0	True	66.05689239501953	4.558320999145508	deepcheck	0.5891293532766895	-15.44166726989926	0.5891293532766895	15.44166726989926	medium	low
G_r039_chimera_40pct	39	19	chimera	0.4	40.0	rc0.5	GB_GCA_002234455.1	Campylobacterota	Bacteria	medium	65.46776304174284	19.999988269044767	65.46776304174284	19.999988269044767	1704891	2	1457132	2	1457132	0.0		0	0	0	0	True	66.05689239501953	4.558320999145508	deepcheck	0.5891293532766895	-15.44166726989926	0.5891293532766895	15.44166726989926	medium	low
G_r039_uneven_coverage_5pct	39	20	uneven_coverage	0.05	5.0	lognormal_sigma1.0	GB_GCA_002234455.1	Campylobacterota	Bacteria	medium	65.46776304174284	19.999988269044767	65.46776304174284	24.273399296494613	1704891	2	1457132	3	1529989	0.0500002745118493		72857	0	0	0	True	66.35906982421875	7.129286766052246	deepcheck	0.8913067824759082	-12.870701502992521	0.8913067824759082	12.870701502992521	medium	low
G_r039_uneven_coverage_10pct	39	21	uneven_coverage	0.1	10.0	lognormal_sigma1.0	GB_GCA_002234455.1	Campylobacterota	Bacteria	medium	65.46776304174284	19.999988269044767	65.46776304174284	28.54675166916829	1704891	2	1457132	3	1602845	0.0999998627440753		145713	0	0	0	True	65.5115966796875	9.928083419799805	deepcheck	0.04383363794465822	-10.071904849244962	0.04383363794465822	10.071904849244962	medium	low
G_r039_uneven_coverage_20pct	39	22	uneven_coverage	0.2	20.0	lognormal_sigma1.0	GB_GCA_002234455.1	Campylobacterota	Bacteria	medium	65.46776304174284	19.999988269044767	65.46776304174284	37.09351506929182	1704891	2	1457132	3	1748558	0.1999997254881507		291426	0	0	0	True	65.48577117919922	15.137231826782228	deepcheck	0.01800813745637697	-4.862756442262539	0.01800813745637697	4.862756442262539	low	low
G_r039_uneven_coverage_40pct	39	23	uneven_coverage	0.4	40.0	lognormal_sigma1.0	GB_GCA_002234455.1	Campylobacterota	Bacteria	medium	65.46776304174284	19.999988269044767	65.46776304174284	54.18710052431504	1704891	2	1457132	4	2039985	0.4000001372559246		582853	0	0	0	True	65.773193359375	30.06144523620605	deepcheck	0.3054303176321582	10.061456967161284	0.3054303176321582	10.061456967161284	low	low
G_r040_none_control	40	0	none	0.0	0.0	control	RS_GCF_028623165.1	Cyanobacteriota	Bacteria	high	75.07237953953009	9.999989175092754	75.07237953953009	9.999989175092754	8314159	6	7073052	6	7073052	0.0		0	0	0	0	True	76.94232177734375	3.3879265785217285	deepcheck	1.8699422378136603	-6.612062596571025	1.8699422378136603	6.612062596571025	medium	medium
G_r040_substitution_0p1pct	40	1	substitution	0.001	0.1	uniform	RS_GCF_028623165.1	Cyanobacteriota	Bacteria	high	75.07237953953009	9.999989175092754	75.07237953953009	9.999989175092754	8314159	6	7073052	6	7073052	0.0009975891595311	0.0089640838741259	0	7056	0	0	True	75.703857421875	3.504677057266236	deepcheck	0.6314778823449103	-6.4953121178265185	0.6314778823449103	6.4953121178265185	medium	medium
G_r040_substitution_0p5pct	40	2	substitution	0.005	0.5	uniform	RS_GCF_028623165.1	Cyanobacteriota	Bacteria	high	75.07237953953009	9.999989175092754	75.07237953953009	9.999989175092754	8314159	6	7073052	6	7073052	0.004963345384708	0.0441104216424403	0	35106	0	0	True	72.7861328125	4.706050872802734	deepcheck	-2.2862467270300897	-5.2939383022900195	2.2862467270300897	5.2939383022900195	medium	medium
G_r040_substitution_1pct	40	3	substitution	0.01	1.0	uniform	RS_GCF_028623165.1	Cyanobacteriota	Bacteria	high	75.07237953953009	9.999989175092754	75.07237953953009	9.999989175092754	8314159	6	7073052	6	7073052	0.0099852227864293	0.0864827525163591	0	70626	0	0	True	69.72476959228516	2.339016914367676	deepcheck	-5.347609947244933	-7.660972260725078	5.347609947244933	7.660972260725078	medium	medium
G_r040_substitution_2pct	40	4	substitution	0.02	2.0	uniform	RS_GCF_028623165.1	Cyanobacteriota	Bacteria	high	75.07237953953009	9.999989175092754	75.07237953953009	9.999989175092754	8314159	6	7073052	6	7073052	0.0200630505756213	0.1662522378698502	0	141907	0	0	True	62.95075225830078	4.8248820304870605	deepcheck	-12.121627281229308	-5.175107144605693	12.121627281229308	5.175107144605693	medium	medium
G_r040_substitution_5pct	40	5	substitution	0.05	5.0	uniform	RS_GCF_028623165.1	Cyanobacteriota	Bacteria	high	75.07237953953009	9.999989175092754	75.07237953953009	9.999989175092754	8314159	6	7073052	6	7073052	0.0499408176272421	0.3697505902753909	0	353234	0	0	True	47.28651809692383	5.253823280334473	deepcheck	-27.78586144260626	-4.746165894758281	27.78586144260626	4.746165894758281	low	medium
G_r040_substitution_titv_0p1pct	40	6	substitution_titv	0.001	0.1	titv_2	RS_GCF_028623165.1	Cyanobacteriota	Bacteria	high	75.07237953953009	9.999989175092754	75.07237953953009	9.999989175092754	8314159	6	7073052	6	7073052	0.0009946201441753	0.0089640838741259	0	7035	0	0	True	76.27517700195312	3.5731234550476074	deepcheck	1.2027974624230353	-6.4268657200451464	1.2027974624230353	6.4268657200451464	medium	medium
G_r040_substitution_titv_0p5pct	40	7	substitution_titv	0.005	0.5	titv_2	RS_GCF_028623165.1	Cyanobacteriota	Bacteria	high	75.07237953953009	9.999989175092754	75.07237953953009	9.999989175092754	8314159	6	7073052	6	7073052	0.0049622143312391	0.0441104216424403	0	35098	0	0	True	74.0411605834961	5.046162128448486	deepcheck	-1.031218956033996	-4.9538270466442675	1.031218956033996	4.9538270466442675	medium	medium
G_r040_substitution_titv_1pct	40	8	substitution_titv	0.01	1.0	titv_2	RS_GCF_028623165.1	Cyanobacteriota	Bacteria	high	75.07237953953009	9.999989175092754	75.07237953953009	9.999989175092754	8314159	6	7073052	6	7073052	0.0099706604730178	0.0864827525163591	0	70523	0	0	True	70.25891876220703	4.776193141937256	deepcheck	-4.813460777323058	-5.223796033155498	4.813460777323058	5.223796033155498	medium	medium
G_r040_substitution_titv_2pct	40	9	substitution_titv	0.02	2.0	titv_2	RS_GCF_028623165.1	Cyanobacteriota	Bacteria	high	75.07237953953009	9.999989175092754	75.07237953953009	9.999989175092754	8314159	6	7073052	6	7073052	0.01996422477878	0.1662522378698502	0	141208	0	0	True	67.39578247070312	3.766345977783203	deepcheck	-7.676597068826965	-6.233643197309551	7.676597068826965	6.233643197309551	medium	medium
G_r040_substitution_titv_5pct	40	10	substitution_titv	0.05	5.0	titv_2	RS_GCF_028623165.1	Cyanobacteriota	Bacteria	high	75.07237953953009	9.999989175092754	75.07237953953009	9.999989175092754	8314159	6	7073052	6	7073052	0.0500474194166817	0.3697505902753909	0	353988	0	0	True	50.7288818359375	5.344151020050049	deepcheck	-24.34349770359259	-4.655838155042705	24.34349770359259	4.655838155042705	medium	medium
G_r040_indel_0p1pct	40	11	indel	0.001	0.1	ins0.5_geom0.75	RS_GCF_028623165.1	Cyanobacteriota	Bacteria	high	75.07237953953009	9.999989175092754	75.06998080730305	9.999989175092754	8314159	6	7073052	6	7072826	0.0009999926481524		0	0	7073	0	True	64.6253433227539	5.500246524810791	deepcheck	-10.447036216776183	-4.499742650281963	10.447036216776183	4.499742650281963	medium	medium
G_r040_indel_0p5pct	40	12	indel	0.005	0.5	ins0.5_geom0.75	RS_GCF_028623165.1	Cyanobacteriota	Bacteria	high	75.07237953953009	9.999989175092754	75.07539387560303	9.999989175092754	8314159	6	7073052	6	7073336	0.0050206049665688		0	0	35511	0	True	34.27880859375	3.03001070022583	deepcheck	-40.79357094578009	-6.969978474866924	40.79357094578009	6.969978474866924	low	medium
G_r040_indel_1pct	40	13	indel	0.01	1.0	ins0.5_geom0.75	RS_GCF_028623165.1	Cyanobacteriota	Bacteria	high	75.07237953953009	9.999989175092754	75.07634912295006	9.999989175092754	8314159	6	7073052	6	7073426	0.0100359788108443		0	0	70985	0	True	32.03090286254883	2.135159730911255	deepcheck	-43.04147667698126	-7.864829444181499	43.04147667698126	7.864829444181499	low	medium
G_r040_indel_2pct	40	14	indel	0.02	2.0	ins0.5_geom0.75	RS_GCF_028623165.1	Cyanobacteriota	Bacteria	high	75.07237953953009	9.999989175092754	75.0743749450995	9.999989175092754	8314159	6	7073052	6	7073240	0.0200472158270574		0	0	141795	0	True	31.28700256347656	10.922945976257324	deepcheck	-43.78537697605353	0.9229568011645704	43.78537697605353	0.9229568011645704	low	medium
G_r040_indel_5pct	40	15	indel	0.05	5.0	ins0.5_geom0.75	RS_GCF_028623165.1	Cyanobacteriota	Bacteria	high	75.07237953953009	9.999989175092754	75.07046904483599	9.999989175092754	8314159	6	7073052	6	7072872	0.0500076911635882		0	0	353707	0	True	43.776458740234375	14.521276473999023	deepcheck	-31.295920799295715	4.52128729890627	31.295920799295715	4.52128729890627	low	medium
G_r040_chimera_5pct	40	16	chimera	0.05	5.0	rc0.5	RS_GCF_028623165.1	Cyanobacteriota	Bacteria	high	75.07237953953009	9.999989175092754	75.07237953953009	9.999989175092754	8314159	6	7073052	6	7073052	0.0		0	0	0	0	True	76.94232177734375	3.3879265785217285	deepcheck	1.8699422378136603	-6.612062596571025	1.8699422378136603	6.612062596571025	medium	medium
G_r040_chimera_10pct	40	17	chimera	0.1	10.0	rc0.5	RS_GCF_028623165.1	Cyanobacteriota	Bacteria	high	75.07237953953009	9.999989175092754	75.07237953953009	9.999989175092754	8314159	6	7073052	6	7073052	0.0		0	0	0	0	True	76.94232177734375	3.3879265785217285	deepcheck	1.8699422378136603	-6.612062596571025	1.8699422378136603	6.612062596571025	medium	medium
G_r040_chimera_20pct	40	18	chimera	0.2	20.0	rc0.5	RS_GCF_028623165.1	Cyanobacteriota	Bacteria	high	75.07237953953009	9.999989175092754	75.07237953953009	9.999989175092754	8314159	6	7073052	5	7073052	0.3333333333333333		0	0	0	1	True	76.94242858886719	3.3878426551818848	deepcheck	1.8700490493370978	-6.612146519910869	1.8700490493370978	6.612146519910869	medium	medium
G_r040_chimera_40pct	40	19	chimera	0.4	40.0	rc0.5	RS_GCF_028623165.1	Cyanobacteriota	Bacteria	high	75.07237953953009	9.999989175092754	75.07237953953009	9.999989175092754	8314159	6	7073052	4	7073052	0.6666666666666666		0	0	0	2	True	76.92193603515625	3.450659990310669	deepcheck	1.8495564956261603	-6.549329184782085	1.8495564956261603	6.549329184782085	medium	medium
G_r040_uneven_coverage_5pct	40	20	uneven_coverage	0.05	5.0	lognormal_sigma1.0	RS_GCF_028623165.1	Cyanobacteriota	Bacteria	high	75.07237953953009	9.999989175092754	75.07237953953009	14.253612421893784	8314159	6	7073052	7	7426705	0.0500000565526734		353653	0	0	0	True	76.50528717041016	7.934951782226562	deepcheck	1.4329076308800666	-2.0650373928661923	1.4329076308800666	2.0650373928661923	medium	medium
G_r040_uneven_coverage_10pct	40	21	uneven_coverage	0.1	10.0	lognormal_sigma1.0	RS_GCF_028623165.1	Cyanobacteriota	Bacteria	high	75.07237953953009	9.999989175092754	75.07237953953009	18.507223641020097	8314159	6	7073052	8	7780357	0.0999999717236632		707305	0	0	0	True	75.80455780029297	10.38487148284912	deepcheck	0.7321782607628791	0.38488230775636545	0.7321782607628791	0.38488230775636545	low	medium
G_r040_uneven_coverage_20pct	40	22	uneven_coverage	0.2	20.0	lognormal_sigma1.0	RS_GCF_028623165.1	Cyanobacteriota	Bacteria	high	75.07237953953009	9.999989175092754	75.07237953953009	27.01445810694744	8314159	6	7073052	7	8487662	0.1999999434473265		1414610	0	0	0	True	76.79583740234375	15.148009300231934	deepcheck	1.7234578628136603	5.14802012513918	1.7234578628136603	5.14802012513918	low	medium
G_r040_uneven_coverage_40pct	40	23	uneven_coverage	0.4	40.0	lognormal_sigma1.0	RS_GCF_028623165.1	Cyanobacteriota	Bacteria	high	75.07237953953009	9.999989175092754	75.07237953953009	44.02893906647684	8314159	6	7073052	10	9902273	0.4000000282763367		2829221	0	0	0	True	80.47457885742188	30.98688125610352	deepcheck	5.402199317891785	20.986892081010765	5.402199317891785	20.986892081010765	low	medium
G_r041_none_control	41	0	none	0.0	0.0	control	RS_GCF_000772145.1	Chlamydiota	Bacteria	highly_fragmented	79.63802634043866	1.979121134143125	79.63802634043866	1.979121134143125	1072951	26	875712	26	875712	0.0		0	0	0	0	True	71.7767105102539	1.369410753250122	deepcheck	-7.8613158301847506	-0.6097103808930029	7.8613158301847506	0.6097103808930029	medium	medium
G_r041_substitution_0p1pct	41	1	substitution	0.001	0.1	uniform	RS_GCF_000772145.1	Chlamydiota	Bacteria	highly_fragmented	79.63802634043866	1.979121134143125	79.63802634043866	1.979121134143125	1072951	26	875712	26	875712	0.0010163158664035	0.0089640838741259	0	890	0	0	True	70.62120056152344	0.9116944074630736	deepcheck	-9.01682577891522	-1.0674267266800515	9.01682577891522	1.0674267266800515	medium	medium
G_r041_substitution_0p5pct	41	2	substitution	0.005	0.5	uniform	RS_GCF_000772145.1	Chlamydiota	Bacteria	highly_fragmented	79.63802634043866	1.979121134143125	79.63802634043866	1.979121134143125	1072951	26	875712	26	875712	0.0049673865380399	0.0441104216424403	0	4350	0	0	True	66.67138671875	3.271636486053467	deepcheck	-12.966639621688657	1.2925153519103418	12.966639621688657	1.2925153519103418	medium	medium
G_r041_substitution_1pct	41	3	substitution	0.01	1.0	uniform	RS_GCF_000772145.1	Chlamydiota	Bacteria	highly_fragmented	79.63802634043866	1.979121134143125	79.63802634043866	1.979121134143125	1072951	26	875712	26	875712	0.0099496181392969	0.0864827525163591	0	8713	0	0	True	63.08790588378906	2.974595069885254	deepcheck	-16.550120456649594	0.995473935742129	16.550120456649594	0.995473935742129	medium	medium
G_r041_substitution_2pct	41	4	substitution	0.02	2.0	uniform	RS_GCF_000772145.1	Chlamydiota	Bacteria	highly_fragmented	79.63802634043866	1.979121134143125	79.63802634043866	1.979121134143125	1072951	26	875712	26	875712	0.0199471972520646	0.1662522378698502	0	17468	0	0	True	59.08816909790039	4.9454264640808105	deepcheck	-20.549857242538266	2.9663053299376854	20.549857242538266	2.9663053299376854	medium	medium
G_r041_substitution_5pct	41	5	substitution	0.05	5.0	uniform	RS_GCF_000772145.1	Chlamydiota	Bacteria	highly_fragmented	79.63802634043866	1.979121134143125	79.63802634043866	1.979121134143125	1072951	26	875712	26	875712	0.0501523331871665	0.3697505902753909	0	43919	0	0	True	33.322505950927734	1.766727089881897	deepcheck	-46.31552038951092	-0.212394044261228	46.31552038951092	0.212394044261228	low	medium
G_r041_substitution_titv_0p1pct	41	6	substitution_titv	0.001	0.1	titv_2	RS_GCF_000772145.1	Chlamydiota	Bacteria	highly_fragmented	79.63802634043866	1.979121134143125	79.63802634043866	1.979121134143125	1072951	26	875712	26	875712	0.000998045019367	0.0089640838741259	0	874	0	0	True	71.4599380493164	0.9672634601593018	deepcheck	-8.17808829112225	-1.0118576739838232	8.17808829112225	1.0118576739838232	medium	medium
G_r041_substitution_titv_0p5pct	41	7	substitution_titv	0.005	0.5	titv_2	RS_GCF_000772145.1	Chlamydiota	Bacteria	highly_fragmented	79.63802634043866	1.979121134143125	79.63802634043866	1.979121134143125	1072951	26	875712	26	875712	0.0049799477453774	0.0441104216424403	0	4361	0	0	True	68.41452026367188	0.5925357341766357	deepcheck	-11.223506076766782	-1.3865853999664892	11.223506076766782	1.3865853999664892	medium	medium
G_r041_substitution_titv_1pct	41	8	substitution_titv	0.01	1.0	titv_2	RS_GCF_000772145.1	Chlamydiota	Bacteria	highly_fragmented	79.63802634043866	1.979121134143125	79.63802634043866	1.979121134143125	1072951	26	875712	26	875712	0.0101106299788058	0.0864827525163591	0	8854	0	0	True	63.30342102050781	2.3138113021850586	deepcheck	-16.334605319930844	0.33469016804193363	16.334605319930844	0.33469016804193363	medium	medium
G_r041_substitution_titv_2pct	41	9	substitution_titv	0.02	2.0	titv_2	RS_GCF_000772145.1	Chlamydiota	Bacteria	highly_fragmented	79.63802634043866	1.979121134143125	79.63802634043866	1.979121134143125	1072951	26	875712	26	875712	0.0198592688007016	0.1662522378698502	0	17391	0	0	True	58.96506881713867	0.3347352147102356	deepcheck	-20.672957523299985	-1.6443859194328894	20.672957523299985	1.6443859194328894	medium	medium
G_r041_substitution_titv_5pct	41	10	substitution_titv	0.05	5.0	titv_2	RS_GCF_000772145.1	Chlamydiota	Bacteria	highly_fragmented	79.63802634043866	1.979121134143125	79.63802634043866	1.979121134143125	1072951	26	875712	26	875712	0.0498565738507637	0.3697505902753909	0	43660	0	0	True	46.83710479736328	1.9705243110656736	deepcheck	-32.800921543075376	-0.008596823077451354	32.800921543075376	0.008596823077451354	low	medium
G_r041_indel_0p1pct	41	11	indel	0.001	0.1	ins0.5_geom0.75	RS_GCF_000772145.1	Chlamydiota	Bacteria	highly_fragmented	79.63802634043866	1.979121134143125	79.63820822221335	1.979121134143125	1072951	26	875712	26	875714	0.0009969030914273		0	0	873	0	True	59.0299186706543	4.325394153594971	deepcheck	-20.60810766978436	2.3462730194518455	20.60810766978436	2.3462730194518455	medium	medium
G_r041_indel_0p5pct	41	12	indel	0.005	0.5	ins0.5_geom0.75	RS_GCF_000772145.1	Chlamydiota	Bacteria	highly_fragmented	79.63802634043866	1.979121134143125	79.64430126166559	1.979121134143125	1072951	26	875712	26	875781	0.0049696703939194		0	0	4352	0	True	23.67930221557617	1.1569350957870483	deepcheck	-55.958724124862485	-0.8221860383560766	55.958724124862485	0.8221860383560766	low	medium
G_r041_indel_1pct	41	13	indel	0.01	1.0	ins0.5_geom0.75	RS_GCF_000772145.1	Chlamydiota	Bacteria	highly_fragmented	79.63802634043866	1.979121134143125	79.61556394126394	1.979121134143125	1072951	26	875712	26	875465	0.0098673993276328		0	0	8641	0	True	29.92655372619629	6.026275634765625	deepcheck	-49.71147261424237	4.0471545006225	49.71147261424237	4.0471545006225	low	medium
G_r041_indel_2pct	41	14	indel	0.02	2.0	ins0.5_geom0.75	RS_GCF_000772145.1	Chlamydiota	Bacteria	highly_fragmented	79.63802634043866	1.979121134143125	79.62829566549252	1.979121134143125	1072951	26	875712	26	875605	0.019965468099101		0	0	17484	0	True	18.88099670410156	2.2433876991271973	deepcheck	-60.757029636337094	0.2642665649840723	60.757029636337094	0.2642665649840723	low	medium
G_r041_indel_5pct	41	15	indel	0.05	5.0	ins0.5_geom0.75	RS_GCF_000772145.1	Chlamydiota	Bacteria	highly_fragmented	79.63802634043866	1.979121134143125	79.65712392678154	1.979121134143125	1072951	26	875712	26	875922	0.0499730505006212		0	0	43762	0	True	26.60116195678711	6.665255069732666	deepcheck	-53.03686438365155	4.686133935589541	53.03686438365155	4.686133935589541	low	medium
G_r041_chimera_5pct	41	16	chimera	0.05	5.0	rc0.5	RS_GCF_000772145.1	Chlamydiota	Bacteria	highly_fragmented	79.63802634043866	1.979121134143125	79.63802634043866	1.979121134143125	1072951	26	875712	25	875712	0.0769230769230769		0	0	0	1	True	71.77629852294922	1.3690613508224487	deepcheck	-7.861727817489438	-0.6100597833206762	7.861727817489438	0.6100597833206762	medium	medium
G_r041_chimera_10pct	41	17	chimera	0.1	10.0	rc0.5	RS_GCF_000772145.1	Chlamydiota	Bacteria	highly_fragmented	79.63802634043866	1.979121134143125	79.63802634043866	1.979121134143125	1072951	26	875712	25	875712	0.0769230769230769		0	0	0	1	True	71.77619171142578	1.3689868450164795	deepcheck	-7.8618346290128756	-0.6101342891266455	7.8618346290128756	0.6101342891266455	medium	medium
G_r041_chimera_20pct	41	18	chimera	0.2	20.0	rc0.5	RS_GCF_000772145.1	Chlamydiota	Bacteria	highly_fragmented	79.63802634043866	1.979121134143125	79.63802634043866	1.979121134143125	1072951	26	875712	23	875712	0.2307692307692307		0	0	0	3	True	71.77552032470703	1.3687379360198977	deepcheck	-7.8625060157316256	-0.6103831981232273	7.8625060157316256	0.6103831981232273	medium	medium
G_r041_chimera_40pct	41	19	chimera	0.4	40.0	rc0.5	RS_GCF_000772145.1	Chlamydiota	Bacteria	highly_fragmented	79.63802634043866	1.979121134143125	79.63802634043866	1.979121134143125	1072951	26	875712	21	875712	0.3846153846153846		0	0	0	5	True	71.89523315429688	1.300388216972351	deepcheck	-7.742793186141782	-0.6787329171707739	7.742793186141782	0.6787329171707739	medium	medium
G_r041_uneven_coverage_5pct	41	20	uneven_coverage	0.05	5.0	lognormal_sigma1.0	RS_GCF_000772145.1	Chlamydiota	Bacteria	highly_fragmented	79.63802634043866	1.979121134143125	79.63802634043866	6.060015788232641	1072951	26	875712	29	919498	0.0500004567711759		43786	0	0	0	True	72.17350006103516	5.021533966064453	deepcheck	-7.4645262794035006	3.042412831921328	7.4645262794035006	3.042412831921328	medium	medium
G_r041_uneven_coverage_10pct	41	21	uneven_coverage	0.1	10.0	lognormal_sigma1.0	RS_GCF_000772145.1	Chlamydiota	Bacteria	highly_fragmented	79.63802634043866	1.979121134143125	79.63802634043866	10.14081724142109	1072951	26	875712	29	963283	0.099999771614412		87571	0	0	0	True	70.81871032714844	11.847522735595703	deepcheck	-8.81931601329022	9.868401601452579	8.81931601329022	9.868401601452579	low	medium
G_r041_uneven_coverage_20pct	41	22	uneven_coverage	0.2	20.0	lognormal_sigma1.0	RS_GCF_000772145.1	Chlamydiota	Bacteria	highly_fragmented	79.63802634043866	1.979121134143125	79.63802634043866	18.30251334869905	1072951	26	875712	34	1050854	0.1999995432288241		175142	0	0	0	True	71.25138854980469	12.081182479858398	deepcheck	-8.38663779063397	10.102061345715274	8.38663779063397	10.102061345715274	low	medium
G_r041_uneven_coverage_40pct	41	23	uneven_coverage	0.4	40.0	lognormal_sigma1.0	RS_GCF_000772145.1	Chlamydiota	Bacteria	highly_fragmented	79.63802634043866	1.979121134143125	79.63802634043866	34.62599876415605	1072951	26	875712	35	1225997	0.4000002283855879		350285	0	0	0	True	70.10095977783203	29.619667053222656	deepcheck	-9.537066562606626	27.640545919079532	9.537066562606626	27.640545919079532	low	medium
G_r042_none_control	42	0	none	0.0	0.0	control	RS_GCF_009884095.1	Spirochaetota	Bacteria	highly_fragmented	69.96157403363347	0.0	69.96157403363347	0.0	4556294	265	3187655	265	3187655	0.0		0	0	0	0	True	65.5700912475586	0.1389108598232269	deepcheck	-4.391482786074874	0.1389108598232269	4.391482786074874	0.1389108598232269	medium	medium
G_r042_substitution_0p1pct	42	1	substitution	0.001	0.1	uniform	RS_GCF_009884095.1	Spirochaetota	Bacteria	highly_fragmented	69.96157403363347	0.0	69.96157403363347	0.0	4556294	265	3187655	265	3187655	0.0010051198587365	0.0089640838741259	0	3199	0	0	True	64.25187683105469	0.9140949845314026	deepcheck	-5.709697202578781	0.9140949845314026	5.709697202578781	0.9140949845314026	medium	medium
G_r042_substitution_0p5pct	42	2	substitution	0.005	0.5	uniform	RS_GCF_009884095.1	Spirochaetota	Bacteria	highly_fragmented	69.96157403363347	0.0	69.96157403363347	0.0	4556294	265	3187655	265	3187655	0.0050535629283895	0.0441104216424403	0	16084	0	0	True	60.58136749267578	0.7008597254753113	deepcheck	-9.380206540957687	0.7008597254753113	9.380206540957687	0.7008597254753113	medium	medium
G_r042_substitution_1pct	42	3	substitution	0.01	1.0	uniform	RS_GCF_009884095.1	Spirochaetota	Bacteria	highly_fragmented	69.96157403363347	0.0	69.96157403363347	0.0	4556294	265	3187655	265	3187655	0.0100191503768021	0.0864827525163591	0	31888	0	0	True	56.99788284301758	1.0102317333221436	deepcheck	-12.96369119061589	1.0102317333221436	12.96369119061589	1.0102317333221436	medium	medium
G_r042_substitution_2pct	42	4	substitution	0.02	2.0	uniform	RS_GCF_009884095.1	Spirochaetota	Bacteria	highly_fragmented	69.96157403363347	0.0	69.96157403363347	0.0	4556294	265	3187655	265	3187655	0.0199540956513406	0.1662522378698502	0	63508	0	0	True	46.998085021972656	2.159799575805664	deepcheck	-22.963489011660812	2.159799575805664	22.963489011660812	2.159799575805664	low	medium
G_r042_substitution_5pct	42	5	substitution	0.05	5.0	uniform	RS_GCF_009884095.1	Spirochaetota	Bacteria	highly_fragmented	69.96157403363347	0.0	69.96157403363347	0.0	4556294	265	3187655	265	3187655	0.0501023500450088	0.3697505902753909	0	159461	0	0	True	29.613130569458008	1.1825952529907229	deepcheck	-40.34844346417546	1.1825952529907229	40.34844346417546	1.1825952529907229	low	medium
G_r042_substitution_titv_0p1pct	42	6	substitution_titv	0.001	0.1	titv_2	RS_GCF_009884095.1	Spirochaetota	Bacteria	highly_fragmented	69.96157403363347	0.0	69.96157403363347	0.0	4556294	265	3187655	265	3187655	0.0010066908494503	0.0089640838741259	0	3204	0	0	True	64.9741439819336	0.4173752069473266	deepcheck	-4.987430051699874	0.4173752069473266	4.987430051699874	0.4173752069473266	medium	medium
G_r042_substitution_titv_0p5pct	42	7	substitution_titv	0.005	0.5	titv_2	RS_GCF_009884095.1	Spirochaetota	Bacteria	highly_fragmented	69.96157403363347	0.0	69.96157403363347	0.0	4556294	265	3187655	265	3187655	0.0049014910272865	0.0441104216424403	0	15600	0	0	True	64.10352325439453	1.730962872505188	deepcheck	-5.858050779238937	1.730962872505188	5.858050779238937	1.730962872505188	medium	medium
G_r042_substitution_titv_1pct	42	8	substitution_titv	0.01	1.0	titv_2	RS_GCF_009884095.1	Spirochaetota	Bacteria	highly_fragmented	69.96157403363347	0.0	69.96157403363347	0.0	4556294	265	3187655	265	3187655	0.0100458572189379	0.0864827525163591	0	31973	0	0	True	60.04561233520508	2.0920827388763428	deepcheck	-9.91596169842839	2.0920827388763428	9.91596169842839	2.0920827388763428	medium	medium
G_r042_substitution_titv_2pct	42	9	substitution_titv	0.02	2.0	titv_2	RS_GCF_009884095.1	Spirochaetota	Bacteria	highly_fragmented	69.96157403363347	0.0	69.96157403363347	0.0	4556294	265	3187655	265	3187655	0.0200059383448984	0.1662522378698502	0	63673	0	0	True	53.55938720703125	0.5264565348625183	deepcheck	-16.402186826602218	0.5264565348625183	16.402186826602218	0.5264565348625183	medium	medium
G_r042_substitution_titv_5pct	42	10	substitution_titv	0.05	5.0	titv_2	RS_GCF_009884095.1	Spirochaetota	Bacteria	highly_fragmented	69.96157403363347	0.0	69.96157403363347	0.0	4556294	265	3187655	265	3187655	0.0498629310602145	0.3697505902753909	0	158699	0	0	True	33.00089645385742	1.9930928945541384	deepcheck	-36.960677579776046	1.9930928945541384	36.960677579776046	1.9930928945541384	low	medium
G_r042_indel_0p1pct	42	11	indel	0.001	0.1	ins0.5_geom0.75	RS_GCF_009884095.1	Spirochaetota	Bacteria	highly_fragmented	69.96157403363347	0.0	69.9642297007173	0.0	4556294	265	3187655	265	3187776	0.001025832469323		0	0	3270	0	True	49.12399673461914	4.551677227020264	deepcheck	-20.837577299014328	4.551677227020264	20.837577299014328	4.551677227020264	low	medium
G_r042_indel_0p5pct	42	12	indel	0.005	0.5	ins0.5_geom0.75	RS_GCF_009884095.1	Spirochaetota	Bacteria	highly_fragmented	69.96157403363347	0.0	69.95966458705254	0.0	4556294	265	3187655	265	3187568	0.0049497200920425		0	0	15778	0	True	23.100549697875977	0.4991844296455383	deepcheck	-46.86102433575749	0.4991844296455383	46.86102433575749	0.4991844296455383	low	medium
G_r042_indel_1pct	42	13	indel	0.01	1.0	ins0.5_geom0.75	RS_GCF_009884095.1	Spirochaetota	Bacteria	highly_fragmented	69.96157403363347	0.0	69.96543682211903	0.0	4556294	265	3187655	265	3187831	0.0099606136799622		0	0	31751	0	True	28.69575881958008	5.454627513885498	deepcheck	-41.26581521405339	5.454627513885498	41.26581521405339	5.454627513885498	low	medium
G_r042_indel_2pct	42	14	indel	0.02	2.0	ins0.5_geom0.75	RS_GCF_009884095.1	Spirochaetota	Bacteria	highly_fragmented	69.96157403363347	0.0	69.97621312408725	0.0	4556294	265	3187655	265	3188322	0.0199391088433346		0	0	63559	0	True	27.961400985717773	7.945466995239258	deepcheck	-42.000173047915695	7.945466995239258	42.000173047915695	7.945466995239258	low	medium
G_r042_indel_5pct	42	15	indel	0.05	5.0	ins0.5_geom0.75	RS_GCF_009884095.1	Spirochaetota	Bacteria	highly_fragmented	69.96157403363347	0.0	69.96359321852366	0.0	4556294	265	3187655	265	3187747	0.0498538894579244		0	0	158917	0	True	50.590240478515625	21.210411071777344	deepcheck	-19.371333555117843	21.210411071777344	19.371333555117843	21.210411071777344	low	medium
G_r042_chimera_5pct	42	16	chimera	0.05	5.0	rc0.5	RS_GCF_009884095.1	Spirochaetota	Bacteria	highly_fragmented	69.96157403363347	0.0	69.96157403363347	0.0	4556294	265	3187655	258	3187655	0.0528301886792452		0	0	0	7	True	65.57064056396484	0.1390017569065094	deepcheck	-4.390933469668624	0.1390017569065094	4.390933469668624	0.1390017569065094	medium	medium
G_r042_chimera_10pct	42	17	chimera	0.1	10.0	rc0.5	RS_GCF_009884095.1	Spirochaetota	Bacteria	highly_fragmented	69.96157403363347	0.0	69.96157403363347	0.0	4556294	265	3187655	252	3187655	0.0981132075471698		0	0	0	13	True	65.57039642333984	0.1389987766742706	deepcheck	-4.391177610293624	0.1389987766742706	4.391177610293624	0.1389987766742706	medium	medium
G_r042_chimera_20pct	42	18	chimera	0.2	20.0	rc0.5	RS_GCF_009884095.1	Spirochaetota	Bacteria	highly_fragmented	69.96157403363347	0.0	69.96157403363347	0.0	4556294	265	3187655	238	3187655	0.2037735849056604		0	0	0	27	True	64.90398406982422	0.5422137975692749	deepcheck	-5.057589963809249	0.5422137975692749	5.057589963809249	0.5422137975692749	medium	medium
G_r042_chimera_40pct	42	19	chimera	0.4	40.0	rc0.5	RS_GCF_009884095.1	Spirochaetota	Bacteria	highly_fragmented	69.96157403363347	0.0	69.96157403363347	0.0	4556294	265	3187655	212	3187655	0.4		0	0	0	53	True	65.22190856933594	0.2284828573465347	deepcheck	-4.739665464297531	0.2284828573465347	4.739665464297531	0.2284828573465347	medium	medium
G_r042_uneven_coverage_5pct	42	20	uneven_coverage	0.05	5.0	lognormal_sigma1.0	RS_GCF_009884095.1	Spirochaetota	Bacteria	highly_fragmented	69.96157403363347	0.0	69.96157403363347	3.498084188597136	4556294	265	3187655	279	3347038	0.0500000784275588		159383	0	0	0	True	65.21112060546875	4.949198722839356	deepcheck	-4.750453428164718	4.949198722839356	4.750453428164718	4.949198722839356	medium	medium
G_r042_uneven_coverage_10pct	42	21	uneven_coverage	0.1	10.0	lognormal_sigma1.0	RS_GCF_009884095.1	Spirochaetota	Bacteria	highly_fragmented	69.96157403363347	0.0	69.96157403363347	6.996168377194272	4556294	265	3187655	298	3506421	0.1000001568551176		318766	0	0	0	True	66.13822174072266	6.795982837677002	deepcheck	-3.823352292910812	6.795982837677002	3.823352292910812	6.795982837677002	medium	medium
G_r042_uneven_coverage_20pct	42	22	uneven_coverage	0.2	20.0	lognormal_sigma1.0	RS_GCF_009884095.1	Spirochaetota	Bacteria	highly_fragmented	69.96157403363347	0.0	69.96157403363347	13.992314806726696	4556294	265	3187655	325	3825186	0.2		637531	0	0	0	True	64.50413513183594	14.548534393310549	deepcheck	-5.457438901797531	14.548534393310549	5.457438901797531	14.548534393310549	low	medium
G_r042_uneven_coverage_40pct	42	23	uneven_coverage	0.4	40.0	lognormal_sigma1.0	RS_GCF_009884095.1	Spirochaetota	Bacteria	highly_fragmented	69.96157403363347	0.0	69.96157403363347	27.98462961345339	4556294	265	3187655	383	4462717	0.4		1275062	0	0	0	True	63.609375	20.58209991455078	deepcheck	-6.352199033633468	20.58209991455078	6.352199033633468	20.58209991455078	low	medium
G_r043_none_control	43	0	none	0.0	0.0	control	RS_GCF_000023905.1	Fusobacteriota	Bacteria	medium	100.0	10.0	100.0	10.0	2465610	3	2712171	3	2712171	0.0		0	0	0	0	True	99.79439544677734	8.16623306274414	deepcheck	-0.20560455322265625	-1.8337669372558594	0.20560455322265625	1.8337669372558594	medium	low
G_r043_substitution_0p1pct	43	1	substitution	0.001	0.1	uniform	RS_GCF_000023905.1	Fusobacteriota	Bacteria	medium	100.0	10.0	100.0	10.0	2465610	3	2712171	3	2712171	0.001006573700552	0.0089640838741259	0	2730	0	0	True	99.27107238769533	8.044107437133789	deepcheck	-0.7289276123046733	-1.955892562866211	0.7289276123046733	1.955892562866211	medium	low
G_r043_substitution_0p5pct	43	2	substitution	0.005	0.5	uniform	RS_GCF_000023905.1	Fusobacteriota	Bacteria	medium	100.0	10.0	100.0	10.0	2465610	3	2712171	3	2712171	0.0050395052524343	0.0441104216424403	0	13668	0	0	True	96.92861938476562	9.357851028442385	deepcheck	-3.071380615234375	-0.6421489715576154	3.071380615234375	0.6421489715576154	medium	low
G_r043_substitution_1pct	43	3	substitution	0.01	1.0	uniform	RS_GCF_000023905.1	Fusobacteriota	Bacteria	medium	100.0	10.0	100.0	10.0	2465610	3	2712171	3	2712171	0.01003955871514	0.0864827525163591	0	27229	0	0	True	90.31302642822266	8.459211349487305	deepcheck	-9.686973571777344	-1.5407886505126953	9.686973571777344	1.5407886505126953	medium	low
G_r043_substitution_2pct	43	4	substitution	0.02	2.0	uniform	RS_GCF_000023905.1	Fusobacteriota	Bacteria	medium	100.0	10.0	100.0	10.0	2465610	3	2712171	3	2712171	0.0199434327702788	0.1662522378698502	0	54090	0	0	True	80.13985443115234	9.550064086914062	deepcheck	-19.860145568847656	-0.4499359130859375	19.860145568847656	0.4499359130859375	medium	low
G_r043_substitution_5pct	43	5	substitution	0.05	5.0	uniform	RS_GCF_000023905.1	Fusobacteriota	Bacteria	medium	100.0	10.0	100.0	10.0	2465610	3	2712171	3	2712171	0.0499850488778178	0.3697505902753909	0	135568	0	0	True	48.19438171386719	7.02569580078125	deepcheck	-51.80561828613281	-2.97430419921875	51.80561828613281	2.97430419921875	low	low
G_r043_substitution_titv_0p1pct	43	6	substitution_titv	0.001	0.1	titv_2	RS_GCF_000023905.1	Fusobacteriota	Bacteria	medium	100.0	10.0	100.0	10.0	2465610	3	2712171	3	2712171	0.0009840824933236	0.0089640838741259	0	2669	0	0	True	99.3904037475586	8.524518013000488	deepcheck	-0.6095962524414062	-1.4754819869995117	0.6095962524414062	1.4754819869995117	medium	low
G_r043_substitution_titv_0p5pct	43	7	substitution_titv	0.005	0.5	titv_2	RS_GCF_000023905.1	Fusobacteriota	Bacteria	medium	100.0	10.0	100.0	10.0	2465610	3	2712171	3	2712171	0.0049617077979227	0.0441104216424403	0	13457	0	0	True	98.47799682617188	9.397223472595217	deepcheck	-1.522003173828125	-0.6027765274047834	1.522003173828125	0.6027765274047834	medium	low
G_r043_substitution_titv_1pct	43	8	substitution_titv	0.01	1.0	titv_2	RS_GCF_000023905.1	Fusobacteriota	Bacteria	medium	100.0	10.0	100.0	10.0	2465610	3	2712171	3	2712171	0.0100815914630751	0.0864827525163591	0	27343	0	0	True	93.35710144042967	9.36349868774414	deepcheck	-6.642898559570327	-0.6365013122558594	6.642898559570327	0.6365013122558594	medium	low
G_r043_substitution_titv_2pct	43	9	substitution_titv	0.02	2.0	titv_2	RS_GCF_000023905.1	Fusobacteriota	Bacteria	medium	100.0	10.0	100.0	10.0	2465610	3	2712171	3	2712171	0.0200400343488666	0.1662522378698502	0	54352	0	0	True	88.89241790771484	10.031606674194336	deepcheck	-11.107582092285156	0.03160667419433594	11.107582092285156	0.03160667419433594	low	low
G_r043_substitution_titv_5pct	43	10	substitution_titv	0.05	5.0	titv_2	RS_GCF_000023905.1	Fusobacteriota	Bacteria	medium	100.0	10.0	100.0	10.0	2465610	3	2712171	3	2712171	0.0500108584598832	0.3697505902753909	0	135638	0	0	True	66.641357421875	5.3264007568359375	deepcheck	-33.358642578125	-4.6735992431640625	33.358642578125	4.6735992431640625	medium	low
G_r043_indel_0p1pct	43	11	indel	0.001	0.1	ins0.5_geom0.75	RS_GCF_000023905.1	Fusobacteriota	Bacteria	medium	100.0	10.0	100.00191728323917	10.0	2465610	3	2712171	3	2712223	0.0010253778246283		0	0	2781	0	True	79.23021697998047	9.294721603393556	deepcheck	-20.76978302001953	-0.7052783966064435	20.76978302001953	0.7052783966064435	medium	low
G_r043_indel_0p5pct	43	12	indel	0.005	0.5	ins0.5_geom0.75	RS_GCF_000023905.1	Fusobacteriota	Bacteria	medium	100.0	10.0	99.99000800465753	10.0	2465610	3	2712171	3	2711900	0.0050616277513475		0	0	13728	0	True	43.43835067749024	4.700438499450684	deepcheck	-56.56164932250976	-5.299561500549316	56.56164932250976	5.299561500549316	low	low
G_r043_indel_1pct	43	13	indel	0.01	1.0	ins0.5_geom0.75	RS_GCF_000023905.1	Fusobacteriota	Bacteria	medium	100.0	10.0	100.01227798689683	10.0	2465610	3	2712171	3	2712504	0.0099628673855741		0	0	27021	0	True	24.309513092041016	1.1359542608261108	deepcheck	-75.69048690795898	-8.86404573917389	75.69048690795898	8.86404573917389	low	low
G_r043_indel_2pct	43	14	indel	0.02	2.0	ins0.5_geom0.75	RS_GCF_000023905.1	Fusobacteriota	Bacteria	medium	100.0	10.0	99.99240460870644	10.0	2465610	3	2712171	3	2711965	0.0200470398068558		0	0	54371	0	True	43.26619338989258	14.416873931884766	deepcheck	-56.73380661010742	4.416873931884766	56.73380661010742	4.416873931884766	low	low
G_r043_indel_5pct	43	15	indel	0.05	5.0	ins0.5_geom0.75	RS_GCF_000023905.1	Fusobacteriota	Bacteria	medium	100.0	10.0	100.00176979991303	10.0	2465610	3	2712171	3	2712219	0.0500565782909705		0	0	135762	0	True	50.3652229309082	20.292701721191406	deepcheck	-49.6347770690918	10.292701721191406	49.6347770690918	10.292701721191406	low	low
G_r043_chimera_5pct	43	16	chimera	0.05	5.0	rc0.5	RS_GCF_000023905.1	Fusobacteriota	Bacteria	medium	100.0	10.0	100.0	10.0	2465610	3	2712171	3	2712171	0.0		0	0	0	0	True	99.79439544677734	8.16623306274414	deepcheck	-0.20560455322265625	-1.8337669372558594	0.20560455322265625	1.8337669372558594	medium	low
G_r043_chimera_10pct	43	17	chimera	0.1	10.0	rc0.5	RS_GCF_000023905.1	Fusobacteriota	Bacteria	medium	100.0	10.0	100.0	10.0	2465610	3	2712171	3	2712171	0.0		0	0	0	0	True	99.79439544677734	8.16623306274414	deepcheck	-0.20560455322265625	-1.8337669372558594	0.20560455322265625	1.8337669372558594	medium	low
G_r043_chimera_20pct	43	18	chimera	0.2	20.0	rc0.5	RS_GCF_000023905.1	Fusobacteriota	Bacteria	medium	100.0	10.0	100.0	10.0	2465610	3	2712171	3	2712171	0.0		0	0	0	0	True	99.79439544677734	8.16623306274414	deepcheck	-0.20560455322265625	-1.8337669372558594	0.20560455322265625	1.8337669372558594	medium	low
G_r043_chimera_40pct	43	19	chimera	0.4	40.0	rc0.5	RS_GCF_000023905.1	Fusobacteriota	Bacteria	medium	100.0	10.0	100.0	10.0	2465610	3	2712171	3	2712171	0.0		0	0	0	0	True	99.79439544677734	8.16623306274414	deepcheck	-0.20560455322265625	-1.8337669372558594	0.20560455322265625	1.8337669372558594	medium	low
G_r043_uneven_coverage_5pct	43	20	uneven_coverage	0.05	5.0	lognormal_sigma1.0	RS_GCF_000023905.1	Fusobacteriota	Bacteria	medium	100.0	10.0	100.0	15.500018251061604	2465610	3	2712171	4	2847780	0.0500001659187418		135609	0	0	0	True	99.94752502441406	13.997745513916016	deepcheck	-0.0524749755859375	3.9977455139160156	0.0524749755859375	3.9977455139160156	low	low
G_r043_uneven_coverage_10pct	43	21	uneven_coverage	0.1	10.0	lognormal_sigma1.0	RS_GCF_000023905.1	Fusobacteriota	Bacteria	medium	100.0	10.0	100.0	20.99999594420853	2465610	3	2712171	4	2983388	0.0999999631291684		271217	0	0	0	True	100.17833709716795	20.41136360168457	deepcheck	0.17833709716795454	10.41136360168457	0.17833709716795454	10.41136360168457	low	low
G_r043_uneven_coverage_20pct	43	22	uneven_coverage	0.2	20.0	lognormal_sigma1.0	RS_GCF_000023905.1	Fusobacteriota	Bacteria	medium	100.0	10.0	100.0	31.999991888417064	2465610	3	2712171	4	3254605	0.1999999262583369		542434	0	0	0	True	99.85314178466795	25.07340240478516	deepcheck	-0.14685821533204546	15.07340240478516	0.14685821533204546	15.07340240478516	low	low
G_r043_uneven_coverage_40pct	43	23	uneven_coverage	0.4	40.0	lognormal_sigma1.0	RS_GCF_000023905.1	Fusobacteriota	Bacteria	medium	100.0	10.0	100.0	53.99998377683413	2465610	3	2712171	4	3797039	0.3999998525166739		1084868	0	0	0	True	101.8021011352539	59.34742736816406	deepcheck	1.8021011352539062	49.34742736816406	1.8021011352539062	49.34742736816406	low	low
G_r044_none_control	44	0	none	0.0	0.0	control	RS_GCF_029225785.1	Halobacteriota	Archaea	low	68.46798835868258	20.0	68.46798835868258	20.0	3784795	33	3348332	33	3348332	0.0		0	0	0	0	True	94.50202941894533	4.114888668060303	deepcheck	26.03404106026275	-15.885111331939697	26.03404106026275	15.885111331939697	high	low
G_r044_substitution_0p1pct	44	1	substitution	0.001	0.1	uniform	RS_GCF_029225785.1	Halobacteriota	Archaea	low	68.46798835868258	20.0	68.46798835868258	20.0	3784795	33	3348332	33	3348332	0.0010187161846555	0.0089640838741259	0	3411	0	0	True	92.15694427490234	4.376699924468994	deepcheck	23.68895591621977	-15.623300075531006	23.68895591621977	15.623300075531006	high	low
G_r044_substitution_0p5pct	44	2	substitution	0.005	0.5	uniform	RS_GCF_029225785.1	Halobacteriota	Archaea	low	68.46798835868258	20.0	68.46798835868258	20.0	3784795	33	3348332	33	3348332	0.0050278765666009	0.0441104216424403	0	16835	0	0	True	90.00828552246094	2.65507173538208	deepcheck	21.540297163778362	-17.34492826461792	21.540297163778362	17.34492826461792	high	low
G_r044_substitution_1pct	44	3	substitution	0.01	1.0	uniform	RS_GCF_029225785.1	Halobacteriota	Archaea	low	68.46798835868258	20.0	68.46798835868258	20.0	3784795	33	3348332	33	3348332	0.0099646630023546	0.0864827525163591	0	33365	0	0	True	82.90074920654297	5.084709167480469	deepcheck	14.432760847860393	-14.915290832519531	14.432760847860393	14.915290832519531	medium	low
G_r044_substitution_2pct	44	4	substitution	0.02	2.0	uniform	RS_GCF_029225785.1	Halobacteriota	Archaea	low	68.46798835868258	20.0	68.46798835868258	20.0	3784795	33	3348332	33	3348332	0.0199747217420494	0.1662522378698502	0	66882	0	0	True	73.4571533203125	2.3325490951538086	deepcheck	4.989164961629925	-17.66745090484619	4.989164961629925	17.66745090484619	medium	low
G_r044_substitution_5pct	44	5	substitution	0.05	5.0	uniform	RS_GCF_029225785.1	Halobacteriota	Archaea	low	68.46798835868258	20.0	68.46798835868258	20.0	3784795	33	3348332	33	3348332	0.0500986759974817	0.3697505902753909	0	167747	0	0	True	42.02106857299805	5.172963619232178	deepcheck	-26.44691978568453	-14.827036380767822	26.44691978568453	14.827036380767822	low	low
G_r044_substitution_titv_0p1pct	44	6	substitution_titv	0.001	0.1	titv_2	RS_GCF_029225785.1	Halobacteriota	Archaea	low	68.46798835868258	20.0	68.46798835868258	20.0	3784795	33	3348332	33	3348332	0.0009772029774825	0.0089640838741259	0	3272	0	0	True	92.76158142089844	4.627596378326416	deepcheck	24.293593062215862	-15.372403621673584	24.293593062215862	15.372403621673584	high	low
G_r044_substitution_titv_0p5pct	44	7	substitution_titv	0.005	0.5	titv_2	RS_GCF_029225785.1	Halobacteriota	Archaea	low	68.46798835868258	20.0	68.46798835868258	20.0	3784795	33	3348332	33	3348332	0.0049690413017586	0.0441104216424403	0	16638	0	0	True	89.53880310058594	4.993910312652588	deepcheck	21.070814741903362	-15.006089687347412	21.070814741903362	15.006089687347412	medium	low
G_r044_substitution_titv_1pct	44	8	substitution_titv	0.01	1.0	titv_2	RS_GCF_029225785.1	Halobacteriota	Archaea	low	68.46798835868258	20.0	68.46798835868258	20.0	3784795	33	3348332	33	3348332	0.0100058775533608	0.0864827525163591	0	33503	0	0	True	83.81678771972656	4.979392051696777	deepcheck	15.348799361043987	-15.020607948303223	15.348799361043987	15.020607948303223	medium	low
G_r044_substitution_titv_2pct	44	9	substitution_titv	0.02	2.0	titv_2	RS_GCF_029225785.1	Halobacteriota	Archaea	low	68.46798835868258	20.0	68.46798835868258	20.0	3784795	33	3348332	33	3348332	0.0199848760517176	0.1662522378698502	0	66916	0	0	True	75.6092758178711	4.911006927490234	deepcheck	7.1412874591885185	-15.088993072509766	7.1412874591885185	15.088993072509766	medium	low
G_r044_substitution_titv_5pct	44	10	substitution_titv	0.05	5.0	titv_2	RS_GCF_029225785.1	Halobacteriota	Archaea	low	68.46798835868258	20.0	68.46798835868258	20.0	3784795	33	3348332	33	3348332	0.0500025087118003	0.3697505902753909	0	167425	0	0	True	60.302734375	5.3631439208984375	deepcheck	-8.165253983682575	-14.636856079101562	8.165253983682575	14.636856079101562	medium	low
G_r044_indel_0p1pct	44	11	indel	0.001	0.1	ins0.5_geom0.75	RS_GCF_029225785.1	Halobacteriota	Archaea	low	68.46798835868258	20.0	68.46888808770818	20.0	3784795	33	3348332	33	3348376	0.0010070685941537		0	0	3372	0	True	69.02122497558594	5.3703155517578125	deepcheck	0.5532366169033622	-14.629684448242188	0.5532366169033622	14.629684448242188	medium	low
G_r044_indel_0p5pct	44	12	indel	0.005	0.5	ins0.5_geom0.75	RS_GCF_029225785.1	Halobacteriota	Archaea	low	68.46798835868258	20.0	68.47093292640275	20.0	3784795	33	3348332	33	3348476	0.004969638614092		0	0	16640	0	True	20.17074584960937	1.6660101413726809	deepcheck	-48.2972425090732	-18.33398985862732	48.2972425090732	18.33398985862732	low	low
G_r044_indel_1pct	44	13	indel	0.01	1.0	ins0.5_geom0.75	RS_GCF_029225785.1	Halobacteriota	Archaea	low	68.46798835868258	20.0	68.47113741027222	20.0	3784795	33	3348332	33	3348486	0.0099613777845207		0	0	33354	0	True	24.311866760253903	2.1997194290161133	deepcheck	-44.15612159842867	-17.800280570983887	44.15612159842867	17.800280570983887	low	low
G_r044_indel_2pct	44	14	indel	0.02	2.0	ins0.5_geom0.75	RS_GCF_029225785.1	Halobacteriota	Archaea	low	68.46798835868258	20.0	68.47258924574535	20.0	3784795	33	3348332	33	3348557	0.0200867178045665		0	0	67257	0	True	21.63727188110352	8.480618476867676	deepcheck	-46.83071647757906	-11.519381523132324	46.83071647757906	11.519381523132324	low	low
G_r044_indel_5pct	44	15	indel	0.05	5.0	ins0.5_geom0.75	RS_GCF_029225785.1	Halobacteriota	Archaea	low	68.46798835868258	20.0	68.4538176265292	20.0	3784795	33	3348332	33	3347639	0.0497782179305994		0	0	166674	0	True	59.979976654052734	13.122841835021973	deepcheck	-8.488011704629841	-6.877158164978027	8.488011704629841	6.877158164978027	low	low
G_r044_chimera_5pct	44	16	chimera	0.05	5.0	rc0.5	RS_GCF_029225785.1	Halobacteriota	Archaea	low	68.46798835868258	20.0	68.46798835868258	20.0	3784795	33	3348332	32	3348332	0.0606060606060606		0	0	0	1	True	94.63130950927734	3.868842840194702	deepcheck	26.16332115059477	-16.131157159805298	26.16332115059477	16.131157159805298	high	low
G_r044_chimera_10pct	44	17	chimera	0.1	10.0	rc0.5	RS_GCF_029225785.1	Halobacteriota	Archaea	low	68.46798835868258	20.0	68.46798835868258	20.0	3784795	33	3348332	32	3348332	0.0606060606060606		0	0	0	1	True	94.57686614990234	3.86394476890564	deepcheck	26.10887779121977	-16.13605523109436	26.10887779121977	16.13605523109436	high	low
G_r044_chimera_20pct	44	18	chimera	0.2	20.0	rc0.5	RS_GCF_029225785.1	Halobacteriota	Archaea	low	68.46798835868258	20.0	68.46798835868258	20.0	3784795	33	3348332	29	3348332	0.2424242424242424		0	0	0	4	True	94.57646942138672	3.8634142875671382	deepcheck	26.108481062704143	-16.13658571243286	26.108481062704143	16.13658571243286	high	low
G_r044_chimera_40pct	44	19	chimera	0.4	40.0	rc0.5	RS_GCF_029225785.1	Halobacteriota	Archaea	low	68.46798835868258	20.0	68.46798835868258	20.0	3784795	33	3348332	27	3348332	0.3636363636363636		0	0	0	6	True	94.6362075805664	3.829045534133911	deepcheck	26.16821922188383	-16.17095446586609	26.16821922188383	16.17095446586609	high	low
G_r044_uneven_coverage_5pct	44	20	uneven_coverage	0.05	5.0	lognormal_sigma1.0	RS_GCF_029225785.1	Halobacteriota	Archaea	low	68.46798835868258	20.0	68.46798835868258	24.42340998653824	3784795	33	3348332	34	3515749	0.0500001194624666		167417	0	0	0	True	94.11219024658205	8.950061798095703	deepcheck	25.64420188789947	-11.049938201904297	25.64420188789947	11.049938201904297	medium	low
G_r044_uneven_coverage_10pct	44	21	uneven_coverage	0.1	10.0	lognormal_sigma1.0	RS_GCF_029225785.1	Halobacteriota	Archaea	low	68.46798835868258	20.0	68.46798835868258	28.8467935515662	3784795	33	3348332	38	3683165	0.0999999402687666		334833	0	0	0	True	93.21465301513672	12.522957801818848	deepcheck	24.746664656454143	-7.477042198181152	24.746664656454143	7.477042198181152	low	low
G_r044_uneven_coverage_20pct	44	22	uneven_coverage	0.2	20.0	lognormal_sigma1.0	RS_GCF_029225785.1	Halobacteriota	Archaea	low	68.46798835868258	20.0	68.46798835868258	37.6935871031324	3784795	33	3348332	42	4017998	0.1999998805375333		669666	0	0	0	True	92.6698226928711	25.66074752807617	deepcheck	24.20183433418852	5.660747528076168	24.20183433418852	5.660747528076168	low	low
G_r044_uneven_coverage_40pct	44	23	uneven_coverage	0.4	40.0	lognormal_sigma1.0	RS_GCF_029225785.1	Halobacteriota	Archaea	low	68.46798835868258	20.0	68.46798835868258	55.38720062777509	3784795	33	3348332	53	4687665	0.4000000597312333		1339333	0	0	0	True	90.81292724609376	52.84638214111328	deepcheck	22.34493888741119	32.84638214111328	22.34493888741119	32.84638214111328	low	low
G_r045_none_control	45	0	none	0.0	0.0	control	RS_GCF_018847395.1	Verrucomicrobiota	Bacteria	high	100.0	0.0	100.0	0.0	2965470	3	2965470	3	2965470	0.0		0	0	0	0	True	97.36896514892578	0.1007609069347381	deepcheck	-2.6310348510742188	0.1007609069347381	2.6310348510742188	0.1007609069347381	high	high
G_r045_substitution_0p1pct	45	1	substitution	0.001	0.1	uniform	RS_GCF_018847395.1	Verrucomicrobiota	Bacteria	high	100.0	0.0	100.0	0.0	2965470	3	2965470	3	2965470	0.0010052369438908	0.0089640838741259	0	2981	0	0	True	95.59302520751952	0.1099906861782074	deepcheck	-4.406974792480483	0.1099906861782074	4.406974792480483	0.1099906861782074	high	high
G_r045_substitution_0p5pct	45	2	substitution	0.005	0.5	uniform	RS_GCF_018847395.1	Verrucomicrobiota	Bacteria	high	100.0	0.0	100.0	0.0	2965470	3	2965470	3	2965470	0.0050177543525984	0.0441104216424403	0	14880	0	0	True	91.37459564208984	1.969525933265686	deepcheck	-8.625404357910156	1.969525933265686	8.625404357910156	1.969525933265686	high	high
G_r045_substitution_1pct	45	3	substitution	0.01	1.0	uniform	RS_GCF_018847395.1	Verrucomicrobiota	Bacteria	high	100.0	0.0	100.0	0.0	2965470	3	2965470	3	2965470	0.0099063554849652	0.0864827525163591	0	29377	0	0	True	91.85743713378906	1.8603794574737549	deepcheck	-8.142562866210938	1.8603794574737549	8.142562866210938	1.8603794574737549	high	high
G_r045_substitution_2pct	45	4	substitution	0.02	2.0	uniform	RS_GCF_018847395.1	Verrucomicrobiota	Bacteria	high	100.0	0.0	100.0	0.0	2965470	3	2965470	3	2965470	0.0199921091766229	0.1662522378698502	0	59286	0	0	True	81.58261108398438	2.262153387069702	deepcheck	-18.417388916015625	2.262153387069702	18.417388916015625	2.262153387069702	medium	high
G_r045_substitution_5pct	45	5	substitution	0.05	5.0	uniform	RS_GCF_018847395.1	Verrucomicrobiota	Bacteria	high	100.0	0.0	100.0	0.0	2965470	3	2965470	3	2965470	0.0500106222622383	0.3697505902753909	0	148305	0	0	True	58.27519226074219	2.641571044921875	deepcheck	-41.72480773925781	2.641571044921875	41.72480773925781	2.641571044921875	medium	high
G_r045_substitution_titv_0p1pct	45	6	substitution_titv	0.001	0.1	titv_2	RS_GCF_018847395.1	Verrucomicrobiota	Bacteria	high	100.0	0.0	100.0	0.0	2965470	3	2965470	3	2965470	0.0010146789547693	0.0089640838741259	0	3009	0	0	True	96.3576889038086	0.0133134424686431	deepcheck	-3.6423110961914062	0.0133134424686431	3.6423110961914062	0.0133134424686431	high	high
G_r045_substitution_titv_0p5pct	45	7	substitution_titv	0.005	0.5	titv_2	RS_GCF_018847395.1	Verrucomicrobiota	Bacteria	high	100.0	0.0	100.0	0.0	2965470	3	2965470	3	2965470	0.0050393360917493	0.0441104216424403	0	14944	0	0	True	95.38780212402344	1.5155844688415527	deepcheck	-4.6121978759765625	1.5155844688415527	4.6121978759765625	1.5155844688415527	high	high
G_r045_substitution_titv_1pct	45	8	substitution_titv	0.01	1.0	titv_2	RS_GCF_018847395.1	Verrucomicrobiota	Bacteria	high	100.0	0.0	100.0	0.0	2965470	3	2965470	3	2965470	0.010103626069392	0.0864827525163591	0	29962	0	0	True	89.3138198852539	2.288710355758667	deepcheck	-10.686180114746094	2.288710355758667	10.686180114746094	2.288710355758667	medium	high
G_r045_substitution_titv_2pct	45	9	substitution_titv	0.02	2.0	titv_2	RS_GCF_018847395.1	Verrucomicrobiota	Bacteria	high	100.0	0.0	100.0	0.0	2965470	3	2965470	3	2965470	0.0199607482119191	0.1662522378698502	0	59193	0	0	True	85.8299560546875	5.0703959465026855	deepcheck	-14.1700439453125	5.0703959465026855	14.1700439453125	5.0703959465026855	medium	high
G_r045_substitution_titv_5pct	45	10	substitution_titv	0.05	5.0	titv_2	RS_GCF_018847395.1	Verrucomicrobiota	Bacteria	high	100.0	0.0	100.0	0.0	2965470	3	2965470	3	2965470	0.0499620633491487	0.3697505902753909	0	148161	0	0	True	72.49042510986328	2.1847803592681885	deepcheck	-27.50957489013672	2.1847803592681885	27.50957489013672	2.1847803592681885	medium	high
G_r045_indel_0p1pct	45	11	indel	0.001	0.1	ins0.5_geom0.75	RS_GCF_018847395.1	Verrucomicrobiota	Bacteria	high	100.0	0.0	100.00168607337118	0.0	2965470	3	2965470	3	2965520	0.0009984926504061		0	0	2961	0	True	71.16272735595703	2.0046420097351074	deepcheck	-28.83727264404297	2.0046420097351074	28.83727264404297	2.0046420097351074	medium	high
G_r045_indel_0p5pct	45	12	indel	0.005	0.5	ins0.5_geom0.75	RS_GCF_018847395.1	Verrucomicrobiota	Bacteria	high	100.0	0.0	100.00785710190964	0.0	2965470	3	2965470	3	2965703	0.0050113472737879		0	0	14861	0	True	32.50002670288086	0.839957594871521	deepcheck	-67.49997329711914	0.839957594871521	67.49997329711914	0.839957594871521	low	high
G_r045_indel_1pct	45	13	indel	0.01	1.0	ins0.5_geom0.75	RS_GCF_018847395.1	Verrucomicrobiota	Bacteria	high	100.0	0.0	100.00320353940522	0.0	2965470	3	2965470	3	2965565	0.0100226945475759		0	0	29722	0	True	23.239835739135746	1.368213415145874	deepcheck	-76.76016426086426	1.368213415145874	76.76016426086426	1.368213415145874	low	high
G_r045_indel_2pct	45	14	indel	0.02	2.0	ins0.5_geom0.75	RS_GCF_018847395.1	Verrucomicrobiota	Bacteria	high	100.0	0.0	100.016725847842	0.0	2965470	3	2965470	3	2965966	0.0198359787824526		0	0	58823	0	True	14.457490921020508	2.042682409286499	deepcheck	-85.54250907897949	2.042682409286499	85.54250907897949	2.042682409286499	low	high
G_r045_indel_5pct	45	15	indel	0.05	5.0	ins0.5_geom0.75	RS_GCF_018847395.1	Verrucomicrobiota	Bacteria	high	100.0	0.0	100.0048896127764	0.0	2965470	3	2965470	3	2965615	0.0501202170313643		0	0	148630	0	True	53.67851257324219	24.748966217041016	deepcheck	-46.32148742675781	24.748966217041016	46.32148742675781	24.748966217041016	low	high
G_r045_chimera_5pct	45	16	chimera	0.05	5.0	rc0.5	RS_GCF_018847395.1	Verrucomicrobiota	Bacteria	high	100.0	0.0	100.0	0.0	2965470	3	2965470	3	2965470	0.0		0	0	0	0	True	97.36896514892578	0.1007609069347381	deepcheck	-2.6310348510742188	0.1007609069347381	2.6310348510742188	0.1007609069347381	high	high
G_r045_chimera_10pct	45	17	chimera	0.1	10.0	rc0.5	RS_GCF_018847395.1	Verrucomicrobiota	Bacteria	high	100.0	0.0	100.0	0.0	2965470	3	2965470	3	2965470	0.0		0	0	0	0	True	97.36896514892578	0.1007609069347381	deepcheck	-2.6310348510742188	0.1007609069347381	2.6310348510742188	0.1007609069347381	high	high
G_r045_chimera_20pct	45	18	chimera	0.2	20.0	rc0.5	RS_GCF_018847395.1	Verrucomicrobiota	Bacteria	high	100.0	0.0	100.0	0.0	2965470	3	2965470	2	2965470	0.6666666666666666		0	0	0	1	True	97.37350463867188	0.1011781394481659	deepcheck	-2.626495361328125	0.1011781394481659	2.626495361328125	0.1011781394481659	high	high
G_r045_chimera_40pct	45	19	chimera	0.4	40.0	rc0.5	RS_GCF_018847395.1	Verrucomicrobiota	Bacteria	high	100.0	0.0	100.0	0.0	2965470	3	2965470	2	2965470	0.6666666666666666		0	0	0	1	True	97.458740234375	0.0780545175075531	deepcheck	-2.541259765625	0.0780545175075531	2.541259765625	0.0780545175075531	high	high
G_r045_uneven_coverage_5pct	45	20	uneven_coverage	0.05	5.0	lognormal_sigma1.0	RS_GCF_018847395.1	Verrucomicrobiota	Bacteria	high	100.0	0.0	100.0	5.000016860733711	2965470	3	2965470	4	3113744	0.0500001686073371		148274	0	0	0	True	96.65421295166016	7.488370895385742	deepcheck	-3.3457870483398438	7.488370895385742	3.3457870483398438	7.488370895385742	medium	high
G_r045_uneven_coverage_10pct	45	21	uneven_coverage	0.1	10.0	lognormal_sigma1.0	RS_GCF_018847395.1	Verrucomicrobiota	Bacteria	high	100.0	0.0	100.0	10.0	2965470	3	2965470	4	3262017	0.1		296547	0	0	0	True	96.9361572265625	9.336240768432615	deepcheck	-3.0638427734375	9.336240768432615	3.0638427734375	9.336240768432615	medium	high
G_r045_uneven_coverage_20pct	45	22	uneven_coverage	0.2	20.0	lognormal_sigma1.0	RS_GCF_018847395.1	Verrucomicrobiota	Bacteria	high	100.0	0.0	100.0	20.0	2965470	3	2965470	4	3558564	0.2		593094	0	0	0	True	98.5303192138672	20.016681671142575	deepcheck	-1.4696807861327983	20.016681671142575	1.4696807861327983	20.016681671142575	low	high
G_r045_uneven_coverage_40pct	45	23	uneven_coverage	0.4	40.0	lognormal_sigma1.0	RS_GCF_018847395.1	Verrucomicrobiota	Bacteria	high	100.0	0.0	100.0	40.0	2965470	3	2965470	5	4151658	0.4		1186188	0	0	0	True	98.38592529296876	31.8175106048584	deepcheck	-1.6140747070312358	31.8175106048584	1.6140747070312358	31.8175106048584	low	high
G_r046_none_control	46	0	none	0.0	0.0	control	RS_GCF_003852215.1	Thermoproteota	Archaea	high	100.0	1.999982015561036	100.0	1.999982015561036	2668974	3	2722353	3	2722353	0.0		0	0	0	0	True	99.18830871582033	0.4332631826400757	deepcheck	-0.8116912841796733	-1.5667188329209603	0.8116912841796733	1.5667188329209603	high	high
G_r046_substitution_0p1pct	46	1	substitution	0.001	0.1	uniform	RS_GCF_003852215.1	Thermoproteota	Archaea	high	100.0	1.999982015561036	100.0	1.999982015561036	2668974	3	2722353	3	2722353	0.0010233794074464	0.0089640838741259	0	2786	0	0	True	96.85128021240234	0.6873220205307007	deepcheck	-3.1487197875976562	-1.3126599950303353	3.1487197875976562	1.3126599950303353	high	high
G_r046_substitution_0p5pct	46	2	substitution	0.005	0.5	uniform	RS_GCF_003852215.1	Thermoproteota	Archaea	high	100.0	1.999982015561036	100.0	1.999982015561036	2668974	3	2722353	3	2722353	0.0049802505406168	0.0441104216424403	0	13558	0	0	True	92.30183410644533	2.0075716972351074	deepcheck	-7.698165893554673	0.00758968167407148	7.698165893554673	0.00758968167407148	high	high
G_r046_substitution_1pct	46	3	substitution	0.01	1.0	uniform	RS_GCF_003852215.1	Thermoproteota	Archaea	high	100.0	1.999982015561036	100.0	1.999982015561036	2668974	3	2722353	3	2722353	0.0099898874245918	0.0864827525163591	0	27196	0	0	True	81.6855697631836	4.106023788452148	deepcheck	-18.314430236816406	2.1060417728911123	18.314430236816406	2.1060417728911123	medium	high
G_r046_substitution_2pct	46	4	substitution	0.02	2.0	uniform	RS_GCF_003852215.1	Thermoproteota	Archaea	high	100.0	1.999982015561036	100.0	1.999982015561036	2668974	3	2722353	3	2722353	0.0200679338792581	0.1662522378698502	0	54632	0	0	True	63.716346740722656	5.092129707336426	deepcheck	-36.283653259277344	3.0921476917753896	36.283653259277344	3.0921476917753896	medium	high
G_r046_substitution_5pct	46	5	substitution	0.05	5.0	uniform	RS_GCF_003852215.1	Thermoproteota	Archaea	high	100.0	1.999982015561036	100.0	1.999982015561036	2668974	3	2722353	3	2722353	0.0500662478378079	0.3697505902753909	0	136298	0	0	True	35.196998596191406	5.624841213226318	deepcheck	-64.8030014038086	3.624859197665282	64.8030014038086	3.624859197665282	low	high
G_r046_substitution_titv_0p1pct	46	6	substitution_titv	0.001	0.1	titv_2	RS_GCF_003852215.1	Thermoproteota	Archaea	high	100.0	1.999982015561036	100.0	1.999982015561036	2668974	3	2722353	3	2722353	0.0009958297105481	0.0089640838741259	0	2711	0	0	True	98.56038665771484	1.5396065711975098	deepcheck	-1.4396133422851562	-0.4603754443635262	1.4396133422851562	0.4603754443635262	high	high
G_r046_substitution_titv_0p5pct	46	7	substitution_titv	0.005	0.5	titv_2	RS_GCF_003852215.1	Thermoproteota	Archaea	high	100.0	1.999982015561036	100.0	1.999982015561036	2668974	3	2722353	3	2722353	0.0050144121647706	0.0441104216424403	0	13651	0	0	True	90.6583023071289	2.389523506164551	deepcheck	-9.341697692871094	0.38954149060351484	9.341697692871094	0.38954149060351484	high	high
G_r046_substitution_titv_1pct	46	8	substitution_titv	0.01	1.0	titv_2	RS_GCF_003852215.1	Thermoproteota	Archaea	high	100.0	1.999982015561036	100.0	1.999982015561036	2668974	3	2722353	3	2722353	0.0100350689275049	0.0864827525163591	0	27319	0	0	True	86.6762924194336	2.0680062770843506	deepcheck	-13.323707580566406	0.06802426152331464	13.323707580566406	0.06802426152331464	medium	high
G_r046_substitution_titv_2pct	46	9	substitution_titv	0.02	2.0	titv_2	RS_GCF_003852215.1	Thermoproteota	Archaea	high	100.0	1.999982015561036	100.0	1.999982015561036	2668974	3	2722353	3	2722353	0.0201336858225219	0.1662522378698502	0	54811	0	0	True	74.30152893066406	6.72464656829834	deepcheck	-25.698471069335938	4.724664552737304	25.698471069335938	4.724664552737304	medium	high
G_r046_substitution_titv_5pct	46	10	substitution_titv	0.05	5.0	titv_2	RS_GCF_003852215.1	Thermoproteota	Archaea	high	100.0	1.999982015561036	100.0	1.999982015561036	2668974	3	2722353	3	2722353	0.0501382443790353	0.3697505902753909	0	136494	0	0	True	50.80751037597656	5.246861457824707	deepcheck	-49.19248962402344	3.246879442263671	49.19248962402344	3.246879442263671	medium	high
G_r046_indel_0p1pct	46	11	indel	0.001	0.1	ins0.5_geom0.75	RS_GCF_003852215.1	Thermoproteota	Archaea	high	100.0	1.999982015561036	99.99783275717732	1.999982015561036	2668974	3	2722353	3	2722294	0.0010119921993951		0	0	2755	0	True	70.99736022949219	5.126330852508545	deepcheck	-29.002639770507812	3.1263488369475088	29.002639770507812	3.1263488369475088	medium	high
G_r046_indel_0p5pct	46	12	indel	0.005	0.5	ins0.5_geom0.75	RS_GCF_003852215.1	Thermoproteota	Archaea	high	100.0	1.999982015561036	100.01050561775054	1.999982015561036	2668974	3	2722353	3	2722639	0.0050114735304348		0	0	13643	0	True	30.3043270111084	5.744235992431641	deepcheck	-69.6956729888916	3.7442539768706045	69.6956729888916	3.7442539768706045	low	high
G_r046_indel_1pct	46	13	indel	0.01	1.0	ins0.5_geom0.75	RS_GCF_003852215.1	Thermoproteota	Archaea	high	100.0	1.999982015561036	99.99199222143493	1.999982015561036	2668974	3	2722353	3	2722135	0.0098598528552322		0	0	26842	0	True	30.98542022705078	8.76659107208252	deepcheck	-69.01457977294922	6.766609056521483	69.01457977294922	6.766609056521483	low	high
G_r046_indel_2pct	46	14	indel	0.02	2.0	ins0.5_geom0.75	RS_GCF_003852215.1	Thermoproteota	Archaea	high	100.0	1.999982015561036	100.01094641290088	1.999982015561036	2668974	3	2722353	3	2722651	0.0199823461542276		0	0	54399	0	True	32.08452606201172	14.13697624206543	deepcheck	-67.91547393798828	12.136994226504394	67.91547393798828	12.136994226504394	low	high
G_r046_indel_5pct	46	15	indel	0.05	5.0	ins0.5_geom0.75	RS_GCF_003852215.1	Thermoproteota	Archaea	high	100.0	1.999982015561036	99.97858470227776	1.999982015561036	2668974	3	2722353	3	2721770	0.0500313515550701		0	0	136203	0	True	31.852706909179688	9.338186264038086	deepcheck	-68.14729309082031	7.33820424847705	68.14729309082031	7.33820424847705	low	high
G_r046_chimera_5pct	46	16	chimera	0.05	5.0	rc0.5	RS_GCF_003852215.1	Thermoproteota	Archaea	high	100.0	1.999982015561036	100.0	1.999982015561036	2668974	3	2722353	2	2722353	0.6666666666666666		0	0	0	1	True	99.1878433227539	0.4331469535827636	deepcheck	-0.8121566772460938	-1.5668350619782723	0.8121566772460938	1.5668350619782723	high	high
G_r046_chimera_10pct	46	17	chimera	0.1	10.0	rc0.5	RS_GCF_003852215.1	Thermoproteota	Archaea	high	100.0	1.999982015561036	100.0	1.999982015561036	2668974	3	2722353	3	2722353	0.0		0	0	0	0	True	99.18830871582033	0.4332631826400757	deepcheck	-0.8116912841796733	-1.5667188329209603	0.8116912841796733	1.5667188329209603	high	high
G_r046_chimera_20pct	46	18	chimera	0.2	20.0	rc0.5	RS_GCF_003852215.1	Thermoproteota	Archaea	high	100.0	1.999982015561036	100.0	1.999982015561036	2668974	3	2722353	3	2722353	0.0		0	0	0	0	True	99.18830871582033	0.4332631826400757	deepcheck	-0.8116912841796733	-1.5667188329209603	0.8116912841796733	1.5667188329209603	high	high
G_r046_chimera_40pct	46	19	chimera	0.4	40.0	rc0.5	RS_GCF_003852215.1	Thermoproteota	Archaea	high	100.0	1.999982015561036	100.0	1.999982015561036	2668974	3	2722353	2	2722353	0.6666666666666666		0	0	0	1	True	99.1878662109375	0.4331260919570923	deepcheck	-0.8121337890625	-1.5668559236039437	0.8121337890625	1.5668559236039437	high	high
G_r046_uneven_coverage_5pct	46	20	uneven_coverage	0.05	5.0	lognormal_sigma1.0	RS_GCF_003852215.1	Thermoproteota	Archaea	high	100.0	1.999982015561036	100.0	7.099994229992499	2668974	3	2722353	4	2858471	0.0500001285652521		136118	0	0	0	True	99.30276489257812	12.807655334472656	deepcheck	-0.697235107421875	10.80767331891162	0.697235107421875	10.80767331891162	low	high
G_r046_uneven_coverage_10pct	46	21	uneven_coverage	0.1	10.0	lognormal_sigma1.0	RS_GCF_003852215.1	Thermoproteota	Archaea	high	100.0	1.999982015561036	100.0	12.199968976842786	2668974	3	2722353	4	2994588	0.0999998898012124		272235	0	0	0	True	98.7605972290039	4.075618267059326	deepcheck	-1.2394027709960938	2.07563625149829	1.2394027709960938	2.07563625149829	high	high
G_r046_uneven_coverage_20pct	46	22	uneven_coverage	0.2	20.0	lognormal_sigma1.0	RS_GCF_003852215.1	Thermoproteota	Archaea	high	100.0	1.999982015561036	100.0	22.399993405705715	2668974	3	2722353	5	3266824	0.2000001469317167		544471	0	0	0	True	99.00967407226562	18.321123123168945	deepcheck	-0.990325927734375	16.32114110760791	0.990325927734375	16.32114110760791	low	high
G_r046_uneven_coverage_40pct	46	23	uneven_coverage	0.4	40.0	lognormal_sigma1.0	RS_GCF_003852215.1	Thermoproteota	Archaea	high	100.0	1.999982015561036	100.0	42.79996732826922	2668974	3	2722353	4	3811294	0.3999999265341416		1088941	0	0	0	True	101.10704803466795	47.14583587646485	deepcheck	1.1070480346679545	45.14585386090381	1.1070480346679545	45.14585386090381	low	high
G_r047_none_control	47	0	none	0.0	0.0	control	RS_GCF_002240205.1	Bacteroidota_A	Bacteria	low	59.927388484973946	9.999963540301538	59.927388484973946	9.999963540301538	2468479	108	1726142	108	1726142	0.0		0	0	0	0	True	62.74773025512695	5.037832260131836	deepcheck	2.820341770153007	-4.962131280169702	2.820341770153007	4.962131280169702	medium	medium
G_r047_substitution_0p1pct	47	1	substitution	0.001	0.1	uniform	RS_GCF_002240205.1	Bacteroidota_A	Bacteria	low	59.927388484973946	9.999963540301538	59.927388484973946	9.999963540301538	2468479	108	1726142	108	1726142	0.001025987433247	0.0089640838741259	0	1771	0	0	True	61.905391693115234	5.106880187988281	deepcheck	1.9780032081412884	-4.893083352313257	1.9780032081412884	4.893083352313257	medium	medium
G_r047_substitution_0p5pct	47	2	substitution	0.005	0.5	uniform	RS_GCF_002240205.1	Bacteroidota_A	Bacteria	low	59.927388484973946	9.999963540301538	59.927388484973946	9.999963540301538	2468479	108	1726142	108	1726142	0.0049885814724396	0.0441104216424403	0	8611	0	0	True	59.43495559692383	7.255989074707031	deepcheck	-0.49243288805011787	-2.7439744655945066	0.49243288805011787	2.7439744655945066	medium	medium
G_r047_substitution_1pct	47	3	substitution	0.01	1.0	uniform	RS_GCF_002240205.1	Bacteroidota_A	Bacteria	low	59.927388484973946	9.999963540301538	59.927388484973946	9.999963540301538	2468479	108	1726142	108	1726142	0.0099991773562082	0.0864827525163591	0	17260	0	0	True	54.621360778808594	5.035047054290772	deepcheck	-5.306027706165352	-4.9649164860107655	5.306027706165352	4.9649164860107655	medium	medium
G_r047_substitution_2pct	47	4	substitution	0.02	2.0	uniform	RS_GCF_002240205.1	Bacteroidota_A	Bacteria	low	59.927388484973946	9.999963540301538	59.927388484973946	9.999963540301538	2468479	108	1726142	108	1726142	0.0200597633334916	0.1662522378698502	0	34626	0	0	True	53.509033203125	5.171598434448242	deepcheck	-6.418355281848946	-4.828365105853296	6.418355281848946	4.828365105853296	medium	medium
G_r047_substitution_5pct	47	5	substitution	0.05	5.0	uniform	RS_GCF_002240205.1	Bacteroidota_A	Bacteria	low	59.927388484973946	9.999963540301538	59.927388484973946	9.999963540301538	2468479	108	1726142	108	1726142	0.049997045434269	0.3697505902753909	0	86302	0	0	True	38.133331298828125	2.4000093936920166	deepcheck	-21.79405718614582	-7.599954146609521	21.79405718614582	7.599954146609521	low	medium
G_r047_substitution_titv_0p1pct	47	6	substitution_titv	0.001	0.1	titv_2	RS_GCF_002240205.1	Bacteroidota_A	Bacteria	low	59.927388484973946	9.999963540301538	59.927388484973946	9.999963540301538	2468479	108	1726142	108	1726142	0.0010138215743548	0.0089640838741259	0	1750	0	0	True	61.84877014160156	5.080427169799805	deepcheck	1.9213816566276165	-4.919536370501733	1.9213816566276165	4.919536370501733	medium	medium
G_r047_substitution_titv_0p5pct	47	7	substitution_titv	0.005	0.5	titv_2	RS_GCF_002240205.1	Bacteroidota_A	Bacteria	low	59.927388484973946	9.999963540301538	59.927388484973946	9.999963540301538	2468479	108	1726142	108	1726142	0.0050013266579458	0.0441104216424403	0	8633	0	0	True	62.28224182128906	5.487719058990479	deepcheck	2.3548533363151165	-4.5122444813110585	2.3548533363151165	4.5122444813110585	medium	medium
G_r047_substitution_titv_1pct	47	8	substitution_titv	0.01	1.0	titv_2	RS_GCF_002240205.1	Bacteroidota_A	Bacteria	low	59.927388484973946	9.999963540301538	59.927388484973946	9.999963540301538	2468479	108	1726142	108	1726142	0.0100420475256381	0.0864827525163591	0	17334	0	0	True	57.52668380737305	5.180468559265137	deepcheck	-2.400704677600899	-4.819494981036401	2.400704677600899	4.819494981036401	medium	medium
G_r047_substitution_titv_2pct	47	9	substitution_titv	0.02	2.0	titv_2	RS_GCF_002240205.1	Bacteroidota_A	Bacteria	low	59.927388484973946	9.999963540301538	59.927388484973946	9.999963540301538	2468479	108	1726142	108	1726142	0.0198934965952974	0.1662522378698502	0	34339	0	0	True	53.39635467529297	5.230880737304688	deepcheck	-6.531033809680977	-4.7690828029968495	6.531033809680977	4.7690828029968495	medium	medium
G_r047_substitution_titv_5pct	47	10	substitution_titv	0.05	5.0	titv_2	RS_GCF_002240205.1	Bacteroidota_A	Bacteria	low	59.927388484973946	9.999963540301538	59.927388484973946	9.999963540301538	2468479	108	1726142	108	1726142	0.0500822064465148	0.3697505902753909	0	86449	0	0	True	42.15312957763672	5.0727715492248535	deepcheck	-17.774258907337227	-4.927191991076684	17.774258907337227	4.927191991076684	low	medium
G_r047_indel_0p1pct	47	11	indel	0.001	0.1	ins0.5_geom0.75	RS_GCF_002240205.1	Bacteroidota_A	Bacteria	low	59.927388484973946	9.999963540301538	59.92669413435291	9.999963540301538	2468479	108	1726142	108	1726122	0.0009993384090069		0	0	1725	0	True	45.38385391235352	5.12874698638916	deepcheck	-14.543534572620423	-4.871216553912378	14.543534572620423	4.871216553912378	low	medium
G_r047_indel_0p5pct	47	12	indel	0.005	0.5	ins0.5_geom0.75	RS_GCF_002240205.1	Bacteroidota_A	Bacteria	low	59.927388484973946	9.999963540301538	59.928082835594985	9.999963540301538	2468479	108	1726142	108	1726162	0.0049561391820603		0	0	8555	0	True	23.000469207763672	1.3475821018218994	deepcheck	-36.926919277210274	-8.652381438479638	36.926919277210274	8.652381438479638	low	medium
G_r047_indel_1pct	47	13	indel	0.01	1.0	ins0.5_geom0.75	RS_GCF_002240205.1	Bacteroidota_A	Bacteria	low	59.927388484973946	9.999963540301538	59.926346959042384	9.999963540301538	2468479	108	1726142	108	1726112	0.0102175834896549		0	0	17637	0	True	18.599428176879883	2.984883546829224	deepcheck	-41.32796030809406	-7.015079993472314	41.32796030809406	7.015079993472314	low	medium
G_r047_indel_2pct	47	14	indel	0.02	2.0	ins0.5_geom0.75	RS_GCF_002240205.1	Bacteroidota_A	Bacteria	low	59.927388484973946	9.999963540301538	59.92683300447711	9.999963540301538	2468479	108	1726142	108	1726126	0.0199780782809293		0	0	34485	0	True	44.05854415893555	13.937685012817385	deepcheck	-15.8688443260384	3.9377214725158467	15.8688443260384	3.9377214725158467	low	medium
G_r047_indel_5pct	47	15	indel	0.05	5.0	ins0.5_geom0.75	RS_GCF_002240205.1	Bacteroidota_A	Bacteria	low	59.927388484973946	9.999963540301538	59.948462026322446	9.999963540301538	2468479	108	1726142	108	1726749	0.0502003890757539		0	0	86653	0	True	36.5879135131836	15.421387672424316	deepcheck	-23.339474971790345	5.4214241321227785	23.339474971790345	5.4214241321227785	low	medium
G_r047_chimera_5pct	47	16	chimera	0.05	5.0	rc0.5	RS_GCF_002240205.1	Bacteroidota_A	Bacteria	low	59.927388484973946	9.999963540301538	59.927388484973946	9.999963540301538	2468479	108	1726142	106	1726142	0.037037037037037		0	0	0	2	True	62.79463958740234	5.01632022857666	deepcheck	2.8672511024283907	-4.983643311724878	2.8672511024283907	4.983643311724878	medium	medium
G_r047_chimera_10pct	47	17	chimera	0.1	10.0	rc0.5	RS_GCF_002240205.1	Bacteroidota_A	Bacteria	low	59.927388484973946	9.999963540301538	59.927388484973946	9.999963540301538	2468479	108	1726142	103	1726142	0.0925925925925925		0	0	0	5	True	62.72251129150391	5.039515495300293	deepcheck	2.7951228065299674	-4.960448045001245	2.7951228065299674	4.960448045001245	medium	medium
G_r047_chimera_20pct	47	18	chimera	0.2	20.0	rc0.5	RS_GCF_002240205.1	Bacteroidota_A	Bacteria	low	59.927388484973946	9.999963540301538	59.927388484973946	9.999963540301538	2468479	108	1726142	97	1726142	0.2037037037037037		0	0	0	11	True	62.660552978515625	5.042402267456055	deepcheck	2.733164493541679	-4.957561272845483	2.733164493541679	4.957561272845483	medium	medium
G_r047_chimera_40pct	47	19	chimera	0.4	40.0	rc0.5	RS_GCF_002240205.1	Bacteroidota_A	Bacteria	low	59.927388484973946	9.999963540301538	59.927388484973946	9.999963540301538	2468479	108	1726142	86	1726142	0.4074074074074074		0	0	0	22	True	62.29847717285156	5.05699348449707	deepcheck	2.3710886878776165	-4.942970055804468	2.3710886878776165	4.942970055804468	medium	medium
G_r047_uneven_coverage_5pct	47	20	uneven_coverage	0.05	5.0	lognormal_sigma1.0	RS_GCF_002240205.1	Bacteroidota_A	Bacteria	low	59.927388484973946	9.999963540301538	59.927388484973946	13.496327090487704	2468479	108	1726142	112	1812449	0.0499999420673386		86307	0	0	0	True	62.31905364990234	8.689413070678711	deepcheck	2.3916651649283907	-1.310550469622827	2.3916651649283907	1.310550469622827	medium	medium
G_r047_uneven_coverage_10pct	47	21	uneven_coverage	0.1	10.0	lognormal_sigma1.0	RS_GCF_002240205.1	Bacteroidota_A	Bacteria	low	59.927388484973946	9.999963540301538	59.927388484973946	16.99269064067387	2468479	108	1726142	122	1898756	0.0999998841346772		172614	0	0	0	True	62.73897933959961	10.692646980285645	deepcheck	2.8115908546256634	0.6926834399841066	2.8115908546256634	0.6926834399841066	low	medium
G_r047_uneven_coverage_20pct	47	22	uneven_coverage	0.2	20.0	lognormal_sigma1.0	RS_GCF_002240205.1	Bacteroidota_A	Bacteria	low	59.927388484973946	9.999963540301538	59.927388484973946	23.98541774104621	2468479	108	1726142	141	2071370	0.1999997682693544		345228	0	0	0	True	63.93209838867188	15.24837589263916	deepcheck	4.004709903697936	5.248412352337622	4.004709903697936	5.248412352337622	low	medium
G_r047_uneven_coverage_40pct	47	23	uneven_coverage	0.4	40.0	lognormal_sigma1.0	RS_GCF_002240205.1	Bacteroidota_A	Bacteria	low	59.927388484973946	9.999963540301538	59.927388484973946	37.97091245256694	2468479	108	1726142	147	2416599	0.4000001158653228		690457	0	0	0	True	60.69345474243164	30.310291290283203	deepcheck	0.7660662574576946	20.310327749981667	0.7660662574576946	20.310327749981667	low	medium
G_r048_none_control	48	0	none	0.0	0.0	control	GB_GCA_030583765.1	Patescibacteriota	Bacteria	high	100.0	4.999926846991542	100.0	4.999926846991542	615149	2	645906	2	645906	0.0		0	0	0	0	True	75.29479217529297	-0.0733859837055206	deepcheck	-24.70520782470703	-5.073312830697063	24.70520782470703	5.073312830697063	medium	high
G_r048_substitution_0p1pct	48	1	substitution	0.001	0.1	uniform	GB_GCA_030583765.1	Patescibacteriota	Bacteria	high	100.0	4.999926846991542	100.0	4.999926846991542	615149	2	645906	2	645906	0.0008855777775713	0.0089640838741259	0	572	0	0	True	75.0650863647461	-0.5927473306655884	deepcheck	-24.934913635253906	-5.5926741776571305	24.934913635253906	5.5926741776571305	medium	high
G_r048_substitution_0p5pct	48	2	substitution	0.005	0.5	uniform	GB_GCA_030583765.1	Patescibacteriota	Bacteria	high	100.0	4.999926846991542	100.0	4.999926846991542	615149	2	645906	2	645906	0.0049434437828414	0.0441104216424403	0	3193	0	0	True	68.8475112915039	0.0027105212211608	deepcheck	-31.152488708496094	-4.997216325770381	31.152488708496094	4.997216325770381	medium	high
G_r048_substitution_1pct	48	3	substitution	0.01	1.0	uniform	GB_GCA_030583765.1	Patescibacteriota	Bacteria	high	100.0	4.999926846991542	100.0	4.999926846991542	615149	2	645906	2	645906	0.0103203871770814	0.0864827525163591	0	6666	0	0	True	79.36723327636719	0.236743688583374	deepcheck	-20.632766723632812	-4.763183158408168	20.632766723632812	4.763183158408168	medium	high
G_r048_substitution_2pct	48	4	substitution	0.02	2.0	uniform	GB_GCA_030583765.1	Patescibacteriota	Bacteria	high	100.0	4.999926846991542	100.0	4.999926846991542	615149	2	645906	2	645906	0.0199146625050704	0.1662522378698502	0	12863	0	0	True	71.34083557128906	0.122959166765213	deepcheck	-28.659164428710938	-4.876967680226329	28.659164428710938	4.876967680226329	medium	high
G_r048_substitution_5pct	48	5	substitution	0.05	5.0	uniform	GB_GCA_030583765.1	Patescibacteriota	Bacteria	high	100.0	4.999926846991542	100.0	4.999926846991542	615149	2	645906	2	645906	0.0499515409362972	0.3697505902753909	0	32264	0	0	True	46.59176635742188	1.078567624092102	deepcheck	-53.40823364257812	-3.92135922289944	53.40823364257812	3.92135922289944	low	high
G_r048_substitution_titv_0p1pct	48	6	substitution_titv	0.001	0.1	titv_2	GB_GCA_030583765.1	Patescibacteriota	Bacteria	high	100.0	4.999926846991542	100.0	4.999926846991542	615149	2	645906	2	645906	0.0009444098676897	0.0089640838741259	0	610	0	0	True	75.32041931152344	-0.001382827758789	deepcheck	-24.679580688476562	-5.001309674750331	24.679580688476562	5.001309674750331	medium	high
G_r048_substitution_titv_0p5pct	48	7	substitution_titv	0.005	0.5	titv_2	GB_GCA_030583765.1	Patescibacteriota	Bacteria	high	100.0	4.999926846991542	100.0	4.999926846991542	615149	2	645906	2	645906	0.0050796865178524	0.0441104216424403	0	3281	0	0	True	74.49483489990234	0.0873014330863952	deepcheck	-25.505165100097656	-4.912625413905147	25.505165100097656	4.912625413905147	medium	high
G_r048_substitution_titv_1pct	48	8	substitution_titv	0.01	1.0	titv_2	GB_GCA_030583765.1	Patescibacteriota	Bacteria	high	100.0	4.999926846991542	100.0	4.999926846991542	615149	2	645906	2	645906	0.0098079287078924	0.0864827525163591	0	6335	0	0	True	68.1092529296875	-0.0841334462165832	deepcheck	-31.8907470703125	-5.084060293208125	31.8907470703125	5.084060293208125	medium	high
G_r048_substitution_titv_2pct	48	9	substitution_titv	0.02	2.0	titv_2	GB_GCA_030583765.1	Patescibacteriota	Bacteria	high	100.0	4.999926846991542	100.0	4.999926846991542	615149	2	645906	2	645906	0.0201407015881567	0.1662522378698502	0	13009	0	0	True	56.5322151184082	0.4298940300941467	deepcheck	-43.4677848815918	-4.570032816897395	43.4677848815918	4.570032816897395	medium	high
G_r048_substitution_titv_5pct	48	10	substitution_titv	0.05	5.0	titv_2	GB_GCA_030583765.1	Patescibacteriota	Bacteria	high	100.0	4.999926846991542	100.0	4.999926846991542	615149	2	645906	2	645906	0.0500939765228996	0.3697505902753909	0	32356	0	0	True	37.84560012817383	0.9297203421592712	deepcheck	-62.15439987182617	-4.070206504832271	62.15439987182617	4.070206504832271	low	high
G_r048_indel_0p1pct	48	11	indel	0.001	0.1	ins0.5_geom0.75	GB_GCA_030583765.1	Patescibacteriota	Bacteria	high	100.0	4.999926846991542	100.00696695804034	4.999926846991542	615149	2	645906	2	645951	0.00106671868662		0	0	689	0	True	67.09915161132812	0.3825552761554718	deepcheck	-32.900848388671875	-4.61737157083607	32.900848388671875	4.61737157083607	medium	high
G_r048_indel_0p5pct	48	12	indel	0.005	0.5	ins0.5_geom0.75	GB_GCA_030583765.1	Patescibacteriota	Bacteria	high	100.0	4.999926846991542	99.98699501165804	4.999926846991542	615149	2	645906	2	645822	0.0049991794471641		0	0	3229	0	True	23.35883140563965	1.4755182266235352	deepcheck	-76.64116859436035	-3.524408620368007	76.64116859436035	3.524408620368007	low	high
G_r048_indel_1pct	48	13	indel	0.01	1.0	ins0.5_geom0.75	GB_GCA_030583765.1	Patescibacteriota	Bacteria	high	100.0	4.999926846991542	99.98405340715212	4.999926846991542	615149	2	645906	2	645803	0.0100138410233067		0	0	6468	0	True	28.2341423034668	7.899121761322021	deepcheck	-71.7658576965332	2.8991949143304785	71.7658576965332	2.8991949143304785	low	high
G_r048_indel_2pct	48	14	indel	0.02	2.0	ins0.5_geom0.75	GB_GCA_030583765.1	Patescibacteriota	Bacteria	high	100.0	4.999926846991542	99.9865305477887	4.999926846991542	615149	2	645906	2	645819	0.0200803212851405		0	0	12970	0	True	14.48859977722168	3.2771692276000977	deepcheck	-85.51140022277832	-1.7227576193914445	85.51140022277832	1.7227576193914445	low	high
G_r048_indel_5pct	48	15	indel	0.05	5.0	ins0.5_geom0.75	GB_GCA_030583765.1	Patescibacteriota	Bacteria	high	100.0	4.999926846991542	99.993497505829	4.999926846991542	615149	2	645906	2	645864	0.0497905267949206		0	0	32160	0	True	24.535539627075195	5.683427333831787	deepcheck	-75.4644603729248	0.683500486840245	75.4644603729248	0.683500486840245	low	high
G_r048_chimera_5pct	48	16	chimera	0.05	5.0	rc0.5	GB_GCA_030583765.1	Patescibacteriota	Bacteria	high	100.0	4.999926846991542	100.0	4.999926846991542	615149	2	645906	2	645906	0.0		0	0	0	0	True	75.29479217529297	-0.0733859837055206	deepcheck	-24.70520782470703	-5.073312830697063	24.70520782470703	5.073312830697063	medium	high
G_r048_chimera_10pct	48	17	chimera	0.1	10.0	rc0.5	GB_GCA_030583765.1	Patescibacteriota	Bacteria	high	100.0	4.999926846991542	100.0	4.999926846991542	615149	2	645906	2	645906	0.0		0	0	0	0	True	75.29479217529297	-0.0733859837055206	deepcheck	-24.70520782470703	-5.073312830697063	24.70520782470703	5.073312830697063	medium	high
G_r048_chimera_20pct	48	18	chimera	0.2	20.0	rc0.5	GB_GCA_030583765.1	Patescibacteriota	Bacteria	high	100.0	4.999926846991542	100.0	4.999926846991542	615149	2	645906	2	645906	0.0		0	0	0	0	True	75.29479217529297	-0.0733859837055206	deepcheck	-24.70520782470703	-5.073312830697063	24.70520782470703	5.073312830697063	medium	high
G_r048_chimera_40pct	48	19	chimera	0.4	40.0	rc0.5	GB_GCA_030583765.1	Patescibacteriota	Bacteria	high	100.0	4.999926846991542	100.0	4.999926846991542	615149	2	645906	2	645906	0.0		0	0	0	0	True	75.29479217529297	-0.0733859837055206	deepcheck	-24.70520782470703	-5.073312830697063	24.70520782470703	5.073312830697063	medium	high
G_r048_uneven_coverage_5pct	48	20	uneven_coverage	0.05	5.0	lognormal_sigma1.0	GB_GCA_030583765.1	Patescibacteriota	Bacteria	high	100.0	4.999926846991542	100.0	10.249874420668814	615149	2	645906	3	678201	0.0499995355361306		32295	0	0	0	True	77.0529556274414	0.087134912610054	deepcheck	-22.947044372558594	-4.912791934381488	22.947044372558594	4.912791934381488	medium	high
G_r048_uneven_coverage_10pct	48	21	uneven_coverage	0.1	10.0	lognormal_sigma1.0	GB_GCA_030583765.1	Patescibacteriota	Bacteria	high	100.0	4.999926846991542	100.0	15.499984556587105	615149	2	645906	3	710497	0.1000006192851591		64591	0	0	0	True	75.45680236816406	5.2877960205078125	deepcheck	-24.543197631835938	0.2878691735162704	24.543197631835938	0.2878691735162704	medium	high
G_r048_uneven_coverage_20pct	48	22	uneven_coverage	0.2	20.0	lognormal_sigma1.0	GB_GCA_030583765.1	Patescibacteriota	Bacteria	high	100.0	4.999926846991542	100.0	25.999879703941648	615149	2	645906	3	775087	0.1999996903574204		129181	0	0	0	True	80.11534881591797	15.799908638000488	deepcheck	-19.88465118408203	10.799981791008946	19.88465118408203	10.799981791008946	low	high
G_r048_uneven_coverage_40pct	48	23	uneven_coverage	0.4	40.0	lognormal_sigma1.0	GB_GCA_030583765.1	Patescibacteriota	Bacteria	high	100.0	4.999926846991542	100.0	46.99983256089176	615149	2	645906	3	904268	0.3999993807148408		258362	0	0	0	True	79.90926361083984	26.37858009338379	deepcheck	-20.090736389160156	21.378653246392247	20.090736389160156	21.378653246392247	low	high
G_r049_none_control	49	0	none	0.0	0.0	control	GB_GCA_009177165.1	Deinococcota	Bacteria	medium	69.04218972205354	1.999980563358592	69.04218972205354	1.999980563358592	4013039	8	2850950	8	2850950	0.0		0	0	0	0	True	73.51031494140625	0.0024892389774322	deepcheck	4.468125219352714	-1.9974913243811598	4.468125219352714	1.9974913243811598	medium	medium
G_r049_substitution_0p1pct	49	1	substitution	0.001	0.1	uniform	GB_GCA_009177165.1	Deinococcota	Bacteria	medium	69.04218972205354	1.999980563358592	69.04218972205354	1.999980563358592	4013039	8	2850950	8	2850950	0.0010021220996509	0.0089640838741259	0	2857	0	0	True	72.65535736083984	0.0134050846099853	deepcheck	3.613167638786308	-1.9865754787486067	3.613167638786308	1.9865754787486067	medium	medium
G_r049_substitution_0p5pct	49	2	substitution	0.005	0.5	uniform	GB_GCA_009177165.1	Deinococcota	Bacteria	medium	69.04218972205354	1.999980563358592	69.04218972205354	1.999980563358592	4013039	8	2850950	8	2850950	0.0050758519090127	0.0441104216424403	0	14471	0	0	True	70.82583618164062	0.3551978468894958	deepcheck	1.7836464595870893	-1.6447827164690962	1.7836464595870893	1.6447827164690962	medium	medium
G_r049_substitution_1pct	49	3	substitution	0.01	1.0	uniform	GB_GCA_009177165.1	Deinococcota	Bacteria	medium	69.04218972205354	1.999980563358592	69.04218972205354	1.999980563358592	4013039	8	2850950	8	2850950	0.0099963170171346	0.0864827525163591	0	28499	0	0	True	68.01409149169922	0.2743266522884369	deepcheck	-1.028098230354317	-1.7256539110701552	1.028098230354317	1.7256539110701552	medium	medium
G_r049_substitution_2pct	49	4	substitution	0.02	2.0	uniform	GB_GCA_009177165.1	Deinococcota	Bacteria	medium	69.04218972205354	1.999980563358592	69.04218972205354	1.999980563358592	4013039	8	2850950	8	2850950	0.019944930637156	0.1662522378698502	0	56862	0	0	True	62.517459869384766	0.7154229879379272	deepcheck	-6.52472985266877	-1.2845575754206648	6.52472985266877	1.2845575754206648	medium	medium
G_r049_substitution_5pct	49	5	substitution	0.05	5.0	uniform	GB_GCA_009177165.1	Deinococcota	Bacteria	medium	69.04218972205354	1.999980563358592	69.04218972205354	1.999980563358592	4013039	8	2850950	8	2850950	0.050040162051246	0.3697505902753909	0	142662	0	0	True	50.11704635620117	2.2100980281829834	deepcheck	-18.925143365852364	0.2101174648243913	18.925143365852364	0.2101174648243913	medium	medium
G_r049_substitution_titv_0p1pct	49	6	substitution_titv	0.001	0.1	titv_2	GB_GCA_009177165.1	Deinococcota	Bacteria	medium	69.04218972205354	1.999980563358592	69.04218972205354	1.999980563358592	4013039	8	2850950	8	2850950	0.0010042266612883	0.0089640838741259	0	2863	0	0	True	73.79524230957031	-0.0017568469047546	deepcheck	4.753052587516777	-2.0017374102633467	4.753052587516777	2.0017374102633467	medium	medium
G_r049_substitution_titv_0p5pct	49	7	substitution_titv	0.005	0.5	titv_2	GB_GCA_009177165.1	Deinococcota	Bacteria	medium	69.04218972205354	1.999980563358592	69.04218972205354	1.999980563358592	4013039	8	2850950	8	2850950	0.0050709412651923	0.0441104216424403	0	14457	0	0	True	71.6268310546875	0.0438608229160308	deepcheck	2.5846413326339643	-1.9561197404425612	2.5846413326339643	1.9561197404425612	medium	medium
G_r049_substitution_titv_1pct	49	8	substitution_titv	0.01	1.0	titv_2	GB_GCA_009177165.1	Deinococcota	Bacteria	medium	69.04218972205354	1.999980563358592	69.04218972205354	1.999980563358592	4013039	8	2850950	8	2850950	0.0099156421543695	0.0864827525163591	0	28269	0	0	True	69.39994812011719	-0.0696294009685516	deepcheck	0.35775839806365184	-2.0696099643271437	0.35775839806365184	2.0696099643271437	medium	medium
G_r049_substitution_titv_2pct	49	9	substitution_titv	0.02	2.0	titv_2	GB_GCA_009177165.1	Deinococcota	Bacteria	medium	69.04218972205354	1.999980563358592	69.04218972205354	1.999980563358592	4013039	8	2850950	8	2850950	0.0199119591715042	0.1662522378698502	0	56768	0	0	True	64.44297790527344	0.0277042388916015	deepcheck	-4.599211816780098	-1.9722763244669905	4.599211816780098	1.9722763244669905	medium	medium
G_r049_substitution_titv_5pct	49	10	substitution_titv	0.05	5.0	titv_2	GB_GCA_009177165.1	Deinococcota	Bacteria	medium	69.04218972205354	1.999980563358592	69.04218972205354	1.999980563358592	4013039	8	2850950	8	2850950	0.0500313930444237	0.3697505902753909	0	142637	0	0	True	48.320533752441406	2.381141901016236	deepcheck	-20.72165596961213	0.3811613376576437	20.72165596961213	0.3811613376576437	low	medium
G_r049_indel_0p1pct	49	11	indel	0.001	0.1	ins0.5_geom0.75	GB_GCA_009177165.1	Deinococcota	Bacteria	medium	69.04218972205354	1.999980563358592	69.03826652636965	1.999980563358592	4013039	8	2850950	8	2850788	0.0010172047913853		0	0	2900	0	True	52.97911071777344	0.3064978718757629	deepcheck	-16.063079004280098	-1.6934826914828291	16.063079004280098	1.6934826914828291	medium	medium
G_r049_indel_0p5pct	49	12	indel	0.005	0.5	ins0.5_geom0.75	GB_GCA_009177165.1	Deinococcota	Bacteria	medium	69.04218972205354	1.999980563358592	69.04073668661506	1.999980563358592	4013039	8	2850950	8	2850890	0.0050453357652712		0	0	14384	0	True	50.59437561035156	21.204635620117188	deepcheck	-18.447814111701973	19.204655056758597	18.447814111701973	19.204655056758597	low	medium
G_r049_indel_1pct	49	13	indel	0.01	1.0	ins0.5_geom0.75	GB_GCA_009177165.1	Deinococcota	Bacteria	medium	69.04218972205354	1.999980563358592	69.03153412883805	1.999980563358592	4013039	8	2850950	8	2850510	0.0100398112909731		0	0	28623	0	True	15.44792938232422	0.7130619287490845	deepcheck	-53.59426033972932	-1.2869186346095076	53.59426033972932	1.2869186346095076	low	medium
G_r049_indel_2pct	49	14	indel	0.02	2.0	ins0.5_geom0.75	GB_GCA_009177165.1	Deinococcota	Bacteria	medium	69.04218972205354	1.999980563358592	69.04897055409975	1.999980563358592	4013039	8	2850950	8	2851230	0.0201220645749662		0	0	57367	0	True	56.69955062866211	16.18909454345703	deepcheck	-12.342639093391426	14.189113980098439	12.342639093391426	14.189113980098439	low	medium
G_r049_indel_5pct	49	15	indel	0.05	5.0	ins0.5_geom0.75	GB_GCA_009177165.1	Deinococcota	Bacteria	medium	69.04218972205354	1.999980563358592	69.03121930449305	1.999980563358592	4013039	8	2850950	8	2850497	0.0502344832424279		0	0	143216	0	True	47.94003677368164	15.568765640258787	deepcheck	-21.102152948371895	13.568785076900195	21.102152948371895	13.568785076900195	low	medium
G_r049_chimera_5pct	49	16	chimera	0.05	5.0	rc0.5	GB_GCA_009177165.1	Deinococcota	Bacteria	medium	69.04218972205354	1.999980563358592	69.04218972205354	1.999980563358592	4013039	8	2850950	8	2850950	0.0		0	0	0	0	True	73.51031494140625	0.0024892389774322	deepcheck	4.468125219352714	-1.9974913243811598	4.468125219352714	1.9974913243811598	medium	medium
G_r049_chimera_10pct	49	17	chimera	0.1	10.0	rc0.5	GB_GCA_009177165.1	Deinococcota	Bacteria	medium	69.04218972205354	1.999980563358592	69.04218972205354	1.999980563358592	4013039	8	2850950	8	2850950	0.0		0	0	0	0	True	73.51031494140625	0.0024892389774322	deepcheck	4.468125219352714	-1.9974913243811598	4.468125219352714	1.9974913243811598	medium	medium
G_r049_chimera_20pct	49	18	chimera	0.2	20.0	rc0.5	GB_GCA_009177165.1	Deinococcota	Bacteria	medium	69.04218972205354	1.999980563358592	69.04218972205354	1.999980563358592	4013039	8	2850950	7	2850950	0.25		0	0	0	1	True	73.51019287109375	0.0024951994419097	deepcheck	4.468003149040214	-1.9974853639166823	4.468003149040214	1.9974853639166823	medium	medium
G_r049_chimera_40pct	49	19	chimera	0.4	40.0	rc0.5	GB_GCA_009177165.1	Deinococcota	Bacteria	medium	69.04218972205354	1.999980563358592	69.04218972205354	1.999980563358592	4013039	8	2850950	6	2850950	0.5		0	0	0	2	True	73.43936157226562	-0.0048428773880004	deepcheck	4.397171850212089	-2.0048234407465926	4.397171850212089	2.0048234407465926	medium	medium
G_r049_uneven_coverage_5pct	49	20	uneven_coverage	0.05	5.0	lognormal_sigma1.0	GB_GCA_009177165.1	Deinococcota	Bacteria	medium	69.04218972205354	1.999980563358592	69.04218972205354	5.552101537014717	4013039	8	2850950	9	2993498	0.0500001753801364		142548	0	0	0	True	73.638427734375	2.7334558963775635	deepcheck	4.596238012321464	0.7334753330189714	4.596238012321464	0.7334753330189714	medium	medium
G_r049_uneven_coverage_10pct	49	21	uneven_coverage	0.1	10.0	lognormal_sigma1.0	GB_GCA_009177165.1	Deinococcota	Bacteria	medium	69.04218972205354	1.999980563358592	69.04218972205354	9.104197591899805	4013039	8	2850950	9	3136045	0.1		285095	0	0	0	True	73.74320983886719	4.408771514892578	deepcheck	4.701020116813652	2.408790951533986	4.701020116813652	2.408790951533986	medium	medium
G_r049_uneven_coverage_20pct	49	22	uneven_coverage	0.2	20.0	lognormal_sigma1.0	GB_GCA_009177165.1	Deinococcota	Bacteria	medium	69.04218972205354	1.999980563358592	69.04218972205354	16.20841462044102	4013039	8	2850950	9	3421140	0.2		570190	0	0	0	True	73.51788330078125	10.72281265258789	deepcheck	4.475693578727714	8.722832089229298	4.475693578727714	8.722832089229298	low	medium
G_r049_uneven_coverage_40pct	49	23	uneven_coverage	0.4	40.0	lognormal_sigma1.0	GB_GCA_009177165.1	Deinococcota	Bacteria	medium	69.04218972205354	1.999980563358592	69.04218972205354	30.416848677523443	4013039	8	2850950	14	3991330	0.4		1140380	0	0	0	True	73.87549591064453	24.93844985961914	deepcheck	4.833306188590996	22.93846929626055	4.833306188590996	22.93846929626055	low	medium
G_r050_none_control	50	0	none	0.0	0.0	control	RS_GCF_007748155.1	Planctomycetota	Bacteria	medium	79.7641909148204	4.999996167949083	79.7641909148204	4.999996167949083	7828706	66	6635939	66	6635939	0.0		0	0	0	0	True	82.32766723632812	2.2038557529449463	deepcheck	2.5634763215077214	-2.796140415004137	2.5634763215077214	2.796140415004137	medium	medium
G_r050_substitution_0p1pct	50	1	substitution	0.001	0.1	uniform	RS_GCF_007748155.1	Planctomycetota	Bacteria	medium	79.7641909148204	4.999996167949083	79.7641909148204	4.999996167949083	7828706	66	6635939	66	6635939	0.0010209445436337	0.0089640838741259	0	6759	0	0	True	81.50191497802734	2.4120025634765625	deepcheck	1.7377240632069402	-2.587993604472521	1.7377240632069402	2.587993604472521	medium	medium
G_r050_substitution_0p5pct	50	2	substitution	0.005	0.5	uniform	RS_GCF_007748155.1	Planctomycetota	Bacteria	medium	79.7641909148204	4.999996167949083	79.7641909148204	4.999996167949083	7828706	66	6635939	66	6635939	0.004994758577354	0.0441104216424403	0	33067	0	0	True	79.73329162597656	3.159503698348999	deepcheck	-0.030899288843841077	-1.8404924696000844	0.030899288843841077	1.8404924696000844	medium	medium
G_r050_substitution_1pct	50	3	substitution	0.01	1.0	uniform	RS_GCF_007748155.1	Planctomycetota	Bacteria	medium	79.7641909148204	4.999996167949083	79.7641909148204	4.999996167949083	7828706	66	6635939	66	6635939	0.0099757716371062	0.0864827525163591	0	66043	0	0	True	75.821044921875	2.204808235168457	deepcheck	-3.9431459929454036	-2.7951879327806264	3.9431459929454036	2.7951879327806264	medium	medium
G_r050_substitution_2pct	50	4	substitution	0.02	2.0	uniform	RS_GCF_007748155.1	Planctomycetota	Bacteria	medium	79.7641909148204	4.999996167949083	79.7641909148204	4.999996167949083	7828706	66	6635939	66	6635939	0.0199800916569239	0.1662522378698502	0	132275	0	0	True	74.52630615234375	1.9270528554916384	deepcheck	-5.237884762476654	-3.0729433124574452	5.237884762476654	3.0729433124574452	medium	medium
G_r050_substitution_5pct	50	5	substitution	0.05	5.0	uniform	RS_GCF_007748155.1	Planctomycetota	Bacteria	medium	79.7641909148204	4.999996167949083	79.7641909148204	4.999996167949083	7828706	66	6635939	66	6635939	0.0500252252905439	0.3697505902753909	0	331184	0	0	True	51.670448303222656	5.377246379852295	deepcheck	-28.093742611597747	0.3772502119032115	28.093742611597747	0.3772502119032115	medium	medium
G_r050_substitution_titv_0p1pct	50	6	substitution_titv	0.001	0.1	titv_2	RS_GCF_007748155.1	Planctomycetota	Bacteria	medium	79.7641909148204	4.999996167949083	79.7641909148204	4.999996167949083	7828706	66	6635939	66	6635939	0.0010182256500421	0.0089640838741259	0	6741	0	0	True	82.58750915527344	2.383002758026123	deepcheck	2.823318240453034	-2.6169934099229604	2.823318240453034	2.6169934099229604	medium	medium
G_r050_substitution_titv_0p5pct	50	7	substitution_titv	0.005	0.5	titv_2	RS_GCF_007748155.1	Planctomycetota	Bacteria	medium	79.7641909148204	4.999996167949083	79.7641909148204	4.999996167949083	7828706	66	6635939	66	6635939	0.0049574493152919	0.0441104216424403	0	32820	0	0	True	80.60427856445312	1.7519347667694092	deepcheck	0.8400876496327214	-3.2480614011796742	0.8400876496327214	3.2480614011796742	medium	medium
G_r050_substitution_titv_1pct	50	8	substitution_titv	0.01	1.0	titv_2	RS_GCF_007748155.1	Planctomycetota	Bacteria	medium	79.7641909148204	4.999996167949083	79.7641909148204	4.999996167949083	7828706	66	6635939	66	6635939	0.0099701828002791	0.0864827525163591	0	66006	0	0	True	76.97103881835938	4.6011152267456055	deepcheck	-2.7931520964610286	-0.39888094120347795	2.7931520964610286	0.39888094120347795	medium	medium
G_r050_substitution_titv_2pct	50	9	substitution_titv	0.02	2.0	titv_2	RS_GCF_007748155.1	Planctomycetota	Bacteria	medium	79.7641909148204	4.999996167949083	79.7641909148204	4.999996167949083	7828706	66	6635939	66	6635939	0.0200198177132896	0.1662522378698502	0	132538	0	0	True	72.17316436767578	4.391134738922119	deepcheck	-7.591026547144622	-0.6088614290269643	7.591026547144622	0.6088614290269643	medium	medium
G_r050_substitution_titv_5pct	50	10	substitution_titv	0.05	5.0	titv_2	RS_GCF_007748155.1	Planctomycetota	Bacteria	medium	79.7641909148204	4.999996167949083	79.7641909148204	4.999996167949083	7828706	66	6635939	66	6635939	0.0500980312189404	0.3697505902753909	0	331666	0	0	True	71.88750457763672	4.384852886199951	deepcheck	-7.876686337183685	-0.6151432817491322	7.876686337183685	0.6151432817491322	medium	medium
G_r050_indel_0p1pct	50	11	indel	0.001	0.1	ins0.5_geom0.75	RS_GCF_007748155.1	Planctomycetota	Bacteria	medium	79.7641909148204	4.999996167949083	79.76256821066754	4.999996167949083	7828706	66	6635939	66	6635804	0.0010024203055513		0	0	6652	0	True	65.19564819335938	2.6328296661376958	deepcheck	-14.568542721461029	-2.3671665018113877	14.568542721461029	2.3671665018113877	medium	medium
G_r050_indel_0p5pct	50	12	indel	0.005	0.5	ins0.5_geom0.75	RS_GCF_007748155.1	Planctomycetota	Bacteria	medium	79.7641909148204	4.999996167949083	79.76206336937553	4.999996167949083	7828706	66	6635939	66	6635762	0.0049873876176378		0	0	33096	0	True	32.31024932861328	0.6792232394218445	deepcheck	-47.45394158620712	-4.320772928527239	47.45394158620712	4.320772928527239	low	medium
G_r050_indel_1pct	50	13	indel	0.01	1.0	ins0.5_geom0.75	RS_GCF_007748155.1	Planctomycetota	Bacteria	medium	79.7641909148204	4.999996167949083	79.77223231540019	4.999996167949083	7828706	66	6635939	66	6636608	0.010010188460141		0	0	66427	0	True	28.530580520629883	1.9791394472122192	deepcheck	-51.23361039419052	-3.020856720736864	51.23361039419052	3.020856720736864	low	medium
G_r050_indel_2pct	50	14	indel	0.02	2.0	ins0.5_geom0.75	RS_GCF_007748155.1	Planctomycetota	Bacteria	medium	79.7641909148204	4.999996167949083	79.75540427233338	4.999996167949083	7828706	66	6635939	66	6635208	0.0200051567683186		0	0	132753	0	True	36.82732009887695	7.928305149078369	deepcheck	-42.93687081594345	2.9283089811292857	42.93687081594345	2.9283089811292857	low	medium
G_r050_indel_5pct	50	15	indel	0.05	5.0	ins0.5_geom0.75	RS_GCF_007748155.1	Planctomycetota	Bacteria	medium	79.7641909148204	4.999996167949083	79.76702764208024	4.999996167949083	7828706	66	6635939	66	6636175	0.0499285783067023		0	0	331323	0	True	49.17588806152344	26.284610748291016	deepcheck	-30.588302853296966	21.28461458034193	30.588302853296966	21.28461458034193	low	medium
G_r050_chimera_5pct	50	16	chimera	0.05	5.0	rc0.5	RS_GCF_007748155.1	Planctomycetota	Bacteria	medium	79.7641909148204	4.999996167949083	79.7641909148204	4.999996167949083	7828706	66	6635939	65	6635939	0.0303030303030303		0	0	0	1	True	82.3623046875	2.180115222930908	deepcheck	2.5981137726795964	-2.819880945018175	2.5981137726795964	2.819880945018175	medium	medium
G_r050_chimera_10pct	50	17	chimera	0.1	10.0	rc0.5	RS_GCF_007748155.1	Planctomycetota	Bacteria	medium	79.7641909148204	4.999996167949083	79.7641909148204	4.999996167949083	7828706	66	6635939	63	6635939	0.0909090909090909		0	0	0	3	True	82.32799530029297	2.218401432037353	deepcheck	2.563804385472565	-2.7815947359117303	2.563804385472565	2.7815947359117303	medium	medium
G_r050_chimera_20pct	50	18	chimera	0.2	20.0	rc0.5	RS_GCF_007748155.1	Planctomycetota	Bacteria	medium	79.7641909148204	4.999996167949083	79.7641909148204	4.999996167949083	7828706	66	6635939	59	6635939	0.2121212121212121		0	0	0	7	True	82.46967315673828	2.14851188659668	deepcheck	2.7054822419178777	-2.8514842813524033	2.7054822419178777	2.8514842813524033	medium	medium
G_r050_chimera_40pct	50	19	chimera	0.4	40.0	rc0.5	RS_GCF_007748155.1	Planctomycetota	Bacteria	medium	79.7641909148204	4.999996167949083	79.7641909148204	4.999996167949083	7828706	66	6635939	53	6635939	0.3939393939393939		0	0	0	13	True	82.21522521972656	2.0843253135681152	deepcheck	2.451034304906159	-2.915670854380968	2.451034304906159	2.915670854380968	medium	medium
G_r050_uneven_coverage_5pct	50	20	uneven_coverage	0.05	5.0	lognormal_sigma1.0	RS_GCF_007748155.1	Planctomycetota	Bacteria	medium	79.7641909148204	4.999996167949083	79.7641909148204	9.238206160762712	7828706	66	6635939	73	6967736	0.0500000075347287		331797	0	0	0	True	82.73309326171875	6.617380619049072	deepcheck	2.9689023468983464	1.6173844510999889	2.9689023468983464	1.6173844510999889	medium	medium
G_r050_uneven_coverage_10pct	50	21	uneven_coverage	0.1	10.0	lognormal_sigma1.0	RS_GCF_007748155.1	Planctomycetota	Bacteria	medium	79.7641909148204	4.999996167949083	79.7641909148204	13.476416153576338	7828706	66	6635939	72	7299533	0.1000000150694574		663594	0	0	0	True	82.58384704589844	10.382814407348633	deepcheck	2.819656131078034	5.382818239399549	2.819656131078034	5.382818239399549	low	medium
G_r050_uneven_coverage_20pct	50	22	uneven_coverage	0.2	20.0	lognormal_sigma1.0	RS_GCF_007748155.1	Planctomycetota	Bacteria	medium	79.7641909148204	4.999996167949083	79.7641909148204	21.952836139203598	7828706	66	6635939	86	7963127	0.2000000301389148		1327188	0	0	0	True	80.90547943115234	21.3521785736084	deepcheck	1.1412885163319402	16.352182405659313	1.1412885163319402	16.352182405659313	low	medium
G_r050_uneven_coverage_40pct	50	23	uneven_coverage	0.4	40.0	lognormal_sigma1.0	RS_GCF_007748155.1	Planctomycetota	Bacteria	medium	79.7641909148204	4.999996167949083	79.7641909148204	38.9056761104581	7828706	66	6635939	103	9290315	0.4000000602778296		2654376	0	0	0	True	80.78722381591797	31.246353149414062	deepcheck	1.0230329010975652	26.246356981464977	1.0230329010975652	26.246356981464977	low	medium
G_r051_none_control	51	0	none	0.0	0.0	control	RS_GCF_018771565.1	Chloroflexota	Bacteria	medium	96.56674540006595	9.999975879479408	96.56674540006595	9.999975879479408	3316678	26	3534475	26	3534475	0.0		0	0	0	0	True	96.8720245361328	6.526425361633301	deepcheck	0.30527913606684365	-3.473550517846107	0.30527913606684365	3.473550517846107	medium	medium
G_r051_substitution_0p1pct	51	1	substitution	0.001	0.1	uniform	RS_GCF_018771565.1	Chloroflexota	Bacteria	medium	96.56674540006595	9.999975879479408	96.56674540006595	9.999975879479408	3316678	26	3534475	26	3534475	0.0010066558682689	0.0089640838741259	0	3558	0	0	True	95.27374267578124	7.267698764801025	deepcheck	-1.2930027242847189	-2.732277114678382	1.2930027242847189	2.732277114678382	medium	medium
G_r051_substitution_0p5pct	51	2	substitution	0.005	0.5	uniform	RS_GCF_018771565.1	Chloroflexota	Bacteria	medium	96.56674540006595	9.999975879479408	96.56674540006595	9.999975879479408	3316678	26	3534475	26	3534475	0.0049894255865439	0.0441104216424403	0	17635	0	0	True	94.38695526123048	6.5173773765563965	deepcheck	-2.1797901388354717	-3.482598502923011	2.1797901388354717	3.482598502923011	medium	medium
G_r051_substitution_1pct	51	3	substitution	0.01	1.0	uniform	RS_GCF_018771565.1	Chloroflexota	Bacteria	medium	96.56674540006595	9.999975879479408	96.56674540006595	9.999975879479408	3316678	26	3534475	26	3534475	0.0100051634259684	0.0864827525163591	0	35363	0	0	True	91.53565979003906	8.370552062988281	deepcheck	-5.031085610026892	-1.6294238164911263	5.031085610026892	1.6294238164911263	medium	medium
G_r051_substitution_2pct	51	4	substitution	0.02	2.0	uniform	RS_GCF_018771565.1	Chloroflexota	Bacteria	medium	96.56674540006595	9.999975879479408	96.56674540006595	9.999975879479408	3316678	26	3534475	26	3534475	0.0200926587399826	0.1662522378698502	0	71017	0	0	True	87.7320556640625	4.990153789520264	deepcheck	-8.834689736003455	-5.009822089959144	8.834689736003455	5.009822089959144	medium	medium
G_r051_substitution_5pct	51	5	substitution	0.05	5.0	uniform	RS_GCF_018771565.1	Chloroflexota	Bacteria	medium	96.56674540006595	9.999975879479408	96.56674540006595	9.999975879479408	3316678	26	3534475	26	3534475	0.0501191831884509	0.3697505902753909	0	177145	0	0	True	67.3287353515625	5.058845520019531	deepcheck	-29.238010048503455	-4.941130359459876	29.238010048503455	4.941130359459876	medium	medium
G_r051_substitution_titv_0p1pct	51	6	substitution_titv	0.001	0.1	titv_2	RS_GCF_018771565.1	Chloroflexota	Bacteria	medium	96.56674540006595	9.999975879479408	96.56674540006595	9.999975879479408	3316678	26	3534475	26	3534475	0.0010075046506199	0.0089640838741259	0	3561	0	0	True	96.36824798583984	6.242713451385498	deepcheck	-0.1984974142261109	-3.7572624280939095	0.1984974142261109	3.7572624280939095	medium	medium
G_r051_substitution_titv_0p5pct	51	7	substitution_titv	0.005	0.5	titv_2	RS_GCF_018771565.1	Chloroflexota	Bacteria	medium	96.56674540006595	9.999975879479408	96.56674540006595	9.999975879479408	3316678	26	3534475	26	3534475	0.004926615692571	0.0441104216424403	0	17413	0	0	True	96.42212677001952	8.233247756958008	deepcheck	-0.1446186300464376	-1.7667281225213998	0.1446186300464376	1.7667281225213998	medium	medium
G_r051_substitution_titv_1pct	51	8	substitution_titv	0.01	1.0	titv_2	RS_GCF_018771565.1	Chloroflexota	Bacteria	medium	96.56674540006595	9.999975879479408	96.56674540006595	9.999975879479408	3316678	26	3534475	26	3534475	0.0100450561964648	0.0864827525163591	0	35504	0	0	True	93.17080688476562	8.36838436126709	deepcheck	-3.3959385153003296	-1.6315915182123177	3.3959385153003296	1.6315915182123177	medium	medium
G_r051_substitution_titv_2pct	51	9	substitution_titv	0.02	2.0	titv_2	RS_GCF_018771565.1	Chloroflexota	Bacteria	medium	96.56674540006595	9.999975879479408	96.56674540006595	9.999975879479408	3316678	26	3534475	26	3534475	0.0199036632031631	0.1662522378698502	0	70349	0	0	True	87.20215606689453	7.623567581176758	deepcheck	-9.364589333171423	-2.3764082983026498	9.364589333171423	2.3764082983026498	medium	medium
G_r051_substitution_titv_5pct	51	10	substitution_titv	0.05	5.0	titv_2	RS_GCF_018771565.1	Chloroflexota	Bacteria	medium	96.56674540006595	9.999975879479408	96.56674540006595	9.999975879479408	3316678	26	3534475	26	3534475	0.049914343714413	0.3697505902753909	0	176421	0	0	True	70.07611083984375	6.734371185302734	deepcheck	-26.490634560222205	-3.265604694176673	26.490634560222205	3.265604694176673	medium	medium
G_r051_indel_0p1pct	51	11	indel	0.001	0.1	ins0.5_geom0.75	RS_GCF_018771565.1	Chloroflexota	Bacteria	medium	96.56674540006595	9.999975879479408	96.5681934333683	9.999975879479408	3316678	26	3534475	26	3534528	0.0010052412310173		0	0	3553	0	True	74.64396667480469	7.607727527618408	deepcheck	-21.922778725261267	-2.3922483518609994	21.922778725261267	2.3922483518609994	medium	medium
G_r051_indel_0p5pct	51	12	indel	0.005	0.5	ins0.5_geom0.75	RS_GCF_018771565.1	Chloroflexota	Bacteria	medium	96.56674540006595	9.999975879479408	96.55969648323584	9.999975879479408	3316678	26	3534475	26	3534217	0.0049206742161141		0	0	17392	0	True	18.075157165527344	1.6950703859329224	deepcheck	-78.49158823453861	-8.304905493546485	78.49158823453861	8.304905493546485	low	medium
G_r051_indel_1pct	51	13	indel	0.01	1.0	ins0.5_geom0.75	RS_GCF_018771565.1	Chloroflexota	Bacteria	medium	96.56674540006595	9.999975879479408	96.56166362281634	9.999975879479408	3316678	26	3534475	26	3534289	0.0100246854200411		0	0	35432	0	True	33.4801025390625	4.312344551086426	deepcheck	-63.086642861003455	-5.687631328392982	63.086642861003455	5.687631328392982	low	medium
G_r051_indel_2pct	51	14	indel	0.02	2.0	ins0.5_geom0.75	RS_GCF_018771565.1	Chloroflexota	Bacteria	medium	96.56674540006595	9.999975879479408	96.561527015901	9.999975879479408	3316678	26	3534475	26	3534284	0.0200584245184928		0	0	70896	0	True	55.69753646850586	20.681943893432617	deepcheck	-40.869208931560095	10.68196801395321	40.869208931560095	10.68196801395321	low	medium
G_r051_indel_5pct	51	15	indel	0.05	5.0	ins0.5_geom0.75	RS_GCF_018771565.1	Chloroflexota	Bacteria	medium	96.56674540006595	9.999975879479408	96.58704518768144	9.999975879479408	3316678	26	3534475	26	3535218	0.0500343049533523		0	0	176845	0	True	51.84477996826172	21.77361869812012	deepcheck	-44.721965431804236	11.773642818640713	44.721965431804236	11.773642818640713	low	medium
G_r051_chimera_5pct	51	16	chimera	0.05	5.0	rc0.5	RS_GCF_018771565.1	Chloroflexota	Bacteria	medium	96.56674540006595	9.999975879479408	96.56674540006595	9.999975879479408	3316678	26	3534475	26	3534475	0.0		0	0	0	0	True	96.8720245361328	6.526425361633301	deepcheck	0.30527913606684365	-3.473550517846107	0.30527913606684365	3.473550517846107	medium	medium
G_r051_chimera_10pct	51	17	chimera	0.1	10.0	rc0.5	RS_GCF_018771565.1	Chloroflexota	Bacteria	medium	96.56674540006595	9.999975879479408	96.56674540006595	9.999975879479408	3316678	26	3534475	25	3534475	0.0769230769230769		0	0	0	1	True	96.8720932006836	6.526556015014648	deepcheck	0.3053478006176391	-3.473419864464759	0.3053478006176391	3.473419864464759	medium	medium
G_r051_chimera_20pct	51	18	chimera	0.2	20.0	rc0.5	RS_GCF_018771565.1	Chloroflexota	Bacteria	medium	96.56674540006595	9.999975879479408	96.56674540006595	9.999975879479408	3316678	26	3534475	23	3534475	0.2307692307692307		0	0	0	3	True	96.79151153564452	6.552244663238525	deepcheck	0.2247661355785624	-3.447731216240882	0.2247661355785624	3.447731216240882	medium	medium
G_r051_chimera_40pct	51	19	chimera	0.4	40.0	rc0.5	RS_GCF_018771565.1	Chloroflexota	Bacteria	medium	96.56674540006595	9.999975879479408	96.56674540006595	9.999975879479408	3316678	26	3534475	21	3534475	0.3846153846153846		0	0	0	5	True	96.54097747802734	6.481339931488037	deepcheck	-0.02576792203861089	-3.5186359479913705	0.02576792203861089	3.5186359479913705	medium	medium
G_r051_uneven_coverage_5pct	51	20	uneven_coverage	0.05	5.0	lognormal_sigma1.0	RS_GCF_018771565.1	Chloroflexota	Bacteria	medium	96.56674540006595	9.999975879479408	96.56674540006595	15.328319481119362	3316678	26	3534475	28	3711199	0.0500000707318625		176724	0	0	0	True	95.83428192138672	10.2906494140625	deepcheck	-0.7324634786792359	0.2906735345830924	0.7324634786792359	0.2906735345830924	low	medium
G_r051_uneven_coverage_10pct	51	21	uneven_coverage	0.1	10.0	lognormal_sigma1.0	RS_GCF_018771565.1	Chloroflexota	Bacteria	medium	96.56674540006595	9.999975879479408	96.56674540006595	20.65666308275932	3316678	26	3534475	28	3887923	0.1000001414637251		353448	0	0	0	True	95.28375244140624	19.778478622436523	deepcheck	-1.2829929586597189	9.778502742957116	1.2829929586597189	9.778502742957116	low	medium
G_r051_uneven_coverage_20pct	51	22	uneven_coverage	0.2	20.0	lognormal_sigma1.0	RS_GCF_018771565.1	Chloroflexota	Bacteria	medium	96.56674540006595	9.999975879479408	96.56674540006595	31.313320135388484	3316678	26	3534475	34	4241370	0.2		706895	0	0	0	True	94.24898529052734	30.197322845458984	deepcheck	-2.317760109538611	20.197346965979577	2.317760109538611	20.197346965979577	low	medium
G_r051_uneven_coverage_40pct	51	23	uneven_coverage	0.4	40.0	lognormal_sigma1.0	RS_GCF_018771565.1	Chloroflexota	Bacteria	medium	96.56674540006595	9.999975879479408	96.56674540006595	52.62666439129756	3316678	26	3534475	44	4948265	0.4		1413790	0	0	0	True	94.89864349365234	41.52645111083984	deepcheck	-1.668101906413611	31.52647523136043	1.668101906413611	31.52647523136043	low	medium
G_r052_none_control	52	0	none	0.0	0.0	control	RS_GCF_001887775.1	Desulfobacterota	Bacteria	medium	70.89159473028947	0.0	70.89159473028947	0.0	3218469	20	2281624	20	2281624	0.0		0	0	0	0	True	75.15184020996094	0.9310588240623474	deepcheck	4.260245479671468	0.9310588240623474	4.260245479671468	0.9310588240623474	medium	medium
G_r052_substitution_0p1pct	52	1	substitution	0.001	0.1	uniform	RS_GCF_001887775.1	Desulfobacterota	Bacteria	medium	70.89159473028947	0.0	70.89159473028947	0.0	3218469	20	2281624	20	2281624	0.0010150664614327	0.0089640838741259	0	2316	0	0	True	74.26382446289062	1.1010513305664062	deepcheck	3.3722297326011557	1.1010513305664062	3.3722297326011557	1.1010513305664062	medium	medium
G_r052_substitution_0p5pct	52	2	substitution	0.005	0.5	uniform	RS_GCF_001887775.1	Desulfobacterota	Bacteria	medium	70.89159473028947	0.0	70.89159473028947	0.0	3218469	20	2281624	20	2281624	0.0049710206414378	0.0441104216424403	0	11342	0	0	True	71.67850494384766	1.8637638092041016	deepcheck	0.7869102135581869	1.8637638092041016	0.7869102135581869	1.8637638092041016	medium	medium
G_r052_substitution_1pct	52	3	substitution	0.01	1.0	uniform	RS_GCF_001887775.1	Desulfobacterota	Bacteria	medium	70.89159473028947	0.0	70.89159473028947	0.0	3218469	20	2281624	20	2281624	0.0100235621644933	0.0864827525163591	0	22870	0	0	True	71.21463775634766	3.610697269439697	deepcheck	0.3230430260581869	3.610697269439697	0.3230430260581869	3.610697269439697	medium	medium
G_r052_substitution_2pct	52	4	substitution	0.02	2.0	uniform	RS_GCF_001887775.1	Desulfobacterota	Bacteria	medium	70.89159473028947	0.0	70.89159473028947	0.0	3218469	20	2281624	20	2281624	0.0198740020266266	0.1662522378698502	0	45345	0	0	True	63.86893844604492	1.9788920879364011	deepcheck	-7.0226562842445475	1.9788920879364011	7.0226562842445475	1.9788920879364011	medium	medium
G_r052_substitution_5pct	52	5	substitution	0.05	5.0	uniform	RS_GCF_001887775.1	Desulfobacterota	Bacteria	medium	70.89159473028947	0.0	70.89159473028947	0.0	3218469	20	2281624	20	2281624	0.0499898318040132	0.3697505902753909	0	114058	0	0	True	48.83740615844727	2.1988492012023926	deepcheck	-22.054188571842197	2.1988492012023926	22.054188571842197	2.1988492012023926	low	medium
G_r052_substitution_titv_0p1pct	52	6	substitution_titv	0.001	0.1	titv_2	RS_GCF_001887775.1	Desulfobacterota	Bacteria	medium	70.89159473028947	0.0	70.89159473028947	0.0	3218469	20	2281624	20	2281624	0.0009957819518027	0.0089640838741259	0	2272	0	0	True	74.16448211669922	1.1772234439849854	deepcheck	3.2728873864097494	1.1772234439849854	3.2728873864097494	1.1772234439849854	medium	medium
G_r052_substitution_titv_0p5pct	52	7	substitution_titv	0.005	0.5	titv_2	RS_GCF_001887775.1	Desulfobacterota	Bacteria	medium	70.89159473028947	0.0	70.89159473028947	0.0	3218469	20	2281624	20	2281624	0.0050095896606978	0.0441104216424403	0	11430	0	0	True	73.72814178466797	1.7883960008621216	deepcheck	2.8365470543784994	1.7883960008621216	2.8365470543784994	1.7883960008621216	medium	medium
G_r052_substitution_titv_1pct	52	8	substitution_titv	0.01	1.0	titv_2	RS_GCF_001887775.1	Desulfobacterota	Bacteria	medium	70.89159473028947	0.0	70.89159473028947	0.0	3218469	20	2281624	20	2281624	0.0099630789297447	0.0864827525163591	0	22732	0	0	True	72.292236328125	1.3154804706573486	deepcheck	1.4006415978355307	1.3154804706573486	1.4006415978355307	1.3154804706573486	medium	medium
G_r052_substitution_titv_2pct	52	9	substitution_titv	0.02	2.0	titv_2	RS_GCF_001887775.1	Desulfobacterota	Bacteria	medium	70.89159473028947	0.0	70.89159473028947	0.0	3218469	20	2281624	20	2281624	0.0198266673211712	0.1662522378698502	0	45237	0	0	True	69.18687438964844	2.364581346511841	deepcheck	-1.7047203406410318	2.364581346511841	1.7047203406410318	2.364581346511841	medium	medium
G_r052_substitution_titv_5pct	52	10	substitution_titv	0.05	5.0	titv_2	RS_GCF_001887775.1	Desulfobacterota	Bacteria	medium	70.89159473028947	0.0	70.89159473028947	0.0	3218469	20	2281624	20	2281624	0.0502585000859037	0.3697505902753909	0	114671	0	0	True	57.83363723754883	2.5115768909454346	deepcheck	-13.057957492740641	2.5115768909454346	13.057957492740641	2.5115768909454346	medium	medium
G_r052_indel_0p1pct	52	11	indel	0.001	0.1	ins0.5_geom0.75	RS_GCF_001887775.1	Desulfobacterota	Bacteria	medium	70.89159473028947	0.0	70.89109759951083	0.0	3218469	20	2281624	20	2281608	0.0009887694028463		0	0	2256	0	True	59.64010238647461	3.840290307998657	deepcheck	-11.25149234381486	3.840290307998657	11.25149234381486	3.840290307998657	medium	medium
G_r052_indel_0p5pct	52	12	indel	0.005	0.5	ins0.5_geom0.75	RS_GCF_001887775.1	Desulfobacterota	Bacteria	medium	70.89159473028947	0.0	70.88873622831228	0.0	3218469	20	2281624	20	2281532	0.004984169170731		0	0	11372	0	True	31.127384185791016	2.048642158508301	deepcheck	-39.764210544498454	2.048642158508301	39.764210544498454	2.048642158508301	low	medium
G_r052_indel_1pct	52	13	indel	0.01	1.0	ins0.5_geom0.75	RS_GCF_001887775.1	Desulfobacterota	Bacteria	medium	70.89159473028947	0.0	70.90405407042914	0.0	3218469	20	2281624	20	2282025	0.0100502975073894		0	0	22931	0	True	19.281599044799805	0.790095329284668	deepcheck	-51.609995685489665	0.790095329284668	51.609995685489665	0.790095329284668	low	medium
G_r052_indel_2pct	52	14	indel	0.02	2.0	ins0.5_geom0.75	RS_GCF_001887775.1	Desulfobacterota	Bacteria	medium	70.89159473028947	0.0	70.88556701959845	0.0	3218469	20	2281624	20	2281430	0.0199958450647433		0	0	45623	0	True	14.314502716064451	1.2230180501937866	deepcheck	-56.577092014225016	1.2230180501937866	56.577092014225016	1.2230180501937866	low	medium
G_r052_indel_5pct	52	15	indel	0.05	5.0	ins0.5_geom0.75	RS_GCF_001887775.1	Desulfobacterota	Bacteria	medium	70.89159473028947	0.0	70.88146569067466	0.0	3218469	20	2281624	20	2281298	0.0501384101850261		0	0	114397	0	True	44.09919357299805	16.21182632446289	deepcheck	-26.792401157291422	16.21182632446289	26.792401157291422	16.21182632446289	low	medium
G_r052_chimera_5pct	52	16	chimera	0.05	5.0	rc0.5	RS_GCF_001887775.1	Desulfobacterota	Bacteria	medium	70.89159473028947	0.0	70.89159473028947	0.0	3218469	20	2281624	19	2281624	0.1		0	0	0	1	True	75.15242004394531	0.9313650131225586	deepcheck	4.260825313655843	0.9313650131225586	4.260825313655843	0.9313650131225586	medium	medium
G_r052_chimera_10pct	52	17	chimera	0.1	10.0	rc0.5	RS_GCF_001887775.1	Desulfobacterota	Bacteria	medium	70.89159473028947	0.0	70.89159473028947	0.0	3218469	20	2281624	19	2281624	0.1		0	0	0	1	True	75.15088653564453	0.9305734038352966	deepcheck	4.259291805355062	0.9305734038352966	4.259291805355062	0.9305734038352966	medium	medium
G_r052_chimera_20pct	52	18	chimera	0.2	20.0	rc0.5	RS_GCF_001887775.1	Desulfobacterota	Bacteria	medium	70.89159473028947	0.0	70.89159473028947	0.0	3218469	20	2281624	18	2281624	0.2		0	0	0	2	True	75.15271759033203	0.9316291809082032	deepcheck	4.261122860042562	0.9316291809082032	4.261122860042562	0.9316291809082032	medium	medium
G_r052_chimera_40pct	52	19	chimera	0.4	40.0	rc0.5	RS_GCF_001887775.1	Desulfobacterota	Bacteria	medium	70.89159473028947	0.0	70.89159473028947	0.0	3218469	20	2281624	16	2281624	0.4		0	0	0	4	True	75.19587707519531	0.9002692699432373	deepcheck	4.304282344905843	0.9002692699432373	4.304282344905843	0.9002692699432373	medium	medium
G_r052_uneven_coverage_5pct	52	20	uneven_coverage	0.05	5.0	lognormal_sigma1.0	RS_GCF_001887775.1	Desulfobacterota	Bacteria	medium	70.89159473028947	0.0	70.89159473028947	3.54457352237974	3218469	20	2281624	21	2395705	0.049999912343138		114081	0	0	0	True	75.39911651611328	4.766109943389893	deepcheck	4.507521785823812	4.766109943389893	4.507521785823812	4.766109943389893	medium	medium
G_r052_uneven_coverage_10pct	52	21	uneven_coverage	0.1	10.0	lognormal_sigma1.0	RS_GCF_001887775.1	Desulfobacterota	Bacteria	medium	70.89159473028947	0.0	70.89159473028947	7.08914704475948	3218469	20	2281624	25	2509786	0.099999824686276		228162	0	0	0	True	74.47100067138672	9.934730529785156	deepcheck	3.5794059410972494	9.934730529785156	3.5794059410972494	9.934730529785156	medium	medium
G_r052_uneven_coverage_20pct	52	22	uneven_coverage	0.2	20.0	lognormal_sigma1.0	RS_GCF_001887775.1	Desulfobacterota	Bacteria	medium	70.89159473028947	0.0	70.89159473028947	14.178325160192626	3218469	20	2281624	25	2737949	0.2000000876568619		456325	0	0	0	True	75.821044921875	15.710288047790527	deepcheck	4.929450191585531	15.710288047790527	4.929450191585531	15.710288047790527	low	medium
G_r052_uneven_coverage_40pct	52	23	uneven_coverage	0.4	40.0	lognormal_sigma1.0	RS_GCF_001887775.1	Desulfobacterota	Bacteria	medium	70.89159473028947	0.0	70.89159473028947	28.356650320385253	3218469	20	2281624	31	3194274	0.4000001753137239		912650	0	0	0	True	74.55895233154297	30.31138229370117	deepcheck	3.6673576012534994	30.31138229370117	3.6673576012534994	30.31138229370117	low	medium
G_r053_none_control	53	0	none	0.0	0.0	control	RS_GCF_002214485.1	Methanobacteriota_B	Archaea	high	100.0	1.999974239404415	100.0	1.999974239404415	1785673	3	1821386	3	1821386	0.0		0	0	0	0	True	99.30775451660156	-0.3971777856349945	deepcheck	-0.6922454833984375	-2.39715202503941	0.6922454833984375	2.39715202503941	high	high
G_r053_substitution_0p1pct	53	1	substitution	0.001	0.1	uniform	RS_GCF_002214485.1	Methanobacteriota_B	Archaea	high	100.0	1.999974239404415	100.0	1.999974239404415	1785673	3	1821386	3	1821386	0.0010124158196011	0.0089640838741259	0	1844	0	0	True	98.06317901611328	-0.3236077725887298	deepcheck	-1.9368209838867188	-2.3235820119931447	1.9368209838867188	2.3235820119931447	high	high
G_r053_substitution_0p5pct	53	2	substitution	0.005	0.5	uniform	RS_GCF_002214485.1	Methanobacteriota_B	Archaea	high	100.0	1.999974239404415	100.0	1.999974239404415	1785673	3	1821386	3	1821386	0.0050456081248016	0.0441104216424403	0	9190	0	0	True	91.5629425048828	-0.0285722315311431	deepcheck	-8.437057495117202	-2.028546470935558	8.437057495117202	2.028546470935558	high	high
G_r053_substitution_1pct	53	3	substitution	0.01	1.0	uniform	RS_GCF_002214485.1	Methanobacteriota_B	Archaea	high	100.0	1.999974239404415	100.0	1.999974239404415	1785673	3	1821386	3	1821386	0.0098683090789102	0.0864827525163591	0	17974	0	0	True	87.5268783569336	0.0220328569412231	deepcheck	-12.473121643066406	-1.977941382463192	12.473121643066406	1.977941382463192	medium	high
G_r053_substitution_2pct	53	4	substitution	0.02	2.0	uniform	RS_GCF_002214485.1	Methanobacteriota_B	Archaea	high	100.0	1.999974239404415	100.0	1.999974239404415	1785673	3	1821386	3	1821386	0.0202735718842683	0.1662522378698502	0	36926	0	0	True	75.66691589355469	1.9484267234802248	deepcheck	-24.333084106445312	-0.05154751592419027	24.333084106445312	0.05154751592419027	medium	high
G_r053_substitution_5pct	53	5	substitution	0.05	5.0	uniform	RS_GCF_002214485.1	Methanobacteriota_B	Archaea	high	100.0	1.999974239404415	100.0	1.999974239404415	1785673	3	1821386	3	1821386	0.0499965410956271	0.3697505902753909	0	91063	0	0	True	48.81147003173828	4.426315784454346	deepcheck	-51.18852996826172	2.4263415450499304	51.18852996826172	2.4263415450499304	low	high
G_r053_substitution_titv_0p1pct	53	6	substitution_titv	0.001	0.1	titv_2	RS_GCF_002214485.1	Methanobacteriota_B	Archaea	high	100.0	1.999974239404415	100.0	1.999974239404415	1785673	3	1821386	3	1821386	0.001003631300559	0.0089640838741259	0	1828	0	0	True	98.53410339355467	-0.2504780888557434	deepcheck	-1.4658966064453267	-2.2504523282601587	1.4658966064453267	2.2504523282601587	high	high
G_r053_substitution_titv_0p5pct	53	7	substitution_titv	0.005	0.5	titv_2	RS_GCF_002214485.1	Methanobacteriota_B	Archaea	high	100.0	1.999974239404415	100.0	1.999974239404415	1785673	3	1821386	3	1821386	0.005013764243274	0.0441104216424403	0	9132	0	0	True	96.1659164428711	1.097037672996521	deepcheck	-3.8340835571289062	-0.9029365664078941	3.8340835571289062	0.9029365664078941	high	high
G_r053_substitution_titv_1pct	53	8	substitution_titv	0.01	1.0	titv_2	RS_GCF_002214485.1	Methanobacteriota_B	Archaea	high	100.0	1.999974239404415	100.0	1.999974239404415	1785673	3	1821386	3	1821386	0.0100500388165935	0.0864827525163591	0	18305	0	0	True	87.4872055053711	2.018746852874756	deepcheck	-12.512794494628906	0.01877261347034076	12.512794494628906	0.01877261347034076	medium	high
G_r053_substitution_titv_2pct	53	9	substitution_titv	0.02	2.0	titv_2	RS_GCF_002214485.1	Methanobacteriota_B	Archaea	high	100.0	1.999974239404415	100.0	1.999974239404415	1785673	3	1821386	3	1821386	0.0198030510830762	0.1662522378698502	0	36069	0	0	True	77.95781707763672	-0.2511836588382721	deepcheck	-22.04218292236328	-2.2511578982426874	22.04218292236328	2.2511578982426874	medium	high
G_r053_substitution_titv_5pct	53	10	substitution_titv	0.05	5.0	titv_2	RS_GCF_002214485.1	Methanobacteriota_B	Archaea	high	100.0	1.999974239404415	100.0	1.999974239404415	1785673	3	1821386	3	1821386	0.0500865824158086	0.3697505902753909	0	91227	0	0	True	61.40680313110352	4.904535293579102	deepcheck	-38.59319686889648	2.9045610541746862	38.59319686889648	2.9045610541746862	medium	high
G_r053_indel_0p1pct	53	11	indel	0.001	0.1	ins0.5_geom0.75	RS_GCF_002214485.1	Methanobacteriota_B	Archaea	high	100.0	1.999974239404415	100.00214122651651	1.999974239404415	1785673	3	1821386	3	1821425	0.0009866112949149		0	0	1797	0	True	71.74613189697266	5.5253520011901855	deepcheck	-28.253868103027344	3.5253777617857702	28.253868103027344	3.5253777617857702	medium	high
G_r053_indel_0p5pct	53	12	indel	0.005	0.5	ins0.5_geom0.75	RS_GCF_002214485.1	Methanobacteriota_B	Archaea	high	100.0	1.999974239404415	99.99148999717796	1.999974239404415	1785673	3	1821386	3	1821231	0.0049467822855781		0	0	9010	0	True	28.505390167236328	5.873447418212891	deepcheck	-71.49460983276367	3.8734731788084753	71.49460983276367	3.8734731788084753	low	high
G_r053_indel_1pct	53	13	indel	0.01	1.0	ins0.5_geom0.75	RS_GCF_002214485.1	Methanobacteriota_B	Archaea	high	100.0	1.999974239404415	100.0315144620635	1.999974239404415	1785673	3	1821386	3	1821960	0.0099918413779396		0	0	18199	0	True	32.7332763671875	14.559308052062988	deepcheck	-67.2667236328125	12.559333812658574	67.2667236328125	12.559333812658574	low	high
G_r053_indel_2pct	53	14	indel	0.02	2.0	ins0.5_geom0.75	RS_GCF_002214485.1	Methanobacteriota_B	Archaea	high	100.0	1.999974239404415	99.9797407029592	1.999974239404415	1785673	3	1821386	3	1821017	0.0199946634046819		0	0	36418	0	True	18.350759506225582	4.453083515167236	deepcheck	-81.64924049377441	2.453109275762821	81.64924049377441	2.453109275762821	low	high
G_r053_indel_5pct	53	15	indel	0.05	5.0	ins0.5_geom0.75	RS_GCF_002214485.1	Methanobacteriota_B	Archaea	high	100.0	1.999974239404415	99.99385083667056	1.999974239404415	1785673	3	1821386	3	1821274	0.0498944210617628		0	0	90877	0	True	49.860008239746094	20.223913192749023	deepcheck	-50.139991760253906	18.223938953344607	50.139991760253906	18.223938953344607	low	high
G_r053_chimera_5pct	53	16	chimera	0.05	5.0	rc0.5	RS_GCF_002214485.1	Methanobacteriota_B	Archaea	high	100.0	1.999974239404415	100.0	1.999974239404415	1785673	3	1821386	3	1821386	0.0		0	0	0	0	True	99.30775451660156	-0.3971777856349945	deepcheck	-0.6922454833984375	-2.39715202503941	0.6922454833984375	2.39715202503941	high	high
G_r053_chimera_10pct	53	17	chimera	0.1	10.0	rc0.5	RS_GCF_002214485.1	Methanobacteriota_B	Archaea	high	100.0	1.999974239404415	100.0	1.999974239404415	1785673	3	1821386	3	1821386	0.0		0	0	0	0	True	99.30775451660156	-0.3971777856349945	deepcheck	-0.6922454833984375	-2.39715202503941	0.6922454833984375	2.39715202503941	high	high
G_r053_chimera_20pct	53	18	chimera	0.2	20.0	rc0.5	RS_GCF_002214485.1	Methanobacteriota_B	Archaea	high	100.0	1.999974239404415	100.0	1.999974239404415	1785673	3	1821386	3	1821386	0.0		0	0	0	0	True	99.30775451660156	-0.3971777856349945	deepcheck	-0.6922454833984375	-2.39715202503941	0.6922454833984375	2.39715202503941	high	high
G_r053_chimera_40pct	53	19	chimera	0.4	40.0	rc0.5	RS_GCF_002214485.1	Methanobacteriota_B	Archaea	high	100.0	1.999974239404415	100.0	1.999974239404415	1785673	3	1821386	3	1821386	0.0		0	0	0	0	True	99.30775451660156	-0.3971777856349945	deepcheck	-0.6922454833984375	-2.39715202503941	0.6922454833984375	2.39715202503941	high	high
G_r053_uneven_coverage_5pct	53	20	uneven_coverage	0.05	5.0	lognormal_sigma1.0	RS_GCF_002214485.1	Methanobacteriota_B	Archaea	high	100.0	1.999974239404415	100.0	7.099956150986211	1785673	3	1821386	4	1912455	0.0499998352902679		91069	0	0	0	True	99.41213989257812	7.136902332305908	deepcheck	-0.587860107421875	5.136928092901493	0.587860107421875	5.136928092901493	medium	high
G_r053_uneven_coverage_10pct	53	21	uneven_coverage	0.1	10.0	lognormal_sigma1.0	RS_GCF_002214485.1	Methanobacteriota_B	Archaea	high	100.0	1.999974239404415	100.0	12.199994063862755	1785673	3	1821386	4	2003525	0.100000219612976		182139	0	0	0	True	99.09041595458984	8.147669792175293	deepcheck	-0.9095840454101562	6.147695552770878	0.9095840454101562	6.147695552770878	medium	high
G_r053_uneven_coverage_20pct	53	22	uneven_coverage	0.2	20.0	lognormal_sigma1.0	RS_GCF_002214485.1	Methanobacteriota_B	Archaea	high	100.0	1.999974239404415	100.0	22.39995788702635	1785673	3	1821386	4	2185663	0.1999998901935119		364277	0	0	0	True	98.79452514648438	14.866209030151367	deepcheck	-1.205474853515625	12.866234790746953	1.205474853515625	12.866234790746953	low	high
G_r053_uneven_coverage_40pct	53	23	uneven_coverage	0.4	40.0	lognormal_sigma1.0	RS_GCF_002214485.1	Methanobacteriota_B	Archaea	high	100.0	1.999974239404415	100.0	42.79994153464828	1785673	3	1821386	4	2549940	0.3999997803870239		728554	0	0	0	True	97.6309814453125	30.305593490600582	deepcheck	-2.3690185546875	28.305619251196166	2.3690185546875	28.305619251196166	low	high
G_r054_none_control	54	0	none	0.0	0.0	control	GB_GCA_951813605.1	Acidobacteriota	Bacteria	high	62.63230959325284	9.999988683369905	62.63230959325284	9.999988683369905	6185587	9	4492734	9	4492734	0.0		0	0	0	0	True	74.42623901367188	4.9303812980651855	deepcheck	11.793929420419033	-5.069607385304719	11.793929420419033	5.069607385304719	medium	medium
G_r054_substitution_0p1pct	54	1	substitution	0.001	0.1	uniform	GB_GCA_951813605.1	Acidobacteriota	Bacteria	high	62.63230959325284	9.999988683369905	62.63230959325284	9.999988683369905	6185587	9	4492734	9	4492734	0.0010214270419748	0.0089640838741259	0	4589	0	0	True	73.22203826904297	4.941636085510254	deepcheck	10.589728675790127	-5.058352597859651	10.589728675790127	5.058352597859651	medium	medium
G_r054_substitution_0p5pct	54	2	substitution	0.005	0.5	uniform	GB_GCA_951813605.1	Acidobacteriota	Bacteria	high	62.63230959325284	9.999988683369905	62.63230959325284	9.999988683369905	6185587	9	4492734	9	4492734	0.0049871637181279	0.0441104216424403	0	22406	0	0	True	72.58489990234375	4.9248480796813965	deepcheck	9.952590309090908	-5.075140603688508	9.952590309090908	5.075140603688508	medium	medium
G_r054_substitution_1pct	54	3	substitution	0.01	1.0	uniform	GB_GCA_951813605.1	Acidobacteriota	Bacteria	high	62.63230959325284	9.999988683369905	62.63230959325284	9.999988683369905	6185587	9	4492734	9	4492734	0.0099585241414247	0.0864827525163591	0	44741	0	0	True	68.85664367675781	4.663080215454102	deepcheck	6.224334083504971	-5.336908467915803	6.224334083504971	5.336908467915803	medium	medium
G_r054_substitution_2pct	54	4	substitution	0.02	2.0	uniform	GB_GCA_951813605.1	Acidobacteriota	Bacteria	high	62.63230959325284	9.999988683369905	62.63230959325284	9.999988683369905	6185587	9	4492734	9	4492734	0.0200768618840999	0.1662522378698502	0	90200	0	0	True	64.05828857421875	5.019106864929199	deepcheck	1.4259789809659082	-4.9808818184407055	1.4259789809659082	4.9808818184407055	medium	medium
G_r054_substitution_5pct	54	5	substitution	0.05	5.0	uniform	GB_GCA_951813605.1	Acidobacteriota	Bacteria	high	62.63230959325284	9.999988683369905	62.63230959325284	9.999988683369905	6185587	9	4492734	9	4492734	0.0501002285022883	0.3697505902753909	0	225087	0	0	True	52.09650421142578	4.828771591186523	deepcheck	-10.53580538182706	-5.171217092183381	10.53580538182706	5.171217092183381	medium	medium
G_r054_substitution_titv_0p1pct	54	6	substitution_titv	0.001	0.1	titv_2	GB_GCA_951813605.1	Acidobacteriota	Bacteria	high	62.63230959325284	9.999988683369905	62.63230959325284	9.999988683369905	6185587	9	4492734	9	4492734	0.000994717247894	0.0089640838741259	0	4469	0	0	True	74.36260223388672	5.07515287399292	deepcheck	11.730292640633877	-4.924835809376985	11.730292640633877	4.924835809376985	medium	medium
G_r054_substitution_titv_0p5pct	54	7	substitution_titv	0.005	0.5	titv_2	GB_GCA_951813605.1	Acidobacteriota	Bacteria	high	62.63230959325284	9.999988683369905	62.63230959325284	9.999988683369905	6185587	9	4492734	9	4492734	0.0049677991174193	0.0441104216424403	0	22319	0	0	True	70.25599670410156	4.925001621246338	deepcheck	7.623687110848721	-5.074987062123567	7.623687110848721	5.074987062123567	medium	medium
G_r054_substitution_titv_1pct	54	8	substitution_titv	0.01	1.0	titv_2	GB_GCA_951813605.1	Acidobacteriota	Bacteria	high	62.63230959325284	9.999988683369905	62.63230959325284	9.999988683369905	6185587	9	4492734	9	4492734	0.0100328664016164	0.0864827525163591	0	45075	0	0	True	69.82847595214844	4.06429386138916	deepcheck	7.196166358895596	-5.935694821980745	7.196166358895596	5.935694821980745	medium	medium
G_r054_substitution_titv_2pct	54	9	substitution_titv	0.02	2.0	titv_2	GB_GCA_951813605.1	Acidobacteriota	Bacteria	high	62.63230959325284	9.999988683369905	62.63230959325284	9.999988683369905	6185587	9	4492734	9	4492734	0.0199778130643835	0.1662522378698502	0	89755	0	0	True	64.71138763427734	4.946840763092041	deepcheck	2.079078041024502	-5.053147920277864	2.079078041024502	5.053147920277864	medium	medium
G_r054_substitution_titv_5pct	54	10	substitution_titv	0.05	5.0	titv_2	GB_GCA_951813605.1	Acidobacteriota	Bacteria	high	62.63230959325284	9.999988683369905	62.63230959325284	9.999988683369905	6185587	9	4492734	9	4492734	0.0499439762069154	0.3697505902753909	0	224385	0	0	True	53.790504455566406	2.741386651992798	deepcheck	-8.841805137686436	-7.258602031377107	8.841805137686436	7.258602031377107	medium	medium
G_r054_indel_0p1pct	54	11	indel	0.001	0.1	ins0.5_geom0.75	GB_GCA_951813605.1	Acidobacteriota	Bacteria	high	62.63230959325284	9.999988683369905	62.63317392290038	9.999988683369905	6185587	9	4492734	9	4492796	0.0010031753493529		0	0	4507	0	True	57.220924377441406	4.960698127746582	deepcheck	-5.4113852158114355	-5.039290555623323	5.4113852158114355	5.039290555623323	medium	medium
G_r054_indel_0p5pct	54	12	indel	0.005	0.5	ins0.5_geom0.75	GB_GCA_951813605.1	Acidobacteriota	Bacteria	high	62.63230959325284	9.999988683369905	62.63263023167048	9.999988683369905	6185587	9	4492734	9	4492757	0.0050038573394285		0	0	22481	0	True	40.275821685791016	3.9959359169006343	deepcheck	-22.356487907461826	-6.00405276646927	22.356487907461826	6.00405276646927	low	medium
G_r054_indel_1pct	54	13	indel	0.01	1.0	ins0.5_geom0.75	GB_GCA_951813605.1	Acidobacteriota	Bacteria	high	62.63230959325284	9.999988683369905	62.634010370946406	9.999988683369905	6185587	9	4492734	9	4492856	0.0100486696964476		0	0	45146	0	True	24.625675201416016	1.0820720195770264	deepcheck	-38.006634391836826	-8.917916663792878	38.006634391836826	8.917916663792878	low	medium
G_r054_indel_2pct	54	14	indel	0.02	2.0	ins0.5_geom0.75	GB_GCA_951813605.1	Acidobacteriota	Bacteria	high	62.63230959325284	9.999988683369905	62.62814129382349	9.999988683369905	6185587	9	4492734	9	4492435	0.0200025196239082		0	0	89866	0	True	32.71846008300781	10.069358825683594	deepcheck	-29.91384951024503	0.06937014231368899	29.91384951024503	0.06937014231368899	low	medium
G_r054_indel_5pct	54	15	indel	0.05	5.0	ins0.5_geom0.75	GB_GCA_951813605.1	Acidobacteriota	Bacteria	high	62.63230959325284	9.999988683369905	62.61401926264649	9.999988683369905	6185587	9	4492734	9	4491422	0.0501204834294663		0	0	225178	0	True	61.61075210571289	27.126893997192383	deepcheck	-1.0215574875399511	17.126905313822476	1.0215574875399511	17.126905313822476	low	medium
G_r054_chimera_5pct	54	16	chimera	0.05	5.0	rc0.5	GB_GCA_951813605.1	Acidobacteriota	Bacteria	high	62.63230959325284	9.999988683369905	62.63230959325284	9.999988683369905	6185587	9	4492734	9	4492734	0.0		0	0	0	0	True	74.42623901367188	4.9303812980651855	deepcheck	11.793929420419033	-5.069607385304719	11.793929420419033	5.069607385304719	medium	medium
G_r054_chimera_10pct	54	17	chimera	0.1	10.0	rc0.5	GB_GCA_951813605.1	Acidobacteriota	Bacteria	high	62.63230959325284	9.999988683369905	62.63230959325284	9.999988683369905	6185587	9	4492734	9	4492734	0.0		0	0	0	0	True	74.42623901367188	4.9303812980651855	deepcheck	11.793929420419033	-5.069607385304719	11.793929420419033	5.069607385304719	medium	medium
G_r054_chimera_20pct	54	18	chimera	0.2	20.0	rc0.5	GB_GCA_951813605.1	Acidobacteriota	Bacteria	high	62.63230959325284	9.999988683369905	62.63230959325284	9.999988683369905	6185587	9	4492734	8	4492734	0.2222222222222222		0	0	0	1	True	74.42671966552734	4.930373191833496	deepcheck	11.794410072274502	-5.069615491536409	11.794410072274502	5.069615491536409	medium	medium
G_r054_chimera_40pct	54	19	chimera	0.4	40.0	rc0.5	GB_GCA_951813605.1	Acidobacteriota	Bacteria	high	62.63230959325284	9.999988683369905	62.63230959325284	9.999988683369905	6185587	9	4492734	7	4492734	0.4444444444444444		0	0	0	2	True	74.42850494384766	4.930286884307861	deepcheck	11.796195350594814	-5.069701799062043	11.796195350594814	5.069701799062043	medium	medium
G_r054_uneven_coverage_5pct	54	20	uneven_coverage	0.05	5.0	lognormal_sigma1.0	GB_GCA_951813605.1	Acidobacteriota	Bacteria	high	62.63230959325284	9.999988683369905	62.63230959325284	13.631608447185368	6185587	9	4492734	10	4717371	0.0500000667744852		224637	0	0	0	True	74.5281753540039	7.841629028320312	deepcheck	11.895865760751064	-2.158359655049593	11.895865760751064	2.158359655049593	medium	medium
G_r054_uneven_coverage_10pct	54	21	uneven_coverage	0.1	10.0	lognormal_sigma1.0	GB_GCA_951813605.1	Acidobacteriota	Bacteria	high	62.63230959325284	9.999988683369905	62.63230959325284	17.26321204438641	6185587	9	4492734	12	4942007	0.099999910967353		449273	0	0	0	True	73.69568634033203	11.668935775756836	deepcheck	11.06337674707919	1.6689470923869312	11.06337674707919	1.6689470923869312	low	medium
G_r054_uneven_coverage_20pct	54	22	uneven_coverage	0.2	20.0	lognormal_sigma1.0	GB_GCA_951813605.1	Acidobacteriota	Bacteria	high	62.63230959325284	9.999988683369905	62.63230959325284	24.526451572017336	6185587	9	4492734	11	5391281	0.2000000445163234		898547	0	0	0	True	75.17142486572266	17.656208038330078	deepcheck	12.539115272469814	7.656219354960173	12.539115272469814	7.656219354960173	low	medium
G_r054_uneven_coverage_40pct	54	23	uneven_coverage	0.4	40.0	lognormal_sigma1.0	GB_GCA_951813605.1	Acidobacteriota	Bacteria	high	62.63230959325284	9.999988683369905	62.63230959325284	39.052914460664766	6185587	9	4492734	15	6289828	0.4000000890326469		1797094	0	0	0	True	75.30485534667969	29.32017135620117	deepcheck	12.672545753426846	19.320182672831265	12.672545753426846	19.320182672831265	low	medium
G_r055_none_control	55	0	none	0.0	0.0	control	RS_GCF_000023445.1	Desulfobacterota_I	Bacteria	high	86.54753887492957	19.99999067565813	86.54753887492957	19.99999067565813	4289847	8	4570726	8	4570726	0.0		0	0	0	0	True	98.45967864990234	10.058316230773926	deepcheck	11.912139774972772	-9.941674444884203	11.912139774972772	9.941674444884203	low	low
G_r055_substitution_0p1pct	55	1	substitution	0.001	0.1	uniform	RS_GCF_000023445.1	Desulfobacterota_I	Bacteria	high	86.54753887492957	19.99999067565813	86.54753887492957	19.99999067565813	4289847	8	4570726	8	4570726	0.0009836511748899	0.0089640838741259	0	4496	0	0	True	98.65242767333984	10.258193016052246	deepcheck	12.104888798410272	-9.741797659605883	12.104888798410272	9.741797659605883	low	low
G_r055_substitution_0p5pct	55	2	substitution	0.005	0.5	uniform	RS_GCF_000023445.1	Desulfobacterota_I	Bacteria	high	86.54753887492957	19.99999067565813	86.54753887492957	19.99999067565813	4289847	8	4570726	8	4570726	0.0049867351488581	0.0441104216424403	0	22793	0	0	True	94.9766616821289	9.60088348388672	deepcheck	8.429122807199334	-10.399107191771408	8.429122807199334	10.399107191771408	medium	low
G_r055_substitution_1pct	55	3	substitution	0.01	1.0	uniform	RS_GCF_000023445.1	Desulfobacterota_I	Bacteria	high	86.54753887492957	19.99999067565813	86.54753887492957	19.99999067565813	4289847	8	4570726	8	4570726	0.0100356048470199	0.0864827525163591	0	45870	0	0	True	94.6706771850586	13.19448947906494	deepcheck	8.123138310129022	-6.805501196593189	8.123138310129022	6.805501196593189	low	low
G_r055_substitution_2pct	55	4	substitution	0.02	2.0	uniform	RS_GCF_000023445.1	Desulfobacterota_I	Bacteria	high	86.54753887492957	19.99999067565813	86.54753887492957	19.99999067565813	4289847	8	4570726	8	4570726	0.0199561295076537	0.1662522378698502	0	91214	0	0	True	85.05677032470703	9.826491355895996	deepcheck	-1.4907685502225405	-10.173499319762133	1.4907685502225405	10.173499319762133	medium	low
G_r055_substitution_5pct	55	5	substitution	0.05	5.0	uniform	RS_GCF_000023445.1	Desulfobacterota_I	Bacteria	high	86.54753887492957	19.99999067565813	86.54753887492957	19.99999067565813	4289847	8	4570726	8	4570726	0.0498861668802724	0.3697505902753909	0	228016	0	0	True	63.81092071533203	7.676212310791016	deepcheck	-22.73661815959754	-12.323778364867113	22.73661815959754	12.323778364867113	medium	low
G_r055_substitution_titv_0p1pct	55	6	substitution_titv	0.001	0.1	titv_2	RS_GCF_000023445.1	Desulfobacterota_I	Bacteria	high	86.54753887492957	19.99999067565813	86.54753887492957	19.99999067565813	4289847	8	4570726	8	4570726	0.0009930588707351	0.0089640838741259	0	4539	0	0	True	97.82804870605467	10.12855052947998	deepcheck	11.280509831125102	-9.871440146178148	11.280509831125102	9.871440146178148	low	low
G_r055_substitution_titv_0p5pct	55	7	substitution_titv	0.005	0.5	titv_2	RS_GCF_000023445.1	Desulfobacterota_I	Bacteria	high	86.54753887492957	19.99999067565813	86.54753887492957	19.99999067565813	4289847	8	4570726	8	4570726	0.0049663882717975	0.0441104216424403	0	22700	0	0	True	95.71809387207033	9.870588302612305	deepcheck	9.170554997140755	-10.129402373045824	9.170554997140755	10.129402373045824	medium	low
G_r055_substitution_titv_1pct	55	8	substitution_titv	0.01	1.0	titv_2	RS_GCF_000023445.1	Desulfobacterota_I	Bacteria	high	86.54753887492957	19.99999067565813	86.54753887492957	19.99999067565813	4289847	8	4570726	8	4570726	0.009978939888324	0.0864827525163591	0	45611	0	0	True	91.19781494140624	11.154715538024902	deepcheck	4.650276066476664	-8.845275137633227	4.650276066476664	8.845275137633227	low	low
G_r055_substitution_titv_2pct	55	9	substitution_titv	0.02	2.0	titv_2	RS_GCF_000023445.1	Desulfobacterota_I	Bacteria	high	86.54753887492957	19.99999067565813	86.54753887492957	19.99999067565813	4289847	8	4570726	8	4570726	0.0200079812266147	0.1662522378698502	0	91451	0	0	True	88.22528839111328	10.990260124206545	deepcheck	1.6777495161837095	-9.009730551451584	1.6777495161837095	9.009730551451584	low	low
G_r055_substitution_titv_5pct	55	10	substitution_titv	0.05	5.0	titv_2	RS_GCF_000023445.1	Desulfobacterota_I	Bacteria	high	86.54753887492957	19.99999067565813	86.54753887492957	19.99999067565813	4289847	8	4570726	8	4570726	0.0500662258030781	0.3697505902753909	0	228839	0	0	True	72.83450317382812	9.869215965270996	deepcheck	-13.713035701101447	-10.130774710387133	13.713035701101447	10.130774710387133	medium	low
G_r055_indel_0p1pct	55	11	indel	0.001	0.1	ins0.5_geom0.75	RS_GCF_000023445.1	Desulfobacterota_I	Bacteria	high	86.54753887492957	19.99999067565813	86.54984896740564	19.99999067565813	4289847	8	4570726	8	4570848	0.0010236885781383		0	0	4679	0	True	80.93604278564453	9.643430709838867	deepcheck	-5.6114960892850405	-10.356559965819262	5.6114960892850405	10.356559965819262	medium	low
G_r055_indel_0p5pct	55	12	indel	0.005	0.5	ins0.5_geom0.75	RS_GCF_000023445.1	Desulfobacterota_I	Bacteria	high	86.54753887492957	19.99999067565813	86.54608086574387	19.99999067565813	4289847	8	4570726	8	4570649	0.0050252410667364		0	0	22969	0	True	39.83745193481445	4.941049098968506	deepcheck	-46.71008694011512	-15.058941576689623	46.71008694011512	15.058941576689623	low	low
G_r055_indel_1pct	55	13	indel	0.01	1.0	ins0.5_geom0.75	RS_GCF_000023445.1	Desulfobacterota_I	Bacteria	high	86.54753887492957	19.99999067565813	86.54142281042327	19.99999067565813	4289847	8	4570726	8	4570403	0.0100369175487657		0	0	45876	0	True	34.02141189575195	2.931548595428467	deepcheck	-52.52612697917762	-17.068442080229662	52.52612697917762	17.068442080229662	low	low
G_r055_indel_2pct	55	14	indel	0.02	2.0	ins0.5_geom0.75	RS_GCF_000023445.1	Desulfobacterota_I	Bacteria	high	86.54753887492957	19.99999067565813	86.54303230108283	19.99999067565813	4289847	8	4570726	8	4570488	0.0200970261617082		0	0	91858	0	True	24.614126205444336	9.895585060119627	deepcheck	-61.933412669485236	-10.104405615538502	61.933412669485236	10.104405615538502	low	low
G_r055_indel_5pct	55	15	indel	0.05	5.0	ins0.5_geom0.75	RS_GCF_000023445.1	Desulfobacterota_I	Bacteria	high	86.54753887492957	19.99999067565813	86.57724817898647	19.99999067565813	4289847	8	4570726	8	4572295	0.0501034190192105		0	0	229009	0	True	40.63882827758789	25.561443328857425	deepcheck	-45.90871059734168	5.5614526531992965	45.90871059734168	5.5614526531992965	low	low
G_r055_chimera_5pct	55	16	chimera	0.05	5.0	rc0.5	RS_GCF_000023445.1	Desulfobacterota_I	Bacteria	high	86.54753887492957	19.99999067565813	86.54753887492957	19.99999067565813	4289847	8	4570726	8	4570726	0.0		0	0	0	0	True	98.45967864990234	10.058316230773926	deepcheck	11.912139774972772	-9.941674444884203	11.912139774972772	9.941674444884203	low	low
G_r055_chimera_10pct	55	17	chimera	0.1	10.0	rc0.5	RS_GCF_000023445.1	Desulfobacterota_I	Bacteria	high	86.54753887492957	19.99999067565813	86.54753887492957	19.99999067565813	4289847	8	4570726	7	4570726	0.25		0	0	0	1	True	98.46002197265624	10.05821418762207	deepcheck	11.912483097726664	-9.941776488036059	11.912483097726664	9.941776488036059	low	low
G_r055_chimera_20pct	55	18	chimera	0.2	20.0	rc0.5	RS_GCF_000023445.1	Desulfobacterota_I	Bacteria	high	86.54753887492957	19.99999067565813	86.54753887492957	19.99999067565813	4289847	8	4570726	7	4570726	0.25		0	0	0	1	True	98.46027374267578	10.058131217956545	deepcheck	11.91273486774621	-9.941859457701584	11.91273486774621	9.941859457701584	low	low
G_r055_chimera_40pct	55	19	chimera	0.4	40.0	rc0.5	RS_GCF_000023445.1	Desulfobacterota_I	Bacteria	high	86.54753887492957	19.99999067565813	86.54753887492957	19.99999067565813	4289847	8	4570726	6	4570726	0.5		0	0	0	2	True	98.45983123779295	10.058274269104004	deepcheck	11.912292362863383	-9.941716406554125	11.912292362863383	9.941716406554125	low	low
G_r055_uneven_coverage_5pct	55	20	uneven_coverage	0.05	5.0	lognormal_sigma1.0	RS_GCF_000023445.1	Desulfobacterota_I	Bacteria	high	86.54753887492957	19.99999067565813	86.54753887492957	25.32736015993111	4289847	8	4570726	10	4799262	0.0499999343649127		228536	0	0	0	True	97.99258422851562	14.80222225189209	deepcheck	11.445045353586053	-5.197768423766039	11.445045353586053	5.197768423766039	low	low
G_r055_uneven_coverage_10pct	55	21	uneven_coverage	0.1	10.0	lognormal_sigma1.0	RS_GCF_000023445.1	Desulfobacterota_I	Bacteria	high	86.54753887492957	19.99999067565813	86.54753887492957	30.65475295505877	4289847	8	4570726	10	5027799	0.1000000875134497		457073	0	0	0	True	98.62301635742188	23.846296310424805	deepcheck	12.075477482492303	3.8463056347666758	12.075477482492303	3.8463056347666758	low	low
G_r055_uneven_coverage_20pct	55	22	uneven_coverage	0.2	20.0	lognormal_sigma1.0	RS_GCF_000023445.1	Desulfobacterota_I	Bacteria	high	86.54753887492957	19.99999067565813	86.54753887492957	41.30949192360473	4289847	8	4570726	10	5484871	0.1999999562432751		914145	0	0	0	True	99.38609313964844	30.37641143798828	deepcheck	12.838554264718866	10.376420762330152	12.838554264718866	10.376420762330152	low	low
G_r055_uneven_coverage_40pct	55	23	uneven_coverage	0.4	40.0	lognormal_sigma1.0	RS_GCF_000023445.1	Desulfobacterota_I	Bacteria	high	86.54753887492957	19.99999067565813	86.54753887492957	62.61899317155134	4289847	8	4570726	13	6399016	0.3999999124865502		1828290	0	0	0	True	98.2397003173828	88.79850769042969	deepcheck	11.692161442453227	68.79851701477156	11.692161442453227	68.79851701477156	low	low
G_r056_none_control	56	0	none	0.0	0.0	control	RS_GCF_000018605.1	Thermotogota	Bacteria	highly_fragmented	89.2611272025325	19.999972344469903	89.2611272025325	19.999972344469903	2169548	88	2370472	88	2370472	0.0		0	0	0	0	True	86.55001831054688	2.9480152130126958	deepcheck	-2.7111088919856314	-17.051957131457208	2.7111088919856314	17.051957131457208	medium	low
G_r056_substitution_0p1pct	56	1	substitution	0.001	0.1	uniform	RS_GCF_000018605.1	Thermotogota	Bacteria	highly_fragmented	89.2611272025325	19.999972344469903	89.2611272025325	19.999972344469903	2169548	88	2370472	88	2370472	0.001007394307969	0.0089640838741259	0	2388	0	0	True	86.11871337890625	2.731374740600586	deepcheck	-3.1424138236262564	-17.268597603869317	3.1424138236262564	17.268597603869317	medium	low
G_r056_substitution_0p5pct	56	2	substitution	0.005	0.5	uniform	RS_GCF_000018605.1	Thermotogota	Bacteria	highly_fragmented	89.2611272025325	19.999972344469903	89.2611272025325	19.999972344469903	2169548	88	2370472	88	2370472	0.0050483616764931	0.0441104216424403	0	11967	0	0	True	86.26976776123047	4.5615010261535645	deepcheck	-2.9913594413020377	-15.438471318316338	2.9913594413020377	15.438471318316338	medium	low
G_r056_substitution_1pct	56	3	substitution	0.01	1.0	uniform	RS_GCF_000018605.1	Thermotogota	Bacteria	highly_fragmented	89.2611272025325	19.999972344469903	89.2611272025325	19.999972344469903	2169548	88	2370472	88	2370472	0.0099389488675673	0.0864827525163591	0	23560	0	0	True	87.9970703125	5.203486442565918	deepcheck	-1.2640568900325064	-14.796485901903985	1.2640568900325064	14.796485901903985	medium	low
G_r056_substitution_2pct	56	4	substitution	0.02	2.0	uniform	RS_GCF_000018605.1	Thermotogota	Bacteria	highly_fragmented	89.2611272025325	19.999972344469903	89.2611272025325	19.999972344469903	2169548	88	2370472	88	2370472	0.0200403126465952	0.1662522378698502	0	47505	0	0	True	67.79424285888672	5.036429405212402	deepcheck	-21.466884343645788	-14.9635429392575	21.466884343645788	14.9635429392575	medium	low
G_r056_substitution_5pct	56	5	substitution	0.05	5.0	uniform	RS_GCF_000018605.1	Thermotogota	Bacteria	highly_fragmented	89.2611272025325	19.999972344469903	89.2611272025325	19.999972344469903	2169548	88	2370472	88	2370472	0.0502030819178627	0.3697505902753909	0	119005	0	0	True	40.822391510009766	4.3193535804748535	deepcheck	-48.43873569252274	-15.68061876399505	48.43873569252274	15.68061876399505	low	low
G_r056_substitution_titv_0p1pct	56	6	substitution_titv	0.001	0.1	titv_2	RS_GCF_000018605.1	Thermotogota	Bacteria	highly_fragmented	89.2611272025325	19.999972344469903	89.2611272025325	19.999972344469903	2169548	88	2370472	88	2370472	0.0009782861809799	0.0089640838741259	0	2319	0	0	True	86.04325103759766	3.35197377204895	deepcheck	-3.21787616493485	-16.647998572420953	3.21787616493485	16.647998572420953	medium	low
G_r056_substitution_titv_0p5pct	56	7	substitution_titv	0.005	0.5	titv_2	RS_GCF_000018605.1	Thermotogota	Bacteria	highly_fragmented	89.2611272025325	19.999972344469903	89.2611272025325	19.999972344469903	2169548	88	2370472	88	2370472	0.0050006918453371	0.0441104216424403	0	11854	0	0	True	85.25191497802734	4.608473300933838	deepcheck	-4.009212224505163	-15.391499043536065	4.009212224505163	15.391499043536065	medium	low
G_r056_substitution_titv_1pct	56	8	substitution_titv	0.01	1.0	titv_2	RS_GCF_000018605.1	Thermotogota	Bacteria	highly_fragmented	89.2611272025325	19.999972344469903	89.2611272025325	19.999972344469903	2169548	88	2370472	88	2370472	0.0099680569945563	0.0864827525163591	0	23629	0	0	True	79.46157836914062	5.237730026245117	deepcheck	-9.799548833391881	-14.762242318224786	9.799548833391881	14.762242318224786	medium	low
G_r056_substitution_titv_2pct	56	9	substitution_titv	0.02	2.0	titv_2	RS_GCF_000018605.1	Thermotogota	Bacteria	highly_fragmented	89.2611272025325	19.999972344469903	89.2611272025325	19.999972344469903	2169548	88	2370472	88	2370472	0.020059296207675	0.1662522378698502	0	47550	0	0	True	71.09025573730469	5.159780502319336	deepcheck	-18.17087146522782	-14.840191842150567	18.17087146522782	14.840191842150567	medium	low
G_r056_substitution_titv_5pct	56	10	substitution_titv	0.05	5.0	titv_2	RS_GCF_000018605.1	Thermotogota	Bacteria	highly_fragmented	89.2611272025325	19.999972344469903	89.2611272025325	19.999972344469903	2169548	88	2370472	88	2370472	0.050154568372881	0.3697505902753909	0	118890	0	0	True	55.00325393676758	4.717840671539307	deepcheck	-34.25787326576493	-15.282131672930596	34.25787326576493	15.282131672930596	medium	low
G_r056_indel_0p1pct	56	11	indel	0.001	0.1	ins0.5_geom0.75	RS_GCF_000018605.1	Thermotogota	Bacteria	highly_fragmented	89.2611272025325	19.999972344469903	89.25958333016646	19.999972344469903	2169548	88	2370472	88	2370431	0.0010584389944281		0	0	2509	0	True	65.4312515258789	5.07841682434082	deepcheck	-23.8298756766536	-14.921555520129083	23.8298756766536	14.921555520129083	medium	low
G_r056_indel_0p5pct	56	12	indel	0.005	0.5	ins0.5_geom0.75	RS_GCF_000018605.1	Thermotogota	Bacteria	highly_fragmented	89.2611272025325	19.999972344469903	89.26285935201636	19.999972344469903	2169548	88	2370472	88	2370518	0.0050036448437273		0	0	11861	0	True	33.43512725830078	1.853804349899292	deepcheck	-55.825999944231725	-18.14616799457061	55.825999944231725	18.14616799457061	low	low
G_r056_indel_1pct	56	13	indel	0.01	1.0	ins0.5_geom0.75	RS_GCF_000018605.1	Thermotogota	Bacteria	highly_fragmented	89.2611272025325	19.999972344469903	89.25781352525902	19.999972344469903	2169548	88	2370472	88	2370384	0.0101351123320587		0	0	24025	0	True	20.48012924194336	1.1898912191390991	deepcheck	-68.78099796058915	-18.810081125330804	68.78099796058915	18.810081125330804	low	low
G_r056_indel_2pct	56	14	indel	0.02	2.0	ins0.5_geom0.75	RS_GCF_000018605.1	Thermotogota	Bacteria	highly_fragmented	89.2611272025325	19.999972344469903	89.25909380966014	19.999972344469903	2169548	88	2370472	88	2370418	0.0200580306369364		0	0	47547	0	True	27.25913619995117	5.299335479736328	deepcheck	-62.001991002581335	-14.700636864733575	62.001991002581335	14.700636864733575	low	low
G_r056_indel_5pct	56	15	indel	0.05	5.0	ins0.5_geom0.75	RS_GCF_000018605.1	Thermotogota	Bacteria	highly_fragmented	89.2611272025325	19.999972344469903	89.26349949421693	19.999972344469903	2169548	88	2370472	88	2370535	0.0502279714757229		0	0	119064	0	True	45.23571395874024	20.35138893127441	deepcheck	-44.025413243792265	0.3514165868045076	44.025413243792265	0.3514165868045076	low	low
G_r056_chimera_5pct	56	16	chimera	0.05	5.0	rc0.5	RS_GCF_000018605.1	Thermotogota	Bacteria	highly_fragmented	89.2611272025325	19.999972344469903	89.2611272025325	19.999972344469903	2169548	88	2370472	85	2370472	0.0681818181818181		0	0	0	3	True	86.61976623535156	3.0004031658172607	deepcheck	-2.641360967180944	-16.999569178652642	2.641360967180944	16.999569178652642	medium	low
G_r056_chimera_10pct	56	17	chimera	0.1	10.0	rc0.5	RS_GCF_000018605.1	Thermotogota	Bacteria	highly_fragmented	89.2611272025325	19.999972344469903	89.2611272025325	19.999972344469903	2169548	88	2370472	83	2370472	0.1136363636363636		0	0	0	5	True	86.07481384277344	2.958578586578369	deepcheck	-3.186313359759069	-17.041393757891534	3.186313359759069	17.041393757891534	medium	low
G_r056_chimera_20pct	56	18	chimera	0.2	20.0	rc0.5	RS_GCF_000018605.1	Thermotogota	Bacteria	highly_fragmented	89.2611272025325	19.999972344469903	89.2611272025325	19.999972344469903	2169548	88	2370472	79	2370472	0.2045454545454545		0	0	0	9	True	86.46489715576172	2.7960994243621826	deepcheck	-2.7962300467707877	-17.20387292010772	2.7962300467707877	17.20387292010772	medium	low
G_r056_chimera_40pct	56	19	chimera	0.4	40.0	rc0.5	RS_GCF_000018605.1	Thermotogota	Bacteria	highly_fragmented	89.2611272025325	19.999972344469903	89.2611272025325	19.999972344469903	2169548	88	2370472	70	2370472	0.4090909090909091		0	0	0	18	True	86.2276611328125	2.959942102432251	deepcheck	-3.0334660697200064	-17.040030242037652	3.0334660697200064	17.040030242037652	medium	low
G_r056_uneven_coverage_5pct	56	20	uneven_coverage	0.05	5.0	lognormal_sigma1.0	RS_GCF_000018605.1	Thermotogota	Bacteria	highly_fragmented	89.2611272025325	19.999972344469903	89.2611272025325	25.46304575884009	2169548	88	2370472	93	2488996	0.0500001687427651		118524	0	0	0	True	85.65365600585938	7.8882575035095215	deepcheck	-3.6074711966731314	-12.111714840960381	3.6074711966731314	12.111714840960381	medium	low
G_r056_uneven_coverage_10pct	56	21	uneven_coverage	0.1	10.0	lognormal_sigma1.0	RS_GCF_000018605.1	Thermotogota	Bacteria	highly_fragmented	89.2611272025325	19.999972344469903	89.2611272025325	30.92607308066012	2169548	88	2370472	98	2607519	0.0999999156286174		237047	0	0	0	True	87.86109924316406	9.87599754333496	deepcheck	-1.400027959368444	-10.123974801134944	1.400027959368444	10.123974801134944	medium	low
G_r056_uneven_coverage_20pct	56	22	uneven_coverage	0.2	20.0	lognormal_sigma1.0	RS_GCF_000018605.1	Thermotogota	Bacteria	highly_fragmented	89.2611272025325	19.999972344469903	89.2611272025325	41.85217381685033	2169548	88	2370472	107	2844566	0.1999998312572348		474094	0	0	0	True	86.9679183959961	18.919017791748047	deepcheck	-2.2932088065364127	-1.080954552721856	2.2932088065364127	1.080954552721856	low	low
G_r056_uneven_coverage_40pct	56	23	uneven_coverage	0.4	40.0	lognormal_sigma1.0	RS_GCF_000018605.1	Thermotogota	Bacteria	highly_fragmented	89.2611272025325	19.999972344469903	89.2611272025325	63.7044213817809	2169548	88	2370472	128	3318661	0.4000000843713825		948189	0	0	0	True	87.87177276611328	36.60529708862305	deepcheck	-1.3893544364192252	16.605324744153144	1.3893544364192252	16.605324744153144	low	low
G_r057_none_control	57	0	none	0.0	0.0	control	RS_GCF_040746155.1	Bdellovibrionota	Bacteria	high	94.59887406492592	0.0	94.59887406492592	0.0	3782989	2	3578665	2	3578665	0.0		0	0	0	0	True	92.21843719482422	0.1173458993434906	deepcheck	-2.380436870101704	0.1173458993434906	2.380436870101704	0.1173458993434906	high	high
G_r057_substitution_0p1pct	57	1	substitution	0.001	0.1	uniform	RS_GCF_040746155.1	Bdellovibrionota	Bacteria	high	94.59887406492592	0.0	94.59887406492592	0.0	3782989	2	3578665	2	3578665	0.0009953693806829	0.0089640838741259	0	3562	0	0	True	90.50211334228516	0.1240268349647522	deepcheck	-4.0967607226407665	0.1240268349647522	4.0967607226407665	0.1240268349647522	high	high
G_r057_substitution_0p5pct	57	2	substitution	0.005	0.5	uniform	RS_GCF_040746155.1	Bdellovibrionota	Bacteria	high	94.59887406492592	0.0	94.59887406492592	0.0	3782989	2	3578665	2	3578665	0.0049458289356282	0.0441104216424403	0	17699	0	0	True	87.38861846923828	0.1729696989059448	deepcheck	-7.2102555956876415	0.1729696989059448	7.2102555956876415	0.1729696989059448	medium	high
G_r057_substitution_1pct	57	3	substitution	0.01	1.0	uniform	RS_GCF_040746155.1	Bdellovibrionota	Bacteria	high	94.59887406492592	0.0	94.59887406492592	0.0	3782989	2	3578665	2	3578665	0.0099889033918846	0.0864827525163591	0	35746	0	0	True	82.51768493652344	1.9711122512817385	deepcheck	-12.081189128402485	1.9711122512817385	12.081189128402485	1.9711122512817385	medium	high
G_r057_substitution_2pct	57	4	substitution	0.02	2.0	uniform	RS_GCF_040746155.1	Bdellovibrionota	Bacteria	high	94.59887406492592	0.0	94.59887406492592	0.0	3782989	2	3578665	2	3578665	0.0200079864281021	0.1662522378698502	0	71600	0	0	True	75.8793716430664	1.8692482709884644	deepcheck	-18.719502421859517	1.8692482709884644	18.719502421859517	1.8692482709884644	medium	high
G_r057_substitution_5pct	57	5	substitution	0.05	5.0	uniform	RS_GCF_040746155.1	Bdellovibrionota	Bacteria	high	94.59887406492592	0.0	94.59887406492592	0.0	3782989	2	3578665	2	3578665	0.0499207644615685	0.3697505902753909	0	178645	0	0	True	56.86845016479492	5.223899841308594	deepcheck	-37.730423900131	5.223899841308594	37.730423900131	5.223899841308594	medium	high
G_r057_substitution_titv_0p1pct	57	6	substitution_titv	0.001	0.1	titv_2	RS_GCF_040746155.1	Bdellovibrionota	Bacteria	high	94.59887406492592	0.0	94.59887406492592	0.0	3782989	2	3578665	2	3578665	0.0010194013196887	0.0089640838741259	0	3648	0	0	True	92.1457977294922	0.2594292163848877	deepcheck	-2.453076335433721	0.2594292163848877	2.453076335433721	0.2594292163848877	high	high
G_r057_substitution_titv_0p5pct	57	7	substitution_titv	0.005	0.5	titv_2	RS_GCF_040746155.1	Bdellovibrionota	Bacteria	high	94.59887406492592	0.0	94.59887406492592	0.0	3782989	2	3578665	2	3578665	0.0050017171658743	0.0441104216424403	0	17899	0	0	True	90.109375	1.0837160348892212	deepcheck	-4.489499064925923	1.0837160348892212	4.489499064925923	1.0837160348892212	high	high
G_r057_substitution_titv_1pct	57	8	substitution_titv	0.01	1.0	titv_2	RS_GCF_040746155.1	Bdellovibrionota	Bacteria	high	94.59887406492592	0.0	94.59887406492592	0.0	3782989	2	3578665	2	3578665	0.0099413983961754	0.0864827525163591	0	35576	0	0	True	83.03633117675781	0.956179976463318	deepcheck	-11.56254288816811	0.956179976463318	11.56254288816811	0.956179976463318	medium	high
G_r057_substitution_titv_2pct	57	9	substitution_titv	0.02	2.0	titv_2	RS_GCF_040746155.1	Bdellovibrionota	Bacteria	high	94.59887406492592	0.0	94.59887406492592	0.0	3782989	2	3578665	2	3578665	0.0200113397219169	0.1662522378698502	0	71612	0	0	True	80.53457641601562	3.808034896850586	deepcheck	-14.064297648910298	3.808034896850586	14.064297648910298	3.808034896850586	medium	high
G_r057_substitution_titv_5pct	57	10	substitution_titv	0.05	5.0	titv_2	RS_GCF_040746155.1	Bdellovibrionota	Bacteria	high	94.59887406492592	0.0	94.59887406492592	0.0	3782989	2	3578665	2	3578665	0.0498984091694701	0.3697505902753909	0	178565	0	0	True	59.743125915527344	1.8909703493118288	deepcheck	-34.85574814939858	1.8909703493118288	34.85574814939858	1.8909703493118288	medium	high
G_r057_indel_0p1pct	57	11	indel	0.001	0.1	ins0.5_geom0.75	RS_GCF_040746155.1	Bdellovibrionota	Bacteria	high	94.59887406492592	0.0	94.60157034556538	0.0	3782989	2	3578665	2	3578767	0.0010224483152236		0	0	3659	0	True	67.92861938476562	1.9683659076690676	deepcheck	-26.670254680160298	1.9683659076690676	26.670254680160298	1.9683659076690676	medium	high
G_r057_indel_0p5pct	57	12	indel	0.005	0.5	ins0.5_geom0.75	RS_GCF_040746155.1	Bdellovibrionota	Bacteria	high	94.59887406492592	0.0	94.59895336729764	0.0	3782989	2	3578665	2	3578668	0.0049635827885538		0	0	17763	0	True	41.75309753417969	4.76059627532959	deepcheck	-52.845776530746235	4.76059627532959	52.845776530746235	4.76059627532959	low	high
G_r057_indel_1pct	57	13	indel	0.01	1.0	ins0.5_geom0.75	RS_GCF_040746155.1	Bdellovibrionota	Bacteria	high	94.59887406492592	0.0	94.59477677571888	0.0	3782989	2	3578665	2	3578510	0.0100109957204711		0	0	35826	0	True	30.05783462524414	1.125710129737854	deepcheck	-64.54103943968178	1.125710129737854	64.54103943968178	1.125710129737854	low	high
G_r057_indel_2pct	57	14	indel	0.02	2.0	ins0.5_geom0.75	RS_GCF_040746155.1	Bdellovibrionota	Bacteria	high	94.59887406492592	0.0	94.58668793380048	0.0	3782989	2	3578665	2	3578204	0.0199322931875434		0	0	71331	0	True	33.369712829589844	1.8022186756134035	deepcheck	-61.22916123533608	1.8022186756134035	61.22916123533608	1.8022186756134035	low	high
G_r057_indel_5pct	57	15	indel	0.05	5.0	ins0.5_geom0.75	RS_GCF_040746155.1	Bdellovibrionota	Bacteria	high	94.59887406492592	0.0	94.57537412876432	0.0	3782989	2	3578665	2	3577776	0.0498289166490856		0	0	178321	0	True	55.20829391479492	14.69888401031494	deepcheck	-39.390580150131	14.69888401031494	39.390580150131	14.69888401031494	low	high
G_r057_chimera_5pct	57	16	chimera	0.05	5.0	rc0.5	RS_GCF_040746155.1	Bdellovibrionota	Bacteria	high	94.59887406492592	0.0	94.59887406492592	0.0	3782989	2	3578665	2	3578665	0.0		0	0	0	0	True	92.21843719482422	0.1173458993434906	deepcheck	-2.380436870101704	0.1173458993434906	2.380436870101704	0.1173458993434906	high	high
G_r057_chimera_10pct	57	17	chimera	0.1	10.0	rc0.5	RS_GCF_040746155.1	Bdellovibrionota	Bacteria	high	94.59887406492592	0.0	94.59887406492592	0.0	3782989	2	3578665	2	3578665	0.0		0	0	0	0	True	92.21843719482422	0.1173458993434906	deepcheck	-2.380436870101704	0.1173458993434906	2.380436870101704	0.1173458993434906	high	high
G_r057_chimera_20pct	57	18	chimera	0.2	20.0	rc0.5	RS_GCF_040746155.1	Bdellovibrionota	Bacteria	high	94.59887406492592	0.0	94.59887406492592	0.0	3782989	2	3578665	1	3578665	1.0		0	0	0	1	True	92.21810913085938	0.1173615455627441	deepcheck	-2.3807649340665478	0.1173615455627441	2.3807649340665478	0.1173615455627441	high	high
G_r057_chimera_40pct	57	19	chimera	0.4	40.0	rc0.5	RS_GCF_040746155.1	Bdellovibrionota	Bacteria	high	94.59887406492592	0.0	94.59887406492592	0.0	3782989	2	3578665	2	3578665	0.0		0	0	0	0	True	92.21843719482422	0.1173458993434906	deepcheck	-2.380436870101704	0.1173458993434906	2.380436870101704	0.1173458993434906	high	high
G_r057_uneven_coverage_5pct	57	20	uneven_coverage	0.05	5.0	lognormal_sigma1.0	RS_GCF_040746155.1	Bdellovibrionota	Bacteria	high	94.59887406492592	0.0	94.59887406492592	4.729937094715316	3782989	2	3578665	3	3757598	0.0499999301415471		178933	0	0	0	True	91.8585205078125	4.05185079574585	deepcheck	-2.7403535571134228	4.05185079574585	2.7403535571134228	4.05185079574585	high	high
G_r057_uneven_coverage_10pct	57	21	uneven_coverage	0.1	10.0	lognormal_sigma1.0	RS_GCF_040746155.1	Bdellovibrionota	Bacteria	high	94.59887406492592	0.0	94.59887406492592	9.459874189430632	3782989	2	3578665	3	3936531	0.0999998602830943		357866	0	0	0	True	91.33797454833984	8.449472427368164	deepcheck	-3.260899516586079	8.449472427368164	3.260899516586079	8.449472427368164	medium	high
G_r057_uneven_coverage_20pct	57	22	uneven_coverage	0.2	20.0	lognormal_sigma1.0	RS_GCF_040746155.1	Bdellovibrionota	Bacteria	high	94.59887406492592	0.0	94.59887406492592	18.91977481298518	3782989	2	3578665	4	4294398	0.2		715733	0	0	0	True	92.63372802734376	15.253910064697266	deepcheck	-1.9651460375821586	15.253910064697266	1.9651460375821586	15.253910064697266	low	high
G_r057_uneven_coverage_40pct	57	23	uneven_coverage	0.4	40.0	lognormal_sigma1.0	RS_GCF_040746155.1	Bdellovibrionota	Bacteria	high	94.59887406492592	0.0	94.59887406492592	37.83954962597036	3782989	2	3578665	4	5010131	0.4		1431466	0	0	0	True	90.19100952148438	30.806604385375977	deepcheck	-4.407864543441548	30.806604385375977	4.407864543441548	30.806604385375977	low	high
G_r058_none_control	58	0	none	0.0	0.0	control	RS_GCF_001548675.1	Methanobacteriota	Archaea	highly_fragmented	87.32351616331529	0.0	87.32351616331529	0.0	2273296	41	1985122	41	1985122	0.0		0	0	0	0	True	88.45771789550781	0.8124880790710449	deepcheck	1.1342017321925226	0.8124880790710449	1.1342017321925226	0.8124880790710449	medium	medium
G_r058_substitution_0p1pct	58	1	substitution	0.001	0.1	uniform	RS_GCF_001548675.1	Methanobacteriota	Archaea	highly_fragmented	87.32351616331529	0.0	87.32351616331529	0.0	2273296	41	1985122	41	1985122	0.0010326821223078	0.0089640838741259	0	2050	0	0	True	85.46207427978516	1.4524370431900024	deepcheck	-1.8614418835301336	1.4524370431900024	1.8614418835301336	1.4524370431900024	medium	medium
G_r058_substitution_0p5pct	58	2	substitution	0.005	0.5	uniform	RS_GCF_001548675.1	Methanobacteriota	Archaea	highly_fragmented	87.32351616331529	0.0	87.32351616331529	0.0	2273296	41	1985122	41	1985122	0.0050107751563883	0.0441104216424403	0	9947	0	0	True	83.84603881835938	1.894460678100586	deepcheck	-3.477477344955915	1.894460678100586	3.477477344955915	1.894460678100586	medium	medium
G_r058_substitution_1pct	58	3	substitution	0.01	1.0	uniform	RS_GCF_001548675.1	Methanobacteriota	Archaea	highly_fragmented	87.32351616331529	0.0	87.32351616331529	0.0	2273296	41	1985122	41	1985122	0.009950521932657	0.0864827525163591	0	19753	0	0	True	70.32756805419922	3.2974023818969727	deepcheck	-16.99594810911607	3.2974023818969727	16.99594810911607	3.2974023818969727	medium	medium
G_r058_substitution_2pct	58	4	substitution	0.02	2.0	uniform	RS_GCF_001548675.1	Methanobacteriota	Archaea	highly_fragmented	87.32351616331529	0.0	87.32351616331529	0.0	2273296	41	1985122	41	1985122	0.0199670347716664	0.1662522378698502	0	39637	0	0	True	56.31702423095703	3.573485374450684	deepcheck	-31.00649193235826	3.573485374450684	31.00649193235826	3.573485374450684	medium	medium
G_r058_substitution_5pct	58	5	substitution	0.05	5.0	uniform	RS_GCF_001548675.1	Methanobacteriota	Archaea	highly_fragmented	87.32351616331529	0.0	87.32351616331529	0.0	2273296	41	1985122	41	1985122	0.0500865941740608	0.3697505902753909	0	99428	0	0	True	39.11040878295898	5.470536231994629	deepcheck	-48.21310738035631	5.470536231994629	48.21310738035631	5.470536231994629	low	medium
G_r058_substitution_titv_0p1pct	58	6	substitution_titv	0.001	0.1	titv_2	RS_GCF_001548675.1	Methanobacteriota	Archaea	highly_fragmented	87.32351616331529	0.0	87.32351616331529	0.0	2273296	41	1985122	41	1985122	0.0010034647744571	0.0089640838741259	0	1992	0	0	True	85.33888244628906	1.766971468925476	deepcheck	-1.9846337170262274	1.766971468925476	1.9846337170262274	1.766971468925476	medium	medium
G_r058_substitution_titv_0p5pct	58	7	substitution_titv	0.005	0.5	titv_2	RS_GCF_001548675.1	Methanobacteriota	Archaea	highly_fragmented	87.32351616331529	0.0	87.32351616331529	0.0	2273296	41	1985122	41	1985122	0.0050384812621088	0.0441104216424403	0	10002	0	0	True	82.4607162475586	0.5626477003097534	deepcheck	-4.862799915756696	0.5626477003097534	4.862799915756696	0.5626477003097534	medium	medium
G_r058_substitution_titv_1pct	58	8	substitution_titv	0.01	1.0	titv_2	RS_GCF_001548675.1	Methanobacteriota	Archaea	highly_fragmented	87.32351616331529	0.0	87.32351616331529	0.0	2273296	41	1985122	41	1985122	0.0099646268592056	0.0864827525163591	0	19781	0	0	True	77.32772827148438	3.4151344299316406	deepcheck	-9.995787891830915	3.4151344299316406	9.995787891830915	3.4151344299316406	medium	medium
G_r058_substitution_titv_2pct	58	9	substitution_titv	0.02	2.0	titv_2	RS_GCF_001548675.1	Methanobacteriota	Archaea	highly_fragmented	87.32351616331529	0.0	87.32351616331529	0.0	2273296	41	1985122	41	1985122	0.0199519223503643	0.1662522378698502	0	39607	0	0	True	70.28216552734375	1.98077929019928	deepcheck	-17.04135063597154	1.98077929019928	17.04135063597154	1.98077929019928	medium	medium
G_r058_substitution_titv_5pct	58	10	substitution_titv	0.05	5.0	titv_2	RS_GCF_001548675.1	Methanobacteriota	Archaea	highly_fragmented	87.32351616331529	0.0	87.32351616331529	0.0	2273296	41	1985122	41	1985122	0.0502231097131561	0.3697505902753909	0	99699	0	0	True	50.33813095092773	3.418935060501098	deepcheck	-36.98538521238756	3.418935060501098	36.98538521238756	3.418935060501098	medium	medium
G_r058_indel_0p1pct	58	11	indel	0.001	0.1	ins0.5_geom0.75	RS_GCF_001548675.1	Methanobacteriota	Archaea	highly_fragmented	87.32351616331529	0.0	87.32320824036994	0.0	2273296	41	1985122	41	1985115	0.0010069910060943		0	0	1999	0	True	63.53697967529297	5.091097831726074	deepcheck	-23.78653648802232	5.091097831726074	23.78653648802232	5.091097831726074	medium	medium
G_r058_indel_0p5pct	58	12	indel	0.005	0.5	ins0.5_geom0.75	RS_GCF_001548675.1	Methanobacteriota	Archaea	highly_fragmented	87.32351616331529	0.0	87.32597954687819	0.0	2273296	41	1985122	41	1985178	0.004996166482463		0	0	9918	0	True	27.7794246673584	7.530763626098633	deepcheck	-59.54409149595689	7.530763626098633	59.54409149595689	7.530763626098633	low	medium
G_r058_indel_1pct	58	13	indel	0.01	1.0	ins0.5_geom0.75	RS_GCF_001548675.1	Methanobacteriota	Archaea	highly_fragmented	87.32351616331529	0.0	87.32320824036994	0.0	2273296	41	1985122	41	1985115	0.0100280990286743		0	0	19907	0	True	17.707660675048828	0.6420880556106567	deepcheck	-69.61585548826646	0.6420880556106567	69.61585548826646	0.6420880556106567	low	medium
G_r058_indel_2pct	58	14	indel	0.02	2.0	ins0.5_geom0.75	RS_GCF_001548675.1	Methanobacteriota	Archaea	highly_fragmented	87.32351616331529	0.0	87.31977709897875	0.0	2273296	41	1985122	41	1985037	0.0200053195722983		0	0	39713	0	True	54.68671417236328	19.656362533569336	deepcheck	-32.63680199095201	19.656362533569336	32.63680199095201	19.656362533569336	low	medium
G_r058_indel_5pct	58	15	indel	0.05	5.0	ins0.5_geom0.75	RS_GCF_001548675.1	Methanobacteriota	Archaea	highly_fragmented	87.32351616331529	0.0	87.3152902217749	0.0	2273296	41	1985122	41	1984935	0.0499198537923613		0	0	99097	0	True	48.22139358520508	18.860349655151367	deepcheck	-39.10212257811021	18.860349655151367	39.10212257811021	18.860349655151367	low	medium
G_r058_chimera_5pct	58	16	chimera	0.05	5.0	rc0.5	RS_GCF_001548675.1	Methanobacteriota	Archaea	highly_fragmented	87.32351616331529	0.0	87.32351616331529	0.0	2273296	41	1985122	40	1985122	0.048780487804878		0	0	0	1	True	88.45761108398438	0.812461256980896	deepcheck	1.1340949206690851	0.812461256980896	1.1340949206690851	0.812461256980896	medium	medium
G_r058_chimera_10pct	58	17	chimera	0.1	10.0	rc0.5	RS_GCF_001548675.1	Methanobacteriota	Archaea	highly_fragmented	87.32351616331529	0.0	87.32351616331529	0.0	2273296	41	1985122	39	1985122	0.0975609756097561		0	0	0	2	True	88.57406616210938	0.7410489320755005	deepcheck	1.2505499987940851	0.7410489320755005	1.2505499987940851	0.7410489320755005	medium	medium
G_r058_chimera_20pct	58	18	chimera	0.2	20.0	rc0.5	RS_GCF_001548675.1	Methanobacteriota	Archaea	highly_fragmented	87.32351616331529	0.0	87.32351616331529	0.0	2273296	41	1985122	37	1985122	0.1951219512195122		0	0	0	4	True	88.41831970214844	0.9050376415252686	deepcheck	1.0948035388331476	0.9050376415252686	1.0948035388331476	0.9050376415252686	medium	medium
G_r058_chimera_40pct	58	19	chimera	0.4	40.0	rc0.5	RS_GCF_001548675.1	Methanobacteriota	Archaea	highly_fragmented	87.32351616331529	0.0	87.32351616331529	0.0	2273296	41	1985122	32	1985122	0.4390243902439024		0	0	0	9	True	88.45726776123047	0.8126593828201294	deepcheck	1.1337515979151789	0.8126593828201294	1.1337515979151789	0.8126593828201294	medium	medium
G_r058_uneven_coverage_5pct	58	20	uneven_coverage	0.05	5.0	lognormal_sigma1.0	RS_GCF_001548675.1	Methanobacteriota	Archaea	highly_fragmented	87.32351616331529	0.0	87.32351616331529	4.366171409266546	2273296	41	1985122	44	2084378	0.0499999496252623		99256	0	0	0	True	88.26422882080078	6.249581813812256	deepcheck	0.9407126574854914	6.249581813812256	0.9407126574854914	6.249581813812256	medium	medium
G_r058_uneven_coverage_10pct	58	21	uneven_coverage	0.1	10.0	lognormal_sigma1.0	RS_GCF_001548675.1	Methanobacteriota	Archaea	highly_fragmented	87.32351616331529	0.0	87.32351616331529	8.732342818533091	2273296	41	1985122	45	2183634	0.0999998992505246		198512	0	0	0	True	88.08843231201172	10.42654037475586	deepcheck	0.7649161486964289	10.42654037475586	0.7649161486964289	10.42654037475586	low	medium
G_r058_uneven_coverage_20pct	58	22	uneven_coverage	0.2	20.0	lognormal_sigma1.0	RS_GCF_001548675.1	Methanobacteriota	Archaea	highly_fragmented	87.32351616331529	0.0	87.32351616331529	17.464685637066182	2273296	41	1985122	54	2382146	0.1999997985010493		397024	0	0	0	True	86.74066925048828	19.278881072998047	deepcheck	-0.5828469128270086	19.278881072998047	0.5828469128270086	19.278881072998047	low	medium
G_r058_uneven_coverage_40pct	58	23	uneven_coverage	0.4	40.0	lognormal_sigma1.0	RS_GCF_001548675.1	Methanobacteriota	Archaea	highly_fragmented	87.32351616331529	0.0	87.32351616331529	34.929415263124554	2273296	41	1985122	61	2779171	0.4000001007494753		794049	0	0	0	True	83.8055648803711	34.3112678527832	deepcheck	-3.517951282944196	34.3112678527832	3.517951282944196	34.3112678527832	low	medium
G_r059_none_control	59	0	none	0.0	0.0	control	RS_GCF_000017505.1	Myxococcota	Bacteria	highly_fragmented	69.98148916538304	1.9999848427147453	69.98148916538304	1.9999848427147453	5277990	320	3799175	320	3799175	0.0		0	0	0	0	True	77.30705261230469	1.1708345413208008	deepcheck	7.325563446921649	-0.8291503013939445	7.325563446921649	0.8291503013939445	medium	medium
G_r059_substitution_0p1pct	59	1	substitution	0.001	0.1	uniform	RS_GCF_000017505.1	Myxococcota	Bacteria	highly_fragmented	69.98148916538304	1.9999848427147453	69.98148916538304	1.9999848427147453	5277990	320	3799175	320	3799175	0.0009970585719267	0.0089640838741259	0	3788	0	0	True	77.51837921142578	0.5476832389831543	deepcheck	7.536890046042743	-1.452301603731591	7.536890046042743	1.452301603731591	medium	medium
G_r059_substitution_0p5pct	59	2	substitution	0.005	0.5	uniform	RS_GCF_000017505.1	Myxococcota	Bacteria	highly_fragmented	69.98148916538304	1.9999848427147453	69.98148916538304	1.9999848427147453	5277990	320	3799175	320	3799175	0.0050008225470003	0.0441104216424403	0	18999	0	0	True	75.89158630371094	1.909521579742432	deepcheck	5.910097138327899	-0.09046326297231322	5.910097138327899	0.09046326297231322	medium	medium
G_r059_substitution_1pct	59	3	substitution	0.01	1.0	uniform	RS_GCF_000017505.1	Myxococcota	Bacteria	highly_fragmented	69.98148916538304	1.9999848427147453	69.98148916538304	1.9999848427147453	5277990	320	3799175	320	3799175	0.0100584995426638	0.0864827525163591	0	38214	0	0	True	72.00676727294922	2.285566091537476	deepcheck	2.02527810756618	0.2855812488227307	2.02527810756618	0.2855812488227307	medium	medium
G_r059_substitution_2pct	59	4	substitution	0.02	2.0	uniform	RS_GCF_000017505.1	Myxococcota	Bacteria	highly_fragmented	69.98148916538304	1.9999848427147453	69.98148916538304	1.9999848427147453	5277990	320	3799175	320	3799175	0.0200317174123329	0.1662522378698502	0	76104	0	0	True	77.85701751708984	3.303968906402588	deepcheck	7.875528351706805	1.3039840636878426	7.875528351706805	1.3039840636878426	medium	medium
G_r059_substitution_5pct	59	5	substitution	0.05	5.0	uniform	RS_GCF_000017505.1	Myxococcota	Bacteria	highly_fragmented	69.98148916538304	1.9999848427147453	69.98148916538304	1.9999848427147453	5277990	320	3799175	320	3799175	0.0499987497285594	0.3697505902753909	0	189954	0	0	True	55.76640319824219	4.737414360046387	deepcheck	-14.215085967140851	2.737429517331641	14.215085967140851	2.737429517331641	medium	medium
G_r059_substitution_titv_0p1pct	59	6	substitution_titv	0.001	0.1	titv_2	RS_GCF_000017505.1	Myxococcota	Bacteria	highly_fragmented	69.98148916538304	1.9999848427147453	69.98148916538304	1.9999848427147453	5277990	320	3799175	320	3799175	0.0010110089690524	0.0089640838741259	0	3841	0	0	True	77.28466033935547	1.0248799324035645	deepcheck	7.30317117397243	-0.9751049103111809	7.30317117397243	0.9751049103111809	medium	medium
G_r059_substitution_titv_0p5pct	59	7	substitution_titv	0.005	0.5	titv_2	RS_GCF_000017505.1	Myxococcota	Bacteria	highly_fragmented	69.98148916538304	1.9999848427147453	69.98148916538304	1.9999848427147453	5277990	320	3799175	320	3799175	0.0050071397079629	0.0441104216424403	0	19023	0	0	True	75.48063659667969	1.7915024757385254	deepcheck	5.499147431296649	-0.2084823669762199	5.499147431296649	0.2084823669762199	medium	medium
G_r059_substitution_titv_1pct	59	8	substitution_titv	0.01	1.0	titv_2	RS_GCF_000017505.1	Myxococcota	Bacteria	highly_fragmented	69.98148916538304	1.9999848427147453	69.98148916538304	1.9999848427147453	5277990	320	3799175	320	3799175	0.0100484973711397	0.0864827525163591	0	38176	0	0	True	74.3193588256836	3.4128189086914062	deepcheck	4.337869660300555	1.412834065976661	4.337869660300555	1.412834065976661	medium	medium
G_r059_substitution_titv_2pct	59	9	substitution_titv	0.02	2.0	titv_2	RS_GCF_000017505.1	Myxococcota	Bacteria	highly_fragmented	69.98148916538304	1.9999848427147453	69.98148916538304	1.9999848427147453	5277990	320	3799175	320	3799175	0.0199306428369317	0.1662522378698502	0	75720	0	0	True	70.1627197265625	2.997446060180664	deepcheck	0.18123056117946135	0.9974612174659188	0.18123056117946135	0.9974612174659188	medium	medium
G_r059_substitution_titv_5pct	59	10	substitution_titv	0.05	5.0	titv_2	RS_GCF_000017505.1	Myxococcota	Bacteria	highly_fragmented	69.98148916538304	1.9999848427147453	69.98148916538304	1.9999848427147453	5277990	320	3799175	320	3799175	0.0501390433449367	0.3697505902753909	0	190487	0	0	True	62.881683349609375	3.2104134559631348	deepcheck	-7.099805815773664	1.2104286132483895	7.099805815773664	1.2104286132483895	medium	medium
G_r059_indel_0p1pct	59	11	indel	0.001	0.1	ins0.5_geom0.75	RS_GCF_000017505.1	Myxococcota	Bacteria	highly_fragmented	69.98148916538304	1.9999848427147453	69.98281541837741	1.9999848427147453	5277990	320	3799175	320	3799247	0.0010165364848947		0	0	3862	0	True	55.755008697509766	3.0947518348693848	deepcheck	-14.226480467873273	1.0947669921546395	14.226480467873273	1.0947669921546395	medium	medium
G_r059_indel_0p5pct	59	12	indel	0.005	0.5	ins0.5_geom0.75	RS_GCF_000017505.1	Myxococcota	Bacteria	highly_fragmented	69.98148916538304	1.9999848427147453	69.98211545151926	1.9999848427147453	5277990	320	3799175	320	3799209	0.004904485842321		0	0	18633	0	True	25.10890388488769	0.4985243082046509	deepcheck	-44.87258528049534	-1.5014605345100944	44.87258528049534	1.5014605345100944	low	medium
G_r059_indel_1pct	59	13	indel	0.01	1.0	ins0.5_geom0.75	RS_GCF_000017505.1	Myxococcota	Bacteria	highly_fragmented	69.98148916538304	1.9999848427147453	69.97268431911482	1.9999848427147453	5277990	320	3799175	320	3798697	0.0099921693525568		0	0	37962	0	True	17.14887809753418	0.2580270171165466	deepcheck	-52.83261106784886	-1.7419578255981987	52.83261106784886	1.7419578255981987	low	medium
G_r059_indel_2pct	59	14	indel	0.02	2.0	ins0.5_geom0.75	RS_GCF_000017505.1	Myxococcota	Bacteria	highly_fragmented	69.98148916538304	1.9999848427147453	69.97294220164149	1.9999848427147453	5277990	320	3799175	320	3798711	0.0199416978686162		0	0	75762	0	True	16.2083797454834	1.186447262763977	deepcheck	-53.77310941989964	-0.8135375799507683	53.77310941989964	0.8135375799507683	low	medium
G_r059_indel_5pct	59	15	indel	0.05	5.0	ins0.5_geom0.75	RS_GCF_000017505.1	Myxococcota	Bacteria	highly_fragmented	69.98148916538304	1.9999848427147453	70.01088777342504	1.9999848427147453	5277990	320	3799175	320	3800771	0.0497213210762862		0	0	188900	0	True	56.26641082763672	25.328536987304688	deepcheck	-13.71507833774632	23.328552144589942	13.71507833774632	23.328552144589942	low	medium
G_r059_chimera_5pct	59	16	chimera	0.05	5.0	rc0.5	RS_GCF_000017505.1	Myxococcota	Bacteria	highly_fragmented	69.98148916538304	1.9999848427147453	69.98148916538304	1.9999848427147453	5277990	320	3799175	312	3799175	0.05		0	0	0	8	True	77.34129333496094	1.1055313348770142	deepcheck	7.359804169577899	-0.8944535078377311	7.359804169577899	0.8944535078377311	medium	medium
G_r059_chimera_10pct	59	17	chimera	0.1	10.0	rc0.5	RS_GCF_000017505.1	Myxococcota	Bacteria	highly_fragmented	69.98148916538304	1.9999848427147453	69.98148916538304	1.9999848427147453	5277990	320	3799175	304	3799175	0.1		0	0	0	16	True	77.24837493896484	1.2736592292785645	deepcheck	7.266885773581805	-0.7263256134361809	7.266885773581805	0.7263256134361809	medium	medium
G_r059_chimera_20pct	59	18	chimera	0.2	20.0	rc0.5	RS_GCF_000017505.1	Myxococcota	Bacteria	highly_fragmented	69.98148916538304	1.9999848427147453	69.98148916538304	1.9999848427147453	5277990	320	3799175	288	3799175	0.2		0	0	0	32	True	76.98153686523438	1.2349847555160522	deepcheck	7.000047699851336	-0.7650000871986931	7.000047699851336	0.7650000871986931	medium	medium
G_r059_chimera_40pct	59	19	chimera	0.4	40.0	rc0.5	RS_GCF_000017505.1	Myxococcota	Bacteria	highly_fragmented	69.98148916538304	1.9999848427147453	69.98148916538304	1.9999848427147453	5277990	320	3799175	256	3799175	0.4		0	0	0	64	True	76.49152374267578	1.1268373727798462	deepcheck	6.510034577292743	-0.8731474699348991	6.510034577292743	0.8731474699348991	medium	medium
G_r059_uneven_coverage_5pct	59	20	uneven_coverage	0.05	5.0	lognormal_sigma1.0	RS_GCF_000017505.1	Myxococcota	Bacteria	highly_fragmented	69.98148916538304	1.9999848427147453	69.98148916538304	5.5990632797712765	5277990	320	3799175	339	3989134	0.05000006580376		189959	0	0	0	True	77.20382690429688	5.0127854347229	deepcheck	7.222337738913836	3.012800592008155	7.222337738913836	3.012800592008155	medium	medium
G_r059_uneven_coverage_10pct	59	21	uneven_coverage	0.1	10.0	lognormal_sigma1.0	RS_GCF_000017505.1	Myxococcota	Bacteria	highly_fragmented	69.98148916538304	1.9999848427147453	69.98148916538304	9.198141716827807	5277990	320	3799175	353	4179093	0.10000013160752		379918	0	0	0	True	76.35848236083984	9.32308292388916	deepcheck	6.376993195456805	7.323098081174415	6.376993195456805	7.323098081174415	medium	medium
G_r059_uneven_coverage_20pct	59	22	uneven_coverage	0.2	20.0	lognormal_sigma1.0	RS_GCF_000017505.1	Myxococcota	Bacteria	highly_fragmented	69.98148916538304	1.9999848427147453	69.98148916538304	16.396279644334303	5277990	320	3799175	395	4559010	0.2		759835	0	0	0	True	77.24578094482422	15.024810791015623	deepcheck	7.26429177944118	13.024825948300878	7.26429177944118	13.024825948300878	low	medium
G_r059_uneven_coverage_40pct	59	23	uneven_coverage	0.4	40.0	lognormal_sigma1.0	RS_GCF_000017505.1	Myxococcota	Bacteria	highly_fragmented	69.98148916538304	1.9999848427147453	69.98148916538304	30.792574445953857	5277990	320	3799175	462	5318845	0.4		1519670	0	0	0	True	76.39611053466797	30.63033866882324	deepcheck	6.41462136928493	28.630353826108493	6.41462136928493	28.630353826108493	low	medium
G_r060_none_control	60	0	none	0.0	0.0	control	RS_GCF_902387285.1	Thermoplasmatota	Archaea	highly_fragmented	59.90058765475058	8.393233721003483	59.90058765475058	8.393233721003483	1666795	69	1138318	69	1138318	0.0		0	0	0	0	True	55.62114715576172	1.5033990144729614	deepcheck	-4.279440498988862	-6.889834706530522	4.279440498988862	6.889834706530522	medium	medium
G_r060_substitution_0p1pct	60	1	substitution	0.001	0.1	uniform	RS_GCF_902387285.1	Thermoplasmatota	Archaea	highly_fragmented	59.90058765475058	8.393233721003483	59.90058765475058	8.393233721003483	1666795	69	1138318	69	1138318	0.0009935738350105	0.0089640838741259	0	1131	0	0	True	54.704200744628906	2.007228136062622	deepcheck	-5.196386910121674	-6.386005584940861	5.196386910121674	6.386005584940861	medium	medium
G_r060_substitution_0p5pct	60	2	substitution	0.005	0.5	uniform	RS_GCF_902387285.1	Thermoplasmatota	Archaea	highly_fragmented	59.90058765475058	8.393233721003483	59.90058765475058	8.393233721003483	1666795	69	1138318	69	1138318	0.0049037392988759	0.0441104216424403	0	5582	0	0	True	52.239967346191406	1.985771894454956	deepcheck	-7.660620308559174	-6.407461826548527	7.660620308559174	6.407461826548527	medium	medium
G_r060_substitution_1pct	60	3	substitution	0.01	1.0	uniform	RS_GCF_902387285.1	Thermoplasmatota	Archaea	highly_fragmented	59.90058765475058	8.393233721003483	59.90058765475058	8.393233721003483	1666795	69	1138318	69	1138318	0.0100394003417331	0.0864827525163591	0	11428	0	0	True	46.083251953125	1.990739226341248	deepcheck	-13.81733570162558	-6.4024944946622355	13.81733570162558	6.4024944946622355	low	medium
G_r060_substitution_2pct	60	4	substitution	0.02	2.0	uniform	RS_GCF_902387285.1	Thermoplasmatota	Archaea	highly_fragmented	59.90058765475058	8.393233721003483	59.90058765475058	8.393233721003483	1666795	69	1138318	69	1138318	0.019798561909489	0.1662522378698502	0	22537	0	0	True	43.02490234375	2.657467603683472	deepcheck	-16.87568531100058	-5.735766117320011	16.87568531100058	5.735766117320011	low	medium
G_r060_substitution_5pct	60	5	substitution	0.05	5.0	uniform	RS_GCF_902387285.1	Thermoplasmatota	Archaea	highly_fragmented	59.90058765475058	8.393233721003483	59.90058765475058	8.393233721003483	1666795	69	1138318	69	1138318	0.0499808928108651	0.3697505902753909	0	56894	0	0	True	29.11771011352539	2.5619845390319824	deepcheck	-30.78287754122519	-5.831249181971501	30.78287754122519	5.831249181971501	low	medium
G_r060_substitution_titv_0p1pct	60	6	substitution_titv	0.001	0.1	titv_2	RS_GCF_902387285.1	Thermoplasmatota	Archaea	highly_fragmented	59.90058765475058	8.393233721003483	59.90058765475058	8.393233721003483	1666795	69	1138318	69	1138318	0.0009417428391965	0.0089640838741259	0	1072	0	0	True	55.03024291992188	1.6217507123947144	deepcheck	-4.870344734828699	-6.771483008608769	4.870344734828699	6.771483008608769	medium	medium
G_r060_substitution_titv_0p5pct	60	7	substitution_titv	0.005	0.5	titv_2	RS_GCF_902387285.1	Thermoplasmatota	Archaea	highly_fragmented	59.90058765475058	8.393233721003483	59.90058765475058	8.393233721003483	1666795	69	1138318	69	1138318	0.0050688956923171	0.0441104216424403	0	5770	0	0	True	52.738189697265625	1.3079564571380615	deepcheck	-7.162397957484956	-7.085277263865422	7.162397957484956	7.085277263865422	medium	medium
G_r060_substitution_titv_1pct	60	8	substitution_titv	0.01	1.0	titv_2	RS_GCF_902387285.1	Thermoplasmatota	Archaea	highly_fragmented	59.90058765475058	8.393233721003483	59.90058765475058	8.393233721003483	1666795	69	1138318	69	1138318	0.0100437927990055	0.0864827525163591	0	11433	0	0	True	50.82125854492188	3.221362829208374	deepcheck	-9.079329109828699	-5.171870891795109	9.079329109828699	5.171870891795109	medium	medium
G_r060_substitution_titv_2pct	60	9	substitution_titv	0.02	2.0	titv_2	RS_GCF_902387285.1	Thermoplasmatota	Archaea	highly_fragmented	59.90058765475058	8.393233721003483	59.90058765475058	8.393233721003483	1666795	69	1138318	69	1138318	0.0198662057514835	0.1662522378698502	0	22614	0	0	True	48.52243423461914	2.931617498397827	deepcheck	-11.37815342013144	-5.461616222605656	11.37815342013144	5.461616222605656	low	medium
G_r060_substitution_titv_5pct	60	10	substitution_titv	0.05	5.0	titv_2	RS_GCF_902387285.1	Thermoplasmatota	Archaea	highly_fragmented	59.90058765475058	8.393233721003483	59.90058765475058	8.393233721003483	1666795	69	1138318	69	1138318	0.0497691763703368	0.3697505902753909	0	56653	0	0	True	35.12053680419922	2.3436949253082275	deepcheck	-24.780050850551362	-6.0495387956952555	24.780050850551362	6.0495387956952555	low	medium
G_r060_indel_0p1pct	60	11	indel	0.001	0.1	ins0.5_geom0.75	RS_GCF_902387285.1	Thermoplasmatota	Archaea	highly_fragmented	59.90058765475058	8.393233721003483	59.89869326218579	8.393233721003483	1666795	69	1138318	69	1138282	0.0010243183363524		0	0	1166	0	True	38.01531219482422	2.3344826698303223	deepcheck	-21.885275459926362	-6.058751051173161	21.885275459926362	6.058751051173161	low	medium
G_r060_indel_0p5pct	60	12	indel	0.005	0.5	ins0.5_geom0.75	RS_GCF_902387285.1	Thermoplasmatota	Archaea	highly_fragmented	59.90058765475058	8.393233721003483	59.896483137526864	8.393233721003483	1666795	69	1138318	69	1138240	0.0050513125506229		0	0	5750	0	True	20.23194122314453	1.574599027633667	deepcheck	-39.66864643160605	-6.818634693369816	39.66864643160605	6.818634693369816	low	medium
G_r060_indel_1pct	60	13	indel	0.01	1.0	ins0.5_geom0.75	RS_GCF_902387285.1	Thermoplasmatota	Archaea	highly_fragmented	59.90058765475058	8.393233721003483	59.89669362558961	8.393233721003483	1666795	69	1138318	69	1138244	0.0101026251012458		0	0	11500	0	True	13.659053802490234	1.367140531539917	deepcheck	-46.241533852260346	-7.026093189463566	46.241533852260346	7.026093189463566	low	medium
G_r060_indel_2pct	60	14	indel	0.02	2.0	ins0.5_geom0.75	RS_GCF_902387285.1	Thermoplasmatota	Archaea	highly_fragmented	59.90058765475058	8.393233721003483	59.89395728077381	8.393233721003483	1666795	69	1138318	69	1138192	0.0200884111469729		0	0	22867	0	True	40.61104965209961	8.65671157836914	deepcheck	-19.28953800265097	0.26347785736565754	19.28953800265097	0.26347785736565754	low	medium
G_r060_indel_5pct	60	15	indel	0.05	5.0	ins0.5_geom0.75	RS_GCF_902387285.1	Thermoplasmatota	Archaea	highly_fragmented	59.90058765475058	8.393233721003483	59.91237498626486	8.393233721003483	1666795	69	1138318	69	1138542	0.0500343489253442		0	0	56955	0	True	52.07781219482422	22.053640365600582	deepcheck	-7.822775459926362	13.6604066445971	7.822775459926362	13.6604066445971	low	medium
G_r060_chimera_5pct	60	16	chimera	0.05	5.0	rc0.5	RS_GCF_902387285.1	Thermoplasmatota	Archaea	highly_fragmented	59.90058765475058	8.393233721003483	59.90058765475058	8.393233721003483	1666795	69	1138318	67	1138318	0.0579710144927536		0	0	0	2	True	55.62203979492188	1.5039585828781128	deepcheck	-4.278547859828699	-6.88927513812537	4.278547859828699	6.88927513812537	medium	medium
G_r060_chimera_10pct	60	17	chimera	0.1	10.0	rc0.5	RS_GCF_902387285.1	Thermoplasmatota	Archaea	highly_fragmented	59.90058765475058	8.393233721003483	59.90058765475058	8.393233721003483	1666795	69	1138318	65	1138318	0.1159420289855072		0	0	0	4	True	55.56938552856445	1.4655842781066897	deepcheck	-4.3312021261861275	-6.927649442896794	4.3312021261861275	6.927649442896794	medium	medium
G_r060_chimera_20pct	60	18	chimera	0.2	20.0	rc0.5	RS_GCF_902387285.1	Thermoplasmatota	Archaea	highly_fragmented	59.90058765475058	8.393233721003483	59.90058765475058	8.393233721003483	1666795	69	1138318	62	1138318	0.2028985507246377		0	0	0	7	True	55.61492538452149	1.4998297691345217	deepcheck	-4.285662270229089	-6.893403951868962	4.285662270229089	6.893403951868962	medium	medium
G_r060_chimera_40pct	60	19	chimera	0.4	40.0	rc0.5	RS_GCF_902387285.1	Thermoplasmatota	Archaea	highly_fragmented	59.90058765475058	8.393233721003483	59.90058765475058	8.393233721003483	1666795	69	1138318	56	1138318	0.3768115942028985		0	0	0	13	True	55.66049957275391	1.5191164016723633	deepcheck	-4.240088081996667	-6.87411731933112	4.240088081996667	6.87411731933112	medium	medium
G_r060_uneven_coverage_5pct	60	20	uneven_coverage	0.05	5.0	lognormal_sigma1.0	RS_GCF_902387285.1	Thermoplasmatota	Archaea	highly_fragmented	59.90058765475058	8.393233721003483	59.90058765475058	11.80793078932922	1666795	69	1138318	73	1195234	0.0500000878489139		56916	0	0	0	True	55.50796890258789	4.819667339324951	deepcheck	-4.39261875216269	-3.573566381678532	4.39261875216269	3.573566381678532	medium	medium
G_r060_uneven_coverage_10pct	60	21	uneven_coverage	0.1	10.0	lognormal_sigma1.0	RS_GCF_902387285.1	Thermoplasmatota	Archaea	highly_fragmented	59.90058765475058	8.393233721003483	59.90058765475058	15.22262785765496	1666795	69	1138318	82	1252150	0.1000001756978278		113832	0	0	0	True	53.66305160522461	5.374526023864746	deepcheck	-6.237536049525971	-3.018707697138737	6.237536049525971	3.018707697138737	medium	medium
G_r060_uneven_coverage_20pct	60	22	uneven_coverage	0.2	20.0	lognormal_sigma1.0	RS_GCF_902387285.1	Thermoplasmatota	Archaea	highly_fragmented	59.90058765475058	8.393233721003483	59.90058765475058	22.05202199430644	1666795	69	1138318	84	1365982	0.2000003513956557		227664	0	0	0	True	53.90103912353516	15.044858932495115	deepcheck	-5.999548531215417	6.651625211491632	5.999548531215417	6.651625211491632	low	medium
G_r060_uneven_coverage_40pct	60	23	uneven_coverage	0.4	40.0	lognormal_sigma1.0	RS_GCF_902387285.1	Thermoplasmatota	Archaea	highly_fragmented	59.90058765475058	8.393233721003483	59.90058765475058	35.710750272229035	1666795	69	1138318	106	1593645	0.3999998243021722		455327	0	0	0	True	55.17669296264648	20.538124084472656	deepcheck	-4.723894692104103	12.144890363469173	4.723894692104103	12.144890363469173	low	medium
G_r061_none_control	61	0	none	0.0	0.0	control	GB_GCA_963677495.1	Cloacimonadota	Bacteria	medium	83.55392487662326	8.740706401506927	83.55392487662326	8.740706401506927	3408260	5	3145641	5	3145641	0.0		0	0	0	0	True	79.17508697509766	0.2311132848262787	deepcheck	-4.3788379015256	-8.509593116680648	4.3788379015256	8.509593116680648	medium	medium
G_r061_substitution_0p1pct	61	1	substitution	0.001	0.1	uniform	GB_GCA_963677495.1	Cloacimonadota	Bacteria	medium	83.55392487662326	8.740706401506927	83.55392487662326	8.740706401506927	3408260	5	3145641	5	3145641	0.0009988425252595	0.0089640838741259	0	3142	0	0	True	79.49388885498047	1.016505002975464	deepcheck	-4.060036021642787	-7.724201398531463	4.060036021642787	7.724201398531463	medium	medium
G_r061_substitution_0p5pct	61	2	substitution	0.005	0.5	uniform	GB_GCA_963677495.1	Cloacimonadota	Bacteria	medium	83.55392487662326	8.740706401506927	83.55392487662326	8.740706401506927	3408260	5	3145641	5	3145641	0.005023141547303	0.0441104216424403	0	15801	0	0	True	76.86437225341797	2.471737861633301	deepcheck	-6.689552623205287	-6.268968539873626	6.689552623205287	6.268968539873626	medium	medium
G_r061_substitution_1pct	61	3	substitution	0.01	1.0	uniform	GB_GCA_963677495.1	Cloacimonadota	Bacteria	medium	83.55392487662326	8.740706401506927	83.55392487662326	8.740706401506927	3408260	5	3145641	5	3145641	0.0100173541736008	0.0864827525163591	0	31511	0	0	True	72.19154357910156	2.193568706512451	deepcheck	-11.362381297521694	-6.5471376949944755	11.362381297521694	6.5471376949944755	medium	medium
G_r061_substitution_2pct	61	4	substitution	0.02	2.0	uniform	GB_GCA_963677495.1	Cloacimonadota	Bacteria	medium	83.55392487662326	8.740706401506927	83.55392487662326	8.740706401506927	3408260	5	3145641	5	3145641	0.0200521928598972	0.1662522378698502	0	63077	0	0	True	65.056396484375	3.6414856910705566	deepcheck	-18.497528392248256	-5.09922071043637	18.497528392248256	5.09922071043637	medium	medium
G_r061_substitution_5pct	61	5	substitution	0.05	5.0	uniform	GB_GCA_963677495.1	Cloacimonadota	Bacteria	medium	83.55392487662326	8.740706401506927	83.55392487662326	8.740706401506927	3408260	5	3145641	5	3145641	0.0501153818887787	0.3697505902753909	0	157645	0	0	True	39.320899963378906	2.069200277328491	deepcheck	-44.23302491324435	-6.6715061241784355	44.23302491324435	6.6715061241784355	low	medium
G_r061_substitution_titv_0p1pct	61	6	substitution_titv	0.001	0.1	titv_2	GB_GCA_963677495.1	Cloacimonadota	Bacteria	medium	83.55392487662326	8.740706401506927	83.55392487662326	8.740706401506927	3408260	5	3145641	5	3145641	0.0009921666204121	0.0089640838741259	0	3121	0	0	True	79.58711242675781	0.3483157753944397	deepcheck	-3.9668124498654436	-8.392390626112487	3.9668124498654436	8.392390626112487	medium	medium
G_r061_substitution_titv_0p5pct	61	7	substitution_titv	0.005	0.5	titv_2	GB_GCA_963677495.1	Cloacimonadota	Bacteria	medium	83.55392487662326	8.740706401506927	83.55392487662326	8.740706401506927	3408260	5	3145641	5	3145641	0.0049951663269902	0.0441104216424403	0	15713	0	0	True	77.90697479248047	1.5088237524032593	deepcheck	-5.646950084142787	-7.231882649103667	5.646950084142787	7.231882649103667	medium	medium
G_r061_substitution_titv_1pct	61	8	substitution_titv	0.01	1.0	titv_2	GB_GCA_963677495.1	Cloacimonadota	Bacteria	medium	83.55392487662326	8.740706401506927	83.55392487662326	8.740706401506927	3408260	5	3145641	5	3145641	0.010098100832231	0.0864827525163591	0	31765	0	0	True	73.2608413696289	2.035801887512207	deepcheck	-10.29308350699435	-6.70490451399472	10.29308350699435	6.70490451399472	medium	medium
G_r061_substitution_titv_2pct	61	9	substitution_titv	0.02	2.0	titv_2	GB_GCA_963677495.1	Cloacimonadota	Bacteria	medium	83.55392487662326	8.740706401506927	83.55392487662326	8.740706401506927	3408260	5	3145641	5	3145641	0.0200490138575889	0.1662522378698502	0	63067	0	0	True	65.3127670288086	2.175917387008667	deepcheck	-18.241157847814662	-6.56478901449826	18.241157847814662	6.56478901449826	medium	medium
G_r061_substitution_titv_5pct	61	10	substitution_titv	0.05	5.0	titv_2	GB_GCA_963677495.1	Cloacimonadota	Bacteria	medium	83.55392487662326	8.740706401506927	83.55392487662326	8.740706401506927	3408260	5	3145641	5	3145641	0.0499707372837523	0.3697505902753909	0	157190	0	0	True	57.01649856567383	2.1508169174194336	deepcheck	-26.537426310949428	-6.589889484087493	26.537426310949428	6.589889484087493	medium	medium
G_r061_indel_0p1pct	61	11	indel	0.001	0.1	ins0.5_geom0.75	GB_GCA_963677495.1	Cloacimonadota	Bacteria	medium	83.55392487662326	8.740706401506927	83.55177336985088	8.740706401506927	3408260	5	3145641	5	3145560	0.0010036110287219		0	0	3157	0	True	66.43380737304688	2.171020269393921	deepcheck	-17.12011750357638	-6.569686132113006	17.12011750357638	6.569686132113006	medium	medium
G_r061_indel_0p5pct	61	12	indel	0.005	0.5	ins0.5_geom0.75	GB_GCA_963677495.1	Cloacimonadota	Bacteria	medium	83.55392487662326	8.740706401506927	83.55692636137981	8.740706401506927	3408260	5	3145641	5	3145754	0.0050275921505346		0	0	15815	0	True	33.39231491088867	2.9855875968933105	deepcheck	-50.161609965734584	-5.755118804613616	50.161609965734584	5.755118804613616	low	medium
G_r061_indel_1pct	61	13	indel	0.01	1.0	ins0.5_geom0.75	GB_GCA_963677495.1	Cloacimonadota	Bacteria	medium	83.55392487662326	8.740706401506927	83.5618668584127	8.740706401506927	3408260	5	3145641	5	3145940	0.0100055918650602		0	0	31474	0	True	25.69214630126953	4.259278774261475	deepcheck	-57.861778575353725	-4.481427627245452	57.861778575353725	4.481427627245452	low	medium
G_r061_indel_2pct	61	14	indel	0.02	2.0	ins0.5_geom0.75	GB_GCA_963677495.1	Cloacimonadota	Bacteria	medium	83.55392487662326	8.740706401506927	83.54547822040573	8.740706401506927	3408260	5	3145641	5	3145323	0.0199323444728753		0	0	62700	0	True	54.2342414855957	15.48318862915039	deepcheck	-29.319683391027553	6.742482227643464	29.319683391027553	6.742482227643464	low	medium
G_r061_indel_5pct	61	15	indel	0.05	5.0	ins0.5_geom0.75	GB_GCA_963677495.1	Cloacimonadota	Bacteria	medium	83.55392487662326	8.740706401506927	83.55254366239902	8.740706401506927	3408260	5	3145641	5	3145589	0.0498877653235064		0	0	156929	0	True	57.093994140625	27.085506439208984	deepcheck	-26.459930735998256	18.344800037702058	26.459930735998256	18.344800037702058	low	medium
G_r061_chimera_5pct	61	16	chimera	0.05	5.0	rc0.5	GB_GCA_963677495.1	Cloacimonadota	Bacteria	medium	83.55392487662326	8.740706401506927	83.55392487662326	8.740706401506927	3408260	5	3145641	5	3145641	0.0		0	0	0	0	True	79.17508697509766	0.2311132848262787	deepcheck	-4.3788379015256	-8.509593116680648	4.3788379015256	8.509593116680648	medium	medium
G_r061_chimera_10pct	61	17	chimera	0.1	10.0	rc0.5	GB_GCA_963677495.1	Cloacimonadota	Bacteria	medium	83.55392487662326	8.740706401506927	83.55392487662326	8.740706401506927	3408260	5	3145641	5	3145641	0.0		0	0	0	0	True	79.17508697509766	0.2311132848262787	deepcheck	-4.3788379015256	-8.509593116680648	4.3788379015256	8.509593116680648	medium	medium
G_r061_chimera_20pct	61	18	chimera	0.2	20.0	rc0.5	GB_GCA_963677495.1	Cloacimonadota	Bacteria	medium	83.55392487662326	8.740706401506927	83.55392487662326	8.740706401506927	3408260	5	3145641	5	3145641	0.0		0	0	0	0	True	79.17508697509766	0.2311132848262787	deepcheck	-4.3788379015256	-8.509593116680648	4.3788379015256	8.509593116680648	medium	medium
G_r061_chimera_40pct	61	19	chimera	0.4	40.0	rc0.5	GB_GCA_963677495.1	Cloacimonadota	Bacteria	medium	83.55392487662326	8.740706401506927	83.55392487662326	8.740706401506927	3408260	5	3145641	4	3145641	0.4		0	0	0	1	True	79.17388916015625	0.2310797572135925	deepcheck	-4.380035716467006	-8.509626644293334	4.380035716467006	8.509626644293334	medium	medium
G_r061_uneven_coverage_5pct	61	20	uneven_coverage	0.05	5.0	lognormal_sigma1.0	GB_GCA_963677495.1	Cloacimonadota	Bacteria	medium	83.55392487662326	8.740706401506927	83.55392487662326	13.355436498389208	3408260	5	3145641	6	3302923	0.0499999841049884		157282	0	0	0	True	79.97220611572266	5.045169830322266	deepcheck	-3.5817187609006	-3.695536571184661	3.5817187609006	3.695536571184661	medium	medium
G_r061_uneven_coverage_10pct	61	21	uneven_coverage	0.1	10.0	lognormal_sigma1.0	GB_GCA_963677495.1	Cloacimonadota	Bacteria	medium	83.55392487662326	8.740706401506927	83.55392487662326	17.970166595271486	3408260	5	3145641	6	3460205	0.0999999682099769		314564	0	0	0	True	80.48494720458984	7.271864414215088	deepcheck	-3.0689776720334123	-1.4688419872918388	3.0689776720334123	1.4688419872918388	medium	medium
G_r061_uneven_coverage_20pct	61	22	uneven_coverage	0.2	20.0	lognormal_sigma1.0	GB_GCA_963677495.1	Cloacimonadota	Bacteria	medium	83.55392487662326	8.740706401506927	83.55392487662326	27.19962678903605	3408260	5	3145641	7	3774769	0.1999999364199538		629128	0	0	0	True	80.89673614501953	10.490086555480955	deepcheck	-2.657188731603725	1.7493801539740286	2.657188731603725	1.7493801539740286	low	medium
G_r061_uneven_coverage_40pct	61	23	uneven_coverage	0.4	40.0	lognormal_sigma1.0	GB_GCA_963677495.1	Cloacimonadota	Bacteria	medium	83.55392487662326	8.740706401506927	83.55392487662326	45.658547176565165	3408260	5	3145641	7	4403897	0.3999998728399077		1258256	0	0	0	True	80.2685775756836	31.19408798217773	deepcheck	-3.2853473009396623	22.453381580670804	3.2853473009396623	22.453381580670804	low	medium
G_r062_none_control	62	0	none	0.0	0.0	control	RS_GCF_000024905.1	Synergistota	Bacteria	low	80.77576422497692	4.999962130925293	80.77576422497692	4.999962130925293	1848474	13	1585542	13	1585542	0.0		0	0	0	0	True	75.3805160522461	-0.1120634377002716	deepcheck	-5.395248172730831	-5.1120255686255645	5.395248172730831	5.1120255686255645	medium	medium
G_r062_substitution_0p1pct	62	1	substitution	0.001	0.1	uniform	RS_GCF_000024905.1	Synergistota	Bacteria	low	80.77576422497692	4.999962130925293	80.77576422497692	4.999962130925293	1848474	13	1585542	13	1585542	0.0010475912968562	0.0089640838741259	0	1661	0	0	True	74.86051940917969	-0.0256843864917755	deepcheck	-5.915244815797237	-5.025646517417068	5.915244815797237	5.025646517417068	medium	medium
G_r062_substitution_0p5pct	62	2	substitution	0.005	0.5	uniform	RS_GCF_000024905.1	Synergistota	Bacteria	low	80.77576422497692	4.999962130925293	80.77576422497692	4.999962130925293	1848474	13	1585542	13	1585542	0.0049490962711804	0.0441104216424403	0	7847	0	0	True	71.93924713134766	0.2642340958118438	deepcheck	-8.836517093629269	-4.735728035113449	8.836517093629269	4.735728035113449	medium	medium
G_r062_substitution_1pct	62	3	substitution	0.01	1.0	uniform	RS_GCF_000024905.1	Synergistota	Bacteria	low	80.77576422497692	4.999962130925293	80.77576422497692	4.999962130925293	1848474	13	1585542	13	1585542	0.0099410800849173	0.0864827525163591	0	15762	0	0	True	70.36902618408203	1.214455485343933	deepcheck	-10.406738040894894	-3.7855066455813597	10.406738040894894	3.7855066455813597	medium	medium
G_r062_substitution_2pct	62	4	substitution	0.02	2.0	uniform	RS_GCF_000024905.1	Synergistota	Bacteria	low	80.77576422497692	4.999962130925293	80.77576422497692	4.999962130925293	1848474	13	1585542	13	1585542	0.0199149565259072	0.1662522378698502	0	31576	0	0	True	62.100135803222656	1.066658616065979	deepcheck	-18.67562842175427	-3.933303514859314	18.67562842175427	3.933303514859314	medium	medium
G_r062_substitution_5pct	62	5	substitution	0.05	5.0	uniform	RS_GCF_000024905.1	Synergistota	Bacteria	low	80.77576422497692	4.999962130925293	80.77576422497692	4.999962130925293	1848474	13	1585542	13	1585542	0.0498889338787619	0.3697505902753909	0	79101	0	0	True	46.98805236816406	2.33069396018982	deepcheck	-33.78771185681286	-2.669268170735473	33.78771185681286	2.669268170735473	low	medium
G_r062_substitution_titv_0p1pct	62	6	substitution_titv	0.001	0.1	titv_2	RS_GCF_000024905.1	Synergistota	Bacteria	low	80.77576422497692	4.999962130925293	80.77576422497692	4.999962130925293	1848474	13	1585542	13	1585542	0.0009832599830215	0.0089640838741259	0	1559	0	0	True	75.08020782470703	-0.1292496919631958	deepcheck	-5.6955564002698935	-5.129211822888489	5.6955564002698935	5.129211822888489	medium	medium
G_r062_substitution_titv_0p5pct	62	7	substitution_titv	0.005	0.5	titv_2	RS_GCF_000024905.1	Synergistota	Bacteria	low	80.77576422497692	4.999962130925293	80.77576422497692	4.999962130925293	1848474	13	1585542	13	1585542	0.0050411783478457	0.0441104216424403	0	7993	0	0	True	73.9979019165039	0.7486201524734497	deepcheck	-6.7778623084730185	-4.251341978451843	6.7778623084730185	4.251341978451843	medium	medium
G_r062_substitution_titv_1pct	62	8	substitution_titv	0.01	1.0	titv_2	RS_GCF_000024905.1	Synergistota	Bacteria	low	80.77576422497692	4.999962130925293	80.77576422497692	4.999962130925293	1848474	13	1585542	13	1585542	0.0101593019926309	0.0864827525163591	0	16108	0	0	True	71.25782775878906	0.1969616860151291	deepcheck	-9.517936466187862	-4.803000444910164	9.517936466187862	4.803000444910164	medium	medium
G_r062_substitution_titv_2pct	62	9	substitution_titv	0.02	2.0	titv_2	RS_GCF_000024905.1	Synergistota	Bacteria	low	80.77576422497692	4.999962130925293	80.77576422497692	4.999962130925293	1848474	13	1585542	13	1585542	0.019925047712391	0.1662522378698502	0	31592	0	0	True	75.22615051269531	1.620448350906372	deepcheck	-5.549613712281612	-3.3795137800189208	5.549613712281612	3.3795137800189208	medium	medium
G_r062_substitution_titv_5pct	62	10	substitution_titv	0.05	5.0	titv_2	RS_GCF_000024905.1	Synergistota	Bacteria	low	80.77576422497692	4.999962130925293	80.77576422497692	4.999962130925293	1848474	13	1585542	13	1585542	0.049972816866409	0.3697505902753909	0	79234	0	0	True	56.57200622558594	2.0676724910736084	deepcheck	-24.203757999390987	-2.9322896398516844	24.203757999390987	2.9322896398516844	medium	medium
G_r062_indel_0p1pct	62	11	indel	0.001	0.1	ins0.5_geom0.75	RS_GCF_000024905.1	Synergistota	Bacteria	low	80.77576422497692	4.999962130925293	80.7756623345644	4.999962130925293	1848474	13	1585542	13	1585540	0.0010059651526102		0	0	1595	0	True	59.22867584228516	1.100353479385376	deepcheck	-21.54708838269176	-3.899608651539917	21.54708838269176	3.899608651539917	medium	medium
G_r062_indel_0p5pct	62	12	indel	0.005	0.5	ins0.5_geom0.75	RS_GCF_000024905.1	Synergistota	Bacteria	low	80.77576422497692	4.999962130925293	80.78844958133583	4.999962130925293	1848474	13	1585542	13	1585791	0.004997660106134		0	0	7924	0	True	32.42599105834961	3.679488897323608	deepcheck	-48.349773166627315	-1.320473233601685	48.349773166627315	1.320473233601685	low	medium
G_r062_indel_1pct	62	13	indel	0.01	1.0	ins0.5_geom0.75	RS_GCF_000024905.1	Synergistota	Bacteria	low	80.77576422497692	4.999962130925293	80.79181196494903	4.999962130925293	1848474	13	1585542	13	1585857	0.0100218095767882		0	0	15890	0	True	19.7900505065918	0.6348066329956055	deepcheck	-60.98571371838513	-4.365155497929687	60.98571371838513	4.365155497929687	low	medium
G_r062_indel_2pct	62	14	indel	0.02	2.0	ins0.5_geom0.75	RS_GCF_000024905.1	Synergistota	Bacteria	low	80.77576422497692	4.999962130925293	80.79079306082384	4.999962130925293	1848474	13	1585542	13	1585837	0.0201659747896933		0	0	31974	0	True	25.126588821411133	2.4211130142211914	deepcheck	-55.64917540356579	-2.5788491167041014	55.64917540356579	2.5788491167041014	low	medium
G_r062_indel_5pct	62	15	indel	0.05	5.0	ins0.5_geom0.75	RS_GCF_000024905.1	Synergistota	Bacteria	low	80.77576422497692	4.999962130925293	80.78467963607254	4.999962130925293	1848474	13	1585542	13	1585717	0.0499444354044232		0	0	79189	0	True	50.13910675048828	27.965316772460938	deepcheck	-30.636657474488644	22.965354641535644	30.636657474488644	22.965354641535644	low	medium
G_r062_chimera_5pct	62	16	chimera	0.05	5.0	rc0.5	RS_GCF_000024905.1	Synergistota	Bacteria	low	80.77576422497692	4.999962130925293	80.77576422497692	4.999962130925293	1848474	13	1585542	13	1585542	0.0		0	0	0	0	True	75.3805160522461	-0.1120634377002716	deepcheck	-5.395248172730831	-5.1120255686255645	5.395248172730831	5.1120255686255645	medium	medium
G_r062_chimera_10pct	62	17	chimera	0.1	10.0	rc0.5	RS_GCF_000024905.1	Synergistota	Bacteria	low	80.77576422497692	4.999962130925293	80.77576422497692	4.999962130925293	1848474	13	1585542	12	1585542	0.1538461538461538		0	0	0	1	True	75.37911987304688	-0.1122035086154937	deepcheck	-5.39664435193005	-5.112165639540787	5.39664435193005	5.112165639540787	medium	medium
G_r062_chimera_20pct	62	18	chimera	0.2	20.0	rc0.5	RS_GCF_000024905.1	Synergistota	Bacteria	low	80.77576422497692	4.999962130925293	80.77576422497692	4.999962130925293	1848474	13	1585542	12	1585542	0.1538461538461538		0	0	0	1	True	75.37897491455078	-0.1122109591960907	deepcheck	-5.3967893104261435	-5.1121730901213835	5.3967893104261435	5.1121730901213835	medium	medium
G_r062_chimera_40pct	62	19	chimera	0.4	40.0	rc0.5	RS_GCF_000024905.1	Synergistota	Bacteria	low	80.77576422497692	4.999962130925293	80.77576422497692	4.999962130925293	1848474	13	1585542	10	1585542	0.4615384615384615		0	0	0	3	True	75.37203216552734	-0.1129038631916046	deepcheck	-5.403732059449581	-5.1128659941168975	5.403732059449581	5.1128659941168975	medium	medium
G_r062_uneven_coverage_5pct	62	20	uneven_coverage	0.05	5.0	lognormal_sigma1.0	RS_GCF_000024905.1	Synergistota	Bacteria	low	80.77576422497692	4.999962130925293	80.77576422497692	9.288743038852587	1848474	13	1585542	14	1664819	0.0499999369300844		79277	0	0	0	True	75.39344787597656	0.7927644848823547	deepcheck	-5.382316349000362	-4.207197646042938	5.382316349000362	4.207197646042938	medium	medium
G_r062_uneven_coverage_10pct	62	21	uneven_coverage	0.1	10.0	lognormal_sigma1.0	RS_GCF_000024905.1	Synergistota	Bacteria	low	80.77576422497692	4.999962130925293	80.77576422497692	13.577523946779884	1848474	13	1585542	16	1744096	0.0999998738601689		158554	0	0	0	True	74.10820770263672	5.196417331695557	deepcheck	-6.667556522340206	0.1964552007702638	6.667556522340206	0.1964552007702638	medium	medium
G_r062_uneven_coverage_20pct	62	22	uneven_coverage	0.2	20.0	lognormal_sigma1.0	RS_GCF_000024905.1	Synergistota	Bacteria	low	80.77576422497692	4.999962130925293	80.77576422497692	22.155085762634474	1848474	13	1585542	16	1902650	0.1999997477203379		317108	0	0	0	True	74.04499816894531	11.365259170532228	deepcheck	-6.730766056031612	6.3652970396069355	6.730766056031612	6.3652970396069355	low	medium
G_r062_uneven_coverage_40pct	62	23	uneven_coverage	0.4	40.0	lognormal_sigma1.0	RS_GCF_000024905.1	Synergistota	Bacteria	low	80.77576422497692	4.999962130925293	80.77576422497692	39.31026349302181	1848474	13	1585542	21	2219759	0.400000126139831		634217	0	0	0	True	73.77855682373047	24.605201721191406	deepcheck	-6.997207401246456	19.605239590266113	6.997207401246456	19.605239590266113	low	medium
G_r063_none_control	63	0	none	0.0	0.0	control	GB_GCA_951812745.1	Nitrospirota	Bacteria	high	100.0	0.0	100.0	0.0	2346994	2	2346994	2	2346994	0.0		0	0	0	0	True	96.24282836914062	0.2964682877063751	deepcheck	-3.757171630859375	0.2964682877063751	3.757171630859375	0.2964682877063751	high	high
G_r063_substitution_0p1pct	63	1	substitution	0.001	0.1	uniform	GB_GCA_951812745.1	Nitrospirota	Bacteria	high	100.0	0.0	100.0	0.0	2346994	2	2346994	2	2346994	0.0010161934798299	0.0089640838741259	0	2385	0	0	True	96.30734252929688	0.4807703197002411	deepcheck	-3.692657470703125	0.4807703197002411	3.692657470703125	0.4807703197002411	high	high
G_r063_substitution_0p5pct	63	2	substitution	0.005	0.5	uniform	GB_GCA_951812745.1	Nitrospirota	Bacteria	high	100.0	0.0	100.0	0.0	2346994	2	2346994	2	2346994	0.0049753003203246	0.0441104216424403	0	11677	0	0	True	93.934814453125	0.7463209629058838	deepcheck	-6.065185546875	0.7463209629058838	6.065185546875	0.7463209629058838	high	high
G_r063_substitution_1pct	63	3	substitution	0.01	1.0	uniform	GB_GCA_951812745.1	Nitrospirota	Bacteria	high	100.0	0.0	100.0	0.0	2346994	2	2346994	2	2346994	0.0099565657176797	0.0864827525163591	0	23368	0	0	True	89.43757629394531	1.7066359519958496	deepcheck	-10.562423706054688	1.7066359519958496	10.562423706054688	1.7066359519958496	medium	high
G_r063_substitution_2pct	63	4	substitution	0.02	2.0	uniform	GB_GCA_951812745.1	Nitrospirota	Bacteria	high	100.0	0.0	100.0	0.0	2346994	2	2346994	2	2346994	0.0200528846686442	0.1662522378698502	0	47064	0	0	True	85.502197265625	4.690182209014893	deepcheck	-14.497802734375	4.690182209014893	14.497802734375	4.690182209014893	medium	high
G_r063_substitution_5pct	63	5	substitution	0.05	5.0	uniform	GB_GCA_951812745.1	Nitrospirota	Bacteria	high	100.0	0.0	100.0	0.0	2346994	2	2346994	2	2346994	0.0500137622848631	0.3697505902753909	0	117382	0	0	True	62.637962341308594	4.733191013336182	deepcheck	-37.362037658691406	4.733191013336182	37.362037658691406	4.733191013336182	medium	high
G_r063_substitution_titv_0p1pct	63	6	substitution_titv	0.001	0.1	titv_2	GB_GCA_951812745.1	Nitrospirota	Bacteria	high	100.0	0.0	100.0	0.0	2346994	2	2346994	2	2346994	0.0010012807872538	0.0089640838741259	0	2350	0	0	True	95.24038696289062	0.2126373350620269	deepcheck	-4.759613037109375	0.2126373350620269	4.759613037109375	0.2126373350620269	high	high
G_r063_substitution_titv_0p5pct	63	7	substitution_titv	0.005	0.5	titv_2	GB_GCA_951812745.1	Nitrospirota	Bacteria	high	100.0	0.0	100.0	0.0	2346994	2	2346994	2	2346994	0.0050196123211222	0.0441104216424403	0	11781	0	0	True	94.12215423583984	1.8554426431655884	deepcheck	-5.877845764160156	1.8554426431655884	5.877845764160156	1.8554426431655884	high	high
G_r063_substitution_titv_1pct	63	8	substitution_titv	0.01	1.0	titv_2	GB_GCA_951812745.1	Nitrospirota	Bacteria	high	100.0	0.0	100.0	0.0	2346994	2	2346994	2	2346994	0.0099714784102558	0.0864827525163591	0	23403	0	0	True	91.16291046142578	4.621606349945068	deepcheck	-8.837089538574219	4.621606349945068	8.837089538574219	4.621606349945068	high	high
G_r063_substitution_titv_2pct	63	9	substitution_titv	0.02	2.0	titv_2	GB_GCA_951812745.1	Nitrospirota	Bacteria	high	100.0	0.0	100.0	0.0	2346994	2	2346994	2	2346994	0.0199957903599242	0.1662522378698502	0	46930	0	0	True	86.78038024902344	4.485776901245117	deepcheck	-13.219619750976562	4.485776901245117	13.219619750976562	4.485776901245117	medium	high
G_r063_substitution_titv_5pct	63	10	substitution_titv	0.05	5.0	titv_2	GB_GCA_951812745.1	Nitrospirota	Bacteria	high	100.0	0.0	100.0	0.0	2346994	2	2346994	2	2346994	0.0499754153610959	0.3697505902753909	0	117292	0	0	True	64.58016967773438	2.76899790763855	deepcheck	-35.419830322265625	2.76899790763855	35.419830322265625	2.76899790763855	medium	high
G_r063_indel_0p1pct	63	11	indel	0.001	0.1	ins0.5_geom0.75	GB_GCA_951812745.1	Nitrospirota	Bacteria	high	100.0	0.0	99.9986365538216	0.0	2346994	2	2346994	2	2346962	0.0010396277110209		0	0	2440	0	True	75.2689208984375	1.71083664894104	deepcheck	-24.7310791015625	1.71083664894104	24.7310791015625	1.71083664894104	medium	high
G_r063_indel_0p5pct	63	12	indel	0.005	0.5	ins0.5_geom0.75	GB_GCA_951812745.1	Nitrospirota	Bacteria	high	100.0	0.0	100.01533876950688	0.0	2346994	2	2346994	2	2347354	0.005041768321521		0	0	11833	0	True	40.19997787475586	5.254388332366943	deepcheck	-59.80002212524414	5.254388332366943	59.80002212524414	5.254388332366943	low	high
G_r063_indel_1pct	63	13	indel	0.01	1.0	ins0.5_geom0.75	GB_GCA_951812745.1	Nitrospirota	Bacteria	high	100.0	0.0	99.9922880075535	0.0	2346994	2	2346994	2	2346813	0.0100451897192749		0	0	23576	0	True	20.548490524291992	2.0926804542541504	deepcheck	-79.45150947570801	2.0926804542541504	79.45150947570801	2.0926804542541504	low	high
G_r063_indel_2pct	63	14	indel	0.02	2.0	ins0.5_geom0.75	GB_GCA_951812745.1	Nitrospirota	Bacteria	high	100.0	0.0	100.00298253851524	0.0	2346994	2	2346994	2	2347064	0.0199962164368549		0	0	46931	0	True	21.79199981689453	1.465411901473999	deepcheck	-78.20800018310547	1.465411901473999	78.20800018310547	1.465411901473999	low	high
G_r063_indel_5pct	63	15	indel	0.05	5.0	ins0.5_geom0.75	GB_GCA_951812745.1	Nitrospirota	Bacteria	high	100.0	0.0	99.99518533068256	0.0	2346994	2	2346994	2	2346881	0.0500597785933837		0	0	117490	0	True	49.82111358642578	14.427078247070312	deepcheck	-50.17888641357422	14.427078247070312	50.17888641357422	14.427078247070312	low	high
G_r063_chimera_5pct	63	16	chimera	0.05	5.0	rc0.5	GB_GCA_951812745.1	Nitrospirota	Bacteria	high	100.0	0.0	100.0	0.0	2346994	2	2346994	1	2346994	1.0		0	0	0	1	True	96.3095245361328	0.2946354448795318	deepcheck	-3.6904754638672017	0.2946354448795318	3.6904754638672017	0.2946354448795318	high	high
G_r063_chimera_10pct	63	17	chimera	0.1	10.0	rc0.5	GB_GCA_951812745.1	Nitrospirota	Bacteria	high	100.0	0.0	100.0	0.0	2346994	2	2346994	2	2346994	0.0		0	0	0	0	True	96.24282836914062	0.2964682877063751	deepcheck	-3.757171630859375	0.2964682877063751	3.757171630859375	0.2964682877063751	high	high
G_r063_chimera_20pct	63	18	chimera	0.2	20.0	rc0.5	GB_GCA_951812745.1	Nitrospirota	Bacteria	high	100.0	0.0	100.0	0.0	2346994	2	2346994	2	2346994	0.0		0	0	0	0	True	96.24282836914062	0.2964682877063751	deepcheck	-3.757171630859375	0.2964682877063751	3.757171630859375	0.2964682877063751	high	high
G_r063_chimera_40pct	63	19	chimera	0.4	40.0	rc0.5	GB_GCA_951812745.1	Nitrospirota	Bacteria	high	100.0	0.0	100.0	0.0	2346994	2	2346994	2	2346994	0.0		0	0	0	0	True	96.24282836914062	0.2964682877063751	deepcheck	-3.757171630859375	0.2964682877063751	3.757171630859375	0.2964682877063751	high	high
G_r063_uneven_coverage_5pct	63	20	uneven_coverage	0.05	5.0	lognormal_sigma1.0	GB_GCA_951812745.1	Nitrospirota	Bacteria	high	100.0	0.0	100.0	5.000012782307922	2346994	2	2346994	3	2464344	0.0500001278230792		117350	0	0	0	True	96.64373779296876	4.6397247314453125	deepcheck	-3.356262207031236	4.6397247314453125	3.356262207031236	4.6397247314453125	high	high
G_r063_uneven_coverage_10pct	63	21	uneven_coverage	0.1	10.0	lognormal_sigma1.0	GB_GCA_951812745.1	Nitrospirota	Bacteria	high	100.0	0.0	100.0	9.99998295692277	2346994	2	2346994	3	2581693	0.0999998295692277		234699	0	0	0	True	95.98419952392578	9.198647499084473	deepcheck	-4.015800476074219	9.198647499084473	4.015800476074219	9.198647499084473	medium	high
G_r063_uneven_coverage_20pct	63	22	uneven_coverage	0.2	20.0	lognormal_sigma1.0	GB_GCA_951812745.1	Nitrospirota	Bacteria	high	100.0	0.0	100.0	20.00000852153861	2346994	2	2346994	3	2816393	0.2000000852153861		469399	0	0	0	True	96.33116912841795	18.45563316345215	deepcheck	-3.6688308715820455	18.45563316345215	3.6688308715820455	18.45563316345215	low	high
G_r063_uneven_coverage_40pct	63	23	uneven_coverage	0.4	40.0	lognormal_sigma1.0	GB_GCA_951812745.1	Nitrospirota	Bacteria	high	100.0	0.0	100.0	40.00001704307723	2346994	2	2346994	3	3285792	0.4000001704307723		938798	0	0	0	True	96.3227310180664	31.091590881347656	deepcheck	-3.6772689819335938	31.091590881347656	3.6772689819335938	31.091590881347656	low	high
G_r064_none_control	64	0	none	0.0	0.0	control	RS_GCF_016615815.1	Pseudomonadota	Bacteria	medium	100.0	1.999989406485085	100.0	1.999989406485085	3020716	6	3081130	6	3081130	0.0		0	0	0	0	True	99.30165100097656	1.0538674592971802	deepcheck	-0.6983489990234375	-0.9461219471879048	0.6983489990234375	0.9461219471879048	high	high
G_r064_substitution_0p1pct	64	1	substitution	0.001	0.1	uniform	RS_GCF_016615815.1	Pseudomonadota	Bacteria	medium	100.0	1.999989406485085	100.0	1.999989406485085	3020716	6	3081130	6	3081130	0.0010223521889696	0.0089640838741259	0	3150	0	0	True	99.20794677734376	1.3482935428619385	deepcheck	-0.7920532226562358	-0.6516958636231465	0.7920532226562358	0.6516958636231465	high	high
G_r064_substitution_0p5pct	64	2	substitution	0.005	0.5	uniform	RS_GCF_016615815.1	Pseudomonadota	Bacteria	medium	100.0	1.999989406485085	100.0	1.999989406485085	3020716	6	3081130	6	3081130	0.0049900523509232	0.0441104216424403	0	15375	0	0	True	97.66618347167967	2.2035441398620605	deepcheck	-2.3338165283203267	0.2035547333769756	2.3338165283203267	0.2035547333769756	high	high
G_r064_substitution_1pct	64	3	substitution	0.01	1.0	uniform	RS_GCF_016615815.1	Pseudomonadota	Bacteria	medium	100.0	1.999989406485085	100.0	1.999989406485085	3020716	6	3081130	6	3081130	0.0100784452457377	0.0864827525163591	0	31053	0	0	True	97.33802795410156	4.826826572418213	deepcheck	-2.6619720458984375	2.826837165933128	2.6619720458984375	2.826837165933128	high	high
G_r064_substitution_2pct	64	4	substitution	0.02	2.0	uniform	RS_GCF_016615815.1	Pseudomonadota	Bacteria	medium	100.0	1.999989406485085	100.0	1.999989406485085	3020716	6	3081130	6	3081130	0.0199955860349936	0.1662522378698502	0	61609	0	0	True	92.9677505493164	5.509450912475586	deepcheck	-7.032249450683594	3.509461505990501	7.032249450683594	3.509461505990501	medium	high
G_r064_substitution_5pct	64	5	substitution	0.05	5.0	uniform	RS_GCF_016615815.1	Pseudomonadota	Bacteria	medium	100.0	1.999989406485085	100.0	1.999989406485085	3020716	6	3081130	6	3081130	0.0501884049033958	0.3697505902753909	0	154637	0	0	True	77.67949676513672	4.989191055297852	deepcheck	-22.32050323486328	2.9892016488127666	22.32050323486328	2.9892016488127666	medium	high
G_r064_substitution_titv_0p1pct	64	6	substitution_titv	0.001	0.1	titv_2	RS_GCF_016615815.1	Pseudomonadota	Bacteria	medium	100.0	1.999989406485085	100.0	1.999989406485085	3020716	6	3081130	6	3081130	0.0009915193451753	0.0089640838741259	0	3055	0	0	True	99.30486297607422	1.4416731595993042	deepcheck	-0.6951370239257812	-0.5583162468857807	0.6951370239257812	0.5583162468857807	high	high
G_r064_substitution_titv_0p5pct	64	7	substitution_titv	0.005	0.5	titv_2	RS_GCF_016615815.1	Pseudomonadota	Bacteria	medium	100.0	1.999989406485085	100.0	1.999989406485085	3020716	6	3081130	6	3081130	0.0049306585570878	0.0441104216424403	0	15192	0	0	True	97.6935043334961	1.8358542919158936	deepcheck	-2.3064956665039062	-0.1641351145691914	2.3064956665039062	0.1641351145691914	high	high
G_r064_substitution_titv_1pct	64	8	substitution_titv	0.01	1.0	titv_2	RS_GCF_016615815.1	Pseudomonadota	Bacteria	medium	100.0	1.999989406485085	100.0	1.999989406485085	3020716	6	3081130	6	3081130	0.0100372266019285	0.0864827525163591	0	30926	0	0	True	93.78883361816406	4.70186185836792	deepcheck	-6.2111663818359375	2.701872451882835	6.2111663818359375	2.701872451882835	high	high
G_r064_substitution_titv_2pct	64	9	substitution_titv	0.02	2.0	titv_2	RS_GCF_016615815.1	Pseudomonadota	Bacteria	medium	100.0	1.999989406485085	100.0	1.999989406485085	3020716	6	3081130	6	3081130	0.0199595602911918	0.1662522378698502	0	61498	0	0	True	89.3344955444336	2.529892444610596	deepcheck	-10.665504455566406	0.5299030381255112	10.665504455566406	0.5299030381255112	medium	high
G_r064_substitution_titv_5pct	64	10	substitution_titv	0.05	5.0	titv_2	RS_GCF_016615815.1	Pseudomonadota	Bacteria	medium	100.0	1.999989406485085	100.0	1.999989406485085	3020716	6	3081130	6	3081130	0.0500757838844839	0.3697505902753909	0	154290	0	0	True	78.47000122070312	2.948339939117432	deepcheck	-21.529998779296875	0.9483505326323471	21.529998779296875	0.9483505326323471	medium	high
G_r064_indel_0p1pct	64	11	indel	0.001	0.1	ins0.5_geom0.75	RS_GCF_016615815.1	Pseudomonadota	Bacteria	medium	100.0	1.999989406485085	100.0018175150026	1.999989406485085	3020716	6	3081130	6	3081186	0.0010096944952014		0	0	3111	0	True	71.3448257446289	3.53580379486084	deepcheck	-28.655174255371094	1.535814388375755	28.655174255371094	1.535814388375755	medium	high
G_r064_indel_0p5pct	64	12	indel	0.005	0.5	ins0.5_geom0.75	RS_GCF_016615815.1	Pseudomonadota	Bacteria	medium	100.0	1.999989406485085	100.00714023751028	1.999989406485085	3020716	6	3081130	6	3081350	0.0050095257259511		0	0	15435	0	True	38.577144622802734	5.112745761871338	deepcheck	-61.422855377197266	3.112756355386253	61.422855377197266	3.112756355386253	low	high
G_r064_indel_1pct	64	13	indel	0.01	1.0	ins0.5_geom0.75	RS_GCF_016615815.1	Pseudomonadota	Bacteria	medium	100.0	1.999989406485085	100.0024990831286	1.999989406485085	3020716	6	3081130	6	3081207	0.0100446913956892		0	0	30949	0	True	21.49549102783203	0.6858206987380981	deepcheck	-78.50450897216797	-1.3141687077469868	78.50450897216797	1.3141687077469868	low	high
G_r064_indel_2pct	64	14	indel	0.02	2.0	ins0.5_geom0.75	RS_GCF_016615815.1	Pseudomonadota	Bacteria	medium	100.0	1.999989406485085	100.00379730813049	1.999989406485085	3020716	6	3081130	6	3081247	0.020093926578885		0	0	61912	0	True	25.020732879638672	1.9630275964736936	deepcheck	-74.97926712036133	-0.036961810011391316	74.97926712036133	0.036961810011391316	low	high
G_r064_indel_5pct	64	15	indel	0.05	5.0	ins0.5_geom0.75	RS_GCF_016615815.1	Pseudomonadota	Bacteria	medium	100.0	1.999989406485085	99.99474218874244	1.999989406485085	3020716	6	3081130	6	3080968	0.0500585824032092		0	0	154237	0	True	56.265472412109375	23.96954345703125	deepcheck	-43.734527587890625	21.969554050546165	43.734527587890625	21.969554050546165	low	high
G_r064_chimera_5pct	64	16	chimera	0.05	5.0	rc0.5	RS_GCF_016615815.1	Pseudomonadota	Bacteria	medium	100.0	1.999989406485085	100.0	1.999989406485085	3020716	6	3081130	6	3081130	0.0		0	0	0	0	True	99.30165100097656	1.0538674592971802	deepcheck	-0.6983489990234375	-0.9461219471879048	0.6983489990234375	0.9461219471879048	high	high
G_r064_chimera_10pct	64	17	chimera	0.1	10.0	rc0.5	RS_GCF_016615815.1	Pseudomonadota	Bacteria	medium	100.0	1.999989406485085	100.0	1.999989406485085	3020716	6	3081130	6	3081130	0.0		0	0	0	0	True	99.30165100097656	1.0538674592971802	deepcheck	-0.6983489990234375	-0.9461219471879048	0.6983489990234375	0.9461219471879048	high	high
G_r064_chimera_20pct	64	18	chimera	0.2	20.0	rc0.5	RS_GCF_016615815.1	Pseudomonadota	Bacteria	medium	100.0	1.999989406485085	100.0	1.999989406485085	3020716	6	3081130	6	3081130	0.0		0	0	0	0	True	99.30165100097656	1.0538674592971802	deepcheck	-0.6983489990234375	-0.9461219471879048	0.6983489990234375	0.9461219471879048	high	high
G_r064_chimera_40pct	64	19	chimera	0.4	40.0	rc0.5	RS_GCF_016615815.1	Pseudomonadota	Bacteria	medium	100.0	1.999989406485085	100.0	1.999989406485085	3020716	6	3081130	5	3081130	0.3333333333333333		0	0	0	1	True	99.30167388916016	1.0539323091506958	deepcheck	-0.6983261108398438	-0.9460570973343891	0.6983261108398438	0.9460570973343891	high	high
G_r064_uneven_coverage_5pct	64	20	uneven_coverage	0.05	5.0	lognormal_sigma1.0	RS_GCF_016615815.1	Pseudomonadota	Bacteria	medium	100.0	1.999989406485085	100.0	7.099972324442285	3020716	6	3081130	7	3235186	0.0499998377218747		154056	0	0	0	True	99.44115447998048	7.951613426208496	deepcheck	-0.558845520019517	5.951624019723411	0.558845520019517	5.951624019723411	medium	high
G_r064_uneven_coverage_10pct	64	21	uneven_coverage	0.1	10.0	lognormal_sigma1.0	RS_GCF_016615815.1	Pseudomonadota	Bacteria	medium	100.0	1.999989406485085	100.0	12.199988347133594	3020716	6	3081130	7	3389243	0.1		308113	0	0	0	True	99.62971496582033	14.186784744262695	deepcheck	-0.3702850341796733	12.18679533777761	0.3702850341796733	12.18679533777761	low	high
G_r064_uneven_coverage_20pct	64	22	uneven_coverage	0.2	20.0	lognormal_sigma1.0	RS_GCF_016615815.1	Pseudomonadota	Bacteria	medium	100.0	1.999989406485085	100.0	22.399987287782103	3020716	6	3081130	9	3697356	0.2		616226	0	0	0	True	99.38755798339844	21.5723876953125	deepcheck	-0.6124420166015625	19.572398288827415	0.6124420166015625	19.572398288827415	low	high
G_r064_uneven_coverage_40pct	64	23	uneven_coverage	0.4	40.0	lognormal_sigma1.0	RS_GCF_016615815.1	Pseudomonadota	Bacteria	medium	100.0	1.999989406485085	100.0	42.79998516907912	3020716	6	3081130	8	4313582	0.4		1232452	0	0	0	True	96.97869110107422	29.989545822143555	deepcheck	-3.0213088989257812	27.98955641565847	3.0213088989257812	27.98955641565847	low	high
G_r065_none_control	65	0	none	0.0	0.0	control	RS_GCF_033344055.1	Bacillota	Bacteria	medium	100.0	1.6243791856648486	100.0	1.6243791856648486	1985497	8	2017749	8	2017749	0.0		0	0	0	0	True	99.30511474609376	3.3486523628234863	deepcheck	-0.6948852539062358	1.7242731771586377	0.6948852539062358	1.7242731771586377	high	high
G_r065_substitution_0p1pct	65	1	substitution	0.001	0.1	uniform	RS_GCF_033344055.1	Bacillota	Bacteria	medium	100.0	1.6243791856648486	100.0	1.6243791856648486	1985497	8	2017749	8	2017749	0.0010179660601987	0.0089640838741259	0	2054	0	0	True	99.29383087158205	4.456007480621338	deepcheck	-0.7061691284179545	2.8316282949564893	0.7061691284179545	2.8316282949564893	high	high
G_r065_substitution_0p5pct	65	2	substitution	0.005	0.5	uniform	RS_GCF_033344055.1	Bacillota	Bacteria	medium	100.0	1.6243791856648486	100.0	1.6243791856648486	1985497	8	2017749	8	2017749	0.0050209416532978	0.0441104216424403	0	10131	0	0	True	95.26921081542967	4.746277809143066	deepcheck	-4.730789184570327	3.121898623478218	4.730789184570327	3.121898623478218	high	high
G_r065_substitution_1pct	65	3	substitution	0.01	1.0	uniform	RS_GCF_033344055.1	Bacillota	Bacteria	medium	100.0	1.6243791856648486	100.0	1.6243791856648486	1985497	8	2017749	8	2017749	0.009956639800094	0.0864827525163591	0	20090	0	0	True	89.75377655029297	4.873417377471924	deepcheck	-10.246223449707031	3.249038191807075	10.246223449707031	3.249038191807075	medium	high
G_r065_substitution_2pct	65	4	substitution	0.02	2.0	uniform	RS_GCF_033344055.1	Bacillota	Bacteria	medium	100.0	1.6243791856648486	100.0	1.6243791856648486	1985497	8	2017749	8	2017749	0.0199212092286999	0.1662522378698502	0	40196	0	0	True	80.20305633544922	7.8741326332092285	deepcheck	-19.79694366455078	6.24975344754438	19.79694366455078	6.24975344754438	medium	high
G_r065_substitution_5pct	65	5	substitution	0.05	5.0	uniform	RS_GCF_033344055.1	Bacillota	Bacteria	medium	100.0	1.6243791856648486	100.0	1.6243791856648486	1985497	8	2017749	8	2017749	0.0495700902342164	0.3697505902753909	0	100020	0	0	True	59.57046127319336	5.106576442718506	deepcheck	-40.42953872680664	3.4821972570536572	40.42953872680664	3.4821972570536572	medium	high
G_r065_substitution_titv_0p1pct	65	6	substitution_titv	0.001	0.1	titv_2	RS_GCF_033344055.1	Bacillota	Bacteria	medium	100.0	1.6243791856648486	100.0	1.6243791856648486	1985497	8	2017749	8	2017749	0.0010397725386061	0.0089640838741259	0	2098	0	0	True	99.37813568115234	4.470648765563965	deepcheck	-0.6218643188476562	2.846269579899116	0.6218643188476562	2.846269579899116	high	high
G_r065_substitution_titv_0p5pct	65	7	substitution_titv	0.005	0.5	titv_2	RS_GCF_033344055.1	Bacillota	Bacteria	medium	100.0	1.6243791856648486	100.0	1.6243791856648486	1985497	8	2017749	8	2017749	0.0049654342537154	0.0441104216424403	0	10019	0	0	True	96.68600463867188	4.857885837554932	deepcheck	-3.313995361328125	3.233506651890083	3.313995361328125	3.233506651890083	high	high
G_r065_substitution_titv_1pct	65	8	substitution_titv	0.01	1.0	titv_2	RS_GCF_033344055.1	Bacillota	Bacteria	medium	100.0	1.6243791856648486	100.0	1.6243791856648486	1985497	8	2017749	8	2017749	0.0100557601564912	0.0864827525163591	0	20290	0	0	True	94.2832260131836	4.790124416351318	deepcheck	-5.716773986816406	3.1657452306864697	5.716773986816406	3.1657452306864697	high	high
G_r065_substitution_titv_2pct	65	9	substitution_titv	0.02	2.0	titv_2	RS_GCF_033344055.1	Bacillota	Bacteria	medium	100.0	1.6243791856648486	100.0	1.6243791856648486	1985497	8	2017749	8	2017749	0.0198751182629752	0.1662522378698502	0	40103	0	0	True	86.20667266845703	4.955434799194336	deepcheck	-13.793327331542969	3.3310556135294873	13.793327331542969	3.3310556135294873	medium	high
G_r065_substitution_titv_5pct	65	10	substitution_titv	0.05	5.0	titv_2	RS_GCF_033344055.1	Bacillota	Bacteria	medium	100.0	1.6243791856648486	100.0	1.6243791856648486	1985497	8	2017749	8	2017749	0.0500533019716525	0.3697505902753909	0	100995	0	0	True	65.41728973388672	4.91019344329834	deepcheck	-34.58271026611328	3.285814257633491	34.58271026611328	3.285814257633491	medium	high
G_r065_indel_0p1pct	65	11	indel	0.001	0.1	ins0.5_geom0.75	RS_GCF_033344055.1	Bacillota	Bacteria	medium	100.0	1.6243791856648486	99.99573782467492	1.6243791856648486	1985497	8	2017749	8	2017663	0.0009867431479336		0	0	1991	0	True	78.6296157836914	7.923360347747803	deepcheck	-21.370384216308594	6.2989811620829546	21.370384216308594	6.2989811620829546	medium	high
G_r065_indel_0p5pct	65	12	indel	0.005	0.5	ins0.5_geom0.75	RS_GCF_033344055.1	Bacillota	Bacteria	medium	100.0	1.6243791856648486	100.006987985126	1.6243791856648486	1985497	8	2017749	8	2017890	0.0049054664380951		0	0	9898	0	True	38.76466751098633	2.9146440029144287	deepcheck	-61.23533248901367	1.29026481724958	61.23533248901367	1.29026481724958	low	high
G_r065_indel_1pct	65	13	indel	0.01	1.0	ins0.5_geom0.75	RS_GCF_033344055.1	Bacillota	Bacteria	medium	100.0	1.6243791856648486	99.999752199109	1.6243791856648486	1985497	8	2017749	8	2017744	0.0100245372442261		0	0	20227	0	True	25.747453689575195	1.7249021530151367	deepcheck	-74.2525463104248	0.1005229673502881	74.2525463104248	0.1005229673502881	low	high
G_r065_indel_2pct	65	14	indel	0.02	2.0	ins0.5_geom0.75	RS_GCF_033344055.1	Bacillota	Bacteria	medium	100.0	1.6243791856648486	99.98072109068076	1.6243791856648486	1985497	8	2017749	8	2017360	0.0198671886344634		0	0	40087	0	True	34.04161834716797	6.063611507415772	deepcheck	-65.95838165283203	4.439232321750923	65.95838165283203	4.439232321750923	low	high
G_r065_indel_5pct	65	15	indel	0.05	5.0	ins0.5_geom0.75	RS_GCF_033344055.1	Bacillota	Bacteria	medium	100.0	1.6243791856648486	99.9868665527774	1.6243791856648486	1985497	8	2017749	8	2017484	0.0500547887769985		0	0	100998	0	True	43.446571350097656	15.785823822021484	deepcheck	-56.553428649902344	14.161444636356636	56.553428649902344	14.161444636356636	low	high
G_r065_chimera_5pct	65	16	chimera	0.05	5.0	rc0.5	RS_GCF_033344055.1	Bacillota	Bacteria	medium	100.0	1.6243791856648486	100.0	1.6243791856648486	1985497	8	2017749	8	2017749	0.0		0	0	0	0	True	99.30511474609376	3.3486523628234863	deepcheck	-0.6948852539062358	1.7242731771586377	0.6948852539062358	1.7242731771586377	high	high
G_r065_chimera_10pct	65	17	chimera	0.1	10.0	rc0.5	RS_GCF_033344055.1	Bacillota	Bacteria	medium	100.0	1.6243791856648486	100.0	1.6243791856648486	1985497	8	2017749	8	2017749	0.0		0	0	0	0	True	99.30511474609376	3.3486523628234863	deepcheck	-0.6948852539062358	1.7242731771586377	0.6948852539062358	1.7242731771586377	high	high
G_r065_chimera_20pct	65	18	chimera	0.2	20.0	rc0.5	RS_GCF_033344055.1	Bacillota	Bacteria	medium	100.0	1.6243791856648486	100.0	1.6243791856648486	1985497	8	2017749	7	2017749	0.25		0	0	0	1	True	99.30516052246094	3.349097728729248	deepcheck	-0.6948394775390625	1.7247185430643994	0.6948394775390625	1.7247185430643994	high	high
G_r065_chimera_40pct	65	19	chimera	0.4	40.0	rc0.5	RS_GCF_033344055.1	Bacillota	Bacteria	medium	100.0	1.6243791856648486	100.0	1.6243791856648486	1985497	8	2017749	7	2017749	0.25		0	0	0	1	True	99.30509948730467	3.3487372398376465	deepcheck	-0.6949005126953267	1.7243580541727979	0.6949005126953267	1.7243580541727979	high	high
G_r065_uneven_coverage_5pct	65	20	uneven_coverage	0.05	5.0	lognormal_sigma1.0	RS_GCF_033344055.1	Bacillota	Bacteria	medium	100.0	1.6243791856648486	100.0	6.705575480597553	1985497	8	2017749	9	2118636	0.0499997769791981		100887	0	0	0	True	99.36702728271484	7.516989707946777	deepcheck	-0.6329727172851562	5.892610522281929	0.6329727172851562	5.892610522281929	medium	high
G_r065_uneven_coverage_10pct	65	21	uneven_coverage	0.1	10.0	lognormal_sigma1.0	RS_GCF_033344055.1	Bacillota	Bacteria	medium	100.0	1.6243791856648486	100.0	11.786822140753674	1985497	8	2017749	9	2219524	0.1000000495601782		201775	0	0	0	True	99.78564453125	13.377237319946287	deepcheck	-0.21435546875	11.752858134281439	0.21435546875	11.752858134281439	low	high
G_r065_uneven_coverage_20pct	65	22	uneven_coverage	0.2	20.0	lognormal_sigma1.0	RS_GCF_033344055.1	Bacillota	Bacteria	medium	100.0	1.6243791856648486	100.0	21.949265095842502	1985497	8	2017749	10	2421299	0.2000000991203564		403550	0	0	0	True	99.72173309326172	19.70674705505371	deepcheck	-0.27826690673828125	18.08236786938886	0.27826690673828125	18.08236786938886	low	high
G_r065_uneven_coverage_40pct	65	23	uneven_coverage	0.4	40.0	lognormal_sigma1.0	RS_GCF_033344055.1	Bacillota	Bacteria	medium	100.0	1.6243791856648486	100.0	42.27415100602016	1985497	8	2017749	12	2824849	0.4000001982407128		807100	0	0	0	True	99.72888946533205	35.067108154296875	deepcheck	-0.27111053466795454	33.442728968632025	0.27111053466795454	33.442728968632025	low	high
G_r066_none_control	66	0	none	0.0	0.0	control	RS_GCF_000145235.1	Actinomycetota	Bacteria	low	86.47316177972458	4.602793884443928	86.47316177972458	4.602793884443928	7025559	210	6398595	210	6398595	0.0		0	0	0	0	True	87.4661636352539	1.6731805801391602	deepcheck	0.9930018555293287	-2.929613304304768	0.9930018555293287	2.929613304304768	medium	medium
G_r066_substitution_0p1pct	66	1	substitution	0.001	0.1	uniform	RS_GCF_000145235.1	Actinomycetota	Bacteria	low	86.47316177972458	4.602793884443928	86.47316177972458	4.602793884443928	7025559	210	6398595	210	6398595	0.001013972598672	0.0089640838741259	0	6488	0	0	True	86.72289276123047	1.7167896032333374	deepcheck	0.24973098150589124	-2.8860042812105906	0.24973098150589124	2.8860042812105906	medium	medium
G_r066_substitution_0p5pct	66	2	substitution	0.005	0.5	uniform	RS_GCF_000145235.1	Actinomycetota	Bacteria	low	86.47316177972458	4.602793884443928	86.47316177972458	4.602793884443928	7025559	210	6398595	210	6398595	0.005000160191417	0.0441104216424403	0	31994	0	0	True	86.387451171875	1.958918571472168	deepcheck	-0.08571060784957751	-2.64387531297176	0.08571060784957751	2.64387531297176	medium	medium
G_r066_substitution_1pct	66	3	substitution	0.01	1.0	uniform	RS_GCF_000145235.1	Actinomycetota	Bacteria	low	86.47316177972458	4.602793884443928	86.47316177972458	4.602793884443928	7025559	210	6398595	210	6398595	0.0100522067735182	0.0864827525163591	0	64320	0	0	True	81.93692779541016	3.65112042427063	deepcheck	-4.536233984314421	-0.9516734601732981	4.536233984314421	0.9516734601732981	medium	medium
G_r066_substitution_2pct	66	4	substitution	0.02	2.0	uniform	RS_GCF_000145235.1	Actinomycetota	Bacteria	low	86.47316177972458	4.602793884443928	86.47316177972458	4.602793884443928	7025559	210	6398595	210	6398595	0.0199832932073369	0.1662522378698502	0	127865	0	0	True	77.204345703125	2.05907678604126	deepcheck	-9.268816076599578	-2.543717098402668	9.268816076599578	2.543717098402668	medium	medium
G_r066_substitution_5pct	66	5	substitution	0.05	5.0	uniform	RS_GCF_000145235.1	Actinomycetota	Bacteria	low	86.47316177972458	4.602793884443928	86.47316177972458	4.602793884443928	7025559	210	6398595	210	6398595	0.0499522160724346	0.3697505902753909	0	319624	0	0	True	63.28451156616211	2.0664424896240234	deepcheck	-23.188650213562468	-2.5363513948199046	23.188650213562468	2.5363513948199046	medium	medium
G_r066_substitution_titv_0p1pct	66	6	substitution_titv	0.001	0.1	titv_2	RS_GCF_000145235.1	Actinomycetota	Bacteria	low	86.47316177972458	4.602793884443928	86.47316177972458	4.602793884443928	7025559	210	6398595	210	6398595	0.0010117846183419	0.0089640838741259	0	6474	0	0	True	87.40252685546875	1.8784418106079104	deepcheck	0.9293650757441725	-2.724352073836018	0.9293650757441725	2.724352073836018	medium	medium
G_r066_substitution_titv_0p5pct	66	7	substitution_titv	0.005	0.5	titv_2	RS_GCF_000145235.1	Actinomycetota	Bacteria	low	86.47316177972458	4.602793884443928	86.47316177972458	4.602793884443928	7025559	210	6398595	210	6398595	0.0049940651033547	0.0441104216424403	0	31955	0	0	True	84.16597747802734	1.7120592594146729	deepcheck	-2.3071843016972338	-2.890734625029255	2.3071843016972338	2.890734625029255	medium	medium
G_r066_substitution_titv_1pct	66	8	substitution_titv	0.01	1.0	titv_2	RS_GCF_000145235.1	Actinomycetota	Bacteria	low	86.47316177972458	4.602793884443928	86.47316177972458	4.602793884443928	7025559	210	6398595	210	6398595	0.0099831291088121	0.0864827525163591	0	63878	0	0	True	85.129638671875	4.511069297790527	deepcheck	-1.3435231078495775	-0.09172458665340066	1.3435231078495775	0.09172458665340066	medium	medium
G_r066_substitution_titv_2pct	66	9	substitution_titv	0.02	2.0	titv_2	RS_GCF_000145235.1	Actinomycetota	Bacteria	low	86.47316177972458	4.602793884443928	86.47316177972458	4.602793884443928	7025559	210	6398595	210	6398595	0.0200445566565785	0.1662522378698502	0	128257	0	0	True	78.08760070800781	2.1841368675231934	deepcheck	-8.385561071716765	-2.4186570169207346	8.385561071716765	2.4186570169207346	medium	medium
G_r066_substitution_titv_5pct	66	10	substitution_titv	0.05	5.0	titv_2	RS_GCF_000145235.1	Actinomycetota	Bacteria	low	86.47316177972458	4.602793884443928	86.47316177972458	4.602793884443928	7025559	210	6398595	210	6398595	0.0498454738891897	0.3697505902753909	0	318941	0	0	True	68.14805603027344	4.873747825622559	deepcheck	-18.32510574945114	0.2709539411786306	18.32510574945114	0.2709539411786306	medium	medium
G_r066_indel_0p1pct	66	11	indel	0.001	0.1	ins0.5_geom0.75	RS_GCF_000145235.1	Actinomycetota	Bacteria	low	86.47316177972458	4.602793884443928	86.47583763060003	4.602793884443928	7025559	210	6398595	210	6398793	0.0010030326970217		0	0	6418	0	True	43.9239616394043	2.9484941959381104	deepcheck	-42.54920014032028	-1.6542996885058177	42.54920014032028	1.6542996885058177	low	medium
G_r066_indel_0p5pct	66	12	indel	0.005	0.5	ins0.5_geom0.75	RS_GCF_000145235.1	Actinomycetota	Bacteria	low	86.47316177972458	4.602793884443928	86.47879728384103	4.602793884443928	7025559	210	6398595	210	6399012	0.0050450137881831		0	0	32281	0	True	54.00101089477539	19.372194290161133	deepcheck	-32.47215088494919	14.769400405717205	32.47215088494919	14.769400405717205	low	medium
G_r066_indel_1pct	66	13	indel	0.01	1.0	ins0.5_geom0.75	RS_GCF_000145235.1	Actinomycetota	Bacteria	low	86.47316177972458	4.602793884443928	86.47333746690327	4.602793884443928	7025559	210	6398595	210	6398608	0.0100043837748755		0	0	64014	0	True	44.09157943725586	15.195408821105955	deepcheck	-42.38158234246872	10.592614936662027	42.38158234246872	10.592614936662027	low	medium
G_r066_indel_2pct	66	14	indel	0.02	2.0	ins0.5_geom0.75	RS_GCF_000145235.1	Actinomycetota	Bacteria	low	86.47316177972458	4.602793884443928	86.48479767671326	4.602793884443928	7025559	210	6398595	210	6399456	0.0200181446083085		0	0	128088	0	True	38.326698303222656	15.019128799438477	deepcheck	-48.14646347650192	10.416334914994549	48.14646347650192	10.416334914994549	low	medium
G_r066_indel_5pct	66	15	indel	0.05	5.0	ins0.5_geom0.75	RS_GCF_000145235.1	Actinomycetota	Bacteria	low	86.47316177972458	4.602793884443928	86.4963119441167	4.602793884443928	7025559	210	6398595	210	6400308	0.0499576860232597		0	0	319659	0	True	39.5002326965332	15.75303077697754	deepcheck	-46.972929083191374	11.150236892533613	46.972929083191374	11.150236892533613	low	medium
G_r066_chimera_5pct	66	16	chimera	0.05	5.0	rc0.5	RS_GCF_000145235.1	Actinomycetota	Bacteria	low	86.47316177972458	4.602793884443928	86.47316177972458	4.602793884443928	7025559	210	6398595	205	6398595	0.0476190476190476		0	0	0	5	True	87.46674346923828	1.6731433868408203	deepcheck	0.9935816895137037	-2.9296504976031077	0.9935816895137037	2.9296504976031077	medium	medium
G_r066_chimera_10pct	66	17	chimera	0.1	10.0	rc0.5	RS_GCF_000145235.1	Actinomycetota	Bacteria	low	86.47316177972458	4.602793884443928	86.47316177972458	4.602793884443928	7025559	210	6398595	200	6398595	0.0952380952380952		0	0	0	10	True	87.53020477294922	1.613596796989441	deepcheck	1.0570429932246412	-2.989197087454487	1.0570429932246412	2.989197087454487	medium	medium
G_r066_chimera_20pct	66	18	chimera	0.2	20.0	rc0.5	RS_GCF_000145235.1	Actinomycetota	Bacteria	low	86.47316177972458	4.602793884443928	86.47316177972458	4.602793884443928	7025559	210	6398595	189	6398595	0.2		0	0	0	21	True	87.60504150390625	1.7115466594696045	deepcheck	1.1318797241816725	-2.8912472249743235	1.1318797241816725	2.8912472249743235	medium	medium
G_r066_chimera_40pct	66	19	chimera	0.4	40.0	rc0.5	RS_GCF_000145235.1	Actinomycetota	Bacteria	low	86.47316177972458	4.602793884443928	86.47316177972458	4.602793884443928	7025559	210	6398595	168	6398595	0.4		0	0	0	42	True	87.40186309814453	1.6105502843856812	deepcheck	0.9287013184199537	-2.992243600058247	0.9287013184199537	2.992243600058247	medium	medium
G_r066_uneven_coverage_5pct	66	20	uneven_coverage	0.05	5.0	lognormal_sigma1.0	RS_GCF_000145235.1	Actinomycetota	Bacteria	low	86.47316177972458	4.602793884443928	86.47316177972458	9.15659522608806	7025559	210	6398595	226	6718525	0.0500000390710773		319930	0	0	0	True	87.82449340820312	4.892762184143066	deepcheck	1.3513316284785475	0.2899682996991384	1.3513316284785475	0.2899682996991384	medium	medium
G_r066_uneven_coverage_10pct	66	21	uneven_coverage	0.1	10.0	lognormal_sigma1.0	RS_GCF_000145235.1	Actinomycetota	Bacteria	low	86.47316177972458	4.602793884443928	86.47316177972458	13.710396567732191	7025559	210	6398595	244	7038455	0.1000000781421546		639860	0	0	0	True	88.17169952392578	9.427247047424316	deepcheck	1.6985377442012037	4.824453162980388	1.6985377442012037	4.824453162980388	medium	medium
G_r066_uneven_coverage_20pct	66	22	uneven_coverage	0.2	20.0	lognormal_sigma1.0	RS_GCF_000145235.1	Actinomycetota	Bacteria	low	86.47316177972458	4.602793884443928	86.47316177972458	22.81798501727763	7025559	210	6398595	249	7678314	0.2		1279719	0	0	0	True	87.16499328613281	19.74339485168457	deepcheck	0.691831506408235	15.140600967240642	0.691831506408235	15.140600967240642	low	medium
G_r066_uneven_coverage_40pct	66	23	uneven_coverage	0.4	40.0	lognormal_sigma1.0	RS_GCF_000145235.1	Actinomycetota	Bacteria	low	86.47316177972458	4.602793884443928	86.47316177972458	41.03317615011133	7025559	210	6398595	316	8958033	0.4		2559438	0	0	0	True	86.80860137939453	38.25354766845703	deepcheck	0.33543959966995374	33.650753784013105	0.33543959966995374	33.650753784013105	low	medium
G_r067_none_control	67	0	none	0.0	0.0	control	RS_GCF_001670625.2	Bacteroidota	Bacteria	high	100.0	9.999990709738794	100.0	9.999990709738794	2152792	3	2368071	3	2368071	0.0		0	0	0	0	True	98.7583465576172	2.8164305686950684	deepcheck	-1.2416534423827983	-7.183560141043726	1.2416534423827983	7.183560141043726	high	medium
G_r067_substitution_0p1pct	67	1	substitution	0.001	0.1	uniform	RS_GCF_001670625.2	Bacteroidota	Bacteria	high	100.0	9.999990709738794	100.0	9.999990709738794	2152792	3	2368071	3	2368071	0.0009560524156581	0.0089640838741259	0	2264	0	0	True	97.86302947998048	3.498320341110229	deepcheck	-2.136970520019517	-6.501670368628565	2.136970520019517	6.501670368628565	high	medium
G_r067_substitution_0p5pct	67	2	substitution	0.005	0.5	uniform	RS_GCF_001670625.2	Bacteroidota	Bacteria	high	100.0	9.999990709738794	100.0	9.999990709738794	2152792	3	2368071	3	2368071	0.0049816918496109	0.0441104216424403	0	11797	0	0	True	92.14567565917967	3.3008933067321777	deepcheck	-7.854324340820327	-6.699097403006617	7.854324340820327	6.699097403006617	high	medium
G_r067_substitution_1pct	67	3	substitution	0.01	1.0	uniform	RS_GCF_001670625.2	Bacteroidota	Bacteria	high	100.0	9.999990709738794	100.0	9.999990709738794	2152792	3	2368071	3	2368071	0.0100246149714261	0.0864827525163591	0	23739	0	0	True	85.851318359375	3.23096227645874	deepcheck	-14.148681640625	-6.769028433280054	14.148681640625	6.769028433280054	medium	medium
G_r067_substitution_2pct	67	4	substitution	0.02	2.0	uniform	RS_GCF_001670625.2	Bacteroidota	Bacteria	high	100.0	9.999990709738794	100.0	9.999990709738794	2152792	3	2368071	3	2368071	0.0198807383731315	0.1662522378698502	0	47079	0	0	True	74.93035888671875	5.860850811004639	deepcheck	-25.06964111328125	-4.139139898734156	25.06964111328125	4.139139898734156	medium	medium
G_r067_substitution_5pct	67	5	substitution	0.05	5.0	uniform	RS_GCF_001670625.2	Bacteroidota	Bacteria	high	100.0	9.999990709738794	100.0	9.999990709738794	2152792	3	2368071	3	2368071	0.0501028051946077	0.3697505902753909	0	118647	0	0	True	47.80974578857422	5.283880233764648	deepcheck	-52.19025421142578	-4.716110475974146	52.19025421142578	4.716110475974146	low	medium
G_r067_substitution_titv_0p1pct	67	6	substitution_titv	0.001	0.1	titv_2	RS_GCF_001670625.2	Bacteroidota	Bacteria	high	100.0	9.999990709738794	100.0	9.999990709738794	2152792	3	2368071	3	2368071	0.0009923688943448	0.0089640838741259	0	2350	0	0	True	98.58641052246094	3.532327651977539	deepcheck	-1.4135894775390625	-6.467663057761255	1.4135894775390625	6.467663057761255	high	medium
G_r067_substitution_titv_0p5pct	67	7	substitution_titv	0.005	0.5	titv_2	RS_GCF_001670625.2	Bacteroidota	Bacteria	high	100.0	9.999990709738794	100.0	9.999990709738794	2152792	3	2368071	3	2368071	0.0049559324868215	0.0441104216424403	0	11736	0	0	True	93.35992431640624	3.6646902561187744	deepcheck	-6.640075683593764	-6.33530045362002	6.640075683593764	6.33530045362002	high	medium
G_r067_substitution_titv_1pct	67	8	substitution_titv	0.01	1.0	titv_2	RS_GCF_001670625.2	Bacteroidota	Bacteria	high	100.0	9.999990709738794	100.0	9.999990709738794	2152792	3	2368071	3	2368071	0.010040239502954	0.0864827525163591	0	23776	0	0	True	89.19982147216797	4.776664733886719	deepcheck	-10.800178527832031	-5.223325975852076	10.800178527832031	5.223325975852076	medium	medium
G_r067_substitution_titv_2pct	67	9	substitution_titv	0.02	2.0	titv_2	RS_GCF_001670625.2	Bacteroidota	Bacteria	high	100.0	9.999990709738794	100.0	9.999990709738794	2152792	3	2368071	3	2368071	0.0198938291968441	0.1662522378698502	0	47110	0	0	True	84.50666046142578	6.944992542266846	deepcheck	-15.493339538574219	-3.0549981674719486	15.493339538574219	3.0549981674719486	medium	medium
G_r067_substitution_titv_5pct	67	10	substitution_titv	0.05	5.0	titv_2	RS_GCF_001670625.2	Bacteroidota	Bacteria	high	100.0	9.999990709738794	100.0	9.999990709738794	2152792	3	2368071	3	2368071	0.0500753566932748	0.3697505902753909	0	118582	0	0	True	60.89070510864258	8.006649017333984	deepcheck	-39.10929489135742	-1.99334169240481	39.10929489135742	1.99334169240481	medium	medium
G_r067_indel_0p1pct	67	11	indel	0.001	0.1	ins0.5_geom0.75	RS_GCF_001670625.2	Bacteroidota	Bacteria	high	100.0	9.999990709738794	99.99679063676724	9.999990709738794	2152792	3	2368071	3	2367995	0.0009843454862628		0	0	2331	0	True	77.63836669921875	4.9756059646606445	deepcheck	-22.36163330078125	-5.02438474507815	22.36163330078125	5.02438474507815	medium	medium
G_r067_indel_0p5pct	67	12	indel	0.005	0.5	ins0.5_geom0.75	RS_GCF_001670625.2	Bacteroidota	Bacteria	high	100.0	9.999990709738794	100.00050674156306	9.999990709738794	2152792	3	2368071	3	2368083	0.0049791581417955		0	0	11791	0	True	34.34107971191406	1.292747974395752	deepcheck	-65.65892028808594	-8.707242735343042	65.65892028808594	8.707242735343042	low	medium
G_r067_indel_1pct	67	13	indel	0.01	1.0	ins0.5_geom0.75	RS_GCF_001670625.2	Bacteroidota	Bacteria	high	100.0	9.999990709738794	100.00329382015995	9.999990709738794	2152792	3	2368071	3	2368149	0.0100850016743585		0	0	23882	0	True	29.656923294067383	1.2882888317108154	deepcheck	-70.34307670593262	-8.711701878027979	70.34307670593262	8.711701878027979	low	medium
G_r067_indel_2pct	67	14	indel	0.02	2.0	ins0.5_geom0.75	RS_GCF_001670625.2	Bacteroidota	Bacteria	high	100.0	9.999990709738794	99.99881760301948	9.999990709738794	2152792	3	2368071	3	2368043	0.0199018526049261		0	0	47129	0	True	30.979867935180664	12.396928787231444	deepcheck	-69.02013206481934	2.396938077492649	69.02013206481934	2.396938077492649	low	medium
G_r067_indel_5pct	67	15	indel	0.05	5.0	ins0.5_geom0.75	RS_GCF_001670625.2	Bacteroidota	Bacteria	high	100.0	9.999990709738794	99.99328567428933	9.999990709738794	2152792	3	2368071	3	2367912	0.0502670739179695		0	0	119036	0	True	47.07084655761719	14.89730453491211	deepcheck	-52.92915344238281	4.897313825173315	52.92915344238281	4.897313825173315	low	medium
G_r067_chimera_5pct	67	16	chimera	0.05	5.0	rc0.5	RS_GCF_001670625.2	Bacteroidota	Bacteria	high	100.0	9.999990709738794	100.0	9.999990709738794	2152792	3	2368071	3	2368071	0.0		0	0	0	0	True	98.7583465576172	2.8164305686950684	deepcheck	-1.2416534423827983	-7.183560141043726	1.2416534423827983	7.183560141043726	high	medium
G_r067_chimera_10pct	67	17	chimera	0.1	10.0	rc0.5	RS_GCF_001670625.2	Bacteroidota	Bacteria	high	100.0	9.999990709738794	100.0	9.999990709738794	2152792	3	2368071	3	2368071	0.0		0	0	0	0	True	98.7583465576172	2.8164305686950684	deepcheck	-1.2416534423827983	-7.183560141043726	1.2416534423827983	7.183560141043726	high	medium
G_r067_chimera_20pct	67	18	chimera	0.2	20.0	rc0.5	RS_GCF_001670625.2	Bacteroidota	Bacteria	high	100.0	9.999990709738794	100.0	9.999990709738794	2152792	3	2368071	2	2368071	0.6666666666666666		0	0	0	1	True	98.75880432128906	2.8169989585876465	deepcheck	-1.2411956787109375	-7.182991751151148	1.2411956787109375	7.182991751151148	high	medium
G_r067_chimera_40pct	67	19	chimera	0.4	40.0	rc0.5	RS_GCF_001670625.2	Bacteroidota	Bacteria	high	100.0	9.999990709738794	100.0	9.999990709738794	2152792	3	2368071	2	2368071	0.6666666666666666		0	0	0	1	True	98.75862121582033	2.8165438175201416	deepcheck	-1.2413787841796733	-7.183446892218653	1.2413787841796733	7.183446892218653	high	medium
G_r067_uneven_coverage_5pct	67	20	uneven_coverage	0.05	5.0	lognormal_sigma1.0	RS_GCF_001670625.2	Bacteroidota	Bacteria	high	100.0	9.999990709738794	100.0	15.500011148313446	2152792	3	2368071	4	2486475	0.0500001900280861		118404	0	0	0	True	98.14795684814452	6.820085525512695	deepcheck	-1.852043151855483	-3.179905184226099	1.852043151855483	3.179905184226099	medium	medium
G_r067_uneven_coverage_10pct	67	21	uneven_coverage	0.1	10.0	lognormal_sigma1.0	RS_GCF_001670625.2	Bacteroidota	Bacteria	high	100.0	9.999990709738794	100.0	20.999985135582072	2152792	3	2368071	5	2604878	0.0999999577715364		236807	0	0	0	True	97.03366088867188	10.941779136657717	deepcheck	-2.966339111328125	0.9417884269189223	2.966339111328125	0.9417884269189223	low	medium
G_r067_uneven_coverage_20pct	67	22	uneven_coverage	0.2	20.0	lognormal_sigma1.0	RS_GCF_001670625.2	Bacteroidota	Bacteria	high	100.0	9.999990709738794	100.0	31.99997956142535	2152792	3	2368071	4	2841685	0.1999999155430728		473614	0	0	0	True	97.51871490478516	16.441686630249023	deepcheck	-2.4812850952148438	6.441695920510229	2.4812850952148438	6.441695920510229	low	medium
G_r067_uneven_coverage_40pct	67	23	uneven_coverage	0.4	40.0	lognormal_sigma1.0	RS_GCF_001670625.2	Bacteroidota	Bacteria	high	100.0	9.999990709738794	100.0	53.9999684131119	2152792	3	2368071	4	3315299	0.3999998310861456		947228	0	0	0	True	98.6372528076172	51.11967849731445	deepcheck	-1.3627471923827983	41.11968778757566	1.3627471923827983	41.11968778757566	low	medium
G_r068_none_control	68	0	none	0.0	0.0	control	RS_GCF_037694895.1	Campylobacterota	Bacteria	high	85.72405712245289	0.0	85.72405712245289	0.0	1691524	1	1450043	1	1450043	0.0		0	0	0	0	True	84.05550384521484	-0.1211829483509063	deepcheck	-1.668553277238047	-0.1211829483509063	1.668553277238047	0.1211829483509063	medium	medium
G_r068_substitution_0p1pct	68	1	substitution	0.001	0.1	uniform	RS_GCF_037694895.1	Campylobacterota	Bacteria	high	85.72405712245289	0.0	85.72405712245289	0.0	1691524	1	1450043	1	1450043	0.0010110045012458	0.0089640838741259	0	1466	0	0	True	81.5490951538086	-0.1004256308078765	deepcheck	-4.174961968644297	-0.1004256308078765	4.174961968644297	0.1004256308078765	medium	medium
G_r068_substitution_0p5pct	68	2	substitution	0.005	0.5	uniform	RS_GCF_037694895.1	Campylobacterota	Bacteria	high	85.72405712245289	0.0	85.72405712245289	0.0	1691524	1	1450043	1	1450043	0.0051474335588668	0.0441104216424403	0	7464	0	0	True	79.53675079345703	0.5959659814834595	deepcheck	-6.187306328995859	0.5959659814834595	6.187306328995859	0.5959659814834595	medium	medium
G_r068_substitution_1pct	68	3	substitution	0.01	1.0	uniform	RS_GCF_037694895.1	Campylobacterota	Bacteria	high	85.72405712245289	0.0	85.72405712245289	0.0	1691524	1	1450043	1	1450043	0.0100824596236111	0.0864827525163591	0	14620	0	0	True	71.25360870361328	0.6488147974014282	deepcheck	-14.47044841883961	0.6488147974014282	14.47044841883961	0.6488147974014282	medium	medium
G_r068_substitution_2pct	68	4	substitution	0.02	2.0	uniform	RS_GCF_037694895.1	Campylobacterota	Bacteria	high	85.72405712245289	0.0	85.72405712245289	0.0	1691524	1	1450043	1	1450043	0.0199683733516868	0.1662522378698502	0	28955	0	0	True	62.52224349975586	2.8879544734954834	deepcheck	-23.20181362269703	2.8879544734954834	23.20181362269703	2.8879544734954834	medium	medium
G_r068_substitution_5pct	68	5	substitution	0.05	5.0	uniform	RS_GCF_037694895.1	Campylobacterota	Bacteria	high	85.72405712245289	0.0	85.72405712245289	0.0	1691524	1	1450043	1	1450043	0.0498157640842375	0.3697505902753909	0	72235	0	0	True	39.60958480834961	2.0790457725524902	deepcheck	-46.11447231410328	2.0790457725524902	46.11447231410328	2.0790457725524902	low	medium
G_r068_substitution_titv_0p1pct	68	6	substitution_titv	0.001	0.1	titv_2	RS_GCF_037694895.1	Campylobacterota	Bacteria	high	85.72405712245289	0.0	85.72405712245289	0.0	1691524	1	1450043	1	1450043	0.0009985910762646	0.0089640838741259	0	1448	0	0	True	82.82221221923828	-0.1329183578491211	deepcheck	-2.9018449032146094	-0.1329183578491211	2.9018449032146094	0.1329183578491211	medium	medium
G_r068_substitution_titv_0p5pct	68	7	substitution_titv	0.005	0.5	titv_2	RS_GCF_037694895.1	Campylobacterota	Bacteria	high	85.72405712245289	0.0	85.72405712245289	0.0	1691524	1	1450043	1	1450043	0.0050446779854114	0.0441104216424403	0	7315	0	0	True	79.99296569824219	0.0697292387485504	deepcheck	-5.731091424210703	0.0697292387485504	5.731091424210703	0.0697292387485504	medium	medium
G_r068_substitution_titv_1pct	68	8	substitution_titv	0.01	1.0	titv_2	RS_GCF_037694895.1	Campylobacterota	Bacteria	high	85.72405712245289	0.0	85.72405712245289	0.0	1691524	1	1450043	1	1450043	0.0101424578443535	0.0864827525163591	0	14707	0	0	True	72.48388671875	1.2368619441986084	deepcheck	-13.24017040370289	1.2368619441986084	13.24017040370289	1.2368619441986084	medium	medium
G_r068_substitution_titv_2pct	68	9	substitution_titv	0.02	2.0	titv_2	RS_GCF_037694895.1	Campylobacterota	Bacteria	high	85.72405712245289	0.0	85.72405712245289	0.0	1691524	1	1450043	1	1450043	0.0201187137209034	0.1662522378698502	0	29173	0	0	True	67.06525421142578	2.015675544738769	deepcheck	-18.65880291102711	2.015675544738769	18.65880291102711	2.015675544738769	medium	medium
G_r068_substitution_titv_5pct	68	10	substitution_titv	0.05	5.0	titv_2	RS_GCF_037694895.1	Campylobacterota	Bacteria	high	85.72405712245289	0.0	85.72405712245289	0.0	1691524	1	1450043	1	1450043	0.0500578258713707	0.3697505902753909	0	72586	0	0	True	51.18433380126953	2.228723526000977	deepcheck	-34.53972332118336	2.228723526000977	34.53972332118336	2.228723526000977	medium	medium
G_r068_indel_0p1pct	68	11	indel	0.001	0.1	ins0.5_geom0.75	RS_GCF_037694895.1	Campylobacterota	Bacteria	high	85.72405712245289	0.0	85.72399800416666	0.0	1691524	1	1450043	1	1450042	0.0010310039081599		0	0	1495	0	True	59.41727828979492	2.1033689975738525	deepcheck	-26.30677883265797	2.1033689975738525	26.30677883265797	2.1033689975738525	medium	medium
G_r068_indel_0p5pct	68	12	indel	0.005	0.5	ins0.5_geom0.75	RS_GCF_037694895.1	Campylobacterota	Bacteria	high	85.72405712245289	0.0	85.72470742360144	0.0	1691524	1	1450043	1	1450054	0.0048653729579053		0	0	7055	0	True	26.6072998046875	1.179630994796753	deepcheck	-59.11675731776539	1.179630994796753	59.11675731776539	1.179630994796753	low	medium
G_r068_indel_1pct	68	13	indel	0.01	1.0	ins0.5_geom0.75	RS_GCF_037694895.1	Campylobacterota	Bacteria	high	85.72405712245289	0.0	85.7354078334094	0.0	1691524	1	1450043	1	1450235	0.0098928100752874		0	0	14345	0	True	17.19265365600586	0.9421598315238952	deepcheck	-68.53140346644703	0.9421598315238952	68.53140346644703	0.9421598315238952	low	medium
G_r068_indel_2pct	68	14	indel	0.02	2.0	ins0.5_geom0.75	RS_GCF_037694895.1	Campylobacterota	Bacteria	high	85.72405712245289	0.0	85.75113329754707	0.0	1691524	1	1450043	1	1450501	0.0201862979235788		0	0	29271	0	True	14.583595275878906	3.681054353713989	deepcheck	-71.14046184657398	3.681054353713989	71.14046184657398	3.681054353713989	low	medium
G_r068_indel_5pct	68	15	indel	0.05	5.0	ins0.5_geom0.75	RS_GCF_037694895.1	Campylobacterota	Bacteria	high	85.72405712245289	0.0	85.77625856919559	0.0	1691524	1	1450043	1	1450926	0.0499123129452023		0	0	72375	0	True	21.396461486816406	4.828741550445557	deepcheck	-64.32759563563648	4.828741550445557	64.32759563563648	4.828741550445557	low	medium
G_r068_chimera_5pct	68	16	chimera	0.05	5.0	rc0.5	RS_GCF_037694895.1	Campylobacterota	Bacteria	high	85.72405712245289	0.0	85.72405712245289	0.0	1691524	1	1450043	1	1450043	0.0		0	0	0	0	True	84.05550384521484	-0.1211829483509063	deepcheck	-1.668553277238047	-0.1211829483509063	1.668553277238047	0.1211829483509063	medium	medium
G_r068_chimera_10pct	68	17	chimera	0.1	10.0	rc0.5	RS_GCF_037694895.1	Campylobacterota	Bacteria	high	85.72405712245289	0.0	85.72405712245289	0.0	1691524	1	1450043	1	1450043	0.0		0	0	0	0	True	84.05550384521484	-0.1211829483509063	deepcheck	-1.668553277238047	-0.1211829483509063	1.668553277238047	0.1211829483509063	medium	medium
G_r068_chimera_20pct	68	18	chimera	0.2	20.0	rc0.5	RS_GCF_037694895.1	Campylobacterota	Bacteria	high	85.72405712245289	0.0	85.72405712245289	0.0	1691524	1	1450043	1	1450043	0.0		0	0	0	0	True	84.05550384521484	-0.1211829483509063	deepcheck	-1.668553277238047	-0.1211829483509063	1.668553277238047	0.1211829483509063	medium	medium
G_r068_chimera_40pct	68	19	chimera	0.4	40.0	rc0.5	RS_GCF_037694895.1	Campylobacterota	Bacteria	high	85.72405712245289	0.0	85.72405712245289	0.0	1691524	1	1450043	1	1450043	0.0		0	0	0	0	True	84.05550384521484	-0.1211829483509063	deepcheck	-1.668553277238047	-0.1211829483509063	1.668553277238047	0.1211829483509063	medium	medium
G_r068_uneven_coverage_5pct	68	20	uneven_coverage	0.05	5.0	lognormal_sigma1.0	RS_GCF_037694895.1	Campylobacterota	Bacteria	high	85.72405712245289	0.0	85.72405712245289	4.2861939883797096	1691524	1	1450043	2	1522545	0.0499998965547918		72502	0	0	0	True	84.490234375	3.3987016677856445	deepcheck	-1.2338227474528907	3.3987016677856445	1.2338227474528907	3.3987016677856445	medium	medium
G_r068_uneven_coverage_10pct	68	21	uneven_coverage	0.1	10.0	lognormal_sigma1.0	RS_GCF_037694895.1	Campylobacterota	Bacteria	high	85.72405712245289	0.0	85.72405712245289	8.572387976759419	1691524	1	1450043	2	1595047	0.0999997931095836		145004	0	0	0	True	84.29273986816406	8.178498268127441	deepcheck	-1.4313172542888282	8.178498268127441	1.4313172542888282	8.178498268127441	medium	medium
G_r068_uneven_coverage_20pct	68	22	uneven_coverage	0.2	20.0	lognormal_sigma1.0	RS_GCF_037694895.1	Campylobacterota	Bacteria	high	85.72405712245289	0.0	85.72405712245289	17.14483507180507	1691524	1	1450043	2	1740052	0.2000002758538884		290009	0	0	0	True	83.90576171875	17.967117309570312	deepcheck	-1.8182954037028907	17.967117309570312	1.8182954037028907	17.967117309570312	low	medium
G_r068_uneven_coverage_40pct	68	23	uneven_coverage	0.4	40.0	lognormal_sigma1.0	RS_GCF_037694895.1	Campylobacterota	Bacteria	high	85.72405712245289	0.0	85.72405712245289	34.28961102532391	1691524	1	1450043	2	2030060	0.3999998620730557		580017	0	0	0	True	85.28350830078125	30.88750267028809	deepcheck	-0.44054882167164067	30.88750267028809	0.44054882167164067	30.88750267028809	low	medium
G_r069_none_control	69	0	none	0.0	0.0	control	RS_GCF_001693295.1	Cyanobacteriota	Bacteria	low	69.94931733053114	9.999975787569822	69.94931733053114	9.999975787569822	3304088	44	2641595	44	2641595	0.0		0	0	0	0	True	77.0528564453125	5.018439769744873	deepcheck	7.103539114781356	-4.981536017824949	7.103539114781356	4.981536017824949	medium	medium
G_r069_substitution_0p1pct	69	1	substitution	0.001	0.1	uniform	RS_GCF_001693295.1	Cyanobacteriota	Bacteria	low	69.94931733053114	9.999975787569822	69.94931733053114	9.999975787569822	3304088	44	2641595	44	2641595	0.0009679757873557	0.0089640838741259	0	2557	0	0	True	76.16064453125	5.060180187225342	deepcheck	6.211327200718856	-4.93979560034448	6.211327200718856	4.93979560034448	medium	medium
G_r069_substitution_0p5pct	69	2	substitution	0.005	0.5	uniform	RS_GCF_001693295.1	Cyanobacteriota	Bacteria	low	69.94931733053114	9.999975787569822	69.94931733053114	9.999975787569822	3304088	44	2641595	44	2641595	0.0050227230139366	0.0441104216424403	0	13268	0	0	True	74.0780029296875	7.028575420379639	deepcheck	4.128685599156356	-2.971400367190183	4.128685599156356	2.971400367190183	medium	medium
G_r069_substitution_1pct	69	3	substitution	0.01	1.0	uniform	RS_GCF_001693295.1	Cyanobacteriota	Bacteria	low	69.94931733053114	9.999975787569822	69.94931733053114	9.999975787569822	3304088	44	2641595	44	2641595	0.0099879050346476	0.0864827525163591	0	26384	0	0	True	70.69837188720703	5.666259288787842	deepcheck	0.7490545566758868	-4.33371649878198	0.7490545566758868	4.33371649878198	medium	medium
G_r069_substitution_2pct	69	4	substitution	0.02	2.0	uniform	RS_GCF_001693295.1	Cyanobacteriota	Bacteria	low	69.94931733053114	9.999975787569822	69.94931733053114	9.999975787569822	3304088	44	2641595	44	2641595	0.0199837598117803	0.1662522378698502	0	52789	0	0	True	64.01091003417969	8.254326820373535	deepcheck	-5.938407296351457	-1.7456489671962867	5.938407296351457	1.7456489671962867	medium	medium
G_r069_substitution_5pct	69	5	substitution	0.05	5.0	uniform	RS_GCF_001693295.1	Cyanobacteriota	Bacteria	low	69.94931733053114	9.999975787569822	69.94931733053114	9.999975787569822	3304088	44	2641595	44	2641595	0.0499421750873998	0.3697505902753909	0	131927	0	0	True	48.82944488525391	4.963468074798584	deepcheck	-21.11987244527723	-5.036507712771238	21.11987244527723	5.036507712771238	low	medium
G_r069_substitution_titv_0p1pct	69	6	substitution_titv	0.001	0.1	titv_2	RS_GCF_001693295.1	Cyanobacteriota	Bacteria	low	69.94931733053114	9.999975787569822	69.94931733053114	9.999975787569822	3304088	44	2641595	44	2641595	0.0009963677248026	0.0089640838741259	0	2632	0	0	True	76.40804290771484	5.067775249481201	deepcheck	6.458725577183699	-4.932200538088621	6.458725577183699	4.932200538088621	medium	medium
G_r069_substitution_titv_0p5pct	69	7	substitution_titv	0.005	0.5	titv_2	RS_GCF_001693295.1	Cyanobacteriota	Bacteria	low	69.94931733053114	9.999975787569822	69.94931733053114	9.999975787569822	3304088	44	2641595	44	2641595	0.0050053092923025	0.0441104216424403	0	13222	0	0	True	73.93235778808594	4.94973087310791	deepcheck	3.983040457554793	-5.050244914461912	3.983040457554793	5.050244914461912	medium	medium
G_r069_substitution_titv_1pct	69	8	substitution_titv	0.01	1.0	titv_2	RS_GCF_001693295.1	Cyanobacteriota	Bacteria	low	69.94931733053114	9.999975787569822	69.94931733053114	9.999975787569822	3304088	44	2641595	44	2641595	0.0100189468862562	0.0864827525163591	0	26466	0	0	True	72.7622299194336	5.878325939178467	deepcheck	2.8129125889024493	-4.121649848391355	2.8129125889024493	4.121649848391355	medium	medium
G_r069_substitution_titv_2pct	69	9	substitution_titv	0.02	2.0	titv_2	RS_GCF_001693295.1	Cyanobacteriota	Bacteria	low	69.94931733053114	9.999975787569822	69.94931733053114	9.999975787569822	3304088	44	2641595	44	2641595	0.0200019306517463	0.1662522378698502	0	52837	0	0	True	64.5182876586914	5.383759498596191	deepcheck	-5.431029671839738	-4.6162162889736305	5.431029671839738	4.6162162889736305	medium	medium
G_r069_substitution_titv_5pct	69	10	substitution_titv	0.05	5.0	titv_2	RS_GCF_001693295.1	Cyanobacteriota	Bacteria	low	69.94931733053114	9.999975787569822	69.94931733053114	9.999975787569822	3304088	44	2641595	44	2641595	0.0499175687416125	0.3697505902753909	0	131862	0	0	True	53.003883361816406	4.880925178527832	deepcheck	-16.945433968714738	-5.11905060904199	16.945433968714738	5.11905060904199	medium	medium
G_r069_indel_0p1pct	69	11	indel	0.001	0.1	ins0.5_geom0.75	RS_GCF_001693295.1	Cyanobacteriota	Bacteria	low	69.94931733053114	9.999975787569822	69.94518645751559	9.999975787569822	3304088	44	2641595	44	2641439	0.0010126457689388		0	0	2675	0	True	56.70577239990234	4.972424507141113	deepcheck	-13.243544930628808	-5.027551280428709	13.243544930628808	5.027551280428709	medium	medium
G_r069_indel_0p5pct	69	12	indel	0.005	0.5	ins0.5_geom0.75	RS_GCF_001693295.1	Cyanobacteriota	Bacteria	low	69.94931733053114	9.999975787569822	69.951621086636	9.999975787569822	3304088	44	2641595	44	2641682	0.0050390010580728		0	0	13311	0	True	34.12310791015625	4.290593147277832	deepcheck	-35.826209420374894	-5.70938264029199	35.826209420374894	5.70938264029199	low	medium
G_r069_indel_1pct	69	13	indel	0.01	1.0	ins0.5_geom0.75	RS_GCF_001693295.1	Cyanobacteriota	Bacteria	low	69.94931733053114	9.999975787569822	69.95056188842686	9.999975787569822	3304088	44	2641595	44	2641642	0.0100231110370817		0	0	26477	0	True	20.55611991882324	0.7292218208312988	deepcheck	-49.3931974117079	-9.270753966738523	49.3931974117079	9.270753966738523	low	medium
G_r069_indel_2pct	69	14	indel	0.02	2.0	ins0.5_geom0.75	RS_GCF_001693295.1	Cyanobacteriota	Bacteria	low	69.94931733053114	9.999975787569822	69.95832051530867	9.999975787569822	3304088	44	2641595	44	2641935	0.0200064733617378		0	0	52849	0	True	24.36499786376953	13.64409637451172	deepcheck	-45.58431946676161	3.6441205869418987	45.58431946676161	3.6441205869418987	low	medium
G_r069_indel_5pct	69	15	indel	0.05	5.0	ins0.5_geom0.75	RS_GCF_001693295.1	Cyanobacteriota	Bacteria	low	69.94931733053114	9.999975787569822	69.95440148193492	9.999975787569822	3304088	44	2641595	44	2641787	0.0498286073376123		0	0	131627	0	True	50.61142349243164	23.50107192993164	deepcheck	-19.337893838099504	13.501096142361819	19.337893838099504	13.501096142361819	low	medium
G_r069_chimera_5pct	69	16	chimera	0.05	5.0	rc0.5	RS_GCF_001693295.1	Cyanobacteriota	Bacteria	low	69.94931733053114	9.999975787569822	69.94931733053114	9.999975787569822	3304088	44	2641595	43	2641595	0.0454545454545454		0	0	0	1	True	76.96782684326172	5.0064377784729	deepcheck	7.018509512730574	-4.9935380090969215	7.018509512730574	4.9935380090969215	medium	medium
G_r069_chimera_10pct	69	17	chimera	0.1	10.0	rc0.5	RS_GCF_001693295.1	Cyanobacteriota	Bacteria	low	69.94931733053114	9.999975787569822	69.94931733053114	9.999975787569822	3304088	44	2641595	42	2641595	0.0909090909090909		0	0	0	2	True	76.96794891357422	5.00644588470459	deepcheck	7.018631583043074	-4.993529902865232	7.018631583043074	4.993529902865232	medium	medium
G_r069_chimera_20pct	69	18	chimera	0.2	20.0	rc0.5	RS_GCF_001693295.1	Cyanobacteriota	Bacteria	low	69.94931733053114	9.999975787569822	69.94931733053114	9.999975787569822	3304088	44	2641595	40	2641595	0.1818181818181818		0	0	0	4	True	77.05265045166016	5.018410682678223	deepcheck	7.103333121129012	-4.981565104891599	7.103333121129012	4.981565104891599	medium	medium
G_r069_chimera_40pct	69	19	chimera	0.4	40.0	rc0.5	RS_GCF_001693295.1	Cyanobacteriota	Bacteria	low	69.94931733053114	9.999975787569822	69.94931733053114	9.999975787569822	3304088	44	2641595	35	2641595	0.4090909090909091		0	0	0	9	True	77.0530776977539	5.018465042114258	deepcheck	7.103760367222762	-4.981510745455564	7.103760367222762	4.981510745455564	medium	medium
G_r069_uneven_coverage_5pct	69	20	uneven_coverage	0.05	5.0	lognormal_sigma1.0	RS_GCF_001693295.1	Cyanobacteriota	Bacteria	low	69.94931733053114	9.999975787569822	69.94931733053114	13.9974480098593	3304088	44	2641595	48	2773675	0.0500000946397914		132080	0	0	0	True	77.17479705810547	8.583531379699707	deepcheck	7.225479727574324	-1.4164444078701148	7.225479727574324	1.4164444078701148	medium	medium
G_r069_uneven_coverage_10pct	69	21	uneven_coverage	0.1	10.0	lognormal_sigma1.0	RS_GCF_001693295.1	Cyanobacteriota	Bacteria	low	69.94931733053114	9.999975787569822	69.94931733053114	17.99492023214878	3304088	44	2641595	52	2905755	0.1000001892795829		264160	0	0	0	True	77.39736938476562	14.895050048828123	deepcheck	7.448052054234481	4.895074261258301	7.448052054234481	4.895074261258301	low	medium
G_r069_uneven_coverage_20pct	69	22	uneven_coverage	0.2	20.0	lognormal_sigma1.0	RS_GCF_001693295.1	Cyanobacteriota	Bacteria	low	69.94931733053114	9.999975787569822	69.94931733053114	25.989834411190017	3304088	44	2641595	59	3169914	0.2		528319	0	0	0	True	75.52420806884766	20.05253791809082	deepcheck	5.574890738316512	10.052562130520998	5.574890738316512	10.052562130520998	low	medium
G_r069_uneven_coverage_40pct	69	23	uneven_coverage	0.4	40.0	lognormal_sigma1.0	RS_GCF_001693295.1	Cyanobacteriota	Bacteria	low	69.94931733053114	9.999975787569822	69.94931733053114	41.97969303481021	3304088	44	2641595	71	3698233	0.4		1056638	0	0	0	True	77.07221221923828	30.88189125061035	deepcheck	7.122894888707137	20.881915463040528	7.122894888707137	20.881915463040528	low	medium
G_r070_none_control	70	0	none	0.0	0.0	control	RS_GCF_000318565.1	Chlamydiota	Bacteria	low	58.00343955911279	9.883361109024897	58.00343955911279	9.883361109024897	1051879	17	714087	17	714087	0.0		0	0	0	0	True	53.260345458984375	0.4689369201660156	deepcheck	-4.743094100128417	-9.41442418885888	4.743094100128417	9.41442418885888	medium	medium
G_r070_substitution_0p1pct	70	1	substitution	0.001	0.1	uniform	RS_GCF_000318565.1	Chlamydiota	Bacteria	low	58.00343955911279	9.883361109024897	58.00343955911279	9.883361109024897	1051879	17	714087	17	714087	0.0010082889756204	0.0089640838741259	0	720	0	0	True	53.08806991577149	0.117947906255722	deepcheck	-4.9153696433413	-9.765413202769174	4.9153696433413	9.765413202769174	medium	medium
G_r070_substitution_0p5pct	70	2	substitution	0.005	0.5	uniform	RS_GCF_000318565.1	Chlamydiota	Bacteria	low	58.00343955911279	9.883361109024897	58.00343955911279	9.883361109024897	1051879	17	714087	17	714087	0.0050834569187529	0.0441104216424403	0	3630	0	0	True	47.999732971191406	0.8413970470428467	deepcheck	-10.003706587921386	-9.04196406198205	10.003706587921386	9.04196406198205	low	medium
G_r070_substitution_1pct	70	3	substitution	0.01	1.0	uniform	RS_GCF_000318565.1	Chlamydiota	Bacteria	low	58.00343955911279	9.883361109024897	58.00343955911279	9.883361109024897	1051879	17	714087	17	714087	0.0097706002540328	0.0864827525163591	0	6977	0	0	True	43.71994018554688	1.581557035446167	deepcheck	-14.28349937356591	-8.30180407357873	14.28349937356591	8.30180407357873	low	medium
G_r070_substitution_2pct	70	4	substitution	0.02	2.0	uniform	RS_GCF_000318565.1	Chlamydiota	Bacteria	low	58.00343955911279	9.883361109024897	58.00343955911279	9.883361109024897	1051879	17	714087	17	714087	0.0198814980373375	0.1662522378698502	0	14197	0	0	True	39.88431930541992	3.636599779129028	deepcheck	-18.11912025369287	-6.246761329895868	18.11912025369287	6.246761329895868	low	medium
G_r070_substitution_5pct	70	5	substitution	0.05	5.0	uniform	RS_GCF_000318565.1	Chlamydiota	Bacteria	low	58.00343955911279	9.883361109024897	58.00343955911279	9.883361109024897	1051879	17	714087	17	714087	0.0502646058360326	0.3697505902753909	0	35893	0	0	True	26.568607330322266	0.9356319904327391	deepcheck	-31.434832228790526	-8.947729118592157	31.434832228790526	8.947729118592157	low	medium
G_r070_substitution_titv_0p1pct	70	6	substitution_titv	0.001	0.1	titv_2	RS_GCF_000318565.1	Chlamydiota	Bacteria	low	58.00343955911279	9.883361109024897	58.00343955911279	9.883361109024897	1051879	17	714087	17	714087	0.000939669309224	0.0089640838741259	0	671	0	0	True	52.965450286865234	0.550524115562439	deepcheck	-5.037989272247557	-9.332836993462458	5.037989272247557	9.332836993462458	medium	medium
G_r070_substitution_titv_0p5pct	70	7	substitution_titv	0.005	0.5	titv_2	RS_GCF_000318565.1	Chlamydiota	Bacteria	low	58.00343955911279	9.883361109024897	58.00343955911279	9.883361109024897	1051879	17	714087	17	714087	0.004989630027966	0.0441104216424403	0	3563	0	0	True	52.80223083496094	1.2675001621246338	deepcheck	-5.201208724151854	-8.615860946900263	5.201208724151854	8.615860946900263	medium	medium
G_r070_substitution_titv_1pct	70	8	substitution_titv	0.01	1.0	titv_2	RS_GCF_000318565.1	Chlamydiota	Bacteria	low	58.00343955911279	9.883361109024897	58.00343955911279	9.883361109024897	1051879	17	714087	17	714087	0.0101389058104052	0.0864827525163591	0	7240	0	0	True	49.52077102661133	3.113090991973877	deepcheck	-8.482668532501464	-6.7702701170510196	8.482668532501464	6.7702701170510196	low	medium
G_r070_substitution_titv_2pct	70	9	substitution_titv	0.02	2.0	titv_2	RS_GCF_000318565.1	Chlamydiota	Bacteria	low	58.00343955911279	9.883361109024897	58.00343955911279	9.883361109024897	1051879	17	714087	17	714087	0.0198408863980416	0.1662522378698502	0	14168	0	0	True	44.33242416381836	1.9304707050323489	deepcheck	-13.671015395294432	-7.952890403992548	13.671015395294432	7.952890403992548	low	medium
G_r070_substitution_titv_5pct	70	10	substitution_titv	0.05	5.0	titv_2	RS_GCF_000318565.1	Chlamydiota	Bacteria	low	58.00343955911279	9.883361109024897	58.00343955911279	9.883361109024897	1051879	17	714087	17	714087	0.0499761231568967	0.3697505902753909	0	35687	0	0	True	38.46112060546875	1.2542970180511477	deepcheck	-19.542318953644042	-8.629064090973749	19.542318953644042	8.629064090973749	low	medium
G_r070_indel_0p1pct	70	11	indel	0.001	0.1	ins0.5_geom0.75	RS_GCF_000318565.1	Chlamydiota	Bacteria	low	58.00343955911279	9.883361109024897	58.00019046259883	9.883361109024897	1051879	17	714087	17	714047	0.0010418898537573		0	0	744	0	True	40.33808898925781	1.9333667755126955	deepcheck	-17.66535056985498	-7.949994333512201	17.66535056985498	7.949994333512201	low	medium
G_r070_indel_0p5pct	70	12	indel	0.005	0.5	ins0.5_geom0.75	RS_GCF_000318565.1	Chlamydiota	Bacteria	low	58.00343955911279	9.883361109024897	58.00888179577367	9.883361109024897	1051879	17	714087	17	714154	0.0049489768053472		0	0	3534	0	True	20.208740234375	0.7983282208442688	deepcheck	-37.79469932473779	-9.085032888180628	37.79469932473779	9.085032888180628	low	medium
G_r070_indel_1pct	70	13	indel	0.01	1.0	ins0.5_geom0.75	RS_GCF_000318565.1	Chlamydiota	Bacteria	low	58.00343955911279	9.883361109024897	58.00953161507647	9.883361109024897	1051879	17	714087	17	714162	0.0100730023092424		0	0	7193	0	True	21.190582275390625	5.826547145843506	deepcheck	-36.81285728372217	-4.056813963181391	36.81285728372217	4.056813963181391	low	medium
G_r070_indel_2pct	70	14	indel	0.02	2.0	ins0.5_geom0.75	RS_GCF_000318565.1	Chlamydiota	Bacteria	low	58.00343955911279	9.883361109024897	58.02707673625184	9.883361109024897	1051879	17	714087	17	714378	0.0199303446218738		0	0	14232	0	True	27.68060302734375	4.80520486831665	deepcheck	-30.322836531769042	-5.078156240708246	30.322836531769042	5.078156240708246	low	medium
G_r070_indel_5pct	70	15	indel	0.05	5.0	ins0.5_geom0.75	RS_GCF_000318565.1	Chlamydiota	Bacteria	low	58.00343955911279	9.883361109024897	58.012293347113335	9.883361109024897	1051879	17	714087	17	714196	0.0504098240130404		0	0	35997	0	True	25.12029457092285	5.876392841339111	deepcheck	-32.88314498818994	-4.006968267685785	32.88314498818994	4.006968267685785	low	medium
G_r070_chimera_5pct	70	16	chimera	0.05	5.0	rc0.5	RS_GCF_000318565.1	Chlamydiota	Bacteria	low	58.00343955911279	9.883361109024897	58.00343955911279	9.883361109024897	1051879	17	714087	17	714087	0.0		0	0	0	0	True	53.260345458984375	0.4689369201660156	deepcheck	-4.743094100128417	-9.41442418885888	4.743094100128417	9.41442418885888	medium	medium
G_r070_chimera_10pct	70	17	chimera	0.1	10.0	rc0.5	RS_GCF_000318565.1	Chlamydiota	Bacteria	low	58.00343955911279	9.883361109024897	58.00343955911279	9.883361109024897	1051879	17	714087	16	714087	0.1176470588235294		0	0	0	1	True	53.2605094909668	0.4690214991569519	deepcheck	-4.742930068145995	-9.414339609867945	4.742930068145995	9.414339609867945	medium	medium
G_r070_chimera_20pct	70	18	chimera	0.2	20.0	rc0.5	RS_GCF_000318565.1	Chlamydiota	Bacteria	low	58.00343955911279	9.883361109024897	58.00343955911279	9.883361109024897	1051879	17	714087	16	714087	0.1176470588235294		0	0	0	1	True	53.26084899902344	0.4691317677497864	deepcheck	-4.742590560089354	-9.41422934127511	4.742590560089354	9.41422934127511	medium	medium
G_r070_chimera_40pct	70	19	chimera	0.4	40.0	rc0.5	RS_GCF_000318565.1	Chlamydiota	Bacteria	low	58.00343955911279	9.883361109024897	58.00343955911279	9.883361109024897	1051879	17	714087	14	714087	0.3529411764705882		0	0	0	3	True	52.93085479736328	0.4385098814964294	deepcheck	-5.072584761749511	-9.444851227528467	5.072584761749511	9.444851227528467	medium	medium
G_r070_uneven_coverage_5pct	70	20	uneven_coverage	0.05	5.0	lognormal_sigma1.0	RS_GCF_000318565.1	Chlamydiota	Bacteria	low	58.00343955911279	9.883361109024897	58.00343955911279	13.277667868642686	1051879	17	714087	18	749791	0.049999509863644		35704	0	0	0	True	53.405181884765625	1.244358777999878	deepcheck	-4.598257674347167	-8.639002331025019	4.598257674347167	8.639002331025019	medium	medium
G_r070_uneven_coverage_10pct	70	21	uneven_coverage	0.1	10.0	lognormal_sigma1.0	RS_GCF_000318565.1	Chlamydiota	Bacteria	low	58.00343955911279	9.883361109024897	58.00343955911279	16.67206969622932	1051879	17	714087	19	785496	0.1000004201168765		71409	0	0	0	True	52.47218704223633	8.002622604370117	deepcheck	-5.531252516876464	-1.8807385046547793	5.531252516876464	1.8807385046547793	medium	medium
G_r070_uneven_coverage_20pct	70	22	uneven_coverage	0.2	20.0	lognormal_sigma1.0	RS_GCF_000318565.1	Chlamydiota	Bacteria	low	58.00343955911279	9.883361109024897	58.00343955911279	23.460683215464897	1051879	17	714087	21	856904	0.1999994398441646		142817	0	0	0	True	52.40214920043945	8.961868286132812	deepcheck	-5.601290358673339	-0.921492822892084	5.601290358673339	0.921492822892084	medium	medium
G_r070_uneven_coverage_40pct	70	23	uneven_coverage	0.4	40.0	lognormal_sigma1.0	RS_GCF_000318565.1	Chlamydiota	Bacteria	low	58.00343955911279	9.883361109024897	58.00343955911279	37.03810038987374	1051879	17	714087	22	999722	0.4000002800779176		285635	0	0	0	True	52.89957046508789	19.929710388183597	deepcheck	-5.103869094024901	10.0463492791587	5.103869094024901	10.0463492791587	low	medium
G_r071_none_control	71	0	none	0.0	0.0	control	RS_GCF_016117655.1	Spirochaetota	Bacteria	highly_fragmented	77.64809175527544	0.0	77.64809175527544	0.0	2738066	116	2126056	116	2126056	0.0		0	0	0	0	True	85.15347290039062	0.6047106981277466	deepcheck	7.50538114511518	0.6047106981277466	7.50538114511518	0.6047106981277466	medium	medium
G_r071_substitution_0p1pct	71	1	substitution	0.001	0.1	uniform	RS_GCF_016117655.1	Spirochaetota	Bacteria	highly_fragmented	77.64809175527544	0.0	77.64809175527544	0.0	2738066	116	2126056	116	2126056	0.0010074993320966	0.0089640838741259	0	2142	0	0	True	82.82540130615234	0.7240429520606995	deepcheck	5.177309550876899	0.7240429520606995	5.177309550876899	0.7240429520606995	medium	medium
G_r071_substitution_0p5pct	71	2	substitution	0.005	0.5	uniform	RS_GCF_016117655.1	Spirochaetota	Bacteria	highly_fragmented	77.64809175527544	0.0	77.64809175527544	0.0	2738066	116	2126056	116	2126056	0.0049749395124117	0.0441104216424403	0	10577	0	0	True	78.40718078613281	1.7722073793411257	deepcheck	0.7590890308573677	1.7722073793411257	0.7590890308573677	1.7722073793411257	medium	medium
G_r071_substitution_1pct	71	3	substitution	0.01	1.0	uniform	RS_GCF_016117655.1	Spirochaetota	Bacteria	highly_fragmented	77.64809175527544	0.0	77.64809175527544	0.0	2738066	116	2126056	116	2126056	0.0099066064111199	0.0864827525163591	0	21062	0	0	True	74.34789276123047	1.8744163513183596	deepcheck	-3.300198994044976	1.8744163513183596	3.300198994044976	1.8744163513183596	medium	medium
G_r071_substitution_2pct	71	4	substitution	0.02	2.0	uniform	RS_GCF_016117655.1	Spirochaetota	Bacteria	highly_fragmented	77.64809175527544	0.0	77.64809175527544	0.0	2738066	116	2126056	116	2126056	0.0201565716048871	0.1662522378698502	0	42854	0	0	True	63.154293060302734	2.0123302936553955	deepcheck	-14.49379869497271	2.0123302936553955	14.49379869497271	2.0123302936553955	medium	medium
G_r071_substitution_5pct	71	5	substitution	0.05	5.0	uniform	RS_GCF_016117655.1	Spirochaetota	Bacteria	highly_fragmented	77.64809175527544	0.0	77.64809175527544	0.0	2738066	116	2126056	116	2126056	0.0501957615415586	0.3697505902753909	0	106719	0	0	True	38.78572463989258	1.4823321104049685	deepcheck	-38.86236711538287	1.4823321104049685	38.86236711538287	1.4823321104049685	low	medium
G_r071_substitution_titv_0p1pct	71	6	substitution_titv	0.001	0.1	titv_2	RS_GCF_016117655.1	Spirochaetota	Bacteria	highly_fragmented	77.64809175527544	0.0	77.64809175527544	0.0	2738066	116	2126056	116	2126056	0.001010791813574	0.0089640838741259	0	2149	0	0	True	82.589599609375	1.228398084640503	deepcheck	4.941507854099555	1.228398084640503	4.941507854099555	1.228398084640503	medium	medium
G_r071_substitution_titv_0p5pct	71	7	substitution_titv	0.005	0.5	titv_2	RS_GCF_016117655.1	Spirochaetota	Bacteria	highly_fragmented	77.64809175527544	0.0	77.64809175527544	0.0	2738066	116	2126056	116	2126056	0.0049645917134826	0.0441104216424403	0	10555	0	0	True	78.62928009033203	0.9479984641075134	deepcheck	0.9811883350565864	0.9479984641075134	0.9811883350565864	0.9479984641075134	medium	medium
G_r071_substitution_titv_1pct	71	8	substitution_titv	0.01	1.0	titv_2	RS_GCF_016117655.1	Spirochaetota	Bacteria	highly_fragmented	77.64809175527544	0.0	77.64809175527544	0.0	2738066	116	2126056	116	2126056	0.0100425388606885	0.0864827525163591	0	21351	0	0	True	79.265380859375	2.066493034362793	deepcheck	1.6172891040995552	2.066493034362793	1.6172891040995552	2.066493034362793	medium	medium
G_r071_substitution_titv_2pct	71	9	substitution_titv	0.02	2.0	titv_2	RS_GCF_016117655.1	Spirochaetota	Bacteria	highly_fragmented	77.64809175527544	0.0	77.64809175527544	0.0	2738066	116	2126056	116	2126056	0.0199510266897955	0.1662522378698502	0	42417	0	0	True	79.15046691894531	1.4053739309310913	deepcheck	1.5023751636698677	1.4053739309310913	1.5023751636698677	1.4053739309310913	medium	medium
G_r071_substitution_titv_5pct	71	10	substitution_titv	0.05	5.0	titv_2	RS_GCF_016117655.1	Spirochaetota	Bacteria	highly_fragmented	77.64809175527544	0.0	77.64809175527544	0.0	2738066	116	2126056	116	2126056	0.0499262484149053	0.3697505902753909	0	106146	0	0	True	45.18253326416016	2.8555610179901123	deepcheck	-32.46555849111528	2.8555610179901123	32.46555849111528	2.8555610179901123	low	medium
G_r071_indel_0p1pct	71	11	indel	0.001	0.1	ins0.5_geom0.75	RS_GCF_016117655.1	Spirochaetota	Bacteria	highly_fragmented	77.64809175527544	0.0	77.64900480850352	0.0	2738066	116	2126056	116	2126081	0.0010037364961223		0	0	2134	0	True	58.234466552734375	5.048844337463379	deepcheck	-19.41362520254107	5.048844337463379	19.41362520254107	5.048844337463379	medium	medium
G_r071_indel_0p5pct	71	12	indel	0.005	0.5	ins0.5_geom0.75	RS_GCF_016117655.1	Spirochaetota	Bacteria	highly_fragmented	77.64809175527544	0.0	77.65514052619623	0.0	2738066	116	2126056	116	2126249	0.0050031607822183		0	0	10637	0	True	26.121044158935547	0.5778107643127441	deepcheck	-51.5270475963399	0.5778107643127441	51.5270475963399	0.5778107643127441	low	medium
G_r071_indel_1pct	71	13	indel	0.01	1.0	ins0.5_geom0.75	RS_GCF_016117655.1	Spirochaetota	Bacteria	highly_fragmented	77.64809175527544	0.0	77.6522552779955	0.0	2738066	116	2126056	116	2126170	0.0099597564692557		0	0	21175	0	True	40.44083786010742	4.789305686950684	deepcheck	-37.20725389516802	4.789305686950684	37.20725389516802	4.789305686950684	low	medium
G_r071_indel_2pct	71	14	indel	0.02	2.0	ins0.5_geom0.75	RS_GCF_016117655.1	Spirochaetota	Bacteria	highly_fragmented	77.64809175527544	0.0	77.63424986833772	0.0	2738066	116	2126056	116	2125677	0.0201363463615257		0	0	42811	0	True	52.87156677246094	17.59726333618164	deepcheck	-24.776524982814507	17.59726333618164	24.776524982814507	17.59726333618164	low	medium
G_r071_indel_5pct	71	15	indel	0.05	5.0	ins0.5_geom0.75	RS_GCF_016117655.1	Spirochaetota	Bacteria	highly_fragmented	77.64809175527544	0.0	77.63213158484858	0.0	2738066	116	2126056	116	2125619	0.0501035720601903		0	0	106523	0	True	28.67574119567871	11.374417304992676	deepcheck	-48.972350559596734	11.374417304992676	48.972350559596734	11.374417304992676	low	medium
G_r071_chimera_5pct	71	16	chimera	0.05	5.0	rc0.5	RS_GCF_016117655.1	Spirochaetota	Bacteria	highly_fragmented	77.64809175527544	0.0	77.64809175527544	0.0	2738066	116	2126056	113	2126056	0.0517241379310344		0	0	0	3	True	85.15328979492188	0.6047219038009644	deepcheck	7.50519803964643	0.6047219038009644	7.50519803964643	0.6047219038009644	medium	medium
G_r071_chimera_10pct	71	17	chimera	0.1	10.0	rc0.5	RS_GCF_016117655.1	Spirochaetota	Bacteria	highly_fragmented	77.64809175527544	0.0	77.64809175527544	0.0	2738066	116	2126056	111	2126056	0.0862068965517241		0	0	0	5	True	85.1511459350586	0.6044715642929077	deepcheck	7.503054179783149	0.6044715642929077	7.503054179783149	0.6044715642929077	medium	medium
G_r071_chimera_20pct	71	18	chimera	0.2	20.0	rc0.5	RS_GCF_016117655.1	Spirochaetota	Bacteria	highly_fragmented	77.64809175527544	0.0	77.64809175527544	0.0	2738066	116	2126056	105	2126056	0.1896551724137931		0	0	0	11	True	85.15225219726562	0.6045632362365723	deepcheck	7.50416044199018	0.6045632362365723	7.50416044199018	0.6045632362365723	medium	medium
G_r071_chimera_40pct	71	19	chimera	0.4	40.0	rc0.5	RS_GCF_016117655.1	Spirochaetota	Bacteria	highly_fragmented	77.64809175527544	0.0	77.64809175527544	0.0	2738066	116	2126056	93	2126056	0.396551724137931		0	0	0	23	True	84.77684020996094	0.6337985396385193	deepcheck	7.128748454685493	0.6337985396385193	7.128748454685493	0.6337985396385193	medium	medium
G_r071_uneven_coverage_5pct	71	20	uneven_coverage	0.05	5.0	lognormal_sigma1.0	RS_GCF_016117655.1	Spirochaetota	Bacteria	highly_fragmented	77.64809175527544	0.0	77.64809175527544	3.8824118921895967	2738066	116	2126056	125	2232359	0.0500000940708993		106303	0	0	0	True	85.16366577148438	4.845154285430908	deepcheck	7.51557401620893	4.845154285430908	7.51557401620893	4.845154285430908	medium	medium
G_r071_uneven_coverage_10pct	71	21	uneven_coverage	0.1	10.0	lognormal_sigma1.0	RS_GCF_016117655.1	Spirochaetota	Bacteria	highly_fragmented	77.64809175527544	0.0	77.64809175527544	7.764823784379193	2738066	116	2126056	126	2338662	0.1000001881417987		212606	0	0	0	True	84.1572494506836	8.75566291809082	deepcheck	6.509157695408149	8.75566291809082	6.509157695408149	8.75566291809082	medium	medium
G_r071_uneven_coverage_20pct	71	22	uneven_coverage	0.2	20.0	lognormal_sigma1.0	RS_GCF_016117655.1	Spirochaetota	Bacteria	highly_fragmented	77.64809175527544	0.0	77.64809175527544	15.529611046629263	2738066	116	2126056	154	2551267	0.1999999059291006		425211	0	0	0	True	84.58921813964844	14.920761108398438	deepcheck	6.941126384372993	14.920761108398438	6.941126384372993	14.920761108398438	low	medium
G_r071_uneven_coverage_40pct	71	23	uneven_coverage	0.4	40.0	lognormal_sigma1.0	RS_GCF_016117655.1	Spirochaetota	Bacteria	highly_fragmented	77.64809175527544	0.0	77.64809175527544	31.059222093258526	2738066	116	2126056	178	2976478	0.3999998118582012		850422	0	0	0	True	81.66954803466797	21.883323669433597	deepcheck	4.021456279392524	21.883323669433597	4.021456279392524	21.883323669433597	low	medium
G_r072_none_control	72	0	none	0.0	0.0	control	RS_GCF_902381645.1	Fusobacteriota	Bacteria	highly_fragmented	69.72920355230767	4.835927966310918	69.72920355230767	4.835927966310918	2268272	107	1691340	107	1691340	0.0		0	0	0	0	True	64.79782104492188	1.3515002727508545	deepcheck	-4.931382507385791	-3.4844276935600638	4.931382507385791	3.4844276935600638	medium	medium
G_r072_substitution_0p1pct	72	1	substitution	0.001	0.1	uniform	RS_GCF_902381645.1	Fusobacteriota	Bacteria	highly_fragmented	69.72920355230767	4.835927966310918	69.72920355230767	4.835927966310918	2268272	107	1691340	107	1691340	0.0009974339872527	0.0089640838741259	0	1687	0	0	True	63.58879089355469	1.8760673999786377	deepcheck	-6.140412658752979	-2.9598605663322806	6.140412658752979	2.9598605663322806	medium	medium
G_r072_substitution_0p5pct	72	2	substitution	0.005	0.5	uniform	RS_GCF_902381645.1	Fusobacteriota	Bacteria	highly_fragmented	69.72920355230767	4.835927966310918	69.72920355230767	4.835927966310918	2268272	107	1691340	107	1691340	0.0049363226790592	0.0441104216424403	0	8349	0	0	True	57.6590461730957	2.122572898864746	deepcheck	-12.070157379211963	-2.713355067446172	12.070157379211963	2.713355067446172	medium	medium
G_r072_substitution_1pct	72	3	substitution	0.01	1.0	uniform	RS_GCF_902381645.1	Fusobacteriota	Bacteria	highly_fragmented	69.72920355230767	4.835927966310918	69.72920355230767	4.835927966310918	2268272	107	1691340	107	1691340	0.0098454479879858	0.0864827525163591	0	16652	0	0	True	57.28911590576172	3.759920120239258	deepcheck	-12.440087646545948	-1.0760078460716604	12.440087646545948	1.0760078460716604	medium	medium
G_r072_substitution_2pct	72	4	substitution	0.02	2.0	uniform	RS_GCF_902381645.1	Fusobacteriota	Bacteria	highly_fragmented	69.72920355230767	4.835927966310918	69.72920355230767	4.835927966310918	2268272	107	1691340	107	1691340	0.0201402438303357	0.1662522378698502	0	34064	0	0	True	43.78742980957031	1.9037448167800903	deepcheck	-25.941773742737354	-2.932183149530828	25.941773742737354	2.932183149530828	low	medium
G_r072_substitution_5pct	72	5	substitution	0.05	5.0	uniform	RS_GCF_902381645.1	Fusobacteriota	Bacteria	highly_fragmented	69.72920355230767	4.835927966310918	69.72920355230767	4.835927966310918	2268272	107	1691340	107	1691340	0.0498527794529781	0.3697505902753909	0	84318	0	0	True	31.613731384277344	2.569777250289917	deepcheck	-38.11547216803032	-2.2661507160210013	38.11547216803032	2.2661507160210013	low	medium
G_r072_substitution_titv_0p1pct	72	6	substitution_titv	0.001	0.1	titv_2	RS_GCF_902381645.1	Fusobacteriota	Bacteria	highly_fragmented	69.72920355230767	4.835927966310918	69.72920355230767	4.835927966310918	2268272	107	1691340	107	1691340	0.0010193101327941	0.0089640838741259	0	1724	0	0	True	63.61898040771485	1.2934937477111816	deepcheck	-6.1102231445928155	-3.5424342185997366	6.1102231445928155	3.5424342185997366	medium	medium
G_r072_substitution_titv_0p5pct	72	7	substitution_titv	0.005	0.5	titv_2	RS_GCF_902381645.1	Fusobacteriota	Bacteria	highly_fragmented	69.72920355230767	4.835927966310918	69.72920355230767	4.835927966310918	2268272	107	1691340	107	1691340	0.0049688412737829	0.0441104216424403	0	8404	0	0	True	60.56443405151367	2.136028289794922	deepcheck	-9.164769500793994	-2.6998996765159964	9.164769500793994	2.6998996765159964	medium	medium
G_r072_substitution_titv_1pct	72	8	substitution_titv	0.01	1.0	titv_2	RS_GCF_902381645.1	Fusobacteriota	Bacteria	highly_fragmented	69.72920355230767	4.835927966310918	69.72920355230767	4.835927966310918	2268272	107	1691340	107	1691340	0.0099619236818144	0.0864827525163591	0	16849	0	0	True	58.460235595703125	2.077709913253784	deepcheck	-11.268967956604541	-2.758218053057134	11.268967956604541	2.758218053057134	medium	medium
G_r072_substitution_titv_2pct	72	9	substitution_titv	0.02	2.0	titv_2	RS_GCF_902381645.1	Fusobacteriota	Bacteria	highly_fragmented	69.72920355230767	4.835927966310918	69.72920355230767	4.835927966310918	2268272	107	1691340	107	1691340	0.019767758108955	0.1662522378698502	0	33434	0	0	True	50.9500732421875	2.734183549880981	deepcheck	-18.779130310120166	-2.1017444164299373	18.779130310120166	2.1017444164299373	medium	medium
G_r072_substitution_titv_5pct	72	10	substitution_titv	0.05	5.0	titv_2	RS_GCF_902381645.1	Fusobacteriota	Bacteria	highly_fragmented	69.72920355230767	4.835927966310918	69.72920355230767	4.835927966310918	2268272	107	1691340	107	1691340	0.0503441058568945	0.3697505902753909	0	85149	0	0	True	38.62455368041992	1.993136167526245	deepcheck	-31.104649871887744	-2.842791798784673	31.104649871887744	2.842791798784673	low	medium
G_r072_indel_0p1pct	72	11	indel	0.001	0.1	ins0.5_geom0.75	RS_GCF_902381645.1	Fusobacteriota	Bacteria	highly_fragmented	69.72920355230767	4.835927966310918	69.72611151270213	4.835927966310918	2268272	107	1691340	107	1691265	0.0010039377061974		0	0	1698	0	True	51.45524597167969	2.4223527908325195	deepcheck	-18.27395758062798	-2.4135751754783987	18.27395758062798	2.4135751754783987	medium	medium
G_r072_indel_0p5pct	72	12	indel	0.005	0.5	ins0.5_geom0.75	RS_GCF_902381645.1	Fusobacteriota	Bacteria	highly_fragmented	69.72920355230767	4.835927966310918	69.72182388444912	4.835927966310918	2268272	107	1691340	107	1691161	0.0050930031809098		0	0	8614	0	True	25.24869537353516	1.059491515159607	deepcheck	-44.48050817877251	-3.7764364511513113	44.48050817877251	3.7764364511513113	low	medium
G_r072_indel_1pct	72	13	indel	0.01	1.0	ins0.5_geom0.75	RS_GCF_902381645.1	Fusobacteriota	Bacteria	highly_fragmented	69.72920355230767	4.835927966310918	69.72285456431763	4.835927966310918	2268272	107	1691340	107	1691186	0.010089633072002		0	0	17065	0	True	28.84400177001953	3.5123965740203857	deepcheck	-40.885201782288135	-1.3235313922905325	40.885201782288135	1.3235313922905325	low	medium
G_r072_indel_2pct	72	14	indel	0.02	2.0	ins0.5_geom0.75	RS_GCF_902381645.1	Fusobacteriota	Bacteria	highly_fragmented	69.72920355230767	4.835927966310918	69.74045857647181	4.835927966310918	2268272	107	1691340	107	1691613	0.020107725235612		0	0	34009	0	True	40.84494018554688	17.81839942932129	deepcheck	-28.884263366760784	12.98247146301037	28.884263366760784	12.98247146301037	low	medium
G_r072_indel_5pct	72	15	indel	0.05	5.0	ins0.5_geom0.75	RS_GCF_902381645.1	Fusobacteriota	Bacteria	highly_fragmented	69.72920355230767	4.835927966310918	69.72652378464953	4.835927966310918	2268272	107	1691340	107	1691275	0.0498037059373041		0	0	84235	0	True	20.27705764770508	2.924876928329468	deepcheck	-49.45214590460259	-1.91105103798145	49.45214590460259	1.91105103798145	low	medium
G_r072_chimera_5pct	72	16	chimera	0.05	5.0	rc0.5	RS_GCF_902381645.1	Fusobacteriota	Bacteria	highly_fragmented	69.72920355230767	4.835927966310918	69.72920355230767	4.835927966310918	2268272	107	1691340	104	1691340	0.0560747663551401		0	0	0	3	True	64.79667663574219	1.3504852056503296	deepcheck	-4.932526916565479	-3.4854427606605887	4.932526916565479	3.4854427606605887	medium	medium
G_r072_chimera_10pct	72	17	chimera	0.1	10.0	rc0.5	RS_GCF_902381645.1	Fusobacteriota	Bacteria	highly_fragmented	69.72920355230767	4.835927966310918	69.72920355230767	4.835927966310918	2268272	107	1691340	101	1691340	0.1121495327102803		0	0	0	6	True	64.69261932373047	1.1889681816101074	deepcheck	-5.036584228577198	-3.646959784700811	5.036584228577198	3.646959784700811	medium	medium
G_r072_chimera_20pct	72	18	chimera	0.2	20.0	rc0.5	RS_GCF_902381645.1	Fusobacteriota	Bacteria	highly_fragmented	69.72920355230767	4.835927966310918	69.72920355230767	4.835927966310918	2268272	107	1691340	97	1691340	0.1869158878504672		0	0	0	10	True	64.7964096069336	1.3504289388656616	deepcheck	-4.932793945374073	-3.4854990274452566	4.932793945374073	3.4854990274452566	medium	medium
G_r072_chimera_40pct	72	19	chimera	0.4	40.0	rc0.5	RS_GCF_902381645.1	Fusobacteriota	Bacteria	highly_fragmented	69.72920355230767	4.835927966310918	69.72920355230767	4.835927966310918	2268272	107	1691340	85	1691340	0.411214953271028		0	0	0	22	True	64.95343780517578	1.4648683071136477	deepcheck	-4.775765747131885	-3.371059659197271	4.775765747131885	3.371059659197271	medium	medium
G_r072_uneven_coverage_5pct	72	20	uneven_coverage	0.05	5.0	lognormal_sigma1.0	RS_GCF_902381645.1	Fusobacteriota	Bacteria	highly_fragmented	69.72920355230767	4.835927966310918	69.72920355230767	8.564184542241847	2268272	107	1691340	114	1775907	0.05		84567	0	0	0	True	65.06173706054688	4.955607891082764	deepcheck	-4.667466491760791	0.11967992477184541	4.667466491760791	0.11967992477184541	medium	medium
G_r072_uneven_coverage_10pct	72	21	uneven_coverage	0.1	10.0	lognormal_sigma1.0	RS_GCF_902381645.1	Fusobacteriota	Bacteria	highly_fragmented	69.72920355230767	4.835927966310918	69.72920355230767	12.292441118172777	2268272	107	1691340	120	1860474	0.1		169134	0	0	0	True	64.89336395263672	9.22687530517578	deepcheck	-4.835839599670948	4.390947338864861	4.835839599670948	4.390947338864861	medium	medium
G_r072_uneven_coverage_20pct	72	22	uneven_coverage	0.2	20.0	lognormal_sigma1.0	RS_GCF_902381645.1	Fusobacteriota	Bacteria	highly_fragmented	69.72920355230767	4.835927966310918	69.72920355230767	19.748954270034638	2268272	107	1691340	130	2029608	0.2		338268	0	0	0	True	63.25288391113281	15.04947280883789	deepcheck	-6.476319641174854	10.213544842526971	6.476319641174854	10.213544842526971	low	medium
G_r072_uneven_coverage_40pct	72	23	uneven_coverage	0.4	40.0	lognormal_sigma1.0	RS_GCF_902381645.1	Fusobacteriota	Bacteria	highly_fragmented	69.72920355230767	4.835927966310918	69.72920355230767	34.66198057375835	2268272	107	1691340	161	2367876	0.4		676536	0	0	0	True	63.142086029052734	29.392990112304688	deepcheck	-6.587117523254932	24.55706214599377	6.587117523254932	24.55706214599377	low	medium
G_r073_none_control	73	0	none	0.0	0.0	control	RS_GCF_000243255.1	Halobacteriota	Archaea	medium	83.8626456053929	9.99998125554133	83.8626456053929	9.99998125554133	3200946	18	3004492	18	3004492	0.0		0	0	0	0	True	76.28236389160156	1.8057833909988403	deepcheck	-7.5802817137913365	-8.19419786454249	7.5802817137913365	8.19419786454249	medium	medium
G_r073_substitution_0p1pct	73	1	substitution	0.001	0.1	uniform	RS_GCF_000243255.1	Halobacteriota	Archaea	medium	83.8626456053929	9.99998125554133	83.8626456053929	9.99998125554133	3200946	18	3004492	18	3004492	0.0010067274964444	0.0089640838741259	0	3024	0	0	True	74.39393615722656	2.7902941703796387	deepcheck	-9.468709448166337	-7.209687085161692	9.468709448166337	7.209687085161692	medium	medium
G_r073_substitution_0p5pct	73	2	substitution	0.005	0.5	uniform	RS_GCF_000243255.1	Halobacteriota	Archaea	medium	83.8626456053929	9.99998125554133	83.8626456053929	9.99998125554133	3200946	18	3004492	18	3004492	0.0049853651650979	0.0441104216424403	0	14975	0	0	True	69.89796447753906	3.113718748092652	deepcheck	-13.964681127853837	-6.886262507448679	13.964681127853837	6.886262507448679	medium	medium
G_r073_substitution_1pct	73	3	substitution	0.01	1.0	uniform	RS_GCF_000243255.1	Halobacteriota	Archaea	medium	83.8626456053929	9.99998125554133	83.8626456053929	9.99998125554133	3200946	18	3004492	18	3004492	0.0101032295178893	0.0864827525163591	0	30348	0	0	True	63.10600662231445	5.160511016845703	deepcheck	-20.756638983078446	-4.839470238695627	20.756638983078446	4.839470238695627	medium	medium
G_r073_substitution_2pct	73	4	substitution	0.02	2.0	uniform	RS_GCF_000243255.1	Halobacteriota	Archaea	medium	83.8626456053929	9.99998125554133	83.8626456053929	9.99998125554133	3200946	18	3004492	18	3004492	0.019900512418969	0.1662522378698502	0	59777	0	0	True	54.94628143310547	4.978259086608887	deepcheck	-28.91636417228743	-5.021722168932444	28.91636417228743	5.021722168932444	medium	medium
G_r073_substitution_5pct	73	5	substitution	0.05	5.0	uniform	RS_GCF_000243255.1	Halobacteriota	Archaea	medium	83.8626456053929	9.99998125554133	83.8626456053929	9.99998125554133	3200946	18	3004492	18	3004492	0.0499944736519705	0.3697505902753909	0	150173	0	0	True	38.01976776123047	4.118400096893311	deepcheck	-45.84287784416243	-5.881581158648019	45.84287784416243	5.881581158648019	low	medium
G_r073_substitution_titv_0p1pct	73	6	substitution_titv	0.001	0.1	titv_2	RS_GCF_000243255.1	Halobacteriota	Archaea	medium	83.8626456053929	9.99998125554133	83.8626456053929	9.99998125554133	3200946	18	3004492	18	3004492	0.0010227072979753	0.0089640838741259	0	3072	0	0	True	75.5933837890625	1.958214521408081	deepcheck	-8.269261816330399	-8.04176673413325	8.269261816330399	8.04176673413325	medium	medium
G_r073_substitution_titv_0p5pct	73	7	substitution_titv	0.005	0.5	titv_2	RS_GCF_000243255.1	Halobacteriota	Archaea	medium	83.8626456053929	9.99998125554133	83.8626456053929	9.99998125554133	3200946	18	3004492	18	3004492	0.0049900259405444	0.0441104216424403	0	14989	0	0	True	72.93936157226562	1.9221256971359253	deepcheck	-10.923284033127274	-8.077855558405405	10.923284033127274	8.077855558405405	medium	medium
G_r073_substitution_titv_1pct	73	8	substitution_titv	0.01	1.0	titv_2	RS_GCF_000243255.1	Halobacteriota	Archaea	medium	83.8626456053929	9.99998125554133	83.8626456053929	9.99998125554133	3200946	18	3004492	18	3004492	0.0100492976877227	0.0864827525163591	0	30186	0	0	True	70.15755462646484	2.6200625896453857	deepcheck	-13.705090978928055	-7.379918665895945	13.705090978928055	7.379918665895945	medium	medium
G_r073_substitution_titv_2pct	73	9	substitution_titv	0.02	2.0	titv_2	RS_GCF_000243255.1	Halobacteriota	Archaea	medium	83.8626456053929	9.99998125554133	83.8626456053929	9.99998125554133	3200946	18	3004492	18	3004492	0.0200253546184289	0.1662522378698502	0	60152	0	0	True	61.49382781982422	1.1398922204971311	deepcheck	-22.36881778556868	-8.860089035044199	22.36881778556868	8.860089035044199	medium	medium
G_r073_substitution_titv_5pct	73	10	substitution_titv	0.05	5.0	titv_2	RS_GCF_000243255.1	Halobacteriota	Archaea	medium	83.8626456053929	9.99998125554133	83.8626456053929	9.99998125554133	3200946	18	3004492	18	3004492	0.0499481988100374	0.3697505902753909	0	150034	0	0	True	46.89918518066406	3.480264663696289	deepcheck	-36.96346042472884	-6.519716591845041	36.96346042472884	6.519716591845041	low	medium
G_r073_indel_0p1pct	73	11	indel	0.001	0.1	ins0.5_geom0.75	RS_GCF_000243255.1	Halobacteriota	Archaea	medium	83.8626456053929	9.99998125554133	83.8626456053929	9.99998125554133	3200946	18	3004492	18	3004492	0.0010124839739962		0	0	3042	0	True	53.88590240478516	6.316810131072998	deepcheck	-29.976743200607736	-3.6831711244683323	29.976743200607736	3.6831711244683323	medium	medium
G_r073_indel_0p5pct	73	12	indel	0.005	0.5	ins0.5_geom0.75	RS_GCF_000243255.1	Halobacteriota	Archaea	medium	83.8626456053929	9.99998125554133	83.86038469929163	9.99998125554133	3200946	18	3004492	18	3004411	0.0050091662750308		0	0	15050	0	True	23.89730453491211	2.7576475143432617	deepcheck	-59.96534107048079	-7.242333741198069	59.96534107048079	7.242333741198069	low	medium
G_r073_indel_1pct	73	13	indel	0.01	1.0	ins0.5_geom0.75	RS_GCF_000243255.1	Halobacteriota	Archaea	medium	83.8626456053929	9.99998125554133	83.87107515653592	9.99998125554133	3200946	18	3004492	18	3004794	0.010019331054967		0	0	30103	0	True	23.74658203125	6.640875339508057	deepcheck	-60.1160635741429	-3.3591059160332737	60.1160635741429	3.3591059160332737	low	medium
G_r073_indel_2pct	73	14	indel	0.02	2.0	ins0.5_geom0.75	RS_GCF_000243255.1	Halobacteriota	Archaea	medium	83.8626456053929	9.99998125554133	83.87205209127104	9.99998125554133	3200946	18	3004492	18	3004829	0.0199384787844334		0	0	59905	0	True	48.68317413330078	13.379276275634766	deepcheck	-35.17947147209212	3.3792950200934353	35.17947147209212	3.3792950200934353	low	medium
G_r073_indel_5pct	73	15	indel	0.05	5.0	ins0.5_geom0.75	RS_GCF_000243255.1	Halobacteriota	Archaea	medium	83.8626456053929	9.99998125554133	83.85798423108534	9.99998125554133	3200946	18	3004492	18	3004325	0.050027092766431		0	0	150306	0	True	53.33029556274414	18.879091262817383	deepcheck	-30.53235004264876	8.879110007276052	30.53235004264876	8.879110007276052	low	medium
G_r073_chimera_5pct	73	16	chimera	0.05	5.0	rc0.5	RS_GCF_000243255.1	Halobacteriota	Archaea	medium	83.8626456053929	9.99998125554133	83.8626456053929	9.99998125554133	3200946	18	3004492	17	3004492	0.1111111111111111		0	0	0	1	True	76.2994384765625	1.79275381565094	deepcheck	-7.563207128830399	-8.20722743989039	7.563207128830399	8.20722743989039	medium	medium
G_r073_chimera_10pct	73	17	chimera	0.1	10.0	rc0.5	RS_GCF_000243255.1	Halobacteriota	Archaea	medium	83.8626456053929	9.99998125554133	83.8626456053929	9.99998125554133	3200946	18	3004492	17	3004492	0.1111111111111111		0	0	0	1	True	76.08744049072266	1.865761399269104	deepcheck	-7.775205114670243	-8.134219856272226	7.775205114670243	8.134219856272226	medium	medium
G_r073_chimera_20pct	73	18	chimera	0.2	20.0	rc0.5	RS_GCF_000243255.1	Halobacteriota	Archaea	medium	83.8626456053929	9.99998125554133	83.8626456053929	9.99998125554133	3200946	18	3004492	16	3004492	0.2222222222222222		0	0	0	2	True	76.29949188232422	1.792764663696289	deepcheck	-7.56315372306868	-8.207216591845041	7.56315372306868	8.207216591845041	medium	medium
G_r073_chimera_40pct	73	19	chimera	0.4	40.0	rc0.5	RS_GCF_000243255.1	Halobacteriota	Archaea	medium	83.8626456053929	9.99998125554133	83.8626456053929	9.99998125554133	3200946	18	3004492	14	3004492	0.4444444444444444		0	0	0	4	True	76.3462142944336	1.783913016319275	deepcheck	-7.516431310959305	-8.216068239222055	7.516431310959305	8.216068239222055	medium	medium
G_r073_uneven_coverage_5pct	73	20	uneven_coverage	0.05	5.0	lognormal_sigma1.0	RS_GCF_000243255.1	Halobacteriota	Archaea	medium	83.8626456053929	9.99998125554133	83.8626456053929	14.693125094893825	3200946	18	3004492	19	3154717	0.0500001331339873		150225	0	0	0	True	76.56475067138672	4.806049823760986	deepcheck	-7.29789493400618	-5.193931431780344	7.29789493400618	5.193931431780344	medium	medium
G_r073_uneven_coverage_10pct	73	21	uneven_coverage	0.1	10.0	lognormal_sigma1.0	RS_GCF_000243255.1	Halobacteriota	Archaea	medium	83.8626456053929	9.99998125554133	83.8626456053929	19.386237693481863	3200946	18	3004492	21	3304941	0.0999999334330063		300449	0	0	0	True	74.86082458496094	15.29514503479004	deepcheck	-9.001821020431962	5.2951637792487105	9.001821020431962	5.2951637792487105	low	medium
G_r073_uneven_coverage_20pct	73	22	uneven_coverage	0.2	20.0	lognormal_sigma1.0	RS_GCF_000243255.1	Halobacteriota	Archaea	medium	83.8626456053929	9.99998125554133	83.8626456053929	28.7724941314224	3200946	18	3004492	27	3605390	0.1999998668660126		600898	0	0	0	True	75.63036346435547	19.92458152770996	deepcheck	-8.23228214103743	9.92460027216863	8.23228214103743	9.92460027216863	low	medium
G_r073_uneven_coverage_40pct	73	23	uneven_coverage	0.4	40.0	lognormal_sigma1.0	RS_GCF_000243255.1	Halobacteriota	Archaea	medium	83.8626456053929	9.99998125554133	83.8626456053929	47.54503824806792	3200946	18	3004492	25	4206289	0.4000000665669936		1201797	0	0	0	True	74.56132507324219	34.89055633544922	deepcheck	-9.301320532150712	24.89057507990789	9.301320532150712	24.89057507990789	low	medium
G_r074_none_control	74	0	none	0.0	0.0	control	GB_GCA_016766715.1	Verrucomicrobiota	Bacteria	high	100.0	20.0	100.0	20.0	917845	2	1101414	2	1101414	0.0		0	0	0	0	True	91.14282989501952	0.026915967464447	deepcheck	-8.857170104980483	-19.973084032535553	8.857170104980483	19.973084032535553	high	low
G_r074_substitution_0p1pct	74	1	substitution	0.001	0.1	uniform	GB_GCA_016766715.1	Verrucomicrobiota	Bacteria	high	100.0	20.0	100.0	20.0	917845	2	1101414	2	1101414	0.0010232319967459	0.0089640838741259	0	1127	0	0	True	89.91490936279297	0.0376135110855102	deepcheck	-10.085090637207031	-19.96238648891449	10.085090637207031	19.96238648891449	medium	low
G_r074_substitution_0p5pct	74	2	substitution	0.005	0.5	uniform	GB_GCA_016766715.1	Verrucomicrobiota	Bacteria	high	100.0	20.0	100.0	20.0	917845	2	1101414	2	1101414	0.0051561087040998	0.0441104216424403	0	5679	0	0	True	86.7174301147461	0.8089877367019653	deepcheck	-13.282569885253906	-19.191012263298035	13.282569885253906	19.191012263298035	medium	low
G_r074_substitution_1pct	74	3	substitution	0.01	1.0	uniform	GB_GCA_016766715.1	Verrucomicrobiota	Bacteria	high	100.0	20.0	100.0	20.0	917845	2	1101414	2	1101414	0.0100416556202402	0.0864827525163591	0	11060	0	0	True	80.60587310791016	4.553718090057373	deepcheck	-19.394126892089844	-15.446281909942627	19.394126892089844	15.446281909942627	medium	low
G_r074_substitution_2pct	74	4	substitution	0.02	2.0	uniform	GB_GCA_016766715.1	Verrucomicrobiota	Bacteria	high	100.0	20.0	100.0	20.0	917845	2	1101414	2	1101414	0.02005244177474	0.1662522378698502	0	22086	0	0	True	74.72218322753906	3.74765682220459	deepcheck	-25.277816772460938	-16.25234317779541	25.277816772460938	16.25234317779541	medium	low
G_r074_substitution_5pct	74	5	substitution	0.05	5.0	uniform	GB_GCA_016766715.1	Verrucomicrobiota	Bacteria	high	100.0	20.0	100.0	20.0	917845	2	1101414	2	1101414	0.0502872676164777	0.3697505902753909	0	55387	0	0	True	44.8256721496582	2.1756649017333984	deepcheck	-55.1743278503418	-17.8243350982666	55.1743278503418	17.8243350982666	low	low
G_r074_substitution_titv_0p1pct	74	6	substitution_titv	0.001	0.1	titv_2	GB_GCA_016766715.1	Verrucomicrobiota	Bacteria	high	100.0	20.0	100.0	20.0	917845	2	1101414	2	1101414	0.0010005338601722	0.0089640838741259	0	1102	0	0	True	90.47125244140624	0.2600237727165222	deepcheck	-9.528747558593764	-19.739976227283478	9.528747558593764	19.739976227283478	high	low
G_r074_substitution_titv_0p5pct	74	7	substitution_titv	0.005	0.5	titv_2	GB_GCA_016766715.1	Verrucomicrobiota	Bacteria	high	100.0	20.0	100.0	20.0	917845	2	1101414	2	1101414	0.0049118767545659	0.0441104216424403	0	5410	0	0	True	88.09527587890625	0.6676100492477417	deepcheck	-11.90472412109375	-19.33238995075226	11.90472412109375	19.33238995075226	medium	low
G_r074_substitution_titv_1pct	74	8	substitution_titv	0.01	1.0	titv_2	GB_GCA_016766715.1	Verrucomicrobiota	Bacteria	high	100.0	20.0	100.0	20.0	917845	2	1101414	2	1101414	0.0100480110984808	0.0864827525163591	0	11067	0	0	True	84.59134674072266	1.0215610265731812	deepcheck	-15.408653259277344	-18.97843897342682	15.408653259277344	18.97843897342682	medium	low
G_r074_substitution_titv_2pct	74	9	substitution_titv	0.02	2.0	titv_2	GB_GCA_016766715.1	Verrucomicrobiota	Bacteria	high	100.0	20.0	100.0	20.0	917845	2	1101414	2	1101414	0.0197628135520586	0.1662522378698502	0	21767	0	0	True	74.25434875488281	1.981775522232056	deepcheck	-25.745651245117188	-18.018224477767944	25.745651245117188	18.018224477767944	medium	low
G_r074_substitution_titv_5pct	74	10	substitution_titv	0.05	5.0	titv_2	GB_GCA_016766715.1	Verrucomicrobiota	Bacteria	high	100.0	20.0	100.0	20.0	917845	2	1101414	2	1101414	0.0500103503502776	0.3697505902753909	0	55082	0	0	True	55.85333633422852	4.1181464195251465	deepcheck	-44.14666366577148	-15.881853580474854	44.14666366577148	15.881853580474854	medium	low
G_r074_indel_0p1pct	74	11	indel	0.001	0.1	ins0.5_geom0.75	GB_GCA_016766715.1	Verrucomicrobiota	Bacteria	high	100.0	20.0	99.99909207618568	20.0	917845	2	1101414	2	1101404	0.0009905448813979		0	0	1091	0	True	69.09656524658203	1.8877074718475344	deepcheck	-30.90343475341797	-18.112292528152466	30.90343475341797	18.112292528152466	medium	low
G_r074_indel_0p5pct	74	12	indel	0.005	0.5	ins0.5_geom0.75	GB_GCA_016766715.1	Verrucomicrobiota	Bacteria	high	100.0	20.0	100.0030869409686	20.0	917845	2	1101414	2	1101448	0.0050090156834759		0	0	5517	0	True	32.3029670715332	2.7800939083099365	deepcheck	-67.6970329284668	-17.219906091690063	67.6970329284668	17.219906091690063	low	low
G_r074_indel_1pct	74	13	indel	0.01	1.0	ins0.5_geom0.75	GB_GCA_016766715.1	Verrucomicrobiota	Bacteria	high	100.0	20.0	100.00726339051435	20.0	917845	2	1101414	2	1101494	0.0099935174239659		0	0	11007	0	True	17.753337860107422	0.702210545539856	deepcheck	-82.24666213989258	-19.297789454460144	82.24666213989258	19.297789454460144	low	low
G_r074_indel_2pct	74	14	indel	0.02	2.0	ins0.5_geom0.75	GB_GCA_016766715.1	Verrucomicrobiota	Bacteria	high	100.0	20.0	99.9874706513627	20.0	917845	2	1101414	2	1101276	0.0200033774765891		0	0	22032	0	True	39.705509185791016	13.924241065979004	deepcheck	-60.294490814208984	-6.075758934020996	60.294490814208984	6.075758934020996	low	low
G_r074_indel_5pct	74	15	indel	0.05	5.0	ins0.5_geom0.75	GB_GCA_016766715.1	Verrucomicrobiota	Bacteria	high	100.0	20.0	99.9743057560554	20.0	917845	2	1101414	2	1101131	0.0500583795012592		0	0	55135	0	True	28.56983184814453	13.38750457763672	deepcheck	-71.43016815185547	-6.6124954223632795	71.43016815185547	6.6124954223632795	low	low
G_r074_chimera_5pct	74	16	chimera	0.05	5.0	rc0.5	GB_GCA_016766715.1	Verrucomicrobiota	Bacteria	high	100.0	20.0	100.0	20.0	917845	2	1101414	2	1101414	0.0		0	0	0	0	True	91.14282989501952	0.026915967464447	deepcheck	-8.857170104980483	-19.973084032535553	8.857170104980483	19.973084032535553	high	low
G_r074_chimera_10pct	74	17	chimera	0.1	10.0	rc0.5	GB_GCA_016766715.1	Verrucomicrobiota	Bacteria	high	100.0	20.0	100.0	20.0	917845	2	1101414	2	1101414	0.0		0	0	0	0	True	91.14282989501952	0.026915967464447	deepcheck	-8.857170104980483	-19.973084032535553	8.857170104980483	19.973084032535553	high	low
G_r074_chimera_20pct	74	18	chimera	0.2	20.0	rc0.5	GB_GCA_016766715.1	Verrucomicrobiota	Bacteria	high	100.0	20.0	100.0	20.0	917845	2	1101414	2	1101414	0.0		0	0	0	0	True	91.14282989501952	0.026915967464447	deepcheck	-8.857170104980483	-19.973084032535553	8.857170104980483	19.973084032535553	high	low
G_r074_chimera_40pct	74	19	chimera	0.4	40.0	rc0.5	GB_GCA_016766715.1	Verrucomicrobiota	Bacteria	high	100.0	20.0	100.0	20.0	917845	2	1101414	2	1101414	0.0		0	0	0	0	True	91.14282989501952	0.026915967464447	deepcheck	-8.857170104980483	-19.973084032535553	8.857170104980483	19.973084032535553	high	low
G_r074_uneven_coverage_5pct	74	20	uneven_coverage	0.05	5.0	lognormal_sigma1.0	GB_GCA_016766715.1	Verrucomicrobiota	Bacteria	high	100.0	20.0	100.0	26.000032685257317	917845	2	1101414	3	1156485	0.0500002723771442		55071	0	0	0	True	89.75171661376953	1.8890447616577148	deepcheck	-10.248283386230469	-18.110955238342285	10.248283386230469	18.110955238342285	medium	low
G_r074_uneven_coverage_10pct	74	21	uneven_coverage	0.1	10.0	lognormal_sigma1.0	GB_GCA_016766715.1	Verrucomicrobiota	Bacteria	high	100.0	20.0	100.0	31.999956419656915	917845	2	1101414	4	1211555	0.0999996368304742		110141	0	0	0	True	89.1419448852539	4.995187282562256	deepcheck	-10.858055114746094	-15.004812717437744	10.858055114746094	15.004812717437744	medium	low
G_r074_uneven_coverage_20pct	74	22	uneven_coverage	0.2	20.0	lognormal_sigma1.0	GB_GCA_016766715.1	Verrucomicrobiota	Bacteria	high	100.0	20.0	100.0	44.00002179017154	917845	2	1101414	3	1321697	0.2000001815847628		220283	0	0	0	True	91.73346710205078	19.32547378540039	deepcheck	-8.266532897949219	-0.6745262145996094	8.266532897949219	0.6745262145996094	low	low
G_r074_uneven_coverage_40pct	74	23	uneven_coverage	0.4	40.0	lognormal_sigma1.0	GB_GCA_016766715.1	Verrucomicrobiota	Bacteria	high	100.0	20.0	100.0	68.00004358034309	917845	2	1101414	4	1541980	0.4000003631695257		440566	0	0	0	True	90.4823989868164	34.369422912597656	deepcheck	-9.517601013183594	14.369422912597656	9.517601013183594	14.369422912597656	low	low
G_r075_none_control	75	0	none	0.0	0.0	control	RS_GCF_001719125.1	Thermoproteota	Archaea	medium	83.298249425198	1.999987352681994	83.298249425198	1.999987352681994	2688317	6	2293087	6	2293087	0.0		0	0	0	0	True	93.3262176513672	0.7334954738616943	deepcheck	10.027968226169207	-1.2664918788202997	10.027968226169207	1.2664918788202997	high	medium
G_r075_substitution_0p1pct	75	1	substitution	0.001	0.1	uniform	RS_GCF_001719125.1	Thermoproteota	Archaea	medium	83.298249425198	1.999987352681994	83.298249425198	1.999987352681994	2688317	6	2293087	6	2293087	0.0009990898731709	0.0089640838741259	0	2291	0	0	True	92.1749496459961	0.9725257754325868	deepcheck	8.8767002207981	-1.0274615772494071	8.8767002207981	1.0274615772494071	high	medium
G_r075_substitution_0p5pct	75	2	substitution	0.005	0.5	uniform	RS_GCF_001719125.1	Thermoproteota	Archaea	medium	83.298249425198	1.999987352681994	83.298249425198	1.999987352681994	2688317	6	2293087	6	2293087	0.004992832805733	0.0441104216424403	0	11449	0	0	True	85.80155181884766	1.532570242881775	deepcheck	2.503302393649662	-0.4674171098002191	2.503302393649662	0.4674171098002191	medium	medium
G_r075_substitution_1pct	75	3	substitution	0.01	1.0	uniform	RS_GCF_001719125.1	Thermoproteota	Archaea	medium	83.298249425198	1.999987352681994	83.298249425198	1.999987352681994	2688317	6	2293087	6	2293087	0.0099551390767118	0.0864827525163591	0	22828	0	0	True	78.88185119628906	2.805139780044556	deepcheck	-4.416398228908932	0.8051524273625621	4.416398228908932	0.8051524273625621	medium	medium
G_r075_substitution_2pct	75	4	substitution	0.02	2.0	uniform	RS_GCF_001719125.1	Thermoproteota	Archaea	medium	83.298249425198	1.999987352681994	83.298249425198	1.999987352681994	2688317	6	2293087	6	2293087	0.0200602942670731	0.1662522378698502	0	46000	0	0	True	61.62696075439453	3.021248817443848	deepcheck	-21.671288670803463	1.021261464761854	21.671288670803463	1.021261464761854	medium	medium
G_r075_substitution_5pct	75	5	substitution	0.05	5.0	uniform	RS_GCF_001719125.1	Thermoproteota	Archaea	medium	83.298249425198	1.999987352681994	83.298249425198	1.999987352681994	2688317	6	2293087	6	2293087	0.0500460732628112	0.3697505902753909	0	114760	0	0	True	48.554466247558594	5.1859869956970215	deepcheck	-34.7437831776394	3.1859996430150277	34.7437831776394	3.1859996430150277	low	medium
G_r075_substitution_titv_0p1pct	75	6	substitution_titv	0.001	0.1	titv_2	RS_GCF_001719125.1	Thermoproteota	Archaea	medium	83.298249425198	1.999987352681994	83.298249425198	1.999987352681994	2688317	6	2293087	6	2293087	0.0009825183257329	0.0089640838741259	0	2253	0	0	True	91.69971466064452	1.5314950942993164	deepcheck	8.401465235446523	-0.4684922583826776	8.401465235446523	0.4684922583826776	high	medium
G_r075_substitution_titv_0p5pct	75	7	substitution_titv	0.005	0.5	titv_2	RS_GCF_001719125.1	Thermoproteota	Archaea	medium	83.298249425198	1.999987352681994	83.298249425198	1.999987352681994	2688317	6	2293087	6	2293087	0.0050421113546934	0.0441104216424403	0	11562	0	0	True	87.30091857910156	3.0108609199523926	deepcheck	4.002669153903568	1.0108735672703986	4.002669153903568	1.0108735672703986	medium	medium
G_r075_substitution_titv_1pct	75	8	substitution_titv	0.01	1.0	titv_2	RS_GCF_001719125.1	Thermoproteota	Archaea	medium	83.298249425198	1.999987352681994	83.298249425198	1.999987352681994	2688317	6	2293087	6	2293087	0.0100427938407919	0.0864827525163591	0	23029	0	0	True	86.71116638183594	2.91123104095459	deepcheck	3.412916956637943	0.9112436882725958	3.412916956637943	0.9112436882725958	medium	medium
G_r075_substitution_titv_2pct	75	9	substitution_titv	0.02	2.0	titv_2	RS_GCF_001719125.1	Thermoproteota	Archaea	medium	83.298249425198	1.999987352681994	83.298249425198	1.999987352681994	2688317	6	2293087	6	2293087	0.0199299023543371	0.1662522378698502	0	45701	0	0	True	69.00955200195312	4.907193183898926	deepcheck	-14.28869742324487	2.907205831216932	14.28869742324487	2.907205831216932	medium	medium
G_r075_substitution_titv_5pct	75	10	substitution_titv	0.05	5.0	titv_2	RS_GCF_001719125.1	Thermoproteota	Archaea	medium	83.298249425198	1.999987352681994	83.298249425198	1.999987352681994	2688317	6	2293087	6	2293087	0.0500674418371391	0.3697505902753909	0	114809	0	0	True	49.27973556518555	4.7608513832092285	deepcheck	-34.01851386001245	2.7608640305272347	34.01851386001245	2.7608640305272347	low	medium
G_r075_indel_0p1pct	75	11	indel	0.001	0.1	ins0.5_geom0.75	RS_GCF_001719125.1	Thermoproteota	Archaea	medium	83.298249425198	1.999987352681994	83.29806779613327	1.999987352681994	2688317	6	2293087	6	2293082	0.0009764130187821		0	0	2239	0	True	63.90392303466797	5.271660327911377	deepcheck	-19.394326390530026	3.271672975229383	19.394326390530026	3.271672975229383	medium	medium
G_r075_indel_0p5pct	75	12	indel	0.005	0.5	ins0.5_geom0.75	RS_GCF_001719125.1	Thermoproteota	Archaea	medium	83.298249425198	1.999987352681994	83.30053795141343	1.999987352681994	2688317	6	2293087	6	2293150	0.0050207427803655		0	0	11513	0	True	24.14037132263184	1.9919425249099727	deepcheck	-59.15787810256616	-0.008044827772021312	59.15787810256616	0.008044827772021312	low	medium
G_r075_indel_1pct	75	13	indel	0.01	1.0	ins0.5_geom0.75	RS_GCF_001719125.1	Thermoproteota	Archaea	medium	83.298249425198	1.999987352681994	83.30195465811822	1.999987352681994	2688317	6	2293087	6	2293189	0.0099852295181124		0	0	22897	0	True	25.466541290283203	4.354585647583008	deepcheck	-57.83170813491479	2.354598294901014	57.83170813491479	2.354598294901014	low	medium
G_r075_indel_2pct	75	14	indel	0.02	2.0	ins0.5_geom0.75	RS_GCF_001719125.1	Thermoproteota	Archaea	medium	83.298249425198	1.999987352681994	83.32040817109355	1.999987352681994	2688317	6	2293087	6	2293697	0.0201017231356682		0	0	46095	0	True	32.645599365234375	12.52903938293457	deepcheck	-50.65265005996362	10.529052030252576	50.65265005996362	10.529052030252576	low	medium
G_r075_indel_5pct	75	15	indel	0.05	5.0	ins0.5_geom0.75	RS_GCF_001719125.1	Thermoproteota	Archaea	medium	83.298249425198	1.999987352681994	83.3136152440731	1.999987352681994	2688317	6	2293087	6	2293510	0.0499906894068999		0	0	114633	0	True	32.0593147277832	11.808560371398926	deepcheck	-51.23893469741479	9.808573018716931	51.23893469741479	9.808573018716931	low	medium
G_r075_chimera_5pct	75	16	chimera	0.05	5.0	rc0.5	RS_GCF_001719125.1	Thermoproteota	Archaea	medium	83.298249425198	1.999987352681994	83.298249425198	1.999987352681994	2688317	6	2293087	6	2293087	0.0		0	0	0	0	True	93.3262176513672	0.7334954738616943	deepcheck	10.027968226169207	-1.2664918788202997	10.027968226169207	1.2664918788202997	high	medium
G_r075_chimera_10pct	75	17	chimera	0.1	10.0	rc0.5	RS_GCF_001719125.1	Thermoproteota	Archaea	medium	83.298249425198	1.999987352681994	83.298249425198	1.999987352681994	2688317	6	2293087	5	2293087	0.3333333333333333		0	0	0	1	True	93.3427276611328	0.655124306678772	deepcheck	10.044478235934804	-1.344863046003222	10.044478235934804	1.344863046003222	high	medium
G_r075_chimera_20pct	75	18	chimera	0.2	20.0	rc0.5	RS_GCF_001719125.1	Thermoproteota	Archaea	medium	83.298249425198	1.999987352681994	83.298249425198	1.999987352681994	2688317	6	2293087	5	2293087	0.3333333333333333		0	0	0	1	True	93.32638549804688	0.7335476875305176	deepcheck	10.02813607284888	-1.2664396651514764	10.02813607284888	1.2664396651514764	high	medium
G_r075_chimera_40pct	75	19	chimera	0.4	40.0	rc0.5	RS_GCF_001719125.1	Thermoproteota	Archaea	medium	83.298249425198	1.999987352681994	83.298249425198	1.999987352681994	2688317	6	2293087	5	2293087	0.3333333333333333		0	0	0	1	True	93.34241485595705	0.655085563659668	deepcheck	10.044165430759051	-1.344901789022326	10.044165430759051	1.344901789022326	high	medium
G_r075_uneven_coverage_5pct	75	20	uneven_coverage	0.05	5.0	lognormal_sigma1.0	RS_GCF_001719125.1	Thermoproteota	Archaea	medium	83.298249425198	1.999987352681994	83.298249425198	6.264886172278046	2688317	6	2293087	7	2407741	0.0499998473673262		114654	0	0	0	True	93.4253387451172	3.3599295616149902	deepcheck	10.127089319919207	1.3599422089329962	10.127089319919207	1.3599422089329962	high	medium
G_r075_uneven_coverage_10pct	75	21	uneven_coverage	0.1	10.0	lognormal_sigma1.0	RS_GCF_001719125.1	Thermoproteota	Archaea	medium	83.298249425198	1.999987352681994	83.298249425198	10.529822189868234	2688317	6	2293087	7	2522396	0.100000130828006		229309	0	0	0	True	92.50338745117188	5.74173641204834	deepcheck	9.20513802597388	3.741749059366346	9.20513802597388	3.741749059366346	medium	medium
G_r075_uneven_coverage_20pct	75	22	uneven_coverage	0.2	20.0	lognormal_sigma1.0	RS_GCF_001719125.1	Thermoproteota	Archaea	medium	83.298249425198	1.999987352681994	83.298249425198	19.05961982906034	2688317	6	2293087	9	2751704	0.1999998255626585		458617	0	0	0	True	95.0624542236328	15.50281810760498	deepcheck	11.764204798434804	13.502830754922986	11.764204798434804	13.502830754922986	low	medium
G_r075_uneven_coverage_40pct	75	23	uneven_coverage	0.4	40.0	lognormal_sigma1.0	RS_GCF_001719125.1	Thermoproteota	Archaea	medium	83.298249425198	1.999987352681994	83.298249425198	36.11928950343282	2688317	6	2293087	10	3210322	0.4000000872186707		917235	0	0	0	True	93.38853454589844	24.769285202026367	deepcheck	10.090285120700443	22.769297849344373	10.090285120700443	22.769297849344373	low	medium
G_r076_none_control	76	0	none	0.0	0.0	control	GB_GCA_963663615.1	Bacteroidota_A	Bacteria	low	90.1594500831497	1.9999800782261647	90.1594500831497	1.9999800782261647	4216492	127	3885895	127	3885895	0.0		0	0	0	0	True	93.1756591796875	3.656580209732056	deepcheck	3.016209096537807	1.6566001315058914	3.016209096537807	1.6566001315058914	high	high
G_r076_substitution_0p1pct	76	1	substitution	0.001	0.1	uniform	GB_GCA_963663615.1	Bacteroidota_A	Bacteria	low	90.1594500831497	1.9999800782261647	90.1594500831497	1.9999800782261647	4216492	127	3885895	127	3885895	0.0009917921096684	0.0089640838741259	0	3854	0	0	True	92.17975616455078	4.454420566558838	deepcheck	2.0203060814010882	2.454440488332673	2.0203060814010882	2.454440488332673	high	high
G_r076_substitution_0p5pct	76	2	substitution	0.005	0.5	uniform	GB_GCA_963663615.1	Bacteroidota_A	Bacteria	low	90.1594500831497	1.9999800782261647	90.1594500831497	1.9999800782261647	4216492	127	3885895	127	3885895	0.0050407949777335	0.0441104216424403	0	19588	0	0	True	88.25482940673828	4.916980266571045	deepcheck	-1.9046206764114118	2.91700018834488	1.9046206764114118	2.91700018834488	medium	high
G_r076_substitution_1pct	76	3	substitution	0.01	1.0	uniform	GB_GCA_963663615.1	Bacteroidota_A	Bacteria	low	90.1594500831497	1.9999800782261647	90.1594500831497	1.9999800782261647	4216492	127	3885895	127	3885895	0.0099642424718115	0.0864827525163591	0	38720	0	0	True	83.57294464111328	4.93747615814209	deepcheck	-6.586505442036412	2.937496079915925	6.586505442036412	2.937496079915925	medium	high
G_r076_substitution_2pct	76	4	substitution	0.02	2.0	uniform	GB_GCA_963663615.1	Bacteroidota_A	Bacteria	low	90.1594500831497	1.9999800782261647	90.1594500831497	1.9999800782261647	4216492	127	3885895	127	3885895	0.0200419723126847	0.1662522378698502	0	77881	0	0	True	77.14445495605469	4.981222152709961	deepcheck	-13.014995127095006	2.981242074483796	13.014995127095006	2.981242074483796	medium	high
G_r076_substitution_5pct	76	5	substitution	0.05	5.0	uniform	GB_GCA_963663615.1	Bacteroidota_A	Bacteria	low	90.1594500831497	1.9999800782261647	90.1594500831497	1.9999800782261647	4216492	127	3885895	127	3885895	0.0498711365078057	0.3697505902753909	0	193794	0	0	True	51.34734344482422	5.009701251983643	deepcheck	-38.812106638325474	3.0097211737574776	38.812106638325474	3.0097211737574776	medium	high
G_r076_substitution_titv_0p1pct	76	6	substitution_titv	0.001	0.1	titv_2	GB_GCA_963663615.1	Bacteroidota_A	Bacteria	low	90.1594500831497	1.9999800782261647	90.1594500831497	1.9999800782261647	4216492	127	3885895	127	3885895	0.0010010563846938	0.0089640838741259	0	3890	0	0	True	93.78658294677734	3.488919973373413	deepcheck	3.6271328636276507	1.4889398951472483	3.6271328636276507	1.4889398951472483	high	high
G_r076_substitution_titv_0p5pct	76	7	substitution_titv	0.005	0.5	titv_2	GB_GCA_963663615.1	Bacteroidota_A	Bacteria	low	90.1594500831497	1.9999800782261647	90.1594500831497	1.9999800782261647	4216492	127	3885895	127	3885895	0.0050171196082241	0.0441104216424403	0	19496	0	0	True	89.5325698852539	4.928208827972412	deepcheck	-0.6268801978957868	2.928228749746247	0.6268801978957868	2.928228749746247	medium	high
G_r076_substitution_titv_1pct	76	8	substitution_titv	0.01	1.0	titv_2	GB_GCA_963663615.1	Bacteroidota_A	Bacteria	low	90.1594500831497	1.9999800782261647	90.1594500831497	1.9999800782261647	4216492	127	3885895	127	3885895	0.0099969247753734	0.0864827525163591	0	38847	0	0	True	89.18317413330078	4.661220550537109	deepcheck	-0.9762759498489118	2.6612404723109444	0.9762759498489118	2.6612404723109444	medium	high
G_r076_substitution_titv_2pct	76	9	substitution_titv	0.02	2.0	titv_2	GB_GCA_963663615.1	Bacteroidota_A	Bacteria	low	90.1594500831497	1.9999800782261647	90.1594500831497	1.9999800782261647	4216492	127	3885895	127	3885895	0.0199503589263219	0.1662522378698502	0	77525	0	0	True	81.1820297241211	4.936479091644287	deepcheck	-8.9774203590286	2.936499013418122	8.9774203590286	2.936499013418122	medium	high
G_r076_substitution_titv_5pct	76	10	substitution_titv	0.05	5.0	titv_2	GB_GCA_963663615.1	Bacteroidota_A	Bacteria	low	90.1594500831497	1.9999800782261647	90.1594500831497	1.9999800782261647	4216492	127	3885895	127	3885895	0.0501081475438734	0.3697505902753909	0	194715	0	0	True	62.27920150756836	4.002288818359375	deepcheck	-27.880248575581334	2.00230874013321	27.880248575581334	2.00230874013321	medium	high
G_r076_indel_0p1pct	76	11	indel	0.001	0.1	ins0.5_geom0.75	GB_GCA_963663615.1	Bacteroidota_A	Bacteria	low	90.1594500831497	1.9999800782261647	90.15571460613258	1.9999800782261647	4216492	127	3885895	127	3885734	0.000996681588154		0	0	3873	0	True	79.33341217041016	4.046053409576416	deepcheck	-10.826037912739537	2.046073331350251	10.826037912739537	2.046073331350251	medium	high
G_r076_indel_0p5pct	76	12	indel	0.005	0.5	ins0.5_geom0.75	GB_GCA_963663615.1	Bacteroidota_A	Bacteria	low	90.1594500831497	1.9999800782261647	90.1550881596763	1.9999800782261647	4216492	127	3885895	127	3885707	0.0049911281699582		0	0	19395	0	True	39.185768127441406	4.114099025726318	deepcheck	-50.97368195570829	2.1141189475001534	50.97368195570829	2.1141189475001534	low	high
G_r076_indel_1pct	76	13	indel	0.01	1.0	ins0.5_geom0.75	GB_GCA_963663615.1	Bacteroidota_A	Bacteria	low	90.1594500831497	1.9999800782261647	90.16084218638588	1.9999800782261647	4216492	127	3885895	127	3885955	0.010027548351152		0	0	38966	0	True	41.06305313110352	5.058440208435059	deepcheck	-49.09639695204617	3.0584601302088936	49.09639695204617	3.0584601302088936	low	high
G_r076_indel_2pct	76	14	indel	0.02	2.0	ins0.5_geom0.75	GB_GCA_963663615.1	Bacteroidota_A	Bacteria	low	90.1594500831497	1.9999800782261647	90.16578415287437	1.9999800782261647	4216492	127	3885895	127	3886168	0.0200437736994952		0	0	77888	0	True	33.1148681640625	12.559959411621094	deepcheck	-57.04458191908719	10.55997933339493	57.04458191908719	10.55997933339493	low	high
G_r076_indel_5pct	76	15	indel	0.05	5.0	ins0.5_geom0.75	GB_GCA_963663615.1	Bacteroidota_A	Bacteria	low	90.1594500831497	1.9999800782261647	90.14051747913751	1.9999800782261647	4216492	127	3885895	127	3885079	0.0500075272234581		0	0	194324	0	True	52.65024185180664	22.51149177551269	deepcheck	-37.50920823134305	20.511511697286526	37.50920823134305	20.511511697286526	low	high
G_r076_chimera_5pct	76	16	chimera	0.05	5.0	rc0.5	GB_GCA_963663615.1	Bacteroidota_A	Bacteria	low	90.1594500831497	1.9999800782261647	90.1594500831497	1.9999800782261647	4216492	127	3885895	124	3885895	0.0472440944881889		0	0	0	3	True	93.1757354736328	3.6566011905670166	deepcheck	3.0162853904831053	1.6566211123408519	3.0162853904831053	1.6566211123408519	high	high
G_r076_chimera_10pct	76	17	chimera	0.1	10.0	rc0.5	GB_GCA_963663615.1	Bacteroidota_A	Bacteria	low	90.1594500831497	1.9999800782261647	90.1594500831497	1.9999800782261647	4216492	127	3885895	121	3885895	0.0944881889763779		0	0	0	6	True	93.19457244873048	3.638382196426392	deepcheck	3.03512236558079	1.6384021182002273	3.03512236558079	1.6384021182002273	high	high
G_r076_chimera_20pct	76	18	chimera	0.2	20.0	rc0.5	GB_GCA_963663615.1	Bacteroidota_A	Bacteria	low	90.1594500831497	1.9999800782261647	90.1594500831497	1.9999800782261647	4216492	127	3885895	114	3885895	0.2047244094488189		0	0	0	13	True	93.1572036743164	3.917004108428955	deepcheck	2.9977535911667132	1.9170240302027903	2.9977535911667132	1.9170240302027903	high	high
G_r076_chimera_40pct	76	19	chimera	0.4	40.0	rc0.5	GB_GCA_963663615.1	Bacteroidota_A	Bacteria	low	90.1594500831497	1.9999800782261647	90.1594500831497	1.9999800782261647	4216492	127	3885895	101	3885895	0.4094488188976378		0	0	0	26	True	93.1731414794922	3.6569437980651855	deepcheck	3.0136913963425087	1.6569637198390208	3.0136913963425087	1.6569637198390208	high	high
G_r076_uneven_coverage_5pct	76	20	uneven_coverage	0.05	5.0	lognormal_sigma1.0	GB_GCA_963663615.1	Bacteroidota_A	Bacteria	low	90.1594500831497	1.9999800782261647	90.1594500831497	6.607957515394314	4216492	127	3885895	133	4080190	0.0500000643352432		194295	0	0	0	True	92.39336395263672	6.860675811767578	deepcheck	2.2339138694870257	4.860695733541413	2.2339138694870257	4.860695733541413	medium	high
G_r076_uneven_coverage_10pct	76	21	uneven_coverage	0.1	10.0	lognormal_sigma1.0	GB_GCA_963663615.1	Bacteroidota_A	Bacteria	low	90.1594500831497	1.9999800782261647	90.1594500831497	11.215934952562462	4216492	127	3885895	139	4274485	0.1000001286704864		388590	0	0	0	True	92.41706848144533	13.27938747406006	deepcheck	2.2576183982956337	11.279407395833896	2.2576183982956337	11.279407395833896	low	high
G_r076_uneven_coverage_20pct	76	22	uneven_coverage	0.2	20.0	lognormal_sigma1.0	GB_GCA_963663615.1	Bacteroidota_A	Bacteria	low	90.1594500831497	1.9999800782261647	90.1594500831497	20.431866110501332	4216492	127	3885895	147	4663074	0.2		777179	0	0	0	True	94.16722869873048	19.57963180541992	deepcheck	4.00777861558079	17.579651727193752	4.00777861558079	17.579651727193752	low	high
G_r076_uneven_coverage_40pct	76	23	uneven_coverage	0.4	40.0	lognormal_sigma1.0	GB_GCA_963663615.1	Bacteroidota_A	Bacteria	low	90.1594500831497	1.9999800782261647	90.1594500831497	38.863752142776505	4216492	127	3885895	165	5440253	0.4		1554358	0	0	0	True	95.49388122558594	30.224592208862305	deepcheck	5.3344311424362445	28.22461213063614	5.3344311424362445	28.22461213063614	low	high
G_r077_none_control	77	0	none	0.0	0.0	control	GB_GCA_016700095.1	Patescibacteriota	Bacteria	high	100.0	9.999937217380111	100.0	9.999937217380111	1274238	4	1401661	4	1401661	0.0		0	0	0	0	True	88.26276397705078	-0.2462640404701233	deepcheck	-11.737236022949219	-10.246201257850235	11.737236022949219	10.246201257850235	medium	medium
G_r077_substitution_0p1pct	77	1	substitution	0.001	0.1	uniform	GB_GCA_016700095.1	Patescibacteriota	Bacteria	high	100.0	9.999937217380111	100.0	9.999937217380111	1274238	4	1401661	4	1401661	0.0010273525481553	0.0089640838741259	0	1440	0	0	True	88.32633209228516	-0.1796409487724304	deepcheck	-11.673667907714844	-10.179578166152542	11.673667907714844	10.179578166152542	medium	medium
G_r077_substitution_0p5pct	77	2	substitution	0.005	0.5	uniform	GB_GCA_016700095.1	Patescibacteriota	Bacteria	high	100.0	9.999937217380111	100.0	9.999937217380111	1274238	4	1401661	4	1401661	0.0050433021964654	0.0441104216424403	0	7069	0	0	True	83.22582244873047	0.3835313022136688	deepcheck	-16.77417755126953	-9.616405915166442	16.77417755126953	9.616405915166442	medium	medium
G_r077_substitution_1pct	77	3	substitution	0.01	1.0	uniform	GB_GCA_016700095.1	Patescibacteriota	Bacteria	high	100.0	9.999937217380111	100.0	9.999937217380111	1274238	4	1401661	4	1401661	0.0099917169700804	0.0864827525163591	0	14005	0	0	True	84.00448608398438	0.7000528573989868	deepcheck	-15.995513916015625	-9.299884359981125	15.995513916015625	9.299884359981125	medium	medium
G_r077_substitution_2pct	77	4	substitution	0.02	2.0	uniform	GB_GCA_016700095.1	Patescibacteriota	Bacteria	high	100.0	9.999937217380111	100.0	9.999937217380111	1274238	4	1401661	4	1401661	0.0198742777319194	0.1662522378698502	0	27857	0	0	True	72.19140625	1.10905659198761	deepcheck	-27.80859375	-8.890880625392501	27.80859375	8.890880625392501	medium	medium
G_r077_substitution_5pct	77	5	substitution	0.05	5.0	uniform	GB_GCA_016700095.1	Patescibacteriota	Bacteria	high	100.0	9.999937217380111	100.0	9.999937217380111	1274238	4	1401661	4	1401661	0.050129810275095	0.3697505902753909	0	70265	0	0	True	45.499755859375	1.6705065965652466	deepcheck	-54.500244140625	-8.329430620814865	54.500244140625	8.329430620814865	low	medium
G_r077_substitution_titv_0p1pct	77	6	substitution_titv	0.001	0.1	titv_2	GB_GCA_016700095.1	Patescibacteriota	Bacteria	high	100.0	9.999937217380111	100.0	9.999937217380111	1274238	4	1401661	4	1401661	0.0009781252385562	0.0089640838741259	0	1371	0	0	True	89.06981658935547	-0.0410579144954681	deepcheck	-10.930183410644531	-10.04099513187558	10.930183410644531	10.04099513187558	medium	medium
G_r077_substitution_titv_0p5pct	77	7	substitution_titv	0.005	0.5	titv_2	GB_GCA_016700095.1	Patescibacteriota	Bacteria	high	100.0	9.999937217380111	100.0	9.999937217380111	1274238	4	1401661	4	1401661	0.0049655373160842	0.0441104216424403	0	6960	0	0	True	85.6406021118164	0.2648711204528808	deepcheck	-14.359397888183594	-9.73506609692723	14.359397888183594	9.73506609692723	medium	medium
G_r077_substitution_titv_1pct	77	8	substitution_titv	0.01	1.0	titv_2	GB_GCA_016700095.1	Patescibacteriota	Bacteria	high	100.0	9.999937217380111	100.0	9.999937217380111	1274238	4	1401661	4	1401661	0.0100074126340106	0.0864827525163591	0	14027	0	0	True	83.66210174560547	1.176328182220459	deepcheck	-16.33789825439453	-8.823609035159652	16.33789825439453	8.823609035159652	medium	medium
G_r077_substitution_titv_2pct	77	9	substitution_titv	0.02	2.0	titv_2	GB_GCA_016700095.1	Patescibacteriota	Bacteria	high	100.0	9.999937217380111	100.0	9.999937217380111	1274238	4	1401661	4	1401661	0.0198236235437812	0.1662522378698502	0	27786	0	0	True	77.60430908203125	0.4521407186985016	deepcheck	-22.39569091796875	-9.54779649868161	22.39569091796875	9.54779649868161	medium	medium
G_r077_substitution_titv_5pct	77	10	substitution_titv	0.05	5.0	titv_2	GB_GCA_016700095.1	Patescibacteriota	Bacteria	high	100.0	9.999937217380111	100.0	9.999937217380111	1274238	4	1401661	4	1401661	0.0499749939536021	0.3697505902753909	0	70048	0	0	True	54.64019775390625	6.110033988952637	deepcheck	-45.35980224609375	-3.8899032284274746	45.35980224609375	3.8899032284274746	medium	medium
G_r077_indel_0p1pct	77	11	indel	0.001	0.1	ins0.5_geom0.75	GB_GCA_016700095.1	Patescibacteriota	Bacteria	high	100.0	9.999937217380111	100.00370988420168	9.999937217380111	1274238	4	1401661	4	1401713	0.0010038090522601		0	0	1407	0	True	75.06147003173828	2.294621706008911	deepcheck	-24.93852996826172	-7.7053155113712	24.93852996826172	7.7053155113712	medium	medium
G_r077_indel_0p5pct	77	12	indel	0.005	0.5	ins0.5_geom0.75	GB_GCA_016700095.1	Patescibacteriota	Bacteria	high	100.0	9.999937217380111	100.0055648263025	9.999937217380111	1274238	4	1401661	4	1401739	0.0049990689617532		0	0	7007	0	True	35.860652923583984	1.1344794034957886	deepcheck	-64.13934707641602	-8.865457813884323	64.13934707641602	8.865457813884323	low	medium
G_r077_indel_1pct	77	13	indel	0.01	1.0	ins0.5_geom0.75	GB_GCA_016700095.1	Patescibacteriota	Bacteria	high	100.0	9.999937217380111	99.98858497168716	9.999937217380111	1274238	4	1401661	4	1401501	0.0099674600349157		0	0	13971	0	True	27.17036247253418	5.107754707336426	deepcheck	-72.82963752746582	-4.8921825100436855	72.82963752746582	4.8921825100436855	low	medium
G_r077_indel_2pct	77	14	indel	0.02	2.0	ins0.5_geom0.75	GB_GCA_016700095.1	Patescibacteriota	Bacteria	high	100.0	9.999937217380111	99.97652784803174	9.999937217380111	1274238	4	1401661	4	1401332	0.0199713054725786		0	0	27993	0	True	23.552175521850582	13.190214157104492	deepcheck	-76.44782447814941	3.190276939724381	76.44782447814941	3.190276939724381	low	medium
G_r077_indel_5pct	77	15	indel	0.05	5.0	ins0.5_geom0.75	GB_GCA_016700095.1	Patescibacteriota	Bacteria	high	100.0	9.999937217380111	99.97716994337432	9.999937217380111	1274238	4	1401661	4	1401341	0.0500862904796523		0	0	70204	0	True	27.854278564453125	7.20304536819458	deepcheck	-72.14572143554688	-2.7968918491855312	72.14572143554688	2.7968918491855312	low	medium
G_r077_chimera_5pct	77	16	chimera	0.05	5.0	rc0.5	GB_GCA_016700095.1	Patescibacteriota	Bacteria	high	100.0	9.999937217380111	100.0	9.999937217380111	1274238	4	1401661	4	1401661	0.0		0	0	0	0	True	88.26276397705078	-0.2462640404701233	deepcheck	-11.737236022949219	-10.246201257850235	11.737236022949219	10.246201257850235	medium	medium
G_r077_chimera_10pct	77	17	chimera	0.1	10.0	rc0.5	GB_GCA_016700095.1	Patescibacteriota	Bacteria	high	100.0	9.999937217380111	100.0	9.999937217380111	1274238	4	1401661	4	1401661	0.0		0	0	0	0	True	88.26276397705078	-0.2462640404701233	deepcheck	-11.737236022949219	-10.246201257850235	11.737236022949219	10.246201257850235	medium	medium
G_r077_chimera_20pct	77	18	chimera	0.2	20.0	rc0.5	GB_GCA_016700095.1	Patescibacteriota	Bacteria	high	100.0	9.999937217380111	100.0	9.999937217380111	1274238	4	1401661	4	1401661	0.0		0	0	0	0	True	88.26276397705078	-0.2462640404701233	deepcheck	-11.737236022949219	-10.246201257850235	11.737236022949219	10.246201257850235	medium	medium
G_r077_chimera_40pct	77	19	chimera	0.4	40.0	rc0.5	GB_GCA_016700095.1	Patescibacteriota	Bacteria	high	100.0	9.999937217380111	100.0	9.999937217380111	1274238	4	1401661	4	1401661	0.0		0	0	0	0	True	88.26276397705078	-0.2462640404701233	deepcheck	-11.737236022949219	-10.246201257850235	11.737236022949219	10.246201257850235	medium	medium
G_r077_uneven_coverage_5pct	77	20	uneven_coverage	0.05	5.0	lognormal_sigma1.0	GB_GCA_016700095.1	Patescibacteriota	Bacteria	high	100.0	9.999937217380111	100.0	15.499930154335376	1274238	4	1401661	5	1471744	0.0499999643280365		70083	0	0	0	True	87.45502471923828	6.499903678894043	deepcheck	-12.544975280761719	-3.5000335384860684	12.544975280761719	3.5000335384860684	medium	medium
G_r077_uneven_coverage_10pct	77	21	uneven_coverage	0.1	10.0	lognormal_sigma1.0	GB_GCA_016700095.1	Patescibacteriota	Bacteria	high	100.0	9.999937217380111	100.0	20.99992309129064	1274238	4	1401661	5	1541827	0.099999928656073		140166	0	0	0	True	85.64079284667969	7.332507610321045	deepcheck	-14.359207153320312	-2.6674296070590664	14.359207153320312	2.6674296070590664	medium	medium
G_r077_uneven_coverage_20pct	77	22	uneven_coverage	0.2	20.0	lognormal_sigma1.0	GB_GCA_016700095.1	Patescibacteriota	Bacteria	high	100.0	9.999937217380111	100.0	31.999908965201165	1274238	4	1401661	12	1681993	0.1999998573121461		280332	0	0	0	True	85.41537475585938	2.130267858505249	deepcheck	-14.584625244140625	-7.869669358874862	14.584625244140625	7.869669358874862	medium	medium
G_r077_uneven_coverage_40pct	77	23	uneven_coverage	0.4	40.0	lognormal_sigma1.0	GB_GCA_016700095.1	Patescibacteriota	Bacteria	high	100.0	9.999937217380111	100.0	53.999880713022215	1274238	4	1401661	5	1962325	0.3999997146242922		560664	0	0	0	True	83.41474151611328	28.609228134155277	deepcheck	-16.58525848388672	18.609290916775166	16.58525848388672	18.609290916775166	low	medium
G_r078_none_control	78	0	none	0.0	0.0	control	RS_GCF_007182855.1	Deinococcota	Bacteria	highly_fragmented	69.93828042535343	0.0	69.93828042535343	0.0	2169490	69	1517304	69	1517304	0.0		0	0	0	0	True	72.8282699584961	0.0387646257877349	deepcheck	2.8899895331426677	0.0387646257877349	2.8899895331426677	0.0387646257877349	medium	medium
G_r078_substitution_0p1pct	78	1	substitution	0.001	0.1	uniform	RS_GCF_007182855.1	Deinococcota	Bacteria	highly_fragmented	69.93828042535343	0.0	69.93828042535343	0.0	2169490	69	1517304	69	1517304	0.0009740961600312	0.0089640838741259	0	1478	0	0	True	72.46893310546875	0.0910066068172454	deepcheck	2.530652680115324	0.0910066068172454	2.530652680115324	0.0910066068172454	medium	medium
G_r078_substitution_0p5pct	78	2	substitution	0.005	0.5	uniform	RS_GCF_007182855.1	Deinococcota	Bacteria	highly_fragmented	69.93828042535343	0.0	69.93828042535343	0.0	2169490	69	1517304	69	1517304	0.0050352467270896	0.0441104216424403	0	7640	0	0	True	70.60391998291016	1.0792121887207031	deepcheck	0.6656395575567302	1.0792121887207031	0.6656395575567302	1.0792121887207031	medium	medium
G_r078_substitution_1pct	78	3	substitution	0.01	1.0	uniform	RS_GCF_007182855.1	Deinococcota	Bacteria	highly_fragmented	69.93828042535343	0.0	69.93828042535343	0.0	2169490	69	1517304	69	1517304	0.0099268175658931	0.0864827525163591	0	15062	0	0	True	66.12422180175781	0.8132200837135315	deepcheck	-3.8140586235956135	0.8132200837135315	3.8140586235956135	0.8132200837135315	medium	medium
G_r078_substitution_2pct	78	4	substitution	0.02	2.0	uniform	RS_GCF_007182855.1	Deinococcota	Bacteria	highly_fragmented	69.93828042535343	0.0	69.93828042535343	0.0	2169490	69	1517304	69	1517304	0.0200665127093845	0.1662522378698502	0	30447	0	0	True	61.76277923583984	3.1402528285980225	deepcheck	-8.17550118951359	3.1402528285980225	8.17550118951359	3.1402528285980225	medium	medium
G_r078_substitution_5pct	78	5	substitution	0.05	5.0	uniform	RS_GCF_007182855.1	Deinococcota	Bacteria	highly_fragmented	69.93828042535343	0.0	69.93828042535343	0.0	2169490	69	1517304	69	1517304	0.0501007049345417	0.3697505902753909	0	76018	0	0	True	48.47698211669922	2.459378480911255	deepcheck	-21.461298308654207	2.459378480911255	21.461298308654207	2.459378480911255	low	medium
G_r078_substitution_titv_0p1pct	78	6	substitution_titv	0.001	0.1	titv_2	RS_GCF_007182855.1	Deinococcota	Bacteria	highly_fragmented	69.93828042535343	0.0	69.93828042535343	0.0	2169490	69	1517304	69	1517304	0.0009984815172173	0.0089640838741259	0	1515	0	0	True	71.6097640991211	0.0648856163024902	deepcheck	1.6714836737676677	0.0648856163024902	1.6714836737676677	0.0648856163024902	medium	medium
G_r078_substitution_titv_0p5pct	78	7	substitution_titv	0.005	0.5	titv_2	RS_GCF_007182855.1	Deinococcota	Bacteria	highly_fragmented	69.93828042535343	0.0	69.93828042535343	0.0	2169490	69	1517304	69	1517304	0.0050840174414619	0.0441104216424403	0	7714	0	0	True	71.41738891601562	0.4956886172294616	deepcheck	1.479108490662199	0.4956886172294616	1.479108490662199	0.4956886172294616	medium	medium
G_r078_substitution_titv_1pct	78	8	substitution_titv	0.01	1.0	titv_2	RS_GCF_007182855.1	Deinococcota	Bacteria	highly_fragmented	69.93828042535343	0.0	69.93828042535343	0.0	2169490	69	1517304	69	1517304	0.0099202269288158	0.0864827525163591	0	15052	0	0	True	66.24654388427734	1.5464708805084229	deepcheck	-3.6917365410760823	1.5464708805084229	3.6917365410760823	1.5464708805084229	medium	medium
G_r078_substitution_titv_2pct	78	9	substitution_titv	0.02	2.0	titv_2	RS_GCF_007182855.1	Deinococcota	Bacteria	highly_fragmented	69.93828042535343	0.0	69.93828042535343	0.0	2169490	69	1517304	69	1517304	0.0198193638189842	0.1662522378698502	0	30072	0	0	True	63.74531936645508	1.7599042654037476	deepcheck	-6.192961058898348	1.7599042654037476	6.192961058898348	1.7599042654037476	medium	medium
G_r078_substitution_titv_5pct	78	10	substitution_titv	0.05	5.0	titv_2	RS_GCF_007182855.1	Deinococcota	Bacteria	highly_fragmented	69.93828042535343	0.0	69.93828042535343	0.0	2169490	69	1517304	69	1517304	0.0500407301371379	0.3697505902753909	0	75927	0	0	True	51.15843963623047	5.182669162750244	deepcheck	-18.779840789122957	5.182669162750244	18.779840789122957	5.182669162750244	medium	medium
G_r078_indel_0p1pct	78	11	indel	0.001	0.1	ins0.5_geom0.75	RS_GCF_007182855.1	Deinococcota	Bacteria	highly_fragmented	69.93828042535343	0.0	69.93772729996451	0.0	2169490	69	1517304	69	1517292	0.0010030949631715		0	0	1522	0	True	55.05282974243164	0.9221457242965698	deepcheck	-14.885450682921785	0.9221457242965698	14.885450682921785	0.9221457242965698	medium	medium
G_r078_indel_0p5pct	78	12	indel	0.005	0.5	ins0.5_geom0.75	RS_GCF_007182855.1	Deinococcota	Bacteria	highly_fragmented	69.93828042535343	0.0	69.9367593305339	0.0	2169490	69	1517304	69	1517271	0.0049884532038404		0	0	7569	0	True	24.02202796936035	0.1790825277566909	deepcheck	-45.916252455993074	0.1790825277566909	45.916252455993074	0.1790825277566909	low	medium
G_r078_indel_1pct	78	13	indel	0.01	1.0	ins0.5_geom0.75	RS_GCF_007182855.1	Deinococcota	Bacteria	highly_fragmented	69.93828042535343	0.0	69.93542261084403	0.0	2169490	69	1517304	69	1517242	0.0100138139753141		0	0	15194	0	True	23.07803726196289	1.0885052680969238	deepcheck	-46.860243163390535	1.0885052680969238	46.860243163390535	1.0885052680969238	low	medium
G_r078_indel_2pct	78	14	indel	0.02	2.0	ins0.5_geom0.75	RS_GCF_007182855.1	Deinococcota	Bacteria	highly_fragmented	69.93828042535343	0.0	69.92316166472304	0.0	2169490	69	1517304	69	1516976	0.0199867660007486		0	0	30326	0	True	18.659786224365234	1.4888896942138672	deepcheck	-51.27849420098819	1.4888896942138672	51.27849420098819	1.4888896942138672	low	medium
G_r078_indel_5pct	78	15	indel	0.05	5.0	ins0.5_geom0.75	RS_GCF_007182855.1	Deinococcota	Bacteria	highly_fragmented	69.93828042535343	0.0	69.94593199323343	0.0	2169490	69	1517304	69	1517470	0.0500097541428744		0	0	75880	0	True	20.923917770385746	5.516488075256348	deepcheck	-49.014362654967684	5.516488075256348	49.014362654967684	5.516488075256348	low	medium
G_r078_chimera_5pct	78	16	chimera	0.05	5.0	rc0.5	RS_GCF_007182855.1	Deinococcota	Bacteria	highly_fragmented	69.93828042535343	0.0	69.93828042535343	0.0	2169490	69	1517304	67	1517304	0.0579710144927536		0	0	0	2	True	72.82870483398438	0.0388063490390777	deepcheck	2.890424408630949	0.0388063490390777	2.890424408630949	0.0388063490390777	medium	medium
G_r078_chimera_10pct	78	17	chimera	0.1	10.0	rc0.5	RS_GCF_007182855.1	Deinococcota	Bacteria	highly_fragmented	69.93828042535343	0.0	69.93828042535343	0.0	2169490	69	1517304	65	1517304	0.1159420289855072		0	0	0	4	True	72.6246566772461	0.0435270369052886	deepcheck	2.6863762518926677	0.0435270369052886	2.6863762518926677	0.0435270369052886	medium	medium
G_r078_chimera_20pct	78	18	chimera	0.2	20.0	rc0.5	RS_GCF_007182855.1	Deinococcota	Bacteria	highly_fragmented	69.93828042535343	0.0	69.93828042535343	0.0	2169490	69	1517304	62	1517304	0.2028985507246377		0	0	0	7	True	72.82644653320312	0.0386431813240051	deepcheck	2.888166107849699	0.0386431813240051	2.888166107849699	0.0386431813240051	medium	medium
G_r078_chimera_40pct	78	19	chimera	0.4	40.0	rc0.5	RS_GCF_007182855.1	Deinococcota	Bacteria	highly_fragmented	69.93828042535343	0.0	69.93828042535343	0.0	2169490	69	1517304	56	1517304	0.3768115942028985		0	0	0	13	True	72.91505432128906	0.0374741852283477	deepcheck	2.9767738959356365	0.0374741852283477	2.9767738959356365	0.0374741852283477	medium	medium
G_r078_uneven_coverage_5pct	78	20	uneven_coverage	0.05	5.0	lognormal_sigma1.0	RS_GCF_007182855.1	Deinococcota	Bacteria	highly_fragmented	69.93828042535343	0.0	69.93828042535343	3.4969048025111893	2169490	69	1517304	73	1593169	0.0499998681872584		75865	0	0	0	True	73.11054992675781	2.584446668624878	deepcheck	3.1722695014043865	2.584446668624878	3.1722695014043865	2.584446668624878	medium	medium
G_r078_uneven_coverage_10pct	78	21	uneven_coverage	0.1	10.0	lognormal_sigma1.0	RS_GCF_007182855.1	Deinococcota	Bacteria	highly_fragmented	69.93828042535343	0.0	69.93828042535343	6.993809605022379	2169490	69	1517304	77	1669034	0.0999997363745169		151730	0	0	0	True	74.25788879394531	8.923542976379395	deepcheck	4.3196083685918865	8.923542976379395	4.3196083685918865	8.923542976379395	medium	medium
G_r078_uneven_coverage_20pct	78	22	uneven_coverage	0.2	20.0	lognormal_sigma1.0	RS_GCF_007182855.1	Deinococcota	Bacteria	highly_fragmented	69.93828042535343	0.0	69.93828042535343	13.987665303827166	2169490	69	1517304	91	1820765	0.2000001318127415		303461	0	0	0	True	72.76264953613281	15.11024570465088	deepcheck	2.8243691107793865	15.11024570465088	2.8243691107793865	15.11024570465088	low	medium
G_r078_uneven_coverage_40pct	78	23	uneven_coverage	0.4	40.0	lognormal_sigma1.0	RS_GCF_007182855.1	Deinococcota	Bacteria	highly_fragmented	69.93828042535343	0.0	69.93828042535343	27.97533060765433	2169490	69	1517304	100	2124226	0.4000002636254831		606922	0	0	0	True	71.34153747558594	30.204317092895508	deepcheck	1.4032570502325115	30.204317092895508	1.4032570502325115	30.204317092895508	low	medium
G_r079_none_control	79	0	none	0.0	0.0	control	RS_GCF_011066545.1	Planctomycetota	Bacteria	medium	100.0	4.999986158952436	100.0	4.999986158952436	4334932	3	4551678	3	4551678	0.0		0	0	0	0	True	96.36004638671876	1.2694560289382937	deepcheck	-3.639953613281236	-3.7305301300141425	3.639953613281236	3.7305301300141425	high	high
G_r079_substitution_0p1pct	79	1	substitution	0.001	0.1	uniform	RS_GCF_011066545.1	Planctomycetota	Bacteria	medium	100.0	4.999986158952436	100.0	4.999986158952436	4334932	3	4551678	3	4551678	0.00101457089012	0.0089640838741259	0	4618	0	0	True	95.8795394897461	1.3037517070770264	deepcheck	-4.120460510253906	-3.6962344518754096	4.120460510253906	3.6962344518754096	high	high
G_r079_substitution_0p5pct	79	2	substitution	0.005	0.5	uniform	RS_GCF_011066545.1	Planctomycetota	Bacteria	medium	100.0	4.999986158952436	100.0	4.999986158952436	4334932	3	4551678	3	4551678	0.005018149350635	0.0441104216424403	0	22841	0	0	True	91.11505889892578	2.129533052444458	deepcheck	-8.884941101074219	-2.870453106507978	8.884941101074219	2.870453106507978	high	high
G_r079_substitution_1pct	79	3	substitution	0.01	1.0	uniform	RS_GCF_011066545.1	Planctomycetota	Bacteria	medium	100.0	4.999986158952436	100.0	4.999986158952436	4334932	3	4551678	3	4551678	0.009912827752754	0.0864827525163591	0	45120	0	0	True	86.80804443359375	4.9101152420043945	deepcheck	-13.19195556640625	-0.08987091694804139	13.19195556640625	0.08987091694804139	medium	high
G_r079_substitution_2pct	79	4	substitution	0.02	2.0	uniform	RS_GCF_011066545.1	Planctomycetota	Bacteria	medium	100.0	4.999986158952436	100.0	4.999986158952436	4334932	3	4551678	3	4551678	0.0199669220889526	0.1662522378698502	0	90883	0	0	True	78.68842315673828	8.013060569763184	deepcheck	-21.31157684326172	3.0130744108107477	21.31157684326172	3.0130744108107477	medium	high
G_r079_substitution_5pct	79	5	substitution	0.05	5.0	uniform	RS_GCF_011066545.1	Planctomycetota	Bacteria	medium	100.0	4.999986158952436	100.0	4.999986158952436	4334932	3	4551678	3	4551678	0.0499446577723643	0.3697505902753909	0	227332	0	0	True	50.048465728759766	5.048706531524658	deepcheck	-49.951534271240234	0.04872037257222228	49.951534271240234	0.04872037257222228	medium	high
G_r079_substitution_titv_0p1pct	79	6	substitution_titv	0.001	0.1	titv_2	RS_GCF_011066545.1	Planctomycetota	Bacteria	medium	100.0	4.999986158952436	100.0	4.999986158952436	4334932	3	4551678	3	4551678	0.0009827145066061	0.0089640838741259	0	4473	0	0	True	95.74925231933594	1.476985216140747	deepcheck	-4.2507476806640625	-3.523000942811689	4.2507476806640625	3.523000942811689	high	high
G_r079_substitution_titv_0p5pct	79	7	substitution_titv	0.005	0.5	titv_2	RS_GCF_011066545.1	Planctomycetota	Bacteria	medium	100.0	4.999986158952436	100.0	4.999986158952436	4334932	3	4551678	3	4551678	0.0050631876859479	0.0441104216424403	0	23046	0	0	True	94.06363677978516	1.4600999355316162	deepcheck	-5.936363220214844	-3.5398862234208197	5.936363220214844	3.5398862234208197	high	high
G_r079_substitution_titv_1pct	79	8	substitution_titv	0.01	1.0	titv_2	RS_GCF_011066545.1	Planctomycetota	Bacteria	medium	100.0	4.999986158952436	100.0	4.999986158952436	4334932	3	4551678	3	4551678	0.0100644201984411	0.0864827525163591	0	45810	0	0	True	91.70716857910156	4.546741485595703	deepcheck	-8.292831420898438	-0.4532446733567328	8.292831420898438	0.4532446733567328	high	high
G_r079_substitution_titv_2pct	79	9	substitution_titv	0.02	2.0	titv_2	RS_GCF_011066545.1	Planctomycetota	Bacteria	medium	100.0	4.999986158952436	100.0	4.999986158952436	4334932	3	4551678	3	4551678	0.0199029896227281	0.1662522378698502	0	90592	0	0	True	79.15428924560547	4.890313148498535	deepcheck	-20.84571075439453	-0.10967301045390077	20.84571075439453	0.10967301045390077	medium	high
G_r079_substitution_titv_5pct	79	10	substitution_titv	0.05	5.0	titv_2	RS_GCF_011066545.1	Planctomycetota	Bacteria	medium	100.0	4.999986158952436	100.0	4.999986158952436	4334932	3	4551678	3	4551678	0.0501035002915408	0.3697505902753909	0	228055	0	0	True	60.98065185546875	3.9495012760162354	deepcheck	-39.01934814453125	-1.0504848829362006	39.01934814453125	1.0504848829362006	medium	high
G_r079_indel_0p1pct	79	11	indel	0.001	0.1	ins0.5_geom0.75	RS_GCF_011066545.1	Planctomycetota	Bacteria	medium	100.0	4.999986158952436	100.00087879678658	4.999986158952436	4334932	3	4551678	3	4551718	0.0009930403688485		0	0	4520	0	True	75.99922180175781	7.035120010375977	deepcheck	-24.000778198242188	2.0351338514235406	24.000778198242188	2.0351338514235406	medium	high
G_r079_indel_0p5pct	79	12	indel	0.005	0.5	ins0.5_geom0.75	RS_GCF_011066545.1	Planctomycetota	Bacteria	medium	100.0	4.999986158952436	99.99833028610549	4.999986158952436	4334932	3	4551678	3	4551602	0.0049911263494473		0	0	22718	0	True	37.38969802856445	5.125889778137207	deepcheck	-62.61030197143555	0.1259036191847711	62.61030197143555	0.1259036191847711	low	high
G_r079_indel_1pct	79	13	indel	0.01	1.0	ins0.5_geom0.75	RS_GCF_011066545.1	Planctomycetota	Bacteria	medium	100.0	4.999986158952436	99.98901504016762	4.999986158952436	4334932	3	4551678	3	4551178	0.0100395941892198		0	0	45697	0	True	27.23204803466797	5.1707634925842285	deepcheck	-72.76795196533203	0.1707773336317926	72.76795196533203	0.1707773336317926	low	high
G_r079_indel_2pct	79	14	indel	0.02	2.0	ins0.5_geom0.75	RS_GCF_011066545.1	Planctomycetota	Bacteria	medium	100.0	4.999986158952436	100.00248260092212	4.999986158952436	4334932	3	4551678	3	4551791	0.0199269368351627		0	0	90701	0	True	44.93449783325195	13.961875915527344	deepcheck	-55.06550216674805	8.961889756574909	55.06550216674805	8.961889756574909	low	high
G_r079_indel_5pct	79	15	indel	0.05	5.0	ins0.5_geom0.75	RS_GCF_011066545.1	Planctomycetota	Bacteria	medium	100.0	4.999986158952436	100.0101720728048	4.999986158952436	4334932	3	4551678	3	4552141	0.0499574003257699		0	0	227390	0	True	42.56959915161133	21.95704841613769	deepcheck	-57.43040084838867	16.957062257185257	57.43040084838867	16.957062257185257	low	high
G_r079_chimera_5pct	79	16	chimera	0.05	5.0	rc0.5	RS_GCF_011066545.1	Planctomycetota	Bacteria	medium	100.0	4.999986158952436	100.0	4.999986158952436	4334932	3	4551678	2	4551678	0.6666666666666666		0	0	0	1	True	96.35943603515624	1.2695565223693848	deepcheck	-3.640563964843764	-3.730429636583051	3.640563964843764	3.730429636583051	high	high
G_r079_chimera_10pct	79	17	chimera	0.1	10.0	rc0.5	RS_GCF_011066545.1	Planctomycetota	Bacteria	medium	100.0	4.999986158952436	100.0	4.999986158952436	4334932	3	4551678	3	4551678	0.0		0	0	0	0	True	96.36004638671876	1.2694560289382937	deepcheck	-3.639953613281236	-3.7305301300141425	3.639953613281236	3.7305301300141425	high	high
G_r079_chimera_20pct	79	18	chimera	0.2	20.0	rc0.5	RS_GCF_011066545.1	Planctomycetota	Bacteria	medium	100.0	4.999986158952436	100.0	4.999986158952436	4334932	3	4551678	2	4551678	0.6666666666666666		0	0	0	1	True	96.3797607421875	1.205375075340271	deepcheck	-3.6202392578125	-3.794611083612165	3.6202392578125	3.794611083612165	high	high
G_r079_chimera_40pct	79	19	chimera	0.4	40.0	rc0.5	RS_GCF_011066545.1	Planctomycetota	Bacteria	medium	100.0	4.999986158952436	100.0	4.999986158952436	4334932	3	4551678	2	4551678	0.6666666666666666		0	0	0	1	True	96.35943603515624	1.2695565223693848	deepcheck	-3.640563964843764	-3.730429636583051	3.640563964843764	3.730429636583051	high	high
G_r079_uneven_coverage_5pct	79	20	uneven_coverage	0.05	5.0	lognormal_sigma1.0	RS_GCF_011066545.1	Planctomycetota	Bacteria	medium	100.0	4.999986158952436	100.0	10.24998777374132	4334932	3	4551678	4	4779262	0.0500000219699196		227584	0	0	0	True	96.91289520263672	6.828592777252197	deepcheck	-3.0871047973632812	1.8286066182997613	3.0871047973632812	1.8286066182997613	medium	high
G_r079_uneven_coverage_10pct	79	21	uneven_coverage	0.1	10.0	lognormal_sigma1.0	RS_GCF_011066545.1	Planctomycetota	Bacteria	medium	100.0	4.999986158952436	100.0	15.4999893885302	4334932	3	4551678	4	5006846	0.1000000439398393		455168	0	0	0	True	96.615478515625	9.274877548217772	deepcheck	-3.384521484375	4.274891389265336	3.384521484375	4.274891389265336	medium	high
G_r079_uneven_coverage_20pct	79	22	uneven_coverage	0.2	20.0	lognormal_sigma1.0	RS_GCF_011066545.1	Planctomycetota	Bacteria	medium	100.0	4.999986158952436	100.0	25.999992618107967	4334932	3	4551678	5	5462014	0.2000000878796786		910336	0	0	0	True	96.00875854492188	19.78938865661621	deepcheck	-3.991241455078125	14.789402497663776	3.991241455078125	14.789402497663776	low	high
G_r079_uneven_coverage_40pct	79	23	uneven_coverage	0.4	40.0	lognormal_sigma1.0	RS_GCF_011066545.1	Planctomycetota	Bacteria	medium	100.0	4.999986158952436	100.0	46.999976008850886	4334932	3	4551678	5	6372349	0.3999999560601606		1820671	0	0	0	True	95.32073974609376	47.18994903564453	deepcheck	-4.679260253906236	42.18996287669209	4.679260253906236	42.18996287669209	low	high
